7.6829	86.8499	7.3e-05	6	1.0	0.0
7.6112	86.0713	-591.742437	9	0.532099483071	0.467900516929
1.8116	79.4546	-591.376675	8	0.375089105805	0.624910894195
1.7934	79.3015	-590.930594	8	1.0	0.343240170494
9.2338	88.9853	-580.751097	3	1.0	0.228871671913
9.1611	89.5005	-577.688459	3	1.0	0.0
7.3899	85.6056	-573.625462	-1	0.0	0.21393207108
6.925	85.5084	-573.412626	-1	0.0	0.406853606633
1.7584	79.1839	-567.876037	8	1.0	0.142756365693
1.7919	79.2232	-567.284349	8	1.0	0.341462418926
2.3278	79.2531	-567.263304	7	1.0	0.0
2.3185	79.2646	-567.226377	7	1.0	0.0
1.7658	79.1601	-567.092817	8	1.0	0.315658615819
7.6372	86.1653	-563.837322	9	0.328924652557	0.671075347443
7.4971	85.2731	-552.38636	13	0.934804748207	0.0651952517933
7.4684	85.2078	-552.340638	13	1.0	0.0
1.7429	79.22	-544.819928	8	1.0	0.0
1.754	79.2075	-544.548371	8	1.0	0.187187173751
7.5982	86.1296	-540.492313	9	0.530201080135	0.469798919865
6.6561	83.3252	-533.129865	11	0.515163529384	0.484836470616
6.7215	83.4789	-532.958291	10	0.467676125371	0.532323874629
6.7708	83.822	-530.835468	-1	0.0	0.828703131952
1.7143	90.7424	-527.098974	0	1.0	0.0
2.3098	91.8751	-524.015599	0	0.0223324252435	0.977667574757
1.7799	79.2854	-522.515509	8	1.0	0.0
1.7357	79.2381	-522.454738	8	1.0	0.0
1.7954	79.3653	-522.319557	8	1.0	0.0
1.5582	79.1567	-521.235582	8	0.60593726714	0.39406273286
1.545	79.1696	-521.208561	8	0.509367697098	0.490632302902
2.3322	79.2765	-505.765131	7	1.0	0.0
2.3457	79.4568	-505.710328	-1	0.0	0.0525527368578
1.76	79.3269	-501.774489	8	1.0	0.392791956982
1.7313	79.1823	-501.689174	8	1.0	0.152154058847
1.7561	79.1933	-501.591163	8	1.0	0.0
6.1504	82.6081	-499.473587	4	0.195326977985	0.804673022015
6.2915	82.4516	-499.360767	4	0.881361063497	0.118638936503
9.2303	88.9256	-491.972635	3	1.0	0.327001439861
7.4723	83.6809	-477.970809	-1	0.0	0.852249096022
7.4476	85.2452	-474.502897	13	0.904052638775	0.0959473612253
7.4532	85.2946	-474.388338	13	0.535591694071	0.464408305929
1.7792	79.378	-467.566732	8	1.0	0.0
1.7705	79.2478	-467.5301	8	1.0	0.0
1.7887	79.2756	-467.508755	8	1.0	0.0140415871179
1.7804	79.3188	-467.478104	8	1.0	0.26398235176
1.7566	79.3019	-466.496191	8	1.0	0.173666450447
1.7189	90.7187	-460.246988	0	1.0	0.0
1.8372	91.0299	-460.168342	0	0.089800890636	0.910199109364
1.7582	79.239	-453.277988	8	1.0	0.0
7.5136	86.9319	-446.578809	6	0.204209474555	0.795790525445
9.143	89.26	-444.746308	3	1.0	0.561813811661
6.744	83.588	-442.974135	-1	0.0	0.487745988051
6.2197	82.376	-429.026996	4	0.625675446914	0.374324553086
6.5131	82.7711	-423.785094	5	1.0	0.0
2.1532	94.2733	-408.501879	-1	0.0	0.301190130856
7.5858	92.1605	-406.326586	1	1.0	0.0
9.243	88.8656	-403.704508	3	1.0	0.132457779921
6.3102	82.5309	-403.646772	4	0.36326010762	0.63673989238
9.2366	88.9123	-403.553015	3	1.0	0.326171880526
9.2466	88.8381	-403.389631	3	1.0	0.0
7.4755	85.1921	-402.887939	13	1.0	0.0
7.4604	85.1926	-402.545962	13	0.918934514167	0.0810654858335
6.5867	83.326	-400.790365	11	0.713853382838	0.286146617162
6.5551	83.2312	-400.749999	11	0.678937502687	0.321062497313
6.6897	83.3813	-400.686781	10	0.427047170183	0.572952829817
9.1614	89.5026	-399.581922	3	1.0	0.0
9.1656	89.5819	-399.448145	3	1.0	0.0998565297154
9.1539	89.4415	-399.366293	3	1.0	0.0
9.162	89.4468	-399.305331	3	1.0	0.0
7.6114	86.1881	-395.298393	9	0.267273073482	0.732726926518
7.4601	84.8162	-391.348906	-1	0.0	0.270097285583
2.3326	79.3202	-391.143509	7	1.0	0.0
1.7042	90.7093	-388.887661	0	1.0	0.194309577632
1.7186	90.7737	-388.788072	0	0.874867538255	0.125132461745
7.6678	86.8491	-374.642462	6	1.0	0.0
1.7436	79.201	-369.349517	8	1.0	0.0
3.6382	79.8044	-362.469248	-1	0.0	0.77546764017
9.191	89.4847	-346.675273	3	1.0	0.123394919164
6.2664	82.4554	-343.002317	4	0.958265250052	0.0417347499479
6.3077	82.4895	-342.83426	4	0.715501802971	0.284498197029
6.276	82.4762	-342.748473	4	0.958265250052	0.0417347499479
6.2488	82.3321	-342.66748	4	0.34422457757	0.65577542243
1.7708	79.1451	-338.114079	8	1.0	0.471218382157
6.7376	83.4944	-328.327109	-1	0.0	0.0514512440431
7.4267	85.8199	-324.515808	9	0.254465977516	0.745534022484
1.7756	79.2628	-317.087005	8	1.0	0.0641763372238
7.6761	86.7971	-316.996382	6	1.0	0.393887267024
7.675	87.0621	-316.904064	6	0.311022666767	0.688977333233
1.7328	79.3127	-316.730229	8	1.0	0.226340253772
9.2277	88.8522	-314.874667	3	1.0	0.0
9.2259	88.8116	-314.188693	3	1.0	0.0
6.522	82.771	-314.065685	5	1.0	0.0
6.4774	82.7309	-313.934215	5	1.0	0.0
1.7398	90.7069	-312.98992	0	1.0	0.382967562675
2.3062	91.8005	-310.787364	0	0.0238455957732	0.976154404227
7.4674	84.8688	-308.698321	-1	0.0	0.291104702087
7.2059	84.6626	-308.616924	-1	0.0	0.365915797588
7.5917	86.1126	-300.944237	9	0.409931950103	0.590068049897
7.688	86.7856	-295.310748	6	0.934471089159	0.0655289108415
7.6524	87.0141	-291.959111	6	0.373066110522	0.626933889478
9.1286	89.5017	-287.771133	3	1.0	0.0590807277712
9.165	89.5322	-287.680556	3	1.0	0.248759298676
1.7217	79.1636	-287.198697	8	1.0	0.135679975941
1.722	79.2323	-286.931291	8	1.0	0.0
6.6262	83.2899	-283.44878	11	0.755274067453	0.244725932547
6.6301	83.3976	-283.223589	-1	0.0	0.127032706234
1.7461	79.2492	-261.889705	8	1.0	0.0
1.7833	79.2271	-261.352083	8	1.0	0.159630035119
6.6253	92.0355	-235.85717	2	1.0	0.0
9.1517	89.1699	-234.30208	3	1.0	0.0
9.1391	89.1437	-234.220573	3	1.0	0.0
9.1137	89.1842	-234.190296	3	1.0	0.0
7.3711	85.5219	-233.720138	12	1.0	0.0
6.279	82.4834	-232.096892	4	0.881361063497	0.118638936503
6.6072	83.3105	-220.61358	11	1.0	0.0
6.6195	83.2927	-220.507742	11	0.894489955132	0.105510044868
6.712	92.204	-211.612436	2	0.622750984724	0.377249015276
7.6165	85.8908	-208.577955	9	0.566562434307	0.433437565693
7.4542	84.8749	-207.756584	-1	0.0	0.270097285583
7.4426	84.8707	-207.682637	-1	0.0	0.283960729521
3.0083	80.5008	-206.891579	-1	0.0	0.833301236214
1.7879	79.3575	-206.249338	8	1.0	0.0
7.6672	86.8027	-199.452283	6	1.0	0.0
7.7371	87.0389	-198.989205	6	0.310579898224	0.689420101776
7.4807	85.1656	-187.357843	13	0.865016399556	0.134983600444
7.4904	85.2573	-187.293601	13	1.0	0.0
7.4542	85.2196	-187.242209	13	0.918934514167	0.0810654858335
7.7038	86.8474	-170.607616	6	0.865112321925	0.134887678075
7.7047	86.9255	-170.541507	6	0.496178240303	0.503821759697
9.1568	89.5265	-167.731377	3	1.0	0.201108119215
9.1303	89.4228	-167.684894	3	1.0	0.362525805465
6.7549	83.4269	-167.383639	10	1.0	0.0
6.5773	83.2988	-165.779092	11	1.0	0.0
6.6021	91.9977	-158.596979	2	1.0	0.0
0.3404	87.9172	-157.869955	-1	0.0	0.234635600362
0.4523	88.3678	-157.836543	-1	0.0	0.0885586008402
0.3362	88.0179	-157.765994	-1	0.0	0.207250467974
1.7536	79.2008	-157.040096	8	1.0	0.0
1.7316	79.1743	-156.879108	8	1.0	0.135679975941
1.7583	79.2836	-156.708463	8	1.0	0.0
7.6508	86.8198	-155.009202	6	1.0	0.662085913237
7.4054	85.8364	-148.326998	9	0.26104957503	0.73895042497
7.5835	85.9701	-146.850159	9	1.0	0.0
7.5958	86.031	-146.801502	9	0.603343872429	0.396656127571
7.5883	85.9794	-146.730027	9	1.0	0.0
7.6152	92.1746	-134.522111	1	1.0	0.0
7.5115	86.8608	-126.329576	6	0.192980874022	0.807019125978
7.6576	87.0265	-126.236967	6	0.418492275935	0.581507724065
7.6734	86.8063	-126.127813	6	1.0	0.195580333815
9.1584	89.3752	-122.835002	3	1.0	0.40159316902
9.1499	89.4844	-122.650494	3	1.0	0.0
7.672	88.3045	-122.410837	-1	0.0	0.349693029899
1.7794	79.3602	-116.428145	8	1.0	0.0
6.5223	82.7747	-116.203049	5	1.0	0.0
6.5147	82.7539	-115.916024	5	1.0	0.0
6.5049	82.715	-115.517684	5	0.869897102157	0.130102897843
7.623	86.7391	-97.477116	6	0.238083287428	0.761916712572
7.6993	87.1844	-97.386059	6	0.124847169376	0.875152830624
9.1542	89.2722	-93.95481	3	1.0	0.172235931124
9.1395	89.2647	-93.915933	3	1.0	0.0500640549942
6.6189	91.947	-83.07979	2	1.0	0.0
1.7333	79.1258	-76.578308	8	0.981745392945	0.0182546070545
1.8411	79.5362	-75.498015	8	0.195168302281	0.804831697719
6.5824	83.4573	-75.230625	-1	0.0	0.350445960372
6.781	83.5387	-74.401146	-1	0.0	0.159899413601
6.7921	83.4419	-74.353759	10	1.0	0.0
6.7686	83.4318	-74.315272	10	1.0	0.0
6.7565	83.4661	-74.245631	10	0.733564959807	0.266435040193
6.787	83.5745	-74.152108	-1	0.0	0.44437144132
9.2993	88.6262	-72.569165	3	0.536198105709	0.463801894291
9.3081	88.7782	-72.532663	3	1.0	0.239179128691
1.7097	90.7162	-70.872505	0	1.0	0.0
1.6931	90.6941	-70.783596	0	1.0	0.192064333124
2.3085	90.4457	-69.677493	0	0.069443989909	0.930556010091
7.6755	86.8185	-69.451709	6	1.0	0.564291255567
7.6648	86.8101	-69.298973	6	1.0	0.419804651548
1.7619	79.2687	-48.431424	8	1.0	0.0
9.1825	89.3659	-47.259866	3	1.0	0.40159316902
1.3959	78.9524	-40.612458	-1	0.0	0.0490285098802
1.4277	79.0651	-40.507245	8	0.295744198501	0.704255801499
9.2497	88.8143	-38.191228	3	1.0	0.0
9.0269	89.5265	-34.690265	3	1.0	0.0446727168484
9.1518	89.5504	-34.63239	3	1.0	0.20180020006
7.6847	86.9134	-34.568735	6	0.46605806404	0.53394193596
9.1736	89.4861	-34.538618	3	1.0	0.0
7.6216	86.9218	-33.267183	6	0.404170063627	0.595829936373
7.6286	87.0139	-33.229872	6	0.341629980174	0.658370019826
7.6109	85.9295	-28.716346	9	0.80451793146	0.19548206854
7.5913	85.9528	-28.669838	9	1.0	0.0
1.7418	79.192	-27.993416	8	1.0	0.0
1.7698	79.2746	-27.744972	8	1.0	0.0
2.2393	79.3667	-24.297578	7	1.0	0.0
1.7285	79.1876	-15.099492	8	1.0	0.135679975941
9.0565	89.0021	-9.304121	3	1.0	0.00997561713777
6.5712	83.2706	-6.282832	11	0.696524815114	0.303475184886
7.6829	86.8499	7.3e-05	6	1.0	0.0
1.7347	79.3833	16.88913	8	0.95279467977	0.0472053202296
1.7385	79.2613	17.013795	8	1.0	0.18078829788
1.7719	90.7183	25.412888	0	0.816554342913	0.183445657087
7.346	85.0948	26.324029	13	0.349882918986	0.650117081014
7.5103	85.1673	26.370982	13	0.966656711204	0.0333432887964
7.6767	86.8587	43.661492	6	1.0	0.0
7.6685	86.996	43.7281	6	0.496178240303	0.503821759697
7.6687	86.9738	43.810546	6	0.496178240303	0.503821759697
1.7637	79.1777	45.066858	8	1.0	0.0730056108879
1.7402	79.2233	45.233419	8	1.0	0.0
1.7416	79.2318	45.261783	8	1.0	0.0
1.7343	79.2837	45.283352	8	1.0	0.237489199257
1.7497	79.2284	45.330748	8	1.0	0.0
1.7561	79.3692	45.388086	8	1.0	0.0
1.721	79.1595	45.89418	8	1.0	0.0321953381056
6.7548	83.4334	60.514798	10	1.0	0.0
6.5551	83.3022	60.54967	11	1.0	0.0
6.5754	83.2989	60.592485	11	1.0	0.0
6.588	83.3014	60.867731	11	1.0	0.0
6.6016	83.3534	61.041551	11	0.427714174107	0.572285825893
7.5173	86.941	61.413534	6	0.1911343256	0.8088656744
9.1121	89.4225	70.871588	3	1.0	0.452833273719
9.0683	88.9606	71.02884	3	1.0	0.0
9.0567	89.009	71.765616	3	1.0	0.0969043986846
7.475	85.1242	75.73336	13	0.748174803602	0.251825196398
7.4994	85.2542	75.764779	13	1.0	0.0
1.6933	79.0736	76.388496	8	0.922951977641	0.0770480223591
7.6491	86.8597	85.720837	6	1.0	0.204643371728
7.6672	86.9108	85.79131	6	0.601738564769	0.398261435231
1.7669	79.3205	86.963313	8	1.0	0.211660149755
9.1704	89.4686	103.058768	3	1.0	0.0354750253387
9.1881	89.5549	103.548516	3	1.0	0.410152186446
1.6841	79.1344	108.660051	8	1.0	0.43772090212
7.5716	85.9184	114.218568	9	0.871779930985	0.128220069015
7.5911	85.9788	114.280998	9	1.0	0.0
9.2508	88.5944	114.505618	3	0.438156832864	0.561843167136
1.7587	79.1704	125.492304	8	1.0	0.179546743636
1.7544	79.238	125.632273	8	1.0	0.0
1.7522	79.2503	125.708996	8	1.0	0.0
1.7114	79.1686	125.816215	8	1.0	0.135679975941
1.7465	79.3024	125.889343	8	1.0	0.22784424005
1.7259	79.1991	126.065076	8	1.0	0.0
7.6362	86.8032	139.188506	6	0.959395182213	0.0406048177875
7.648	86.8095	139.281118	6	1.0	0.608207805136
8.8655	88.6914	139.327504	3	0.372893411863	0.627106588137
7.7952	87.1873	139.381077	6	0.110317358488	0.889682641512
7.4875	85.2304	154.929649	13	1.0	0.0
7.481	85.2912	154.988649	13	0.654826708236	0.345173291764
9.1106	89.1241	167.563182	3	1.0	0.0
7.7435	87.0387	169.131257	6	0.294356175708	0.705643824292
1.6815	79.1282	179.920072	8	1.0	0.43772090212
1.6333	79.0591	179.980687	8	0.701287124894	0.298712875106
1.7028	79.1664	180.263577	8	1.0	0.135766320125
6.6206	92.08	192.179414	2	1.0	0.0
7.4591	85.1351	193.438522	13	0.68737938228	0.31262061772
9.0536	88.9075	196.095486	3	1.0	0.17883177368
9.0985	89.1542	196.224475	3	1.0	0.0
9.1406	89.5308	199.389526	3	1.0	0.354721625091
9.1356	89.4966	199.791044	3	1.0	0.0
2.8883	81.1017	209.162633	-1	0.0	0.88941553379
1.6967	90.6687	211.212943	0	1.0	0.0
1.7151	90.7619	211.370997	0	1.0	0.0
1.7317	90.7516	211.607713	0	1.0	0.0
1.7018	90.7228	211.670523	0	1.0	0.0
6.5433	83.1671	217.031743	-1	0.0	0.323922113852
7.6835	86.8121	217.442183	6	1.0	0.514898018999
7.6648	86.8367	217.505861	6	0.956015905857	0.0439840941425
6.2685	82.4145	231.897124	4	1.0	0.0
7.5705	85.2496	238.300073	13	0.607435653382	0.392564346618
7.4796	85.3427	238.403373	13	0.356039863376	0.643960136624
7.389	85.5807	254.011631	-1	0.0	0.0416693287663
7.769	87.2566	254.237651	6	0.122130819675	0.877869180325
7.7818	87.4903	254.241876	6	0.0506442470333	0.949355752967
7.7199	87.2892	254.652889	6	0.124847169376	0.875152830624
9.2489	88.5918	255.66855	3	0.431845212361	0.568154787639
9.1112	89.0369	257.17904	3	1.0	0.0252325804305
9.1674	89.4603	258.60893	3	1.0	0.0
9.1774	89.6415	258.638367	3	0.885750413079	0.114249586921
9.2659	88.7867	262.381565	3	1.0	0.0
1.6671	79.1076	266.38307	8	1.0	0.43772090212
1.7132	79.2211	266.501539	8	1.0	0.0442239784991
7.672	86.7999	270.938062	6	1.0	0.0
7.6763	86.8203	270.991404	6	1.0	0.629253259679
7.6814	86.8617	271.019887	6	1.0	0.0
7.6681	86.8019	271.065743	6	1.0	0.0
7.4777	85.098	271.114205	13	0.47814834914	0.52185165086
7.5938	85.9998	274.304606	9	1.0	0.0
9.131	89.2088	283.768323	3	1.0	0.13237137731
9.0419	88.9292	283.913182	3	1.0	0.0
9.1893	89.3891	289.396991	3	1.0	0.501459770185
9.1769	89.4442	289.807918	3	1.0	0.0
1.982	79.1941	295.615046	8	0.3045687976	0.6954312024
1.641	79.1069	302.705988	8	1.0	0.482420659833
1.6266	79.113	302.872266	8	1.0	0.48658361652
1.6338	79.1364	303.18981	8	1.0	0.43772090212
1.7315	90.6476	304.601663	0	1.0	0.287382429544
7.5391	92.107	304.727399	1	1.0	0.0
7.5851	92.1423	304.757566	1	1.0	0.0
9.1343	89.1003	307.50662	3	1.0	0.192216266193
7.6687	86.8034	309.480032	6	1.0	0.0
7.686	86.8193	309.534858	6	1.0	0.691623128951
7.6827	86.8004	309.583103	6	1.0	0.422856401851
7.71	86.9545	309.629792	6	0.496178240303	0.503821759697
9.1773	89.3511	325.044391	3	1.0	0.40159316902
9.146	89.3464	325.204087	3	1.0	0.40159316902
6.233	82.3922	327.160351	4	1.0	0.0
6.2878	82.4233	327.211945	4	0.869887983524	0.130112016476
1.6991	79.1801	336.30108	8	1.0	0.0654844723576
1.7539	79.2782	336.476228	8	1.0	0.0
7.6667	86.8328	342.147947	6	1.0	0.715202490177
9.1754	89.5067	349.130714	3	1.0	0.1250686642
9.1656	89.607	349.229328	3	1.0	0.215549228415
9.1638	89.3956	349.389122	3	1.0	0.40159316902
6.95	90.3413	350.923682	-1	0.0	0.349270194546
7.4358	85.4527	356.252421	12	1.0	0.0
7.6654	86.8027	374.460628	6	1.0	0.0
6.7795	83.3953	375.043116	10	0.598735157323	0.401264842677
6.7787	83.4234	375.320831	10	1.0	0.0
9.0385	89.127	377.206536	3	1.0	0.192216266193
7.5293	85.1433	383.172254	13	0.748174803602	0.251825196398
7.5191	85.1975	383.272886	13	0.832480273909	0.167519726091
7.5268	85.1447	383.349693	13	0.752241548738	0.247758451262
7.5338	85.2424	383.389014	13	0.95150060743	0.0484993925703
7.5208	85.2492	383.44444	13	0.996483085582	0.00351691441796
7.5202	85.1963	383.603571	13	0.848901209591	0.151098790409
7.5856	92.0509	383.691862	1	1.0	0.0
7.6749	86.895	389.889743	6	0.612733707956	0.387266292044
1.7082	90.6473	392.306175	0	1.0	0.0
1.7173	90.6387	392.374328	0	1.0	0.411834579033
2.4933	80.2726	398.779943	-1	0.0	0.777122765419
6.5873	83.25	399.593786	11	0.659600901568	0.340399098432
6.56	83.3946	399.961071	-1	0.0	0.15687222664
7.565	85.8821	407.612603	9	0.55970027738	0.44029972262
7.5595	85.9378	407.671694	9	0.904929556349	0.0950704436508
7.5659	86.037	407.74575	9	0.531792964176	0.468207035824
9.1287	89.2914	415.073517	3	1.0	0.561813811661
9.2458	88.7636	417.967213	3	1.0	0.199568991088
1.8286	79.2149	418.920048	8	0.83913607235	0.16086392765
5.6394	83.9737	420.748516	-1	0.0	0.441000997773
6.2374	82.4294	429.114611	4	1.0	0.0
9.1189	89.2212	432.262358	3	1.0	0.0500640549942
9.1104	89.0587	432.530166	3	1.0	0.299244186373
1.706	79.2325	433.530566	8	1.0	0.0417008729978
1.7196	79.2428	434.073411	8	1.0	0.0327120444016
9.1878	89.4484	436.829683	3	1.0	0.0
7.668	86.8702	456.553859	6	1.0	0.166375190104
7.4443	85.089	462.557608	13	0.500465900158	0.499534099842
1.7174	90.6626	464.342475	0	1.0	0.0
1.7244	90.752	464.402121	0	1.0	0.0
1.7075	90.7131	464.470328	0	1.0	0.0
1.7174	90.7446	464.541501	0	1.0	0.0
7.4419	85.4508	477.735637	12	1.0	0.0
6.9321	84.9629	477.807496	-1	0.0	0.453210888927
7.4748	85.6692	478.012941	-1	0.0	0.385086149323
1.69	79.3495	479.136655	8	0.789938849087	0.210061150913
1.7061	79.196	479.13667	8	1.0	0.16860475668
6.6328	92.0541	486.635231	2	1.0	0.0
2.3058	91.9868	491.162035	0	0.0204046755112	0.979595324489
7.6584	86.879	495.645689	6	0.736622092287	0.263377907713
7.6901	86.9752	495.6865	6	0.471553742317	0.528446257683
1.6801	79.0887	515.556918	8	0.930364602394	0.0696353976061
1.6541	79.0548	515.729042	8	0.640450444594	0.359549555406
7.4682	85.1798	528.033684	13	1.0	0.0
9.1801	89.3266	529.829186	3	1.0	0.561813811661
6.5482	83.2726	534.037841	11	0.678937502687	0.321062497313
9.0496	88.9176	534.985688	3	1.0	0.0
7.6787	86.8469	534.999974	6	1.0	0.00159964425007
7.6752	86.8528	535.200786	6	1.0	0.0
7.6597	86.9465	535.38989	6	0.490254533898	0.509745466102
6.5364	83.2441	535.571937	11	0.678937502687	0.321062497313
6.5363	83.3117	535.651416	11	0.738285830079	0.261714169921
6.5181	83.2492	535.696927	11	0.577319819673	0.422680180327
6.5487	83.2158	535.851653	11	0.502541473171	0.497458526829
6.5178	83.2866	535.854529	11	0.631940531703	0.368059468297
9.2442	88.902	537.009715	3	1.0	0.195761163081
7.7011	87.3775	540.126007	6	0.0794699169628	0.920530083037
6.6742	91.0689	546.46999	-1	0.0	0.557893126704
6.2238	82.4168	546.898483	4	1.0	0.0
6.2265	82.4107	547.829628	4	1.0	0.0
1.7213	90.666	550.892955	0	1.0	0.189374503285
1.6918	90.658	550.946645	0	1.0	0.0
1.6934	90.6567	550.982074	0	1.0	0.0
1.7229	90.72	551.02246	0	1.0	0.0
1.6765	79.1639	552.741412	8	1.0	0.327133289661
1.6523	79.1397	552.842053	8	1.0	0.43772090212
9.2498	89.1988	552.866435	3	1.0	0.107980409594
9.1505	89.4511	552.866534	3	1.0	0.0
7.489	85.494	564.540738	12	1.0	0.0
7.4351	85.4018	564.913619	12	1.0	0.0
9.0774	88.9661	584.441803	3	1.0	0.0
9.0632	88.9293	584.547446	3	1.0	0.0
7.6793	86.7707	588.503987	6	0.515810933305	0.484189066695
