22.3413	268.0245	-0.00075	-1	0.0	0.28452929353
14.8226	271.5401	-563.432558	7	0.777435535841	0.222564464159
14.8287	271.5714	-563.356687	7	1.0	0.0
18.1505	267.3521	-557.052597	4	0.207895926358	0.792104073642
18.1054	267.504	-557.008799	4	0.52787665404	0.47212334596
17.8723	268.4336	-544.315427	5	0.746896536874	0.253103463126
21.4612	255.8751	-536.877401	0	1.0	0.0
21.5548	255.9265	-536.841032	0	0.805791300419	0.194208699581
16.2181	269.867	-532.947423	3	0.564371964387	0.435628035613
15.1775	272.083	-523.957202	2	0.941995323851	0.0580046761486
15.0986	272.1528	-523.823178	2	0.689675082475	0.310324917525
19.8616	263.6228	-515.681651	1	0.669182070864	0.330817929136
19.7767	263.5706	-515.633993	1	1.0	0.0
19.8266	263.5935	-515.609168	1	1.0	0.0
19.7022	263.4942	-515.133664	1	0.536367438241	0.463632561759
19.8333	263.6015	-515.083617	1	1.0	0.0
19.8385	263.5263	-515.028243	1	0.837216082507	0.162783917493
19.7899	263.5373	-514.92479	1	0.971559543201	0.028440456799
18.0473	267.4193	-500.416634	4	0.343246225964	0.656753774036
21.4588	254.6024	-494.81874	0	0.492719165375	0.507280834625
21.468	254.9628	-494.81867	0	0.492719165375	0.507280834625
15.1399	272.0953	-464.606833	2	1.0	0.0
15.1223	272.0862	-464.44916	2	0.9540593156	0.0459406843996
15.1237	272.123	-464.378568	2	1.0	0.194444775417
15.1966	272.1419	-464.313927	2	0.735798747364	0.264201252636
15.123	272.1098	-464.121954	2	1.0	0.0
15.1646	272.0569	-463.955178	2	1.0	0.0
16.3126	269.7643	-459.680779	3	0.28436203331	0.71563796669
14.9918	271.756	-457.977753	-1	0.0	0.28835383735
18.0425	267.5648	-431.710468	4	1.0	0.0
18.0139	267.5854	-431.657796	4	0.883306006384	0.116693993616
18.1805	267.643	-431.623023	4	0.465783081144	0.534216918856
18.0709	267.6058	-431.56038	4	0.881111741365	0.118888258635
18.0716	267.5115	-431.516339	4	0.650996330532	0.349003669468
15.1968	272.1429	-417.31426	2	0.748946784592	0.251053215408
15.1614	272.1054	-417.244723	2	1.0	0.0
15.1465	272.1078	-417.181758	2	1.0	0.0
17.7251	268.4579	-415.785404	5	0.436286631459	0.563713368541
14.8224	271.5152	-403.110097	7	0.538160714261	0.461839285739
17.7865	268.3597	-377.096497	5	0.75908517709	0.24091482291
19.7631	263.527	-376.577363	1	1.0	0.0
15.181	272.3824	-345.442096	2	0.219967179794	0.780032820206
15.229	271.9552	-343.523178	2	0.215233900703	0.784766099297
15.1584	272.0546	-343.111713	2	1.0	0.0
16.2469	269.9907	-341.086856	3	1.0	0.0
18.2601	267.2189	-312.263764	4	0.108259283973	0.891740716027
18.1562	267.5832	-312.263589	4	0.605551764483	0.394448235517
18.0636	267.5604	-312.096096	4	1.0	0.0
17.8978	267.4443	-312.017201	4	0.256740047939	0.743259952061
18.1016	267.5722	-311.697126	4	1.0	0.0
17.8151	268.4179	-293.342407	5	0.831124330808	0.168875669192
15.187	272.1098	-291.741202	2	1.0	0.264178130205
15.1368	272.1426	-291.563599	2	0.974690912617	0.0253090873834
15.0681	272.1256	-291.529223	2	0.750366098677	0.249633901323
15.0816	272.1076	-291.471685	2	0.939389903963	0.0606100960366
16.3196	269.9421	-274.869931	3	0.969266394249	0.0307336057509
15.1517	272.333	-246.225334	2	0.263475786564	0.736524213436
20.6494	254.8011	-245.812144	0	0.492719165375	0.507280834625
19.851	263.572	-235.74567	1	1.0	0.0
17.6877	268.3732	-216.378632	5	0.377124583882	0.622875416118
14.8244	271.5808	-208.106143	7	1.0	0.0
14.7752	271.6589	-208.039144	7	0.553339098167	0.446660901833
14.88	271.5482	-207.97339	7	0.738270953255	0.261729046745
14.8529	271.6063	-207.922189	7	0.702740866035	0.297259133965
14.7954	271.6272	-207.730138	7	0.553339098167	0.446660901833
16.2294	269.9877	-181.870101	3	1.0	0.0
16.283	269.9411	-181.416206	3	0.998073206916	0.00192679308355
14.9769	272.1382	-179.464464	2	0.335323293532	0.664676706468
15.1124	272.1243	-179.3841	2	0.975581062117	0.0244189378829
15.1255	272.0513	-179.35146	2	1.0	0.0
15.1439	272.106	-179.283138	2	1.0	0.0
17.8471	268.3677	-166.909276	5	0.922141078753	0.0778589212474
17.7875	268.4264	-166.694066	5	0.684105344113	0.315894655887
17.7585	268.4456	-166.297179	5	0.604113549776	0.395886450224
14.8095	271.7122	-153.486193	7	0.476002796704	0.523997203296
18.1613	267.5123	-146.782613	4	0.472576225209	0.527423774791
14.8414	271.5911	-141.765083	7	1.0	0.0
15.068	272.1072	-105.385219	2	0.757056381807	0.242943618193
15.1294	272.0399	-105.234331	2	1.0	0.0
15.1835	272.1202	-105.173525	2	0.954552311087	0.0454476889133
15.1954	272.0802	-105.125441	2	0.7630385029	0.2369614971
19.5281	264.1724	-86.424426	1	0.0748656612841	0.925134338716
20.9868	255.6276	-75.668204	0	0.938833618295	0.0611663817045
18.0393	267.569	-64.314306	4	1.0	0.0
16.2476	269.7817	-55.447357	3	0.373583415573	0.626416584427
15.1079	272.2585	-54.110811	2	0.263475786564	0.736524213436
15.1721	272.3577	-54.110749	2	0.263475786564	0.736524213436
17.816	268.3228	-53.7783	5	0.703857684967	0.296142315033
17.9952	268.2564	-53.57179	5	0.211274635603	0.788725364397
15.1424	272.1363	-43.21551	2	0.812961251931	0.187038748069
15.1682	272.1823	-42.702152	2	0.505781139628	0.494218860372
14.8494	271.5723	-27.319887	7	1.0	0.0
14.8197	271.557	-27.158203	7	1.0	0.0
21.3403	255.5774	-21.426516	0	1.0	0.0
21.7003	255.6894	-21.426427	0	1.0	0.0
16.2235	270.0029	-0.214684	3	1.0	0.0
22.3413	268.0245	-0.00075	-1	0.0	0.28452929353
17.8841	268.4002	3.074034	5	0.998339830888	0.00166016911243
17.8369	268.3803	3.115761	5	1.0	0.0
17.7898	268.3479	3.177724	5	0.691075271343	0.308924728657
16.2044	269.9193	35.319446	3	0.726383938598	0.273616061402
15.1529	272.0546	70.546867	2	1.0	0.0
16.2041	269.9615	77.636215	3	0.924842074747	0.0751579252527
16.2825	269.9219	77.692599	3	0.957257023994	0.0427429760056
18.8493	255.5023	78.681724	0	0.231770412161	0.768229587839
18.735	255.4247	79.098586	0	0.22220560465	0.77779439535
14.0947	265.9516	87.441154	-1	0.0	0.36799636098
17.7817	268.4006	117.888845	5	0.782484446592	0.217515553408
16.2406	269.9909	120.270762	3	1.0	0.0
15.2744	272.2964	129.761352	2	0.240701540175	0.759298459825
14.6758	271.7608	142.845467	6	1.0	0.0
21.4362	255.5266	146.044963	0	1.0	0.0
18.0047	268.4528	157.138598	5	0.309682141909	0.690317858091
14.8425	271.6819	159.534653	7	0.553339098167	0.446660901833
15.1333	272.043	161.526592	2	1.0	0.0
15.1497	272.0539	161.613839	2	1.0	0.0
18.0445	267.5332	169.206069	4	0.889773294017	0.110226705983
15.1872	272.1872	186.765353	2	0.497556640529	0.502443359471
17.8415	268.383	199.6267	5	1.0	0.0
17.8901	268.3767	199.672183	5	1.0	0.0
17.7623	268.3095	199.776347	5	0.543886638938	0.456113361062
16.289	269.855	199.826166	3	0.460731505713	0.539268494287
14.8319	271.5288	216.221652	7	0.758379954306	0.241620045694
14.9801	271.5347	216.254668	-1	0.0	0.0672927135824
14.8099	271.4163	216.33052	-1	0.0	0.443294537267
14.8422	271.605	216.330566	7	0.728397683164	0.271602316836
19.7026	269.5985	226.876993	-1	0.0	0.0865864040883
15.2102	272.1807	243.388286	2	0.598299736852	0.401700263148
15.2628	272.2064	243.578173	2	0.416042215748	0.583957784252
15.2695	272.1893	243.767684	2	0.508376725568	0.491623274432
15.2478	272.1548	243.996549	2	0.598299736852	0.401700263148
17.9027	268.6648	260.313168	5	0.121479740075	0.878520259925
16.3064	269.9722	277.486023	3	0.897287948576	0.102712051424
16.2488	269.9221	277.673916	3	0.998073206916	0.00192679308355
20.9751	262.473	293.553013	1	0.037434967294	0.962565032706
20.9806	255.7724	307.1005	0	1.0	0.0
14.7018	271.7641	315.432264	6	1.0	0.0
15.1497	272.0665	339.70346	2	1.0	0.0
26.8356	256.0261	356.862975	0	0.0979077892455	0.902092210754
17.8657	268.4234	364.977142	5	1.0	0.0
17.8695	268.3959	365.070064	5	1.0	0.0
14.7375	271.6799	384.658013	7	0.440230164879	0.559769835121
14.8816	271.6785	384.802517	7	0.409534046152	0.590465953848
20.6669	254.7346	385.418704	0	0.492719165375	0.507280834625
20.5497	254.5028	385.698589	0	0.411459120627	0.588540879373
18.1005	267.6271	404.95067	4	0.710402486792	0.289597513208
18.0658	267.6114	405.016247	4	0.847518298887	0.152481701113
18.0633	267.5893	405.112736	4	1.0	0.0
16.2076	269.9716	411.533794	3	1.0	0.0
17.8577	268.2978	434.570989	5	0.401824333501	0.598175666499
14.7895	271.6765	437.496778	7	0.553339098167	0.446660901833
14.6721	271.783	444.785369	6	1.0	0.0
14.6546	271.8268	444.854922	6	1.0	0.0
14.628	271.8055	444.90544	6	1.0	0.0
15.1445	272.0692	457.803967	2	1.0	0.0
15.0608	271.8039	457.894984	-1	0.0	0.541774593635
15.1223	272.0876	457.965124	2	1.0	0.0
21.4369	255.7981	480.269933	0	1.0	0.0
15.2745	272.0449	490.655812	2	0.356209815299	0.643790184701
18.0328	267.8674	496.377611	4	0.121770600826	0.878229399174
18.1635	267.2917	496.977545	4	0.154399570589	0.845600429411
28.9983	255.1105	548.289128	0	0.0686576162579	0.931342383742
16.2927	269.8476	559.96537	3	0.434803192556	0.565196807444
16.2593	269.9535	559.965435	3	0.998073206916	0.00192679308355
15.1653	272.0438	565.226285	2	1.0	0.0
15.2138	272.107	565.442621	2	0.7630385029	0.2369614971
15.1948	272.3195	567.368442	2	0.263475786564	0.736524213436
26.6577	255.6661	569.326183	0	0.100944374547	0.899055625453
