18.4783	265.1398	0.000336	20	1.0	0.0
18.6107	259.0134	-599.211019	8	0.891721694422	0.108278305578
31.1601	267.3676	-598.922721	5	0.48882138744	0.51117861256
31.2913	267.5733	-591.825269	5	0.37151889846	0.62848110154
16.0869	259.8595	-586.499249	19	1.0	0.407113954483
16.3529	275.1396	-584.671231	1	1.0	0.0
16.0647	259.8222	-578.97308	19	1.0	0.0873381409597
14.0547	263.735	-578.917175	22	1.0	0.0
19.1386	265.3506	-578.69749	-1	0.0	0.211142658517
18.7201	265.6191	-578.697423	-1	0.0	0.357251816147
14.8613	263.1878	-577.677533	16	0.75340694213	0.24659305787
14.8972	263.1451	-577.315624	16	1.0	0.0
14.8386	263.0614	-577.290169	16	0.381635317306	0.618364682694
14.7213	262.9984	-577.277287	-1	0.0	0.444300861574
15.2613	262.9642	-577.229784	-1	0.0	0.0502624881048
18.3366	265.3106	-576.101865	-1	0.0	0.299858695965
16.0991	259.8635	-568.78986	19	1.0	0.297701516403
16.324	259.9299	-568.702003	19	0.28301662513	0.71698337487
16.5657	260.9766	-562.834719	-1	0.0	0.530222955154
15.721	265.3765	-561.858916	10	1.0	0.0
29.8691	271.8369	-559.231124	12	1.0	0.0
29.873	271.8371	-559.150747	12	1.0	0.0
29.8766	271.8278	-559.124746	12	1.0	0.0
29.8669	271.8867	-559.007315	12	0.60097682454	0.39902317546
16.0173	259.7545	-556.002528	19	1.0	0.337416962845
16.3695	259.8831	-553.459011	-1	0.0	0.0962940452329
29.7817	269.6067	-551.686632	-1	0.0	0.128266882584
26.1541	266.2189	-544.658862	0	0.125521218276	0.874478781724
18.2903	265.1749	-543.555618	20	0.517590803542	0.482409196458
15.9725	259.825	-537.241038	19	0.59234974749	0.40765025251
14.6504	256.575	-536.28368	4	1.0	0.0
18.8187	265.4098	-533.76514	21	0.257749533367	0.742250466633
18.7547	265.3633	-533.585806	21	0.33101054674	0.66898945326
15.8989	265.6649	-532.945257	10	0.158093934024	0.841906065976
16.0186	259.8261	-526.384033	19	0.903845425479	0.0961545745209
16.1548	259.9242	-526.226859	19	0.840133986032	0.159866013968
16.1226	259.8944	-526.14426	19	1.0	0.0
16.2156	259.7559	-526.097721	19	0.335860773352	0.664139226648
16.2901	260.0565	-526.097719	-1	0.0	0.108636460645
16.0745	259.8352	-526.038434	19	1.0	0.223365178073
29.8323	271.9535	-525.652431	12	0.325504629839	0.674495370161
29.8478	271.8143	-525.567377	12	0.440775438831	0.559224561169
29.8875	271.8213	-525.424053	12	0.555484322309	0.444515677691
16.1357	259.8125	-525.406322	19	1.0	0.131712246955
29.8976	271.9402	-525.392158	12	0.379354670234	0.620645329766
29.8617	271.8338	-525.329463	12	1.0	0.0
29.8579	271.858	-525.274735	12	0.60097682454	0.39902317546
14.0448	263.6175	-519.881232	-1	0.0	0.142802704829
15.3837	262.6821	-518.422792	14	1.0	0.0
15.463	262.7542	-518.418972	14	0.38213094986	0.61786905014
30.0894	271.854	-517.319971	13	0.89667949298	0.10332050702
14.7456	263.2674	-516.081799	17	1.0	0.0
16.3645	274.6982	-513.698679	1	0.243411682782	0.756588317218
18.9922	265.768	-511.880007	15	1.0	0.0
14.697	265.5096	-509.476471	11	1.0	0.0
18.5952	258.9345	-509.450203	8	1.0	0.0
16.1126	259.8929	-508.517844	19	1.0	0.0
14.8604	263.1737	-504.887055	16	0.834637100995	0.165362899005
14.8939	263.1202	-504.826696	16	1.0	0.0
26.2524	266.0181	-499.865676	0	0.743217702028	0.256782297972
26.2086	266.0199	-499.685457	0	0.716175152652	0.283824847348
29.877	271.844	-498.867535	12	0.808213961693	0.191786038307
29.8475	271.8738	-498.837602	12	0.60097682454	0.39902317546
29.8563	271.9542	-498.810292	12	0.379354670234	0.620645329766
29.7733	271.897	-498.784068	12	0.255971888703	0.744028111297
29.8542	271.8444	-498.666845	12	0.918774823322	0.0812251766783
29.8537	271.833	-498.596402	12	1.0	0.0
18.5301	265.2495	-497.079443	20	0.568567937879	0.431432062121
18.5364	265.1759	-497.049457	20	1.0	0.269708780101
18.8664	265.2222	-496.997044	21	0.275072195819	0.724927804181
18.4984	265.2121	-496.945607	20	1.0	0.424125372715
16.3357	275.1781	-492.501745	1	1.0	0.0
16.4232	275.1572	-492.501735	1	1.0	0.0
18.952	265.7389	-487.296784	15	1.0	0.0
18.2915	265.1808	-486.629361	20	0.51454107498	0.48545892502
18.3149	265.1953	-486.575495	20	0.614749948533	0.385250051467
16.0682	259.8246	-485.178058	19	1.0	0.311507364481
16.1063	259.8147	-480.68061	19	1.0	0.0
16.5423	259.768	-477.827002	24	1.0	0.0
16.5078	259.7574	-477.758193	24	0.870527023951	0.129472976049
16.06	259.7343	-475.939105	19	0.731448885527	0.268551114473
29.8889	271.8124	-471.317293	12	0.397778148184	0.602221851816
31.2162	267.41	-470.560421	5	1.0	0.0549681618224
16.1356	259.8492	-470.337567	19	0.925771316008	0.0742286839916
16.1142	259.8193	-470.295377	19	1.0	0.0
16.0749	259.886	-470.222355	19	0.851966953588	0.148033046412
16.6034	259.3278	-470.141792	18	1.0	0.0
16.5738	259.2602	-470.130594	18	0.941504777899	0.0584952221007
16.1422	259.8376	-470.110269	19	1.0	0.240245176028
16.0849	259.8428	-470.019544	19	1.0	0.223365178073
16.1154	259.8425	-469.881742	19	1.0	0.230967654198
16.077	259.7815	-464.290201	19	1.0	0.188753909101
16.084	259.83	-458.544824	19	1.0	0.223365178073
31.2371	267.3769	-452.506625	5	0.715799148936	0.284200851064
29.925	272.0127	-447.920662	-1	0.0	0.265170417844
13.0987	264.6133	-447.536913	-1	0.0	0.192714837585
18.7366	265.2839	-447.498697	21	0.857740956303	0.142259043697
14.0489	263.7731	-447.472273	22	0.926381875999	0.0736181240014
14.0818	263.7771	-447.378397	22	0.757521825621	0.242478174379
14.7008	265.5839	-446.889137	11	0.82951107627	0.17048892373
14.1351	263.7601	-446.824301	22	0.59594894612	0.40405105388
14.6912	265.5019	-446.719863	11	1.0	0.0
31.3128	267.3783	-446.296296	5	0.552421577619	0.447578422381
16.539	259.7426	-445.337521	24	1.0	0.348000732609
14.5281	263.7284	-442.285725	23	0.564504547745	0.435495452255
31.2559	267.4161	-437.489533	5	1.0	0.0160370137171
16.1272	259.8248	-436.314462	19	1.0	0.14855171567
16.0424	259.7819	-436.247686	19	1.0	0.0112983782975
16.7807	259.7405	-436.217602	24	0.115977327904	0.884022672096
16.557	259.8444	-436.145029	24	0.223650710399	0.776349289601
31.2102	267.3953	-431.415097	5	1.0	0.0440820281533
18.412	265.2008	-428.367777	20	0.945024291059	0.0549757089408
18.4104	265.1908	-428.304587	20	1.0	0.374399494575
18.3868	265.1768	-428.245932	20	1.0	0.335043226797
18.056	265.7033	-428.245614	-1	0.0	0.699950505852
18.4287	265.1664	-428.204256	20	1.0	0.338324829975
18.4464	265.1969	-428.132453	20	1.0	0.493262125951
18.455	265.1097	-427.927091	20	1.0	0.519080183088
26.1777	265.933	-424.17902	0	0.516506237443	0.483493762557
26.1757	265.9652	-423.990457	0	1.0	0.0
29.8987	271.8406	-419.005137	12	0.60005184388	0.39994815612
15.2886	262.7012	-417.70807	14	0.597368584283	0.402631415717
15.4756	262.7952	-417.666716	14	0.242802002748	0.757197997252
15.3776	262.7299	-417.60768	14	0.637345480584	0.362654519416
15.3468	262.679	-417.578117	14	1.0	0.0
29.5868	272.1045	-410.538376	-1	0.0	0.678661560927
18.4568	265.136	-407.11986	20	1.0	0.0
13.0957	272.1028	-406.792417	2	1.0	0.0
16.2167	272.7822	-401.892979	3	0.117363740899	0.882636259101
16.4332	272.3483	-401.88285	3	0.238623743286	0.761376256714
16.2992	272.4369	-401.618654	3	0.383937590734	0.616062409266
16.128	272.5441	-401.618573	3	0.585178197071	0.414821802929
16.3593	272.4716	-401.533793	3	0.336106367375	0.663893632625
16.1728	272.4986	-401.488522	3	1.0	0.0
16.1381	272.52	-401.430712	3	0.826045067902	0.173954932098
16.1281	272.6993	-401.430611	3	0.175418633213	0.824581366787
16.32	272.4591	-401.389764	3	0.39142672632	0.60857327368
16.1987	272.5022	-401.251853	3	0.836475716775	0.163524283225
31.2758	267.4168	-400.496704	5	1.0	0.0
18.9968	265.7363	-400.394148	15	0.98035697527	0.0196430247301
19.0491	265.7943	-400.33497	15	0.53023104098	0.46976895902
15.703	265.258	-397.656805	10	0.705792298118	0.294207701882
19.0345	265.3339	-397.232767	-1	0.0	0.287081487207
16.1	259.8205	-397.010199	19	1.0	0.0
16.0826	259.8142	-396.954215	19	1.0	0.307411080415
16.0508	259.7204	-396.854839	19	0.527778672776	0.472221327224
14.5601	263.6075	-394.507493	23	1.0	0.0
14.5732	263.6086	-394.431956	23	1.0	0.0
14.4474	263.5476	-394.1858	23	1.0	0.120329824059
14.4748	263.4888	-394.093332	23	0.684049213453	0.315950786547
14.3983	263.5495	-394.093277	23	1.0	0.0
14.4555	263.5628	-393.993072	23	1.0	0.0401912065139
16.0708	259.8472	-393.618073	19	1.0	0.148508397281
17.1416	259.5234	-393.519717	-1	0.0	0.313234864889
15.9633	259.8486	-393.519154	19	0.424472165154	0.575527834846
16.1674	259.9065	-393.437136	19	0.902377590849	0.0976224091515
29.8499	271.9598	-388.330737	12	0.350099448652	0.649900551348
30.0706	271.8027	-388.310343	13	1.0	0.0
29.8486	271.8424	-388.278699	12	0.915434232065	0.084565767935
30.0521	271.7516	-388.230353	13	0.727718617136	0.272281382864
30.1496	271.8035	-388.081126	13	0.42051223815	0.57948776185
29.8314	271.9188	-387.962761	12	0.454807785588	0.545192214412
29.8463	271.8419	-387.64871	12	0.871809513364	0.128190486636
29.813	271.8771	-387.569523	12	0.345369733071	0.654630266929
18.4042	258.9235	-387.058513	8	0.781841138938	0.218158861062
18.6406	258.9655	-387.034892	8	1.0	0.0
18.5863	259.0008	-386.967973	8	1.0	0.0
16.5508	259.239	-386.275541	18	1.0	0.0
14.0167	263.676	-382.971614	22	0.906825611011	0.0931743889886
14.0117	263.6958	-382.435926	22	0.929648920601	0.0703510793989
31.2216	267.4375	-380.262962	5	1.0	0.102411570298
18.5521	265.2946	-375.564292	-1	0.0	0.0318158109755
16.0826	259.8343	-375.259922	19	1.0	0.223365178073
18.4785	265.2223	-374.734397	20	0.800843634097	0.199156365903
18.4967	265.1649	-374.645741	20	1.0	0.0711888238893
14.9055	263.1924	-371.944195	16	0.740467770527	0.259532229473
18.8463	265.3996	-368.312749	21	0.298618633967	0.701381366033
18.7577	265.2993	-368.175501	21	1.0	0.0
18.7672	265.2992	-368.144163	21	1.0	0.0
26.2893	266.0287	-364.17012	0	0.528053266548	0.471946733452
26.1518	265.9546	-364.039913	0	0.810922127895	0.189077872105
19.2898	265.7419	-362.727983	-1	0.0	0.184211036014
18.6523	259.0385	-362.657185	8	0.965754755449	0.0342452445512
16.097	259.8012	-355.849334	19	1.0	0.507892825747
16.5807	259.783	-355.599401	24	0.745783448972	0.254216551028
16.5544	259.7822	-355.218875	24	1.0	0.0400402941847
16.1068	259.7944	-354.100921	19	1.0	0.258196085514
16.1484	259.8112	-353.652065	19	1.0	0.350769236389
13.9794	263.87	-353.387981	-1	0.0	0.290762450375
13.9928	263.8144	-353.283008	22	0.562090770628	0.437909229372
13.9414	263.7777	-353.282958	22	0.670410793058	0.329589206942
15.3577	262.714	-350.550177	14	0.837161071741	0.162838928259
15.4277	262.7353	-350.485193	14	0.53183844476	0.46816155524
15.3698	262.7211	-350.426281	14	0.786682377319	0.213317622681
15.6476	262.8761	-350.302526	14	0.110610434297	0.889389565703
29.8759	272.0631	-349.653644	-1	0.0	0.130875768232
29.8496	271.9229	-349.6322	12	0.454807785588	0.545192214412
29.8659	271.9208	-349.610544	12	0.451099847768	0.548900152232
29.8726	271.8741	-349.561002	12	0.60097682454	0.39902317546
29.8582	271.9436	-349.516455	12	0.454807785588	0.545192214412
14.8533	263.7245	-346.574397	-1	0.0	0.637978730719
14.5409	263.6139	-346.543258	23	1.0	0.0
14.7008	265.5607	-346.422689	11	0.82951107627	0.17048892373
18.5053	265.1633	-346.378827	20	1.0	0.103560340067
14.6343	265.5668	-346.334444	11	0.653722335759	0.346277664241
18.4822	265.1343	-346.067817	20	1.0	0.113176187807
18.7927	265.2655	-343.323617	21	1.0	0.0
30.0902	271.7445	-342.552095	13	0.929404191381	0.0705958086189
16.8224	259.5512	-339.29632	-1	0.0	0.200314200564
18.2706	259.2842	-339.010644	8	0.24483218712	0.75516781288
18.6336	259.1052	-339.010633	8	0.506250475896	0.493749524104
16.0498	259.7732	-332.798086	19	1.0	0.20074853993
16.0505	259.8078	-332.697262	19	1.0	0.174790052439
16.0931	259.8406	-332.62334	19	1.0	0.310719653416
14.6281	256.5229	-332.573317	4	1.0	0.0
15.9767	259.788	-332.542987	19	0.773022327616	0.226977672384
16.1077	260.128	-332.542985	-1	0.0	0.108636460645
14.9292	263.2238	-330.837037	16	0.441726430612	0.558273569388
16.5316	259.7294	-327.08755	24	1.0	0.0317860786385
16.4888	259.8021	-327.077055	24	0.285782238729	0.714217761271
18.9068	265.7531	-321.855866	15	1.0	0.0348501698462
18.806	265.8499	-321.803886	15	0.281877626548	0.718122373452
18.4659	265.1529	-321.614884	20	1.0	0.0644311144898
16.1206	259.8799	-321.038712	19	1.0	0.0
18.4475	265.1723	-310.416227	20	1.0	0.248733671364
18.4145	265.1289	-310.356022	20	1.0	0.0
18.4135	265.1288	-310.173042	20	1.0	0.0
18.4135	265.1649	-310.11686	20	1.0	0.247441973308
18.5222	265.1412	-309.654408	20	1.0	0.397032907743
16.3501	275.1676	-309.555184	1	1.0	0.0
16.1955	274.9489	-309.202561	1	0.579530133137	0.420469866863
16.3407	275.1412	-309.202558	1	1.0	0.0
15.6553	265.3303	-308.192521	10	0.778650111389	0.221349888611
26.2041	265.9847	-302.077307	0	1.0	0.0
26.2665	265.985	-301.593749	0	0.581703967045	0.418296032955
14.4377	263.5776	-300.605136	23	1.0	0.0
14.2142	263.7345	-298.374785	22	0.411215556496	0.588784443504
16.0998	259.762	-298.315954	19	0.962400568166	0.0375994318337
14.1677	263.7965	-297.498857	22	0.565197878674	0.434802121326
31.2973	267.4333	-296.569961	5	1.0	0.253780664889
31.2705	267.36	-292.271176	5	0.702772524977	0.297227475023
16.586	259.6216	-290.997502	24	0.345427599429	0.654572400571
31.2948	267.6065	-288.25992	5	0.24740981342	0.75259018658
18.6838	265.2478	-288.064164	21	0.468390365027	0.531609634973
31.3133	267.6486	-287.966054	5	0.158500557367	0.841499442633
31.0973	267.4965	-287.892314	5	0.273500430671	0.726499569329
16.0188	259.8129	-283.994673	19	1.0	0.424855061334
16.716	259.8239	-283.041301	24	0.157927017795	0.842072982205
16.0606	260.1788	-283.041268	-1	0.0	0.108636460645
14.3397	257.3432	-282.978698	4	0.761763209931	0.238236790069
14.8787	263.1737	-282.467545	16	0.976190748511	0.023809251489
14.5123	263.8096	-279.770193	23	0.517234068241	0.482765931759
14.4845	263.7561	-279.744817	23	0.582630311033	0.417369688967
18.7641	265.5064	-273.457818	-1	0.0	0.294591786831
18.7048	265.2644	-273.390922	21	0.602350660027	0.397649339973
15.348	262.6842	-273.146077	14	1.0	0.0
15.396	262.6961	-273.09535	14	0.811294013697	0.188705986303
15.3549	262.6967	-273.055574	14	1.0	0.0
15.3409	262.6792	-272.703181	14	1.0	0.0
31.2433	267.4595	-272.39788	5	1.0	0.0
31.2979	267.4227	-272.096924	5	1.0	0.169663855407
29.9667	271.9172	-270.086841	-1	0.0	0.0427641239977
29.8788	271.9036	-269.958232	12	0.499977973938	0.500022026062
31.1738	267.422	-268.832877	5	0.881835974347	0.118164025653
16.4931	259.6503	-264.377876	24	0.500997497519	0.499002502481
16.5019	259.644	-263.883388	24	0.592521587016	0.407478412984
16.5452	259.7307	-263.883375	24	1.0	0.0
14.0437	263.8296	-263.582793	22	0.487411164641	0.512588835359
14.0433	263.7254	-263.303755	22	0.918126352414	0.0818736475859
31.2214	267.4514	-255.56265	5	1.0	0.051948106719
18.9365	265.7151	-254.785032	15	1.0	0.276758147514
18.4747	265.148	-251.982544	20	1.0	0.0
16.5473	259.4384	-248.473071	-1	0.0	0.0998999872015
18.3878	265.1548	-247.950242	20	1.0	0.0
18.4112	265.1239	-247.884261	20	1.0	0.0
18.3862	265.1167	-247.86032	20	1.0	0.0473642212284
18.3796	265.1477	-246.83905	20	1.0	0.0
18.5374	265.0671	-246.618499	20	0.701570196398	0.298429803602
18.757	265.2974	-243.798149	21	1.0	0.0
18.7831	265.3222	-243.527152	21	0.522182965141	0.477817034859
18.6971	265.2581	-243.303159	21	0.541587548989	0.458412451011
16.6698	259.8378	-238.240038	24	0.202977281621	0.797022718379
31.2841	267.3567	-235.45519	5	0.621527030178	0.378472969822
31.3026	267.4727	-235.353799	5	1.0	0.239163177381
31.2502	267.4405	-234.948776	5	1.0	0.012330124548
30.0862	271.7619	-234.123903	13	0.929404191381	0.0705958086189
30.0849	271.7292	-234.091853	13	0.612086206833	0.387913793167
30.1301	271.7254	-234.034687	13	0.415632139346	0.584367860654
14.0217	263.7563	-232.085177	22	1.0	0.0
26.2107	266.0755	-227.931113	0	0.40816286927	0.59183713073
14.3927	263.5607	-226.751422	23	1.0	0.0
14.4313	263.6192	-226.7441	23	1.0	0.0
14.348	263.6314	-226.740123	23	0.974910237025	0.0250897629747
15.7004	265.2878	-220.795837	10	0.709379990157	0.290620009843
15.816	265.3398	-220.732315	10	0.719601808532	0.280398191468
15.8452	265.3739	-220.69633	10	0.759925506723	0.240074493277
15.8218	265.4234	-220.222263	10	1.0	0.0
31.2908	267.4023	-212.261712	5	0.963628707765	0.0363712922353
31.2998	267.4617	-212.123891	5	1.0	0.0
16.3272	275.1098	-211.310459	1	1.0	0.159356390252
15.7582	265.3534	-206.978471	10	1.0	0.0
16.1379	259.8876	-206.894884	19	1.0	0.0
16.0988	259.81	-206.86709	19	1.0	0.188858490414
16.082	259.8233	-206.834027	19	1.0	0.206041068212
16.0648	260.1055	-206.833994	-1	0.0	0.108636460645
16.1676	259.8232	-206.809431	19	1.0	0.424367938781
16.197	259.9384	-206.781714	19	0.620369765253	0.379630234747
16.031	259.7701	-206.781665	19	1.0	0.464717294714
15.8016	265.4311	-206.64354	10	1.0	0.0
16.0781	259.7955	-206.274273	19	1.0	0.507892825747
16.1051	259.8097	-206.185832	19	1.0	0.286242824141
14.7866	263.2866	-198.113268	17	1.0	0.0
15.4334	263.2959	-198.04773	-1	0.0	0.198426355394
14.7113	263.297	-197.983451	17	1.0	0.0
14.4621	263.7996	-192.857237	23	0.582630311033	0.417369688967
14.4832	263.806	-192.816131	23	0.582630311033	0.417369688967
14.2583	263.8599	-192.805127	-1	0.0	0.203709442759
14.023	263.6618	-192.805109	22	0.702818018195	0.297181981805
14.4629	263.7457	-192.735993	23	0.651475526761	0.348524473239
14.5102	263.6185	-188.458968	23	1.0	0.211003597374
14.4791	263.5821	-188.417027	23	1.0	0.105964626551
14.4634	263.6107	-188.381429	23	1.0	0.0716877001794
14.4034	263.5808	-188.35722	23	1.0	0.0
14.4481	263.5227	-188.332429	23	0.975449891229	0.0245501087707
14.4469	263.5641	-188.286934	23	1.0	0.0
14.3944	263.4979	-188.260856	23	0.921306267479	0.0786937325211
31.2944	267.4892	-185.641347	5	0.967803737251	0.0321962627495
31.228	267.4105	-185.502866	5	1.0	0.0487926808126
31.2713	267.419	-185.434972	5	1.0	0.0
16.5384	259.7621	-181.243357	24	1.0	0.0
16.5731	259.7508	-181.179559	24	1.0	0.0523075785615
14.8771	263.1297	-180.54318	16	1.0	0.0
14.8892	263.1142	-180.521529	16	1.0	0.0
14.8959	263.0915	-180.482166	16	0.633134525719	0.366865474281
14.9428	263.163	-180.449613	16	0.661572640551	0.338427359449
29.8819	271.8468	-178.856156	12	0.848653426158	0.151346573842
29.8461	271.8772	-178.811614	12	0.54905602506	0.45094397494
18.7778	265.2939	-175.973722	21	1.0	0.1099513656
18.2973	258.9923	-172.713718	8	0.474553952661	0.525446047339
18.2577	258.8107	-172.707124	8	0.386228008007	0.613771991993
31.2419	267.4628	-172.481358	5	1.0	0.0
16.0599	259.8363	-171.958392	19	1.0	0.0886356946363
17.6221	259.4186	-168.45809	8	0.200553482827	0.799446517173
16.9636	259.7619	-168.457481	-1	0.0	0.0554502605481
18.4999	265.2271	-168.421287	20	0.875776604642	0.124223395358
18.5348	265.2019	-168.36853	20	1.0	0.435573063476
16.5311	259.7216	-168.349877	24	1.0	0.0
18.5141	265.18	-168.28981	20	1.0	0.0711888238893
18.4674	265.146	-168.212107	20	1.0	0.0
18.5022	265.1796	-168.072719	20	1.0	0.159434912181
18.5234	265.2002	-167.987438	20	1.0	0.399884799692
18.7476	265.2741	-165.445694	21	1.0	0.0528826429801
18.8081	265.2805	-165.306304	21	1.0	0.0
31.2729	267.3881	-164.075184	5	0.745968997958	0.254031002042
19.0609	265.6871	-162.756352	15	0.493539814243	0.506460185757
19.0002	265.7415	-162.679806	15	1.0	0.0
18.9027	265.7527	-162.532299	15	1.0	0.0903099417296
29.5031	268.5897	-162.139532	7	0.551367721716	0.448632278284
29.5355	268.48	-162.038373	7	0.551367721716	0.448632278284
18.9558	265.7609	-161.826207	15	1.0	0.0
31.2783	267.5174	-161.201635	5	0.860893817991	0.139106182009
31.2168	267.397	-161.037142	5	1.0	0.093205055662
31.1181	267.4733	-160.88729	5	0.369209344402	0.630790655598
13.9703	263.716	-160.250485	22	0.929648920601	0.0703510793989
13.9463	263.7673	-160.039142	22	0.909058522358	0.0909414776421
31.2284	267.4799	-158.308244	5	1.0	0.159490149703
27.0664	266.4026	-154.750359	0	0.0504937652165	0.949506234784
31.2186	267.4723	-149.149182	5	1.0	0.046769292295
31.2494	267.3727	-142.2783	5	0.745968997958	0.254031002042
14.7361	265.5732	-140.972617	11	0.765390557254	0.234609442746
14.6614	265.9925	-140.972485	11	0.0619370999685	0.938062900032
14.679	265.5582	-140.916091	11	0.82951107627	0.17048892373
14.6975	265.4718	-140.851206	11	0.796279140294	0.203720859706
31.2244	267.4291	-138.25252	5	1.0	0.0435421660499
16.5454	259.7139	-137.686618	24	1.0	0.0
16.5458	259.7168	-137.631044	24	1.0	0.0
16.719	259.5769	-137.15457	24	0.128034839313	0.871965160687
18.3421	265.1304	-129.87255	20	1.0	0.468989814873
30.1035	271.7375	-127.653148	13	0.771952416732	0.228047583268
30.1362	271.8777	-127.538121	13	0.596814298885	0.403185701115
31.2742	267.4493	-122.449244	5	1.0	0.196709873568
16.0766	259.8055	-121.874278	19	1.0	0.00751170501623
16.1313	260.2117	-121.874237	-1	0.0	0.193748115898
16.1354	259.8964	-121.791525	19	1.0	0.152593538973
16.1822	259.954	-121.337966	19	0.522857279133	0.477142720867
31.2404	267.5039	-120.980158	5	1.0	0.0
14.4787	263.5238	-120.831667	23	0.737792383611	0.262207616389
14.5648	263.6114	-120.747194	23	1.0	0.0
14.5733	263.5982	-120.662775	23	1.0	0.0
14.4395	263.6111	-120.507934	23	1.0	0.0
31.2991	267.4203	-119.488189	5	1.0	0.161508473247
31.3408	267.5032	-119.287388	5	0.565726267587	0.434273732413
31.2437	267.4444	-119.06763	5	1.0	0.102411570298
18.7367	265.2246	-118.729893	21	1.0	0.0
18.7398	265.2905	-118.660271	21	1.0	0.0991231579306
18.7881	265.246	-118.417805	21	0.846217654942	0.153782345058
31.2716	267.4382	-116.454555	5	1.0	0.253780664889
31.2393	267.4304	-116.430951	5	1.0	0.012330124548
31.2994	267.4573	-106.105208	5	1.0	0.0726910830309
26.2161	265.977	-105.570541	0	0.858480497406	0.141519502594
26.2516	266.1912	-105.570493	0	0.154327667043	0.845672332957
26.1919	265.9469	-105.486913	0	0.766234415204	0.233765584796
26.1497	265.9906	-105.253422	0	0.864031557377	0.135968442623
26.1668	266.0028	-105.074452	0	1.0	0.0
26.1613	265.9853	-104.954639	0	1.0	0.0
18.3532	265.1075	-104.433848	20	1.0	0.308370223535
29.7985	272.0581	-103.831837	-1	0.0	0.0809099681233
29.7889	272.0529	-103.813207	-1	0.0	0.0187772076443
29.7677	271.9883	-103.349419	-1	0.0	0.0522094462273
27.0759	266.3724	-102.606698	0	0.0512069987279	0.948793001272
14.9464	263.7468	-102.238181	-1	0.0	0.0467536801763
16.5111	259.6695	-97.094655	24	0.665373157191	0.334626842809
18.9106	265.719	-94.225534	15	0.917385543132	0.082614456868
18.9419	265.6914	-94.114968	15	1.0	0.0
16.344	274.9839	-93.283048	1	1.0	0.0
16.2989	275.052	-93.030295	1	1.0	0.159356390252
29.5217	268.5615	-92.111305	7	0.551367721716	0.448632278284
16.5263	259.6957	-85.421339	24	1.0	0.303969207346
14.8715	263.1551	-83.61893	16	0.976190748511	0.023809251489
14.9535	263.229	-83.559771	16	0.376926838098	0.623073161902
14.8751	263.1236	-83.517634	16	1.0	0.0
16.0521	259.8038	-83.218514	19	1.0	0.506503765806
31.2867	267.4638	-83.092652	5	1.0	0.0
16.0565	259.8105	-82.737533	19	1.0	0.0194908802775
31.285	267.4228	-79.117974	5	1.0	0.0
13.9573	263.7378	-77.211816	22	0.855088362936	0.144911637064
13.9917	263.7724	-77.070392	22	1.0	0.0
15.7191	265.3548	-72.161029	10	1.0	0.0
18.2812	259.5854	-70.541266	8	0.234352973185	0.765647026815
18.2768	259.4897	-70.496407	8	0.24483218712	0.75516781288
16.5288	259.763	-68.719503	24	1.0	0.0
16.4917	259.7003	-68.666459	24	1.0	0.253891280686
16.5492	259.7908	-68.586775	24	0.707718325094	0.292281674906
16.5136	259.7365	-68.559276	24	0.909780012564	0.0902199874363
16.5533	259.7816	-68.474459	24	1.0	0.0663092069787
16.5154	259.746	-68.360773	24	1.0	0.26866595385
31.2086	267.4076	-67.277061	5	1.0	0.0
16.0433	259.7804	-67.225995	19	1.0	0.0
16.0397	259.7567	-67.126648	19	1.0	0.286461493512
16.0395	259.7687	-66.377654	19	1.0	0.352301335512
14.7367	256.524	-65.582672	4	1.0	0.0
14.7038	265.4875	-65.415016	11	1.0	0.0
14.685	265.8698	-65.414914	11	0.0885972020604	0.91140279794
14.6881	265.5398	-65.328308	11	0.82951107627	0.17048892373
30.1465	271.9102	-62.181321	13	0.465367778308	0.534632221692
18.9798	265.6843	-61.676502	15	1.0	0.274998416032
18.4285	265.1377	-53.868669	20	1.0	0.0
18.4061	265.181	-53.64706	20	1.0	0.247441973308
18.4129	265.1164	-53.584076	20	1.0	0.00491705397028
18.3763	265.1528	-53.513533	20	1.0	0.0
18.2817	265.3885	-53.513437	-1	0.0	0.339874252769
18.331	265.1035	-53.478119	20	0.906172149838	0.0938278501625
18.3647	265.1196	-52.745209	20	1.0	0.0790062173057
18.3936	265.134	-52.617508	20	1.0	0.0154501720611
31.1759	267.4095	-43.924008	5	1.0	0.122819127209
14.0176	263.7304	-38.459103	22	1.0	0.0
29.744	271.9811	-37.91556	-1	0.0	0.223349798213
15.8359	265.524	-34.60734	10	0.371387491676	0.628612508324
31.2234	267.4396	-24.392537	5	1.0	0.198874613806
16.0312	259.7862	-23.860783	19	1.0	0.364623822434
16.1092	259.784	-23.769075	19	1.0	0.379942684839
15.9837	259.7639	-23.728954	19	1.0	0.427424061678
16.1273	259.9249	-23.728925	19	0.762661527943	0.237338472057
15.9967	259.7641	-23.654406	19	1.0	0.210187068211
16.1737	259.9122	-23.557625	19	0.805263371875	0.194736628125
16.5661	259.7701	-22.449652	24	0.805423240678	0.194576759322
16.5193	259.8846	-22.418787	24	0.135810242566	0.864189757434
17.154	259.6891	-22.418712	25	0.962106078327	0.0378939216727
16.4766	259.7266	-22.368604	24	0.749286837617	0.250713162383
16.5141	259.7515	-22.267516	24	1.0	0.234374005684
16.5276	259.7269	-22.156964	24	1.0	0.0
16.5326	259.7565	-22.013846	24	0.985396606139	0.0146033938608
16.5231	259.7194	-21.778849	24	1.0	0.0
14.442	263.7024	-14.462078	23	0.638866619011	0.361133380989
14.8653	263.6845	-14.435658	-1	0.0	0.608906999169
14.3601	263.6188	-14.397634	23	1.0	0.112701609544
14.356	263.5973	-14.371383	23	1.0	0.152281909584
14.45	263.7093	-14.283707	23	0.65155095448	0.34844904552
15.7351	260.6408	-11.955144	-1	0.0	0.293602431195
18.5369	258.9134	-11.740629	8	1.0	0.0
18.285	259.0544	-11.505674	8	0.421622160131	0.578377839869
18.1694	259.0009	-11.505672	8	0.360444989535	0.639555010465
18.7549	265.2634	-8.429665	21	1.0	0.051277746768
18.7553	265.2402	-8.217716	21	1.0	0.0
18.7696	265.2384	-7.988978	21	0.967222767075	0.0327772329247
31.2778	267.4588	-7.765471	5	1.0	0.0
16.4938	259.6747	-3.129841	24	0.965127144498	0.0348728555018
18.4783	265.1398	0.000336	20	1.0	0.0
16.5165	260.2597	0.463108	-1	0.0	0.450484569562
16.3734	260.3252	0.821037	-1	0.0	0.334240023728
26.1661	265.9865	6.041022	0	1.0	0.0
14.7553	265.4949	9.86789	11	0.761236663379	0.238763336621
18.3293	265.1647	9.99642	20	0.943322416348	0.0566775836525
18.3798	264.9733	10.950141	-1	0.0	0.0567668911452
16.5344	259.9678	12.146326	-1	0.0	0.010942956015
16.4085	259.6838	12.146358	24	0.270031051537	0.729968948463
16.6094	259.8102	12.869973	24	0.286372922113	0.713627077887
19.0891	265.8774	14.433032	-1	0.0	0.0437325203505
18.9838	265.7574	14.484822	15	1.0	0.0
29.8357	272.0345	15.052822	12	0.268042601689	0.731957398311
29.7965	272.0035	15.092582	12	0.268042601689	0.731957398311
29.8343	271.9056	15.130276	12	0.441594153232	0.558405846768
16.1414	272.4797	18.852593	3	1.0	0.0
16.1495	272.4364	18.937192	3	0.58408225774	0.41591774226
16.1516	272.4581	18.961933	3	1.0	0.0
16.211	272.5374	19.000579	3	0.686352659162	0.313647340838
16.1544	272.5293	19.030469	3	0.930393176862	0.069606823138
16.1691	272.4866	19.076363	3	1.0	0.0
16.344	272.407	19.092581	3	0.39142672632	0.60857327368
16.1514	272.4711	19.189143	3	1.0	0.0
31.2631	267.4053	19.686385	5	1.0	0.0967620458523
30.1078	271.8374	26.043084	13	0.75518207336	0.24481792664
30.0667	271.7906	26.068785	13	1.0	0.0
30.058	271.8066	26.124253	13	1.0	0.0
30.0999	271.8991	26.17363	13	0.715913748794	0.284086251206
30.081	271.8364	26.220628	13	1.0	0.308069580274
30.0541	271.798	26.268724	13	1.0	0.0
30.0658	271.8716	26.311145	13	0.993900538698	0.00609946130197
30.0694	271.8709	26.359129	13	0.966502276614	0.0334977233858
30.0572	271.8565	26.394679	13	1.0	0.0714390023495
31.2461	267.4287	29.16368	5	1.0	0.0577031902455
18.4037	259.6022	34.241149	8	0.216880273218	0.783119726782
18.5666	265.1875	34.609988	20	0.994596160842	0.00540383915846
18.5041	265.1772	34.610035	20	1.0	0.0711888238893
18.4662	265.1647	34.638709	20	1.0	0.263538753
16.5701	259.7062	36.833394	24	0.713549818729	0.286450181271
16.5541	259.6833	36.906421	24	0.743850457379	0.256149542621
16.5483	259.7127	36.979858	24	1.0	0.176920350672
16.5453	259.6985	37.045634	24	1.0	0.339675106668
16.5368	259.6889	37.158579	24	1.0	0.303969207346
16.5506	259.6848	37.34861	24	0.847440767699	0.152559232301
17.0255	259.7345	37.388564	25	1.0	0.0
18.4328	265.1269	39.456011	20	1.0	0.0
16.1022	259.8218	41.452935	19	1.0	0.0
29.9166	271.9322	42.615993	12	0.294769942634	0.705230057366
16.1053	259.7564	42.671674	19	0.754874662153	0.245125337847
16.0074	259.7652	42.692768	19	1.0	0.140323173976
29.9421	271.852	42.731421	12	0.246358854709	0.753641145291
16.1102	259.8821	42.74212	19	1.0	0.0
18.8237	265.3702	43.580111	21	0.33101054674	0.66898945326
29.359	268.39	46.00189	7	1.0	0.0
31.2203	267.4588	46.793475	5	1.0	0.124208901301
31.1771	267.4269	46.812408	5	0.894621924183	0.105378075817
14.2279	263.8259	47.535394	-1	0.0	0.140324548189
16.5337	259.7779	49.362602	24	1.0	0.0216078979061
16.5176	259.7796	49.369788	24	0.644308265705	0.355691734295
16.5105	260.2179	51.203442	-1	0.0	0.351206192108
16.5205	260.173	51.203509	-1	0.0	0.321988294508
14.1094	263.7162	56.358945	22	0.615152806834	0.384847193166
14.0294	263.7532	56.422327	22	1.0	0.0
14.0933	263.8732	56.482558	-1	0.0	0.202584869877
31.272	267.5009	58.444246	5	1.0	0.0
17.1295	259.6808	58.850502	25	1.0	0.0
31.1841	267.4706	59.965447	5	0.839374787274	0.160625212726
31.2681	267.4614	63.442769	5	1.0	0.0
26.163	266.0623	63.596272	0	0.424341135841	0.575658864159
26.2078	266.0136	63.836695	0	0.872286953559	0.127713046441
18.8266	265.2896	65.755107	21	1.0	0.108070558535
18.8071	265.2927	65.865294	21	1.0	0.0
18.7805	265.2665	65.909534	21	1.0	0.0
18.744	265.2634	65.9514	21	1.0	0.129452631446
29.6376	268.5527	66.090637	7	0.524052096512	0.475947903488
14.4347	263.6171	71.433111	23	1.0	0.0
14.4337	263.6571	71.597173	23	0.830648849962	0.169351150038
16.5493	259.7813	75.571022	24	1.0	0.0
16.5169	259.7194	75.925726	24	1.0	0.0
17.082	259.6746	76.313015	25	1.0	0.0
18.9322	265.6775	76.794652	15	1.0	0.0
31.2163	267.4227	76.953312	5	1.0	0.0
31.2641	267.4103	76.958391	5	1.0	0.0
26.9805	266.3496	77.004261	0	0.0579939618004	0.9420060382
18.8717	265.7679	77.667591	15	0.606061820061	0.393938179939
18.3993	265.063	93.89104	20	1.0	0.0
18.3857	265.1298	93.985761	20	1.0	0.0486813689753
18.4072	265.1442	94.057359	20	1.0	0.0414559334721
18.5365	265.204	94.094455	20	1.0	0.455083408796
18.3771	265.1186	94.565265	20	1.0	0.0473642212284
29.5248	267.7126	102.185507	6	0.619817115878	0.380182884122
29.3736	268.3158	102.273076	7	1.0	0.0
16.4192	259.671	103.794044	24	0.296408835357	0.703591164643
16.514	259.7513	103.900399	24	1.0	0.234374005684
16.5409	259.7763	104.29693	24	1.0	0.0
31.201	267.4107	106.085332	5	1.0	0.0549681618224
31.2522	267.4167	110.046625	5	1.0	0.0
31.3031	267.504	112.452484	5	0.860893817991	0.139106182009
18.4111	265.1336	121.501526	20	1.0	0.0
18.799	265.2896	121.99364	21	1.0	0.0
18.7821	265.2243	122.137942	21	0.696018607903	0.303981392097
14.8819	264.1939	123.34365	9	0.774487235471	0.225512764529
16.5343	259.7017	123.944445	24	1.0	0.121615398066
16.5147	259.704	124.013275	24	1.0	0.0918993700604
17.6097	259.4521	124.042975	-1	0.0	0.64751440968
16.5185	259.7432	124.043542	24	1.0	0.234374005684
16.4531	259.6247	124.390742	24	0.335221871098	0.664778128902
31.2465	267.4058	124.812112	5	1.0	0.0231464392862
16.1002	259.8216	128.09988	19	1.0	0.0
16.5741	259.8549	128.154335	24	0.221575609647	0.778424390353
31.2837	267.4649	128.603772	5	1.0	0.0
15.8608	265.423	130.328228	10	0.759925506723	0.240074493277
15.9336	265.6413	130.368616	10	0.171044011183	0.828955988817
15.7605	265.4138	130.368662	10	0.887839719607	0.112160280393
15.7081	265.3223	130.449702	10	1.0	0.0
14.1266	257.0319	130.518072	4	1.0	0.0
15.7615	265.4079	130.65742	10	1.0	0.0
26.4094	265.9452	133.262219	0	0.236346629605	0.763653370395
14.3855	263.6052	140.984207	23	1.0	0.0593343888786
14.3878	263.6098	141.009414	23	1.0	0.044874712086
14.3865	263.608	141.04662	23	1.0	0.0
14.3807	263.5488	141.075912	23	1.0	0.0
14.3338	263.6067	141.509384	23	1.0	0.15015413207
16.5299	259.7398	142.098778	24	1.0	0.234374005684
29.8443	271.897	152.05991	12	0.499977973938	0.500022026062
29.8596	271.9892	153.088937	12	0.268042601689	0.731957398311
16.5568	259.7459	153.273277	24	1.0	0.0
16.49	259.6285	153.317574	24	0.489782774948	0.510217225052
17.1692	259.6788	153.345856	-1	0.0	0.0101332170217
18.4911	265.1518	155.995241	20	1.0	0.0711888238893
18.4166	265.3929	156.079608	-1	0.0	0.165794560424
18.4989	265.098	156.228625	20	1.0	0.519080183088
31.23	267.4756	161.779114	5	1.0	0.046769292295
30.1778	271.566	162.896733	-1	0.0	0.728563685562
16.5324	259.7292	164.860687	24	1.0	0.0
16.5294	259.7056	164.930446	24	1.0	0.121615398066
16.5353	259.7677	165.051678	24	1.0	0.0290761386749
16.5146	259.7245	165.161827	24	1.0	0.00527019481906
16.4932	259.6926	165.232827	24	1.0	0.253908604911
16.5046	259.6984	165.25779	24	1.0	0.0918993700604
16.4711	259.7063	165.35458	24	0.647429277711	0.352570722289
16.5688	259.7412	165.484093	24	0.92723887343	0.0727611265705
18.7031	265.3988	166.945325	21	0.195908249929	0.804091750071
30.0754	271.8495	167.686587	13	1.0	0.150101778387
30.0408	271.8291	167.727672	13	1.0	0.188240419737
30.0556	271.8546	167.770895	13	1.0	0.0
30.1328	271.8116	167.983685	13	0.579138525863	0.420861474137
31.2015	267.447	170.815902	5	1.0	0.25213965206
13.9857	263.7274	174.590004	22	0.918126352414	0.0818736475859
14.3646	263.7927	174.590021	23	0.473727166389	0.526272833611
14.1158	263.7605	174.620646	22	0.674230807609	0.325769192391
29.3692	268.348	174.650433	7	1.0	0.0
13.9338	263.7765	174.700613	22	0.673419491758	0.326580508242
14.0619	263.6951	174.740893	22	0.845324066364	0.154675933636
16.5428	259.6283	175.221598	24	0.50303007519	0.49696992481
31.238	267.2918	178.65081	5	0.240077025378	0.759922974622
31.2335	267.4438	178.725095	5	1.0	0.102411570298
31.267	267.4268	178.791213	5	1.0	0.0261189939351
31.2614	267.4882	178.839768	5	1.0	0.00477655296672
31.1866	267.3987	179.219009	5	1.0	0.0733622228236
31.2117	267.4153	179.338499	5	1.0	0.0
31.2192	267.4294	179.389531	5	1.0	0.0
16.5461	259.6821	182.830421	24	1.0	0.323305249451
29.6152	267.8473	186.327291	6	1.0	0.0
16.5854	259.1972	190.341407	18	0.686568749934	0.313431250066
16.6042	259.7628	192.292813	24	0.551972738752	0.448027261248
16.5569	259.7548	192.381526	24	1.0	0.0
31.2561	267.4993	192.553906	5	1.0	0.0
15.956	260.1049	195.398295	-1	0.0	0.193748115898
16.0462	259.7766	195.437789	19	1.0	0.0
15.9832	259.755	195.526343	19	1.0	0.35964750214
31.1938	267.4859	199.292298	5	0.854638869733	0.145361130267
14.2405	263.6568	204.105116	23	0.7081496036	0.2918503964
16.4468	259.5868	204.674429	24	0.225877259999	0.774122740001
16.5007	259.6841	204.67445	24	0.965127144498	0.0348728555018
16.5122	259.7039	204.742369	24	1.0	0.0260892694535
16.5046	259.6358	204.785465	24	0.592521587016	0.407478412984
18.5639	258.9262	206.193506	8	1.0	0.0
16.2519	274.9879	210.095193	1	1.0	0.0
31.2087	267.4225	212.043147	5	1.0	0.087863373734
18.7634	265.2949	214.364602	21	1.0	0.0
18.7781	265.2722	214.43026	21	1.0	0.0
16.5849	259.7672	215.006778	24	0.698653729608	0.301346270392
16.5265	259.6835	223.459116	24	0.847440767699	0.152559232301
16.6218	259.7524	223.503341	24	0.441147863152	0.558852136848
16.5511	259.6467	224.02088	24	0.566574544144	0.433425455856
14.961	264.3352	230.331702	9	0.586578309635	0.413421690365
31.3153	267.5242	232.958853	5	0.749344699529	0.250655300471
18.9401	265.684	236.026696	15	1.0	0.0
14.6602	266.0044	245.167108	11	0.0601839461498	0.93981605385
14.6999	265.5036	245.214984	11	1.0	0.0
14.6437	265.4372	245.27247	11	0.366140311582	0.633859688418
14.6444	265.4862	245.338082	11	0.755223584371	0.244776415629
16.3938	259.5581	246.063131	24	0.145767595703	0.854232404297
16.0543	259.7707	246.307331	19	1.0	0.296980739013
16.0739	259.786	246.353101	19	1.0	0.475516560767
16.0412	259.7791	246.424055	19	1.0	0.0
16.0494	259.7826	246.693447	19	1.0	0.0
16.5146	259.7108	246.802222	24	1.0	0.0260892694535
16.5212	259.7123	247.127151	24	1.0	0.0260892694535
16.5868	259.7825	248.512037	24	0.651417209021	0.348582790979
31.2098	267.4267	251.880893	5	1.0	0.0499224748184
31.2526	267.4641	257.002698	5	1.0	0.0
31.2453	267.4454	257.035114	5	1.0	0.102411570298
18.3716	265.0628	259.158781	20	0.844567722689	0.155432277311
18.4673	265.0795	259.219133	20	1.0	0.0
18.4787	265.1386	260.178653	20	1.0	0.0
29.3427	268.3413	261.145746	7	1.0	0.0
16.5352	259.3419	261.365659	18	0.978925949827	0.0210740501734
16.5407	259.3499	261.366955	18	0.866984057179	0.133015942821
26.465	265.9316	274.866078	0	0.183409654731	0.816590345269
26.4127	266.0338	275.010413	0	0.266194735614	0.733805264386
18.7441	265.2466	285.194295	21	1.0	0.0176447720859
18.7631	265.2575	285.261121	21	1.0	0.0765423202668
18.7441	265.2311	285.323359	21	1.0	0.0
31.2486	267.4697	285.874197	5	1.0	0.0
16.5493	259.7245	289.310048	24	1.0	0.117616705878
16.6941	259.8908	289.364717	24	0.14843878733	0.85156121267
16.5534	259.7329	289.375283	24	1.0	0.215738245631
16.6488	259.8439	289.443031	24	0.26452997992	0.73547002008
16.982	259.7252	289.61555	25	1.0	0.0
16.2112	259.8849	289.895058	19	0.534678700715	0.465321299285
29.7922	269.7345	290.341563	-1	0.0	0.222290779399
16.0565	259.7927	290.577713	19	1.0	0.506503765806
14.4099	263.6471	290.764101	23	1.0	0.162632035876
14.3703	263.5945	290.814005	23	1.0	0.0917901537002
14.4109	263.6167	291.163193	23	1.0	0.0
14.3941	263.6287	291.249408	23	1.0	0.198166661318
14.4204	263.5793	291.774021	23	1.0	0.0
31.1503	267.4085	305.348297	5	0.881835974347	0.118164025653
16.3287	275.0249	306.839426	1	1.0	0.0
16.3401	275.0347	307.077438	1	1.0	0.0
16.5603	274.8359	307.132086	1	0.307919702891	0.692080297109
14.2463	263.6158	309.56072	23	0.701286690865	0.298713309135
14.2458	263.642	309.622554	23	0.7081496036	0.2918503964
30.0305	271.8466	310.980251	13	1.0	0.0668092195701
30.0419	271.8463	311.150757	13	1.0	0.0
30.0372	271.8561	311.194832	13	1.0	0.0
30.0805	271.9279	311.278612	13	0.399581685225	0.600418314775
30.0306	271.8581	311.320314	13	1.0	0.145857461636
30.0808	271.7988	311.395705	13	1.0	0.0
30.0378	271.8023	311.395747	13	0.887991011168	0.112008988832
30.0613	271.824	311.450995	13	1.0	0.144260211588
30.084	271.7902	311.590457	13	1.0	0.0869457754776
15.9094	265.4708	311.72061	10	0.575403234464	0.424596765536
30.0288	271.8471	311.729388	13	1.0	0.0287151364696
31.2376	267.3721	312.032631	5	0.703393142097	0.296606857903
31.1649	267.3977	312.073158	5	1.0	0.143675483269
15.8749	265.4198	312.119015	10	0.78095614267	0.21904385733
18.3646	265.0469	312.552671	20	0.769002069707	0.230997930293
18.4398	265.1362	312.552683	20	1.0	0.0
18.3874	265.1072	312.867441	20	1.0	0.181700335072
18.4187	265.1685	313.454466	20	1.0	0.247441973308
18.4001	265.1525	313.591297	20	1.0	0.196038351521
18.4365	265.1423	313.821256	20	1.0	0.196782792987
18.4742	265.1811	313.939423	20	1.0	0.263538753
17.5754	259.366	316.047596	-1	0.0	0.0615983991204
16.54	259.7366	316.048127	24	1.0	0.117053085436
31.1891	267.433	316.965825	5	1.0	0.241317451659
31.1614	267.447	330.656274	5	0.652419929656	0.347580070344
27.1126	266.4067	333.469368	0	0.0480820162758	0.951917983724
16.541	259.7169	340.76785	24	1.0	0.0
16.6149	259.7729	340.77837	24	0.522466930664	0.477533069336
16.4799	259.6772	340.836007	24	0.730638293498	0.269361706502
16.5976	259.7437	340.876286	24	0.698658415894	0.301341584106
14.7212	263.2271	341.299032	17	0.663781184634	0.336218815366
14.8297	263.298	341.448217	17	0.759972397698	0.240027602302
14.5507	263.8877	342.524027	-1	0.0	0.324288798809
18.8774	265.4286	343.536115	-1	0.0	0.0019372636725
18.7977	265.289	343.561975	21	1.0	0.0
18.817	265.2838	343.603021	21	1.0	0.0
18.8354	265.3503	343.603051	21	0.313944049959	0.686055950041
18.7909	265.2728	343.656898	21	1.0	0.0270970029159
18.8083	265.2854	343.740905	21	1.0	0.0
18.845	265.2795	343.774299	21	0.731342439676	0.268657560324
14.7503	265.5866	346.270873	11	0.565550135318	0.434449864682
30.0492	271.8414	354.202824	13	1.0	0.151770010337
30.0856	271.7567	354.308654	13	0.929404191381	0.0705958086189
30.0891	271.7747	354.621455	13	0.929404191381	0.0705958086189
18.5494	258.8754	358.187717	8	0.895792717988	0.104207282012
15.7154	265.3405	359.139003	10	1.0	0.0
16.5795	259.7364	359.422476	24	0.724616848784	0.275383151216
15.7524	265.211	359.569429	10	0.705792298118	0.294207701882
15.7583	265.2323	359.584445	10	0.705792298118	0.294207701882
15.744	265.1942	359.616939	10	0.561896516435	0.438103483565
15.7776	265.2362	359.637864	10	0.705792298118	0.294207701882
16.5477	259.7008	359.809252	24	1.0	0.346455385259
18.5488	265.1618	362.522144	20	1.0	0.516620756018
18.5165	265.1351	362.574202	20	1.0	0.383586423435
18.5449	265.0129	362.583602	20	0.376472858121	0.623527141879
18.492	265.0759	362.596486	20	1.0	0.119652271459
18.5258	265.1327	362.627306	20	1.0	0.511330014169
18.4264	265.0556	362.666358	20	1.0	0.0
18.435	265.0706	362.946414	20	1.0	0.0
31.2093	267.3545	367.95766	5	0.53752114925	0.46247885075
16.5633	259.5633	370.317688	24	0.164374029509	0.835625970491
16.5662	259.5515	370.583248	24	0.151167579497	0.848832420503
16.5211	259.3208	377.885451	18	1.0	0.0
16.5162	259.2446	377.889301	18	1.0	0.0
31.2646	267.4886	383.58461	5	0.99312576151	0.00687423848984
16.4455	259.5344	383.677786	24	0.161023388367	0.838976611633
29.884	271.8836	385.848064	12	0.460193737468	0.539806262532
14.2528	267.0814	388.240095	-1	0.0	0.0103984784819
14.2622	267.148	388.340421	-1	0.0	0.0648360806977
18.7383	265.1868	394.114908	21	0.333588099116	0.666411900884
18.7569	265.2345	394.522683	21	1.0	0.0
14.2241	263.6556	395.677886	23	0.701286690865	0.298713309135
14.2626	263.6174	395.717073	23	0.7081496036	0.2918503964
14.2818	263.8367	395.999044	-1	0.0	0.022737207943
14.4196	263.6324	396.316229	23	1.0	0.0116696731047
14.4441	263.6664	396.369353	23	0.801314868023	0.198685131977
15.9879	259.6589	397.150773	19	0.228399618564	0.771600381436
16.1138	259.8399	397.161112	19	1.0	0.239965993098
31.3233	267.4824	399.715601	5	0.690719005005	0.309280994995
31.2898	267.5068	399.782009	5	0.955041818613	0.0449581813872
31.3498	267.5503	399.809171	5	0.412371618731	0.587628381269
30.0775	271.8878	401.732924	13	0.95986267941	0.0401373205905
30.0685	271.8776	401.817855	13	0.993900538698	0.00609946130197
30.0231	271.8318	402.21486	13	0.941482795379	0.0585172046206
13.1865	272.0749	405.015313	2	1.0	0.0
13.1893	272.0126	405.080754	2	1.0	0.0
13.1947	272.0201	405.099364	2	1.0	0.0
13.2167	272.0219	405.214121	2	1.0	0.0
31.2499	267.453	406.951385	5	1.0	0.0
18.509	265.0007	407.937363	20	0.381081129998	0.618918870002
16.3535	274.6267	408.15032	1	0.18911400599	0.81088599401
18.4796	265.0758	408.490957	20	1.0	0.0806954717277
16.5872	259.6755	423.808956	24	0.477457560156	0.522542439844
16.557	259.7545	423.941114	24	1.0	0.0
16.5238	259.7176	424.076145	24	1.0	0.0
16.5109	259.7122	424.206578	24	1.0	0.161659101486
31.2052	267.4032	425.901288	5	1.0	0.0
16.3712	275.0148	426.02247	1	1.0	0.0
18.7846	265.2582	432.398082	21	1.0	0.0
18.7987	265.2625	432.526601	21	1.0	0.0270970029159
18.7603	265.2775	432.686837	21	1.0	0.172364737474
18.7698	265.2622	433.023085	21	1.0	0.0
31.2062	267.4767	434.893259	5	1.0	0.117836394332
18.3792	265.1572	438.765456	20	1.0	0.0
18.3837	265.122	438.806993	20	1.0	0.0473642212284
29.5645	267.7674	448.262381	6	1.0	0.0
15.9231	259.741	448.567054	19	0.438409196707	0.561590803293
30.0896	271.8861	448.607082	13	0.993900538698	0.00609946130197
16.1302	259.824	448.626574	19	1.0	0.228573649248
16.0756	259.7851	448.695118	19	1.0	0.490915751164
30.0895	271.8123	448.719026	13	0.882572925489	0.117427074511
16.0515	259.7761	448.752678	19	1.0	0.0
16.0435	259.7891	448.828485	19	1.0	0.270040910207
30.0622	271.8119	449.104514	13	1.0	0.0180505953466
16.0591	259.807	449.204227	19	1.0	0.506503765806
14.9329	264.2759	451.456534	9	1.0	0.0
14.9481	264.5674	451.489105	9	0.189294487186	0.810705512814
16.5568	259.7552	454.609593	24	1.0	0.0
16.4849	259.7219	463.052004	24	0.840197339086	0.159802660914
16.5539	259.724	463.135859	24	1.0	0.163548402249
31.1919	267.4003	464.887067	5	1.0	0.00147845527362
16.5011	259.7202	464.91289	24	1.0	0.189882335696
30.1236	271.7845	470.262691	13	0.60982489745	0.39017510255
30.0603	271.8509	470.333312	13	1.0	0.0
16.5698	259.7771	470.579538	24	1.0	0.0919428993812
14.261	263.672	470.913045	23	0.531935966308	0.468064033692
16.4851	259.6916	476.571203	24	0.875260124455	0.124739875545
16.51	259.6982	481.720898	24	1.0	0.212077306243
31.2329	267.5094	483.083002	5	1.0	0.0
31.1484	267.3946	485.773813	5	0.748245719745	0.251754280255
16.5194	259.654	489.4329	24	0.592521587016	0.407478412984
29.9224	271.895	491.819978	12	0.309744413149	0.690255586851
18.4074	259.5997	492.811513	8	0.218231221985	0.781768778015
14.3455	267.1247	494.565959	-1	0.0	0.0402556015577
16.5405	259.7097	494.724501	24	1.0	0.0157770810641
16.5435	259.7136	494.749581	24	1.0	0.0
16.5458	259.7171	494.818582	24	1.0	0.0
16.4673	259.5999	494.853821	24	0.262215156814	0.737784843186
16.3847	274.665	497.358693	1	0.213449889472	0.786550110528
16.5509	259.7545	501.412432	24	1.0	0.0
16.5236	259.7203	501.800017	24	1.0	0.0
31.2961	267.341	504.271698	5	0.40625014016	0.59374985984
18.966	265.782	505.699756	15	0.731456234015	0.268543765985
18.9088	265.6772	505.701638	15	1.0	0.0
18.921	265.6843	505.70606	15	1.0	0.0
16.5411	259.639	505.720154	24	0.569893629795	0.430106370205
16.5729	259.6704	505.772903	24	0.578583248346	0.421416751654
29.5292	267.7754	507.156297	6	1.0	0.0
29.5787	267.8499	507.180506	6	1.0	0.0
14.3702	263.5074	510.04202	23	0.938853584735	0.0611464152654
14.4062	263.5361	510.166433	23	1.0	0.0941429121787
14.4254	263.4953	510.192077	23	0.938853584735	0.0611464152654
14.3579	263.5232	510.465611	23	1.0	0.236829003671
18.7253	265.225	511.657433	21	0.771535588483	0.228464411517
18.7328	265.2381	511.900556	21	1.0	0.0
19.0094	265.1952	513.580717	-1	0.0	0.00867215242064
18.5067	265.1796	513.833296	20	1.0	0.201304485775
16.5436	259.2812	515.071341	18	1.0	0.0
16.4609	259.7243	522.849199	24	0.546606927075	0.453393072925
16.5275	259.7265	523.251108	24	1.0	0.0
30.1139	271.8677	523.734908	13	0.822118272488	0.177881727512
30.1044	271.8356	523.786304	13	0.773213463448	0.226786536552
30.0522	271.8566	523.834298	13	1.0	0.0
30.1077	271.8818	524.143056	13	0.991940317981	0.00805968201922
30.0624	271.8313	524.228619	13	1.0	0.152774976249
13.9781	263.6755	526.540809	22	0.671031346419	0.328968653581
14.4479	263.5885	531.612536	23	1.0	0.0480913915799
16.2409	272.3389	532.643391	3	0.275830166194	0.724169833806
31.2491	267.4728	533.220245	5	1.0	0.032703247719
14.9341	264.2318	533.33526	9	1.0	0.0
16.2977	274.9408	534.327279	1	0.715984291972	0.284015708028
18.4083	265.0369	537.178672	20	0.801892617448	0.198107382552
16.4607	259.6658	544.202105	24	0.481052638667	0.518947361333
31.2258	267.5136	545.861954	5	0.746377572035	0.253622427965
14.2992	257.1641	547.001195	4	0.969786569354	0.0302134306463
14.217	257.0245	547.033001	4	1.0	0.0
14.7099	263.2611	547.245862	17	1.0	0.0
29.3294	268.3326	547.590552	7	1.0	0.0
31.2313	267.4194	552.77975	5	1.0	0.0132573353384
31.3212	267.531	552.834878	5	0.595623851655	0.404376148345
31.3359	267.5421	552.899178	5	0.436155287589	0.563844712411
14.4036	263.8066	558.237349	23	0.582630311033	0.417369688967
14.3531	263.4864	558.322031	23	0.757507916267	0.242492083733
14.4147	263.836	558.322102	23	0.576257182583	0.423742817417
14.3964	263.5439	558.844065	23	1.0	0.0
31.21	267.4691	560.162509	5	1.0	0.118509637323
29.3895	268.5462	565.533085	7	0.524052096512	0.475947903488
16.4956	259.7168	568.211071	24	0.938586335184	0.0614136648161
16.4956	259.7048	568.244126	24	1.0	0.301359017775
16.5182	260.043	568.3126	-1	0.0	0.252569572858
30.1326	271.8851	568.531545	13	0.715913748794	0.284086251206
16.9294	259.7342	568.55106	25	1.0	0.0
16.488	259.6752	568.617918	24	0.803435438104	0.196564561896
30.0741	271.7645	569.039959	13	0.929377073763	0.0706229262371
16.5222	272.1721	570.560351	3	0.103596397668	0.896403602332
31.259	267.5054	570.707001	5	1.0	0.0
13.6027	268.5776	571.894409	-1	0.0	0.773082918629
14.701	265.5128	573.745177	11	1.0	0.0
14.7606	265.4891	573.764868	11	0.686369590965	0.313630409035
14.7937	265.5478	573.821637	11	0.459330362812	0.540669637188
18.4989	265.044	578.095854	20	0.661317936059	0.338682063941
18.4971	265.1571	579.787124	20	1.0	0.1634407855
18.3894	265.1512	579.864091	20	1.0	0.0
18.4266	265.0729	579.90673	20	1.0	0.0
18.4163	265.1076	579.950566	20	1.0	0.318284844072
29.535	267.7865	583.497634	6	1.0	0.0
18.7547	265.3015	583.821758	21	1.0	0.0
18.9202	265.3354	583.922665	21	0.219927205204	0.780072794796
18.6805	258.9135	584.472459	8	0.93367606052	0.0663239394804
15.7691	260.3627	585.32186	-1	0.0	0.594244432365
14.722	263.3072	585.518657	17	1.0	0.0
16.0567	259.7802	587.570037	19	1.0	0.198096253035
16.0722	259.7605	587.603569	19	1.0	0.344210625856
16.5905	259.707	588.319936	24	0.436859929409	0.563140070591
16.5365	259.6349	588.459653	24	0.592521587016	0.407478412984
15.311	264.1124	593.358757	9	0.256510031188	0.743489968812
14.8829	264.2315	598.271666	9	1.0	0.0
14.9395	264.2538	598.308616	9	1.0	0.0
14.9982	264.2451	598.356873	9	1.0	0.0
