27.621	269.6213	0.002039	2	1.0	0.0
18.5249	264.032	-598.049596	14	1.0	0.0416198101572
18.9472	264.2945	-594.407839	19	0.936353576385	0.0636464236155
18.8757	264.2427	-594.037857	19	0.640400089172	0.359599910828
28.6201	275.8254	-591.470013	-1	0.0	0.383347865556
19.0446	264.4871	-586.71455	-1	0.0	0.455830521401
27.9287	274.2352	-583.612873	12	1.0	0.0
27.8867	274.2285	-583.508665	12	0.766281638478	0.233718361522
18.4982	263.9752	-583.414564	14	1.0	0.275851516827
18.5268	263.9856	-583.316131	14	1.0	0.236577811848
18.5259	264.0229	-583.243259	14	1.0	0.0
18.6573	264.2324	-583.205302	16	1.0	0.0
18.6547	264.2628	-582.744342	16	0.926148420566	0.0738515794341
18.5181	263.8645	-582.414141	14	0.641511359668	0.358488640332
19.4578	264.9181	-582.253858	6	0.481378372334	0.518621627666
19.4283	264.8355	-582.189456	6	1.0	0.0
19.4328	264.8246	-582.162639	6	1.0	0.0
19.5647	265.1556	-582.071043	-1	0.0	0.620368776104
15.8879	277.3131	-581.876738	0	0.0546659142853	0.945334085715
19.2107	264.2808	-578.560243	-1	0.0	0.00275415994338
28.28	274.062	-577.81125	7	0.763387088095	0.236612911905
28.2927	274.1021	-577.702441	7	1.0	0.0
28.2697	274.1182	-577.611216	7	1.0	0.0
28.53	274.382	-577.464299	-1	0.0	0.735160350669
27.5757	269.7327	-577.153213	2	1.0	0.355267765083
29.3572	266.4598	-566.782091	1	1.0	0.0
18.9833	264.3518	-554.471302	-1	0.0	0.0083727020169
19.1485	264.582	-554.450259	8	1.0	0.0
19.0075	264.3745	-554.381946	-1	0.0	0.0185879540708
18.9964	264.2959	-554.200195	19	1.0	0.0
18.0987	264.5592	-554.105912	-1	0.0	0.712575289992
19.9052	263.8112	-554.090867	-1	0.0	0.768722157958
18.5614	264.0119	-554.037798	14	1.0	0.0323539130213
18.6029	264.1084	-553.308384	14	1.0	0.175212380849
27.533	273.7867	-541.950923	-1	0.0	0.589594490641
27.6718	274.0592	-541.797876	9	0.581729542356	0.418270457644
27.6091	269.7665	-537.747116	2	1.0	0.0
27.5809	269.7766	-537.320935	2	1.0	0.0
18.7139	263.9937	-535.62504	14	1.0	0.259611289272
18.8754	264.317	-535.052908	19	0.641325915125	0.358674084875
18.884	264.2573	-534.993205	19	0.763618983324	0.236381016676
19.058	264.2027	-534.892108	-1	0.0	0.050478384819
18.8838	264.3286	-534.590951	19	0.641325915125	0.358674084875
19.0152	264.432	-534.347713	-1	0.0	0.395880735111
18.8806	264.3194	-534.131214	19	0.641325915125	0.358674084875
29.3678	266.488	-533.190805	1	1.0	0.0
27.0954	271.3437	-528.632094	2	0.028109613539	0.971890386461
28.0011	274.2307	-518.11747	11	0.938996260358	0.0610037396421
18.8121	264.2687	-513.850434	-1	0.0	0.0512541756636
18.8623	264.3501	-513.729255	19	0.641325915125	0.358674084875
18.6748	264.1405	-513.092536	14	0.650928647295	0.349071352705
18.852	264.1747	-512.769138	15	1.0	0.0
27.6416	269.7544	-512.597145	2	1.0	0.0111623368813
27.6353	269.7348	-512.5559	2	1.0	0.35440482629
27.5892	269.6233	-508.979476	2	1.0	0.0
18.7923	264.2293	-502.380021	-1	0.0	0.052431081457
18.6002	263.8933	-502.302502	14	1.0	0.302468555906
18.631	263.9325	-501.620373	14	0.975833555731	0.0241664442694
18.7533	264.1969	-501.473546	15	0.76419509192	0.23580490808
27.9542	274.2752	-499.577232	12	1.0	0.0
27.9581	274.2918	-499.488603	12	0.779321896214	0.220678103786
19.2396	264.6107	-499.249499	8	0.645133718597	0.354866281403
19.2087	264.7106	-499.24947	-1	0.0	0.15413197183
19.1538	264.5467	-499.137936	8	1.0	0.0
27.9672	274.2847	-498.984505	12	0.810278843352	0.189721156648
29.3721	266.5288	-498.865404	1	1.0	0.266460582843
29.3709	266.4654	-498.750815	1	1.0	0.0
29.3559	266.4677	-498.536827	1	1.0	0.0
28.2744	274.1267	-497.671183	7	1.0	0.0
28.3229	274.1423	-497.644474	7	0.6596605768	0.3403394232
28.2683	274.0935	-497.546225	7	0.895291450391	0.104708549609
28.2471	274.0984	-497.132949	7	1.0	0.0
18.6709	264.45	-494.405786	-1	0.0	0.341665945312
18.7184	264.0886	-494.372501	14	1.0	0.0
18.8361	264.3869	-494.306331	-1	0.0	0.321605484354
18.5751	264.2218	-492.825466	-1	0.0	0.0493835500093
18.6026	264.2499	-492.630123	16	1.0	0.0
18.5546	264.1064	-492.351656	14	0.672186785829	0.327813214171
18.4006	264.0442	-492.225776	-1	0.0	0.325539706368
15.6569	276.8467	-483.25095	0	0.266269758574	0.733730241426
16.3766	276.8313	-483.183062	0	0.0527932081755	0.947206791824
18.5813	264.3723	-477.65109	-1	0.0	0.130628312061
18.7023	264.1073	-477.555208	14	1.0	0.0
18.6679	264.0946	-477.503157	14	0.985289662636	0.0147103373639
18.653	264.109	-477.398054	14	1.0	0.0243280759395
18.6172	264.0686	-476.785323	14	1.0	0.0
20.4602	263.6943	-476.635201	-1	0.0	0.869652353232
28.0195	274.1946	-472.498664	-1	0.0	0.0452001095444
27.9895	274.2266	-472.428621	11	0.724249667784	0.275750332216
29.362	266.4899	-471.241269	1	1.0	0.0
28.0416	274.2207	-470.870552	11	0.761855582924	0.238144417076
18.5193	263.953	-469.046571	14	1.0	0.0
18.5742	263.8853	-468.978932	14	1.0	0.148000952935
18.883	264.3285	-468.591599	19	0.641325915125	0.358674084875
18.9298	264.2808	-468.545104	19	0.839767024007	0.160232975993
27.7163	269.8324	-464.707902	2	0.998484464413	0.00151553558708
27.5787	269.7454	-464.568467	2	1.0	0.201169615055
28.2494	274.0495	-463.808571	7	0.766689047247	0.233310952753
28.2949	274.0252	-463.787838	-1	0.0	0.0431989495497
27.7938	274.0146	-452.555119	10	0.738412597173	0.261587402827
27.7912	274.0708	-452.493397	-1	0.0	0.324592898532
28.493	273.5243	-452.415878	-1	0.0	0.0399016564943
27.8187	273.9622	-452.415576	-1	0.0	0.059355715542
19.43	264.9186	-436.678265	-1	0.0	0.000828658960746
18.6752	263.8769	-431.316017	14	1.0	0.0
18.6736	264.0217	-431.250059	14	1.0	0.0572751497978
18.5146	263.9835	-430.513153	14	1.0	0.259355462058
18.5931	263.8678	-430.167565	14	0.86756347951	0.13243652049
27.6775	274.0925	-426.775987	9	0.737132542726	0.262867457274
27.6487	274.0612	-426.638096	9	0.598689921735	0.401310078265
29.3666	266.507	-425.431868	1	1.0	0.0922929392146
29.7097	266.6544	-425.357538	1	0.202869637116	0.797130362884
27.6582	269.7636	-417.704642	2	1.0	0.311584642916
27.5902	269.7807	-417.299639	2	1.0	0.0
27.9258	274.2246	-416.313494	12	1.0	0.174647781021
27.8656	274.1066	-415.916446	-1	0.0	0.175469046738
27.9076	274.2426	-415.753004	12	1.0	0.343511029124
19.0739	264.3681	-415.37005	-1	0.0	0.0905687305113
18.9848	264.3222	-415.331797	19	0.868068617505	0.131931382495
19.1696	264.5367	-415.260275	8	1.0	0.0
19.0179	264.2954	-415.227571	19	0.785800770936	0.214199229064
19.0153	264.3104	-415.178599	19	1.0	0.0
18.9764	264.3116	-414.849885	19	1.0	0.0
18.9548	264.6214	-414.820384	-1	0.0	0.146295777726
19.1634	264.2291	-414.790332	18	1.0	0.152399791914
18.9047	264.6707	-414.790246	-1	0.0	0.299606146403
19.0469	264.3626	-414.475911	-1	0.0	0.0083727020169
18.5145	264.0112	-412.041159	14	1.0	0.00983845067688
18.5598	263.8669	-411.976719	14	0.986046220358	0.0139537796423
18.6109	264.0933	-411.867043	14	1.0	0.0918819790544
27.6365	274.0802	-401.679488	9	0.587257999064	0.412742000936
18.5753	264.3533	-398.940192	-1	0.0	0.000111442250816
18.5788	264.0752	-398.868247	14	1.0	0.175060278126
18.5787	264.0218	-398.578127	14	1.0	0.0
18.6056	263.991	-398.406481	14	1.0	0.0
18.5676	263.9828	-397.560156	14	1.0	0.0
27.5983	269.6156	-393.57612	2	1.0	0.0
18.5347	264.0558	-392.272575	14	1.0	0.14795081851
15.7178	276.9453	-378.07281	0	0.672352986629	0.327647013371
19.1584	264.3091	-375.818378	18	1.0	0.0
27.9205	274.2564	-369.765065	12	0.999576076823	0.000423923177017
27.9237	274.2381	-369.602856	12	1.0	0.00403779375612
18.555	264.0598	-364.764829	14	1.0	0.0253906229587
18.5267	263.9012	-364.702148	14	1.0	0.146330769278
18.6522	264.0873	-364.678187	14	1.0	0.04016207536
18.6614	264.0564	-364.352484	14	1.0	0.0191919771692
18.6219	264.0927	-364.169305	14	1.0	0.0
18.605	263.941	-363.998309	14	1.0	0.174801323603
28.3548	275.6083	-357.826797	-1	0.0	0.554516062101
28.3676	275.1777	-354.914741	5	0.532242866894	0.467757133106
19.1794	264.7518	-354.659818	-1	0.0	0.0372505703535
19.5257	265.0038	-353.351565	-1	0.0	0.386439111005
18.537	264.044	-353.332876	14	1.0	0.0845966263926
18.6601	264.1924	-352.78259	-1	0.0	0.000906131181538
27.7571	273.9953	-348.687627	10	1.0	0.0
27.7696	273.9817	-348.638817	10	1.0	0.0
28.044	274.1609	-334.759722	-1	0.0	0.305035420986
28.0121	274.248	-334.68868	11	0.860541346653	0.139458653347
28.0632	274.1928	-334.560017	-1	0.0	0.0926222485508
18.5656	264.0556	-326.693073	14	1.0	0.018159057996
18.5536	263.9699	-326.527034	14	1.0	0.282028165222
18.6179	264.0891	-325.62539	14	1.0	0.0
18.719	264.0028	-324.703446	14	1.0	0.123796499198
28.3935	275.3877	-321.74966	-1	0.0	0.000428576378341
29.4016	266.5371	-319.234068	1	1.0	0.366656349602
29.3167	266.4932	-318.857184	1	1.0	0.151647736691
17.9861	263.2142	-312.478692	-1	0.0	0.763779412071
18.6385	264.0695	-306.047239	14	1.0	0.0
18.5105	263.9782	-305.910679	14	1.0	0.236577811848
27.6011	269.7787	-305.165158	2	1.0	0.0
28.2054	274.1214	-299.951877	7	0.786505586806	0.213494413194
28.2002	274.0548	-299.898436	7	0.530235099969	0.469764900031
28.0801	274.1071	-299.371566	-1	0.0	0.0184658602474
15.656	276.8651	-298.400371	0	0.256086475546	0.743913524454
15.8655	277.1779	-298.307405	0	0.0873035795094	0.912696420491
27.6674	274.1277	-292.285799	9	0.985207107883	0.0147928921169
18.451	263.524	-288.243352	-1	0.0	0.466519571444
18.3864	263.4524	-288.117264	-1	0.0	0.593088155651
18.5734	263.9597	-287.216343	14	1.0	0.212998707279
18.6676	263.7732	-286.413178	14	0.701161972281	0.298838027719
18.7189	263.9139	-284.889413	14	1.0	0.162324010266
27.9213	274.2421	-269.716564	12	1.0	0.141301627049
27.9134	274.2348	-268.980365	12	1.0	0.220720102182
18.684	264.0179	-267.727798	14	1.0	0.0603739692545
27.7586	273.9899	-267.659938	10	1.0	0.0
18.6497	264.0544	-267.560291	14	1.0	0.0680881897919
18.6913	264.1179	-267.357232	14	0.988393100967	0.0116068990331
18.6234	264.0443	-266.840732	14	1.0	0.0366302459861
18.9063	264.2887	-265.982882	19	0.663070045392	0.336929954608
18.8558	264.2021	-265.653192	15	0.790443406574	0.209556593426
28.2314	274.1258	-264.452681	7	1.0	0.0
28.2949	274.0628	-264.412515	7	0.766689047247	0.233310952753
19.3977	265.0452	-261.537008	-1	0.0	0.336129368528
18.5451	264.0	-258.981576	14	1.0	0.0424744389909
18.5617	264.0239	-258.894347	14	1.0	0.0
18.507	263.884	-258.502465	14	1.0	0.143241207159
27.5643	269.6864	-255.565561	2	1.0	0.0686718532871
27.5995	269.6111	-255.422392	2	1.0	0.0
27.7322	269.7983	-254.8561	2	0.649850175024	0.350149824976
27.6718	274.1327	-254.169754	9	0.871973108309	0.128026891691
27.6498	274.0438	-254.04497	-1	0.0	0.0201247913942
15.677	276.9695	-245.476109	0	1.0	0.0
18.5786	263.993	-238.157808	14	1.0	0.0
18.7309	264.1069	-238.081656	14	1.0	0.0
18.4993	263.9808	-237.703673	14	1.0	0.236577811848
18.5963	264.0409	-237.606333	14	1.0	0.0
18.5623	263.9468	-237.402161	14	1.0	0.27525594529
18.544	264.0192	-237.172547	14	1.0	0.0
19.1416	264.6238	-232.362508	-1	0.0	0.102205767245
19.1527	264.5198	-232.030455	8	0.990814600985	0.00918539901523
29.3414	266.5668	-230.878746	1	1.0	0.366656349602
19.1121	264.177	-226.454465	-1	0.0	0.050478384819
27.932	274.2449	-224.059595	12	1.0	0.0
27.9324	274.2688	-223.972384	12	1.0	0.0
18.9978	264.5566	-218.177825	-1	0.0	0.0524988166049
18.9917	264.34	-218.077622	19	0.652744061942	0.347255938058
19.0203	264.307	-217.987917	19	0.885989035732	0.114010964268
18.8743	264.1925	-217.933597	-1	0.0	0.0594316808134
27.5215	269.6363	-217.396483	2	1.0	0.0436952546568
18.4621	264.3332	-217.179215	-1	0.0	0.0278833043156
18.6937	264.2388	-215.700619	16	1.0	0.0
18.5043	264.0092	-215.621371	14	1.0	0.057676656853
27.7444	273.9883	-213.338919	10	1.0	0.0
19.1884	264.3161	-212.950595	18	1.0	0.0
15.829	276.2302	-208.202851	0	0.0303463026076	0.969653697392
27.649	274.0876	-204.163271	9	0.718764456983	0.281235543017
27.6521	274.1193	-204.087518	9	1.0	0.0
18.6156	264.0663	-202.416588	14	1.0	0.0190414262823
19.6714	263.5267	-202.350036	-1	0.0	0.825384912667
18.6463	264.0548	-202.201576	14	1.0	0.0
18.594	264.0451	-202.09855	14	1.0	0.0
18.6069	263.9996	-201.936768	14	1.0	0.093088419378
18.6348	264.0894	-201.751985	14	1.0	0.0
18.606	264.0541	-201.42132	14	1.0	0.0341632284759
27.6407	269.668	-200.953921	2	1.0	0.0559327872987
27.6832	274.0818	-200.852818	9	0.588827006896	0.411172993104
15.6887	276.8541	-193.301759	0	0.292537063067	0.707462936933
15.6925	276.9697	-193.236299	0	1.0	0.0
18.8922	264.3544	-193.182455	-1	0.0	0.0148819750778
18.5663	264.0445	-191.862454	14	1.0	0.0320303669196
27.9306	274.2309	-184.930202	12	1.0	0.0276040232781
27.9305	274.2044	-184.865571	12	1.0	0.427919948146
27.9423	274.2336	-184.762434	12	1.0	0.0670067741418
28.2954	275.188	-173.836965	5	0.989747223357	0.0102527766434
27.794	273.9345	-172.047927	10	0.820266228052	0.179733771948
29.2194	266.5305	-168.669369	1	1.0	0.0
29.184	266.5434	-168.611711	1	1.0	0.0
18.5989	263.7626	-166.069964	-1	0.0	0.118294098157
18.7504	264.0487	-165.943934	14	0.785818824995	0.214181175005
27.6683	272.9793	-164.495223	3	0.473538425948	0.526461574052
27.813	274.171	-161.004505	-1	0.0	0.175469046738
27.7945	273.9795	-160.831504	10	0.832174100754	0.167825899246
18.5823	264.0243	-155.231569	14	1.0	0.0
18.6473	264.0226	-154.443683	14	1.0	0.0499631469399
18.5988	264.0403	-154.318905	14	1.0	0.0
27.5828	269.6103	-139.714249	2	1.0	0.0121930868552
15.9242	277.3248	-138.552871	0	0.0520490583288	0.947950941671
15.6821	276.9672	-138.552862	0	1.0	0.0
15.7097	277.0219	-138.404867	0	0.343107769521	0.656892230479
18.4914	264.271	-138.384806	-1	0.0	0.329206675981
15.6656	276.9448	-138.143516	0	0.744009709533	0.255990290467
18.72	264.0924	-120.36547	14	1.0	0.0
18.6542	264.0623	-120.312121	14	1.0	0.0
18.4301	263.9566	-118.552453	14	0.91302770623	0.0869722937696
28.3009	275.3633	-117.799889	4	1.0	0.0
27.55	269.6512	-116.630696	2	1.0	0.0
27.5859	269.6482	-116.590825	2	1.0	0.0984094364912
29.2312	266.5405	-108.685054	1	1.0	0.0
29.2218	266.5218	-108.622733	1	1.0	0.0
27.7595	274.0271	-107.39389	10	0.854937908012	0.145062091988
27.7632	274.0398	-107.179406	10	0.718525441996	0.281474558004
27.9624	274.2675	-106.720653	12	0.882355125498	0.117644874502
28.0079	274.1318	-106.049392	-1	0.0	0.488440966967
18.479	263.9987	-97.864296	14	1.0	0.057676656853
18.4926	264.2342	-97.864263	-1	0.0	0.371970799128
18.5126	263.9514	-97.175924	14	1.0	0.0
18.5028	264.1264	-97.152934	-1	0.0	0.152615878455
18.6449	264.2041	-96.99388	16	1.0	0.0
18.5202	263.9363	-96.79728	14	1.0	0.238697907851
18.5718	263.991	-96.673454	14	1.0	0.0
29.3873	266.5506	-96.621975	1	1.0	0.361516009512
29.3199	266.4542	-96.438546	1	1.0	0.261439171606
19.3605	264.7691	-84.882919	6	0.899984386595	0.100015613405
19.4533	264.7992	-84.594631	6	1.0	0.0
27.9348	274.2794	-80.035319	12	1.0	0.0
27.9157	274.2129	-80.009347	12	1.0	0.378293971328
27.9345	274.27	-79.96577	12	1.0	0.0
27.9421	274.2756	-79.673476	12	1.0	0.0
27.7056	273.0565	-77.691033	3	1.0	0.0
27.6996	273.0255	-77.568077	3	0.836814559382	0.163185440618
27.7335	273.2702	-77.567983	3	0.324985091635	0.675014908365
18.9707	264.2551	-76.538165	-1	0.0	0.0233322594612
19.0841	264.2942	-76.174043	18	0.80293790195	0.19706209805
18.9681	264.2911	-75.635669	19	1.0	0.0
18.8087	264.1545	-74.84468	15	1.0	0.0
18.7754	263.9945	-74.222849	14	1.0	0.0
15.787	276.8937	-71.30337	0	0.292537063067	0.707462936933
28.0685	274.6386	-71.167826	-1	0.0	0.729700153393
27.663	274.1021	-69.708512	9	0.718764456983	0.281235543017
18.5438	264.1333	-67.371623	14	0.672186785829	0.327813214171
27.9143	274.2022	-63.041595	12	1.0	0.448158731652
18.6026	264.0784	-61.397869	14	1.0	0.0129008463105
18.7375	264.2889	-61.287505	-1	0.0	0.219787659231
18.6159	263.9933	-61.16628	14	1.0	0.0
27.9481	273.9509	-60.094023	-1	0.0	0.524110902616
18.6852	264.1199	-60.033285	14	1.0	0.0877335557435
18.7308	263.9756	-55.599201	14	0.98094882589	0.01905117411
18.6765	263.9332	-55.444447	14	0.902348782852	0.0976512171483
28.3045	274.1422	-49.053829	7	0.70908364313	0.29091635687
27.844	274.0447	-49.022497	-1	0.0	0.305381604418
27.6823	273.854	-48.63811	-1	0.0	0.294467705314
27.6328	269.7356	-48.382809	2	1.0	0.32240266693
27.559	269.6672	-48.194031	2	1.0	0.0
27.5944	269.6394	-48.173157	2	1.0	0.0
28.344	275.1393	-47.546764	5	0.553469390391	0.446530609609
18.5835	264.2831	-34.876305	-1	0.0	0.30009028468
18.628	263.9702	-34.772385	14	0.912215836957	0.087784163043
18.6646	263.974	-34.357991	14	0.809617483235	0.190382516765
18.4843	263.95	-28.482316	14	1.0	0.1933709929
18.8205	264.1402	-17.180525	15	1.0	0.0
18.5318	263.9255	-17.13011	14	1.0	0.12158594935
18.547	263.9504	-16.638619	14	1.0	0.0
18.601	264.039	-16.502973	14	1.0	0.0
15.6738	276.9856	-6.346675	0	1.0	0.0
15.6791	276.7834	-6.263763	0	0.211510987517	0.788489012483
15.6584	276.9695	-6.26374	0	1.0	0.0
18.4704	263.9927	-2.711745	14	1.0	0.0636285348085
18.5615	263.96	-2.630785	14	1.0	0.191681720658
18.5365	263.9815	-2.533485	14	1.0	0.259355462058
18.6195	264.0826	-2.357077	14	1.0	0.0
28.2996	275.2209	-1.431787	5	0.934030926193	0.0659690738066
18.8612	264.0169	-1.151663	13	0.59114172024	0.40885827976
18.6445	263.9998	-0.99352	14	1.0	0.0256595383523
27.621	269.6213	0.002039	2	1.0	0.0
27.6611	274.1205	0.747029	9	1.0	0.0
27.737	274.1678	0.778497	-1	0.0	0.43228725032
27.9314	274.2648	1.359736	12	1.0	0.029696093638
27.9391	274.1692	1.467594	-1	0.0	0.181635792176
27.5686	269.6777	15.245083	2	1.0	0.0
27.5644	269.6747	15.547119	2	1.0	0.0
27.6998	269.8959	15.817478	2	0.769018930432	0.230981069568
18.6744	264.1545	16.983273	-1	0.0	0.000906131181538
18.599	263.9014	17.096618	14	1.0	0.0
18.7133	264.1042	18.297521	14	1.0	0.0
27.6576	274.1035	28.370485	9	0.737132542726	0.262867457274
18.5026	263.955	29.563938	14	1.0	0.114050358985
18.6003	264.0232	30.20184	14	1.0	0.0232667668544
28.3155	275.2086	30.841982	5	1.0	0.0
27.9654	274.3823	31.79998	-1	0.0	0.149359221405
27.7533	273.9482	34.618346	10	0.98069588555	0.0193041144499
27.7447	274.0253	34.951925	10	0.908137671066	0.0918623289339
18.3741	263.3662	35.421306	-1	0.0	0.633723904732
18.9837	264.0136	36.689499	13	1.0	0.111986303834
19.1997	264.3746	46.149277	-1	0.0	0.0970637763321
19.0928	264.2373	46.680125	18	1.0	0.17038974785
18.8137	264.1753	46.803308	15	1.0	0.0
18.6374	264.0667	47.815628	14	1.0	0.0
18.6071	263.9027	47.871506	14	1.0	0.0711091866484
18.5987	263.9067	47.912394	14	1.0	0.0
27.9488	274.2547	48.033773	12	1.0	0.148289625931
27.9167	274.0655	48.057449	-1	0.0	0.540856127329
27.9091	274.242	48.116726	12	1.0	0.269833260925
27.9134	274.2199	48.415275	12	1.0	0.2101293677
19.0838	264.9694	51.962918	-1	0.0	0.580303544114
19.1676	264.5324	52.056313	8	1.0	0.0
28.1628	274.2033	56.54874	-1	0.0	0.528296046099
28.1795	274.1454	56.883645	7	0.505347616154	0.494652383846
28.1712	274.1956	57.174758	-1	0.0	0.0432272284135
28.3072	275.1972	58.896855	5	1.0	0.0
18.4884	264.0583	61.219648	14	0.661939980567	0.338060019433
18.4535	263.9767	61.477847	14	1.0	0.175660884142
28.7239	275.1756	72.700629	-1	0.0	0.59790492074
18.4651	263.9903	73.96157	14	1.0	0.189492686065
18.484	263.9899	74.024463	14	1.0	0.00595948174212
18.5369	263.9426	74.0466	14	1.0	0.0808625177147
18.5164	264.004	74.121394	14	1.0	0.0203220042966
27.4664	269.6987	74.542333	2	1.0	0.1330174158
18.5887	264.0682	75.669519	14	1.0	0.0587416207413
19.1752	264.3235	77.029984	18	1.0	0.0
19.2527	264.2523	80.132921	-1	0.0	0.106559290053
27.9361	274.2302	83.341621	12	1.0	0.0
27.9376	274.243	83.393098	12	1.0	0.0016850305974
29.1939	266.5209	92.216016	1	1.0	0.0
19.0555	264.1164	94.565142	17	0.907541232021	0.0924587679786
15.7882	276.2523	94.67259	0	0.0315933381218	0.968406661878
15.7328	276.9709	98.170631	0	0.651392352647	0.348607647353
18.4093	263.915	98.332203	-1	0.0	0.00101405669933
18.5206	263.9477	98.425143	14	1.0	0.131462469565
15.6642	276.9414	98.522295	0	0.668646681847	0.331353318153
18.3906	263.6818	98.889925	-1	0.0	0.314908621169
18.5224	263.9	99.38629	14	1.0	0.0798337847567
27.6288	274.122	103.527579	9	0.648795242934	0.351204757066
18.9633	263.9806	107.161825	13	1.0	0.267999567334
19.0429	264.0284	107.454381	13	1.0	0.199015704469
18.6628	264.0078	112.146876	14	1.0	0.0603739692545
18.6399	263.9976	112.211815	14	1.0	0.221536543626
18.2762	263.2369	112.933164	-1	0.0	0.690434110897
28.2306	274.6111	115.574826	-1	0.0	0.6978100212
27.9348	274.2056	115.595778	12	1.0	0.448158731652
27.9354	274.2469	116.092192	12	1.0	0.283566280976
19.0299	264.1008	119.911236	17	1.0	0.0
28.294	275.1897	124.420405	5	1.0	0.0
28.2799	275.2056	124.470739	5	1.0	0.0
28.2773	275.1459	124.813854	5	0.519126545133	0.480873454867
18.585	263.9915	128.58989	14	1.0	0.0
18.5587	264.0311	129.415962	14	1.0	0.0278941222624
18.5299	263.9573	129.607677	14	1.0	0.0792050262829
28.0465	274.2432	129.893236	11	1.0	0.0
18.4915	263.8783	130.447427	14	0.95994642877	0.0400535712304
18.9617	264.3006	132.002145	19	1.0	0.0
19.0935	264.2284	132.133219	18	1.0	0.162018003155
24.2382	270.1094	139.349938	-1	0.0	0.0468874976324
27.9327	273.9815	141.971436	-1	0.0	0.525640736523
18.8548	263.9307	148.092439	-1	0.0	0.248103541712
18.6252	263.8967	148.150839	14	1.0	0.358641769775
18.6085	263.9306	148.211664	14	1.0	0.00664313573266
18.6928	264.0066	148.519301	14	1.0	0.259611289272
18.6647	263.9967	148.597692	14	1.0	0.0371446941037
18.7428	264.0379	148.717767	14	1.0	0.140323515517
27.9618	274.1639	151.245312	-1	0.0	0.306397543577
27.9182	274.2008	151.367147	12	1.0	0.452441679964
27.9342	274.2366	151.758277	12	1.0	0.0
27.5587	269.5423	155.289332	2	0.512666586412	0.487333413588
27.736	269.6991	155.435516	2	0.618566210341	0.381433789659
18.9593	264.0104	157.129359	13	1.0	0.255041823378
18.6769	264.0303	166.659369	14	1.0	0.0142514050051
18.5693	263.9754	166.731168	14	1.0	0.1250900601
27.6182	269.8654	166.847681	2	1.0	0.0
27.6633	269.836	166.935151	2	1.0	0.0
18.8577	263.9876	167.108806	13	0.529414368517	0.470585631483
28.3087	275.212	167.434532	5	1.0	0.0
27.7658	273.9542	171.717558	10	0.98069588555	0.0193041144499
27.743	273.9205	171.918602	-1	0.0	0.00444734655598
18.4681	263.9436	174.52354	14	0.91302770623	0.0869722937696
18.7456	263.9996	177.160028	14	1.0	0.0
18.7458	263.9938	177.309312	14	1.0	0.132127386239
18.9257	264.2234	178.212773	-1	0.0	0.0429210103495
18.7729	263.9912	178.361593	14	1.0	0.0
18.6987	263.9281	180.90363	14	1.0	0.162324010266
18.6553	263.9392	191.532129	14	0.834642537645	0.165357462355
18.8588	264.2788	191.610065	19	0.763618983324	0.236381016676
18.6911	263.9831	191.610176	14	0.98094882589	0.01905117411
18.777	263.9938	192.449596	14	1.0	0.0
28.2436	274.3812	192.549805	-1	0.0	0.51376944558
27.4102	269.6274	195.39772	2	0.515346886594	0.484653113406
19.0982	264.1451	198.224951	-1	0.0	0.0405300587773
27.9642	273.9104	204.69958	-1	0.0	0.200155002518
19.1341	264.2679	209.270907	18	1.0	0.0372219738937
18.6137	264.0915	210.04469	14	1.0	0.0
18.5426	263.9153	210.129605	14	1.0	0.0183736289641
18.5919	264.037	210.179744	14	1.0	0.0
27.9476	274.2029	210.282255	12	0.841091966342	0.158908033658
27.8984	274.2873	210.371041	12	0.526861881054	0.473138118946
27.9425	274.1898	210.444231	12	0.860661584713	0.139338415287
27.9542	274.1864	210.445801	12	0.637805456436	0.362194543564
18.6125	264.0033	211.002136	14	1.0	0.0569903383386
18.717	264.0528	211.025364	14	0.738390983663	0.261609016337
18.7341	264.01	211.511036	14	1.0	0.0
18.759	264.0204	211.619199	14	1.0	0.247068992778
18.7468	264.096	211.696513	14	1.0	0.00209770744781
18.7208	264.2491	211.834159	-1	0.0	0.0516782001702
18.7549	264.0739	212.421294	14	0.836370992371	0.163629007629
27.7605	273.9442	215.157687	10	0.98069588555	0.0193041144499
27.7742	273.8927	215.425114	-1	0.0	0.387529041477
28.2896	275.4855	219.944132	4	0.917881849065	0.0821181509348
18.605	264.0129	223.611418	14	1.0	0.0289637405675
18.5019	263.9555	223.774994	14	1.0	0.0912818704212
18.6267	264.0285	223.993856	14	1.0	0.0499631469399
18.6496	264.0354	224.110294	14	1.0	0.0262674826775
18.5449	263.9545	224.482325	14	1.0	0.0
27.4855	269.7317	227.004329	2	1.0	0.0916086917016
18.9704	263.9432	227.534058	13	1.0	0.403665932611
19.2413	264.014	227.799361	-1	0.0	0.105278108981
19.1099	264.3695	229.248715	18	0.615004049692	0.384995950308
19.1085	264.262	229.328818	18	1.0	0.0
19.1363	264.2352	229.448964	18	1.0	0.0
28.3667	275.1693	229.495088	5	0.513549960613	0.486450039387
28.2716	275.1523	229.620265	5	0.569476822703	0.430523177297
19.1453	264.273	229.685543	18	1.0	0.0
28.3359	275.2776	229.693978	5	0.285874989085	0.714125010915
28.2911	275.1654	229.808564	5	0.923737740946	0.0762622590539
29.2305	266.4549	237.837628	1	0.67490787635	0.32509212365
18.9876	264.0371	238.803558	13	0.882935181621	0.117064818379
19.0027	264.0146	238.910329	13	1.0	0.0
18.9338	264.0127	239.605178	13	0.864692463906	0.135307536094
27.6638	274.0791	241.386713	9	0.737132542726	0.262867457274
28.0249	274.2137	242.399233	11	0.801730864392	0.198269135608
28.012	274.2199	242.468741	11	0.983594094878	0.0164059051218
18.9621	264.0964	246.012583	17	0.525906822882	0.474093177118
18.7611	264.0007	249.990422	14	1.0	0.0
27.7259	273.1982	251.32072	3	0.625240059123	0.374759940877
27.6704	273.1438	251.441012	3	0.869248698481	0.130751301519
27.7137	273.0725	251.490189	3	0.998710067778	0.00128993222151
27.6663	273.1268	251.583766	3	1.0	0.0
18.9305	264.1442	259.787088	-1	0.0	0.148609635183
18.5647	263.888	260.763942	14	0.969068164967	0.0309318350332
18.5445	263.8053	261.363768	-1	0.0	0.251283476433
18.5907	263.714	267.624841	-1	0.0	0.373837611904
18.5694	263.6876	267.815154	-1	0.0	0.025153594544
27.6513	274.1361	274.469873	9	0.959114056208	0.0408859437919
27.6453	274.1257	274.663782	9	1.0	0.0
27.6505	274.1142	274.712978	9	1.0	0.0
28.2595	275.4184	279.383477	4	1.0	0.0
27.519	269.715	280.870647	2	1.0	0.282071455633
27.5439	269.7639	280.934583	2	1.0	0.300660722177
27.6284	269.8273	280.983465	2	1.0	0.138892986082
27.4951	269.7376	281.047876	2	1.0	0.0400228647654
27.9309	274.4483	281.177294	-1	0.0	0.453182811176
27.9199	274.2144	281.262735	12	1.0	0.37843599771
27.5173	269.6957	281.37197	2	1.0	0.282071455633
27.9385	274.2399	281.558204	12	1.0	0.0
27.8842	274.2568	281.805216	12	0.552210886698	0.447789113302
18.5829	263.9881	287.386148	14	1.0	0.0
18.5687	264.0192	287.558822	14	1.0	0.0
18.7762	263.9459	295.766673	-1	0.0	0.0105182081316
18.7038	263.8837	295.877368	14	1.0	0.0
18.6723	263.851	296.039892	14	1.0	0.1939178601
18.7317	264.0188	296.224446	14	1.0	0.129726012606
18.8206	264.1341	296.336536	15	1.0	0.0
18.723	263.923	296.917102	14	0.948379353556	0.0516206464441
27.9962	273.9481	304.675768	-1	0.0	0.524110902616
29.2715	266.5848	306.145117	1	0.935882064456	0.0641179355438
19.0145	263.9581	308.419728	13	1.0	0.167840393159
18.9738	263.9889	308.633476	13	1.0	0.211462921886
15.7934	276.8502	313.824971	0	0.266269758574	0.733730241426
27.296	270.4127	315.214921	2	0.0732199514305	0.92678004857
28.0804	274.2973	316.409951	-1	0.0	0.343216667573
28.0382	274.267	316.548325	11	0.962994104614	0.037005895386
28.0419	274.2613	316.820041	11	1.0	0.0
28.0278	274.2538	316.931599	11	1.0	0.0
18.7966	264.1725	321.877998	15	1.0	0.0
18.7566	264.0211	323.643271	14	1.0	0.223700239867
18.9208	264.2563	324.04256	19	0.763618983324	0.236381016676
19.0328	264.1123	325.314248	17	1.0	0.0
27.9387	274.2254	331.817828	12	1.0	0.210348806535
18.6877	263.8554	334.151227	14	1.0	0.142146889329
18.6625	263.8375	334.763845	14	1.0	0.349713043849
18.7309	263.889	334.951917	14	1.0	0.149992708938
19.0117	263.9539	335.256994	13	1.0	0.297981747131
18.7332	263.8593	335.322461	14	0.961456196618	0.038543803382
20.1441	263.6284	336.619303	-1	0.0	0.847079321709
18.7369	263.8731	336.95454	14	1.0	0.159723328875
27.669	274.0829	338.390488	9	0.737132542726	0.262867457274
27.6152	269.6915	338.83475	2	1.0	0.1809354141
18.5756	263.9137	339.39694	14	1.0	0.285558747248
18.5517	263.8304	339.484726	-1	0.0	0.00398271340836
27.6729	269.8672	349.488275	2	1.0	0.0
19.088	264.0211	352.49897	13	0.74363741523	0.25636258477
18.9646	263.9488	352.601595	13	0.948991951002	0.0510080489984
18.995	263.9778	352.762365	13	1.0	0.0
19.0518	264.0075	352.874751	13	1.0	0.221470544744
19.0324	264.0172	353.074309	13	1.0	0.0
28.0605	274.7077	353.209891	-1	0.0	0.736483595883
18.6355	264.0181	354.991573	14	1.0	0.0306767321615
19.1583	264.3696	355.008287	-1	0.0	0.0078943937032
19.2569	264.5172	355.077264	8	1.0	0.0
19.1153	264.285	355.077368	18	1.0	0.206390274107
19.1879	264.3138	355.157066	18	1.0	0.0
19.1705	264.3405	355.189639	18	0.899370071824	0.100629928176
19.0887	264.2216	355.244416	18	0.853798805405	0.146201194595
19.1615	264.3343	355.291099	18	1.0	0.0689834013465
19.1506	264.2729	355.522676	18	1.0	0.0
19.0932	264.2652	355.611506	18	1.0	0.0542409263762
19.0968	264.2679	355.790184	18	1.0	0.212439658362
18.7442	264.0122	356.098023	14	1.0	0.0
18.7904	264.1885	356.241502	15	0.830306036709	0.169693963291
18.9821	264.7357	357.027481	-1	0.0	0.234741055591
28.0272	274.2352	358.210749	11	1.0	0.0
27.9865	274.3454	358.499185	-1	0.0	0.506366191896
27.6772	273.1272	359.573638	3	1.0	0.0
18.7346	263.857	362.512796	14	0.924044552267	0.0759554477334
18.6544	263.8901	363.007097	14	1.0	0.00750013993147
19.0004	263.9803	366.258539	13	1.0	0.0
18.5336	263.9487	366.654078	14	1.0	0.0
27.764	273.9394	369.227309	10	0.98069588555	0.0193041144499
27.7361	273.9619	369.359724	10	0.978567630715	0.0214323692847
18.5687	263.979	390.042878	14	1.0	0.0
18.5851	263.9187	390.090304	14	1.0	0.0
18.5762	263.9268	390.199322	14	1.0	0.41504041117
18.5923	263.983	390.27388	14	1.0	0.0
18.5759	264.0481	390.391109	14	1.0	0.368610482559
18.7651	263.9863	390.828744	14	1.0	0.00244911215319
18.9969	263.9698	391.648281	13	1.0	0.0
19.3367	264.7615	392.918827	6	0.779954523402	0.220045476598
19.421	264.7633	392.987921	6	1.0	0.0
19.3937	264.7563	393.033314	6	0.839509661466	0.160490338534
19.4882	264.8369	393.048045	6	1.0	0.0
19.5096	264.8151	393.107332	6	0.938039751502	0.0619602484983
28.2583	275.4376	394.076292	4	1.0	0.0
19.4078	264.812	394.136925	6	0.909090200977	0.0909097990226
19.3097	264.706	394.252738	6	0.651669395334	0.348330604666
19.1264	264.3358	400.671053	18	0.748525544278	0.251474455722
19.2735	264.5362	400.74733	8	0.900981361176	0.0990186388237
27.4529	269.6002	404.51131	2	0.567074310346	0.432925689654
19.0633	264.0683	405.166759	-1	0.0	0.0217400045569
19.0303	264.0245	405.245612	13	1.0	0.0
18.9948	264.1034	405.327981	17	1.0	0.0
18.6902	263.86	406.495244	14	1.0	0.00697426126662
18.7209	263.8439	406.649409	14	0.957420655162	0.0425793448376
18.8165	264.1243	407.217312	15	0.962798617336	0.0372013826642
18.6849	263.8725	407.217411	14	1.0	0.0
27.9277	274.2919	407.532325	12	0.774029583563	0.225970416437
27.6161	269.7854	411.045262	2	1.0	0.0
27.6165	269.8624	411.087736	2	1.0	0.0
18.5291	264.0333	413.322566	14	1.0	0.00295444659785
18.5966	263.9146	413.439483	14	1.0	0.0649980264019
18.5371	263.9849	413.529358	14	1.0	0.13435508134
18.4054	263.9641	413.707853	-1	0.0	0.00761924935353
18.5518	263.9446	413.806724	14	1.0	0.0
19.0078	263.9678	413.896845	13	1.0	0.0
18.4694	263.8978	414.054977	14	0.778012632169	0.221987367831
29.2104	266.6047	416.164726	1	0.740141987471	0.259858012529
29.17	266.5669	416.179222	1	1.0	0.37118799693
15.8732	276.8786	416.202252	0	0.180542810861	0.819457189139
27.6663	274.1269	417.842689	9	1.0	0.0
27.6784	274.0508	417.920078	9	0.517932743129	0.482067256871
27.7042	274.0331	418.149298	9	0.372505286993	0.627494713007
18.5115	263.9636	423.886844	14	1.0	0.236577811848
18.5439	263.9714	423.942667	14	1.0	0.135061261743
18.8967	264.0878	425.461973	-1	0.0	0.145176715214
18.9236	264.1013	425.631614	-1	0.0	0.0318856088475
27.8071	274.034	427.812537	10	0.790762665613	0.209237334387
28.0511	274.2566	428.13623	11	1.0	0.0
18.9004	263.8787	429.746245	-1	0.0	0.446516859544
18.655	263.8069	430.415181	14	1.0	0.0
18.6529	263.8109	430.769738	14	1.0	0.0
18.9731	263.977	435.900868	13	1.0	0.0
18.7213	263.9197	441.595311	14	1.0	0.162324010266
19.0126	264.1033	443.499585	17	1.0	0.0
18.7203	263.7804	446.411766	14	0.572422391978	0.427577608022
19.1343	264.2919	446.68363	18	1.0	0.103212532404
19.3401	264.2845	446.75204	-1	0.0	0.0746053096727
18.8384	264.2584	447.740133	19	0.763618983324	0.236381016676
24.2556	270.1225	449.643296	-1	0.0	0.0403323719917
24.2053	269.9882	449.672366	-1	0.0	0.0701356395452
24.2265	270.1175	449.712615	-1	0.0	0.0496412686465
27.8975	274.2324	450.866008	12	1.0	0.429531061288
27.9447	274.3308	451.278904	-1	0.0	0.310885329063
18.4621	263.9714	453.163494	14	1.0	0.116327965525
18.5183	264.0203	453.829658	14	1.0	0.0230063628439
19.1325	264.2345	454.012808	18	1.0	0.0
18.5465	263.9538	454.576625	14	1.0	0.0792050262829
19.0288	264.1063	457.86063	17	1.0	0.0
27.5584	269.6631	465.321272	2	1.0	0.0
27.4531	269.4555	465.400614	2	0.244238472781	0.755761527219
27.6312	269.6642	465.488223	2	1.0	0.247989854523
28.0913	274.1903	467.589637	-1	0.0	0.332820011975
28.0563	274.2839	467.783636	11	0.634864976851	0.365135023149
27.7169	269.9107	470.365123	2	0.591665014434	0.408334985566
27.6686	269.8648	470.797426	2	1.0	0.0
19.1209	264.2516	473.204412	18	1.0	0.274215110812
18.9813	263.9884	473.204489	13	1.0	0.0310810010528
19.1324	264.1977	473.332472	18	0.733992368605	0.266007631395
18.6243	263.8365	485.016614	14	0.747848776738	0.252151223262
18.659	263.804	485.079597	14	1.0	0.0
18.6668	263.8721	485.150831	14	1.0	0.00697426126662
18.6552	263.8796	485.216102	14	1.0	0.0
18.6641	263.8168	485.737321	14	1.0	0.0
18.6812	263.7632	486.064663	-1	0.0	0.089618995534
18.6736	263.767	486.349527	14	0.577591707904	0.422408292096
18.5617	263.9312	489.621846	14	1.0	0.224966265744
18.5882	263.9121	489.893853	14	1.0	0.0
18.5229	263.931	490.135431	14	1.0	0.120678715418
18.5956	263.9046	490.334242	14	1.0	0.0
29.2604	266.5724	494.844401	1	1.0	0.328269483481
27.7409	273.1762	499.078954	3	0.73326095506	0.26673904494
28.0646	274.2571	499.208493	11	0.962994104614	0.037005895386
27.6696	273.0798	499.331155	3	1.0	0.0
19.1835	264.3132	505.483495	18	1.0	0.0
19.1631	264.2549	505.63397	18	1.0	0.130778777465
19.1598	264.2114	505.736412	18	0.797413170146	0.202586829854
19.1699	264.2407	505.787812	18	1.0	0.0472131322306
19.1508	264.2252	505.795819	18	1.0	0.0
27.558	269.7465	506.514032	2	1.0	0.336995174032
18.9772	263.963	510.573584	13	1.0	0.206976430109
19.0266	263.9677	510.663054	13	1.0	0.214866360063
18.7058	263.894	513.182473	14	1.0	0.0698828509445
18.695	263.882	513.256512	14	1.0	0.0
18.6874	263.8295	513.327535	14	1.0	0.237868009173
18.7579	263.9411	513.614234	14	0.645109298738	0.354890701262
18.9648	264.0238	513.740743	13	1.0	0.19596994771
19.0176	264.0137	514.193072	13	1.0	0.0
18.6874	263.9097	514.516984	14	1.0	0.162324010266
28.5165	275.3117	514.695073	-1	0.0	0.40665699819
19.1287	264.238	523.543967	18	1.0	0.0
19.1226	264.2451	523.618703	18	1.0	0.0
19.1016	264.309	523.763079	18	0.824509003533	0.175490996467
27.6506	274.145	529.421715	9	0.601647097913	0.398352902087
27.9262	274.219	531.631698	12	1.0	0.216621683956
19.0201	264.0173	531.803816	13	1.0	0.0
19.0343	263.9766	531.917509	13	1.0	0.24814802952
19.0172	263.985	532.295821	13	1.0	0.0966289439345
27.742	274.0034	532.314913	10	1.0	0.0
28.169	274.3103	536.968465	-1	0.0	0.137992660296
27.4746	273.7372	538.241273	-1	0.0	0.691797778681
18.5989	264.1291	539.089512	14	0.625124494445	0.374875505555
18.5414	263.9383	539.240924	14	1.0	0.235646173579
18.5708	263.9892	539.324512	14	1.0	0.0
18.4778	263.8955	539.370682	14	0.910876575533	0.0891234244667
18.6118	263.9863	539.418405	14	1.0	0.107207037696
18.5311	264.1019	539.490392	14	0.594657521622	0.405342478378
18.4588	263.7692	540.031155	-1	0.0	0.110048095652
18.5981	263.9466	540.04529	14	1.0	0.0913846307707
18.8897	263.9895	541.149832	13	0.693855868578	0.306144131422
19.1029	264.1756	544.144317	-1	0.0	0.027551967727
19.2416	264.4999	544.316461	8	0.994673221995	0.00532677800534
29.2457	266.5317	550.792594	1	1.0	0.0817856990616
28.1186	274.9385	554.890509	-1	0.0	0.630785084752
18.7143	263.8198	558.915955	14	0.818718842571	0.181281157429
18.6831	263.8131	558.952552	14	1.0	0.161847588206
18.9232	264.0008	561.760188	13	0.779565680947	0.220434319053
19.0108	263.9875	561.827048	13	1.0	0.203833668331
18.9925	263.9298	562.038668	13	0.746156461987	0.253843538013
18.9564	263.9627	562.312607	13	1.0	0.319147002684
27.6961	273.091	565.636477	3	1.0	0.0
19.0013	264.1344	566.306035	17	0.591848939301	0.408151060699
19.2046	264.0729	566.306049	-1	0.0	0.0155699758114
28.3258	275.4669	567.94102	4	1.0	0.0
28.308	275.401	567.989956	4	1.0	0.0
28.0051	274.3254	568.505065	-1	0.0	0.39955276034
18.4964	263.9704	571.548643	14	1.0	0.236577811848
18.7021	264.2068	571.639403	16	1.0	0.0
18.5224	263.9023	571.639516	14	1.0	0.143241207159
18.6743	264.198	571.677604	16	0.976355187166	0.0236448128343
27.9267	273.9966	575.910158	-1	0.0	0.524110902616
19.151	264.1073	577.777705	-1	0.0	0.159600902909
19.1449	264.2856	577.880749	18	1.0	0.0138567067481
19.144	264.2802	577.917419	18	1.0	0.0
19.1274	264.2701	577.957663	18	1.0	0.0
19.2192	264.4787	578.016216	8	0.840352209794	0.159647790206
19.1804	264.2818	578.016284	18	1.0	0.0825645226742
19.1366	264.3272	578.184361	18	0.997618790216	0.00238120978418
18.8358	264.1266	586.804683	15	0.935877353708	0.0641226462924
18.9034	264.1263	586.809918	-1	0.0	0.00624525949792
18.6278	263.8831	587.928201	14	1.0	0.0346384809599
18.6539	263.8172	588.431711	14	1.0	0.0
27.441	273.9296	592.581925	-1	0.0	0.582663738662
27.7381	273.9662	597.66798	10	0.98069588555	0.0193041144499
19.0801	264.2752	598.781395	18	1.0	0.113533245438
19.068	264.1166	599.093536	17	0.732091756262	0.267908243738
19.0653	264.2434	599.262033	18	0.813035820289	0.186964179711
