23.0691	283.414	-9.5e-05	25	1.0	0.0
32.7202	282.1551	-598.427469	23	0.468325279463	0.531674720537
28.0554	274.4186	-595.634661	5	1.0	0.00130483177996
16.353	288.3728	-595.292233	17	1.0	0.0
17.7719	289.7911	-595.261436	31	0.614748951692	0.385251048308
28.1028	274.285	-593.672345	5	0.230152445999	0.769847554001
23.6161	281.9601	-592.060329	16	0.488696666591	0.511303333409
23.6025	282.1034	-592.060314	16	0.130059280314	0.869940719686
28.5249	274.8445	-590.469841	3	0.285877880223	0.714122119777
25.6039	283.667	-581.538791	13	0.0547768288593	0.945223171141
17.937	289.6343	-580.853438	-1	0.0	0.0471553135029
17.8766	289.5549	-580.853401	35	0.94460921381	0.0553907861901
17.974	290.0234	-580.29178	-1	0.0	0.0106024508674
17.8524	289.5459	-580.184817	35	1.0	0.0
17.8361	289.557	-580.184765	35	1.0	0.0
23.6407	282.0168	-575.928123	16	0.516397238085	0.483602761915
23.6832	281.9594	-572.211479	16	1.0	0.0
15.7513	279.4009	-571.672266	-1	0.0	0.0947184850501
15.7069	279.322	-571.607903	-1	0.0	0.240524659666
31.1643	293.7332	-570.620588	1	1.0	0.0
31.2707	293.7565	-570.566252	1	1.0	0.0
31.2375	293.702	-570.488444	1	1.0	0.0
28.4574	275.4025	-568.836864	2	1.0	0.0
32.9943	282.8139	-568.442664	28	1.0	0.0
32.9722	282.8176	-568.380459	28	0.935962080228	0.0640379197719
32.9694	282.8336	-568.132502	28	0.925065782461	0.0749342175392
32.5985	282.5452	-565.502903	-1	0.0	0.393703221736
32.5986	281.415	-565.1502	22	1.0	0.0
28.5461	274.9223	-562.518153	3	1.0	0.0
17.8179	289.519	-561.638404	35	1.0	0.0
17.8155	289.5566	-561.472408	35	1.0	0.0
17.8341	289.5695	-561.254062	35	1.0	0.0869038571531
34.3047	285.3203	-561.215764	20	1.0	0.0
34.2881	285.3164	-561.184248	20	1.0	0.0
17.8103	289.5441	-561.13409	35	1.0	0.250796149836
16.3099	288.3457	-560.371199	17	0.893700908553	0.106299091447
15.4462	280.3631	-549.700703	11	0.881800195574	0.118199804426
18.0176	289.6563	-548.424432	32	0.763704412747	0.236295587253
23.742	282.0058	-542.355234	16	0.516068255326	0.483931744674
26.9538	284.7527	-540.601234	14	0.272895246244	0.727104753756
23.6367	281.9311	-529.177519	16	0.507168393046	0.492831606954
17.8275	289.5148	-526.285982	35	1.0	0.0
17.8889	289.7971	-526.285935	31	0.665636029024	0.334363970976
17.8026	289.5791	-526.151328	35	0.859175580701	0.140824419299
17.8449	289.5944	-526.069482	35	0.748482695969	0.251517304031
17.6836	289.5921	-525.830714	-1	0.0	0.184266378038
32.5667	281.3884	-525.089729	22	0.981985459151	0.018014540849
28.527	274.934	-524.713834	3	1.0	0.0
32.9634	282.8497	-520.341597	28	0.635554985056	0.364445014944
32.9489	282.7924	-520.253786	28	0.639289754261	0.360710245739
34.2672	285.3081	-518.980834	20	0.844989924096	0.155010075904
34.2641	285.3613	-518.615875	20	0.827470966664	0.172529033336
23.6635	282.0002	-517.335547	16	0.696204782026	0.303795217974
28.1077	274.551	-513.30239	5	1.0	0.268034540588
28.0954	274.4068	-513.254022	5	1.0	0.0
28.0958	274.3866	-513.077542	5	1.0	0.0222420294667
16.9397	292.9543	-507.623057	-1	0.0	0.590558368168
28.5682	275.0324	-504.710641	3	0.312981641809	0.687018358191
18.0509	289.6671	-503.599767	32	1.0	0.0
23.6516	281.9532	-500.546965	16	1.0	0.0
23.6546	281.9664	-500.399781	16	0.943324696295	0.0566753037052
32.5116	282.5885	-499.893274	-1	0.0	0.565707931706
32.5437	282.5864	-499.833099	-1	0.0	0.520075673328
19.491	291.4758	-499.584845	8	1.0	0.0
19.4789	291.775	-499.480228	8	0.57686391809	0.42313608191
19.4252	291.4874	-499.480223	8	1.0	0.0
19.4556	291.5296	-499.383611	8	1.0	0.0
32.8642	282.6639	-497.371002	28	0.14945121326	0.85054878674
28.0529	274.5169	-494.549082	5	1.0	0.374371830725
28.0564	274.4587	-494.458374	5	1.0	0.0899182299594
17.8597	289.5411	-493.83366	35	1.0	0.216478002961
32.5178	281.3536	-489.00976	22	0.48575576763	0.51424423237
32.533	281.3737	-488.787543	22	0.776492658869	0.223507341131
23.6671	281.9532	-486.824101	16	1.0	0.0
27.8632	282.2276	-485.022855	15	1.0	0.0607749443912
30.0426	283.0548	-482.123197	15	1.0	0.0
29.1483	289.886	-480.605928	1	0.0244886766382	0.975511323362
28.6075	275.0534	-480.435012	3	0.237548072818	0.762451927182
28.5938	274.9141	-480.412284	3	0.596477414801	0.403522585199
23.6684	281.9672	-477.560113	16	1.0	0.0
23.6718	282.0025	-477.429949	16	0.696204782026	0.303795217974
17.5976	289.7571	-473.944062	31	0.501265157206	0.498734842794
32.5487	281.9374	-473.86082	23	1.0	0.0
34.3036	285.3591	-473.01071	20	1.0	0.0
17.795	289.4506	-471.427525	34	1.0	0.0
17.6532	289.633	-471.355297	-1	0.0	0.097604190277
28.3909	282.3127	-466.847038	15	1.0	0.0
15.619	277.6393	-466.457268	9	0.445465539648	0.554534460352
23.6525	281.9865	-463.692428	16	0.696204782026	0.303795217974
23.419	286.6273	-461.48605	7	0.0316124536676	0.968387546332
23.8412	282.1593	-456.455805	16	0.086192664573	0.913807335427
34.2685	285.4081	-456.269081	20	1.0	0.0
15.6009	279.741	-451.678779	10	0.210134760976	0.789865239024
28.8182	275.3026	-450.632291	3	0.106831414508	0.893168585492
28.0756	274.486	-446.008854	5	1.0	0.0
28.0633	274.369	-445.94675	5	0.563010469445	0.436989530555
23.631	281.9013	-439.979296	16	0.266179987501	0.733820012499
17.8276	289.5207	-439.702932	35	1.0	0.0
17.8211	289.5604	-439.628195	35	1.0	0.0
17.6318	289.6326	-437.661953	-1	0.0	0.0920294226867
17.6862	289.7138	-437.551606	31	1.0	0.0
17.6882	289.7582	-437.441164	31	0.717200926028	0.282799073972
26.2264	288.3064	-436.502731	7	0.104326047137	0.895673952863
18.2148	290.0634	-429.208026	29	1.0	0.0
28.6673	274.9349	-428.385311	3	0.320983876873	0.679016123127
31.0261	293.386	-427.410888	1	0.193054936516	0.806945063484
28.4589	276.302	-416.414252	0	1.0	0.0
32.9701	282.7664	-407.286112	28	0.410019698809	0.589980301191
16.3119	288.4511	-405.633985	17	1.0	0.0
32.5278	281.2917	-401.304122	22	0.336239746025	0.663760253975
32.4704	281.2641	-401.234021	22	0.300945739701	0.699054260299
27.015	284.6558	-399.702293	14	0.366682104117	0.633317895883
22.5467	283.9344	-398.602981	21	1.0	0.0
32.9289	282.4284	-395.773496	-1	0.0	0.34986286028
16.7206	287.6351	-395.762186	-1	0.0	0.660670531838
19.5174	291.693	-391.653434	8	0.850610421526	0.149389578474
19.2675	291.719	-391.653419	8	0.661813001284	0.338186998716
17.9799	289.0572	-391.480931	-1	0.0	0.276112020231
19.938	292.0046	-391.017302	8	0.358071101179	0.641928898821
30.7156	292.1676	-386.330658	1	0.0436369128754	0.956363087125
32.9621	282.8291	-385.656473	28	0.913200681897	0.0867993181028
32.985	282.7784	-385.521501	28	0.536923202501	0.463076797499
32.5833	281.4289	-382.586632	22	1.0	0.0
17.02	292.5247	-382.350898	-1	0.0	0.512055928113
23.6344	281.9476	-380.31875	16	0.749244502818	0.250755497182
25.2726	288.1735	-380.235721	7	0.896807286118	0.103192713882
17.6273	289.4768	-371.716159	33	1.0	0.0
25.293	283.6414	-366.593122	13	0.0877556762039	0.912244323796
15.6826	277.8364	-363.815075	9	0.293982287683	0.706017712317
15.6634	277.8335	-363.776843	9	0.299637794647	0.700362205353
28.531	274.9262	-363.169612	3	1.0	0.0
23.6745	281.9483	-362.239544	16	0.8005923319	0.1994076681
16.2438	278.3902	-361.111022	9	0.0461366768057	0.953863323194
18.2736	290.2082	-360.562868	-1	0.0	0.179981425238
17.7095	289.7084	-360.562724	31	1.0	0.0
23.9748	282.451	-359.598559	16	0.0467021532653	0.953297846735
32.6382	281.4648	-358.952133	22	0.736551430116	0.263448569884
32.538	281.4316	-358.878064	22	0.677303129115	0.322696870885
16.4687	288.5194	-358.278615	17	0.762404654267	0.237595345733
16.4737	288.3768	-358.278596	17	0.893700908553	0.106299091447
28.0368	274.4366	-356.16212	5	1.0	0.0349057838551
28.0941	274.5636	-356.090021	5	1.0	0.268034540588
28.5518	276.4595	-348.535976	0	1.0	0.0
33.1038	283.0667	-347.730177	-1	0.0	0.630074328001
27.1333	284.7143	-347.193732	14	1.0	0.0
34.3056	285.3477	-346.901798	20	1.0	0.0
28.7876	274.9871	-341.467277	3	0.184455630755	0.815544369245
32.6211	281.4301	-340.840648	22	1.0	0.0
18.178	290.097	-338.08429	29	0.461351743317	0.538648256683
28.4851	275.3946	-335.714346	2	1.0	0.0
28.4416	282.3041	-333.581743	15	1.0	0.0
33.6972	284.4973	-331.568893	19	1.0	0.0
33.5537	284.0733	-328.840153	19	0.891161132815	0.108838867185
20.8024	281.6783	-328.667852	-1	0.0	0.164752310469
33.7003	284.1114	-328.412895	19	1.0	0.0
35.13	286.8615	-325.245742	12	0.364025081992	0.635974918008
23.7736	282.0071	-321.791013	16	0.315560894097	0.684439105903
28.542	274.9388	-321.1566	3	1.0	0.0
23.6929	282.0014	-320.644025	16	0.602506201024	0.397493798976
23.6644	282.0187	-320.543596	16	0.629199403226	0.370800596774
25.2086	288.1216	-313.156961	7	0.918142867983	0.0818571320168
27.0938	284.7021	-295.29623	14	1.0	0.0
27.1433	284.5752	-295.248951	14	0.208151321002	0.791848678998
27.0606	284.7702	-295.094	14	0.368863540321	0.631136459679
28.1921	274.6084	-294.645418	5	0.544110249123	0.455889750877
28.0914	274.5287	-294.569435	5	1.0	0.309788280111
28.0537	274.4596	-294.490708	5	0.997278863157	0.00272113684288
15.6434	277.7006	-293.062398	9	0.928316341202	0.0716836587984
18.0703	289.6692	-290.149041	32	1.0	0.0
33.0038	282.8256	-289.24152	28	0.915897598513	0.0841024014875
32.9979	282.7985	-289.165347	28	0.608170171821	0.391829828179
17.8344	289.5002	-288.67931	35	1.0	0.0
16.264	278.3798	-284.39943	9	0.0464457745566	0.953554225443
16.2491	278.4211	-284.399397	9	0.0441125947084	0.955887405292
32.4039	281.3439	-284.300056	22	0.300945739701	0.699054260299
32.9135	282.5302	-275.37365	27	1.0	0.0
32.8749	282.863	-275.373579	28	0.191006426394	0.808993573606
31.3125	294.0039	-272.897316	1	0.233892414405	0.766107585595
31.2568	293.7109	-272.726225	1	1.0	0.0
17.8044	290.0867	-271.963154	-1	0.0	0.0796243683182
17.8559	289.8083	-265.290225	31	0.676597404546	0.323402595454
32.9984	282.8158	-263.656454	28	1.0	0.0
34.2486	285.4174	-262.355787	20	0.836549663093	0.163450336907
23.7054	282.0242	-262.158996	16	0.493395157973	0.506604842027
28.1148	274.4715	-260.911783	5	1.0	0.405381985135
34.2556	285.2876	-258.032857	20	0.576565341209	0.423434658791
35.2335	287.1157	-252.362282	12	1.0	0.0
32.9652	282.7982	-250.966925	28	0.639289754261	0.360710245739
17.8461	289.5384	-243.687455	35	1.0	0.274701271971
17.8195	289.5147	-243.650491	35	1.0	0.0
17.8365	289.5542	-243.541148	35	1.0	0.0
17.8791	289.5788	-243.454675	35	0.649933918363	0.350066081637
17.8619	289.4958	-243.284924	35	0.920395313453	0.0796046865465
17.8201	289.5766	-243.125266	35	1.0	0.304241018098
19.5968	281.5331	-241.955194	-1	0.0	0.421070673688
17.874	289.8468	-235.793459	31	0.633781585213	0.366218414787
17.8231	289.8775	-235.63995	31	0.474811072047	0.525188927953
18.0785	289.6545	-232.433514	32	1.0	0.0
17.9892	289.5697	-232.328407	-1	0.0	0.148179177156
17.7288	289.591	-232.207965	-1	0.0	0.184266378038
27.0931	284.7091	-225.763319	14	1.0	0.0
23.757	281.9882	-224.591873	16	0.374830848602	0.625169151398
22.9208	284.2345	-223.54633	-1	0.0	0.137838160213
17.6139	289.4938	-222.581623	33	1.0	0.0
17.8483	289.4524	-222.33869	34	0.962112169215	0.037887830785
17.5552	289.4754	-222.338632	33	0.825045667693	0.174954332307
23.9342	282.5255	-221.051488	16	0.0379799117303	0.96202008827
28.4806	276.2583	-220.372114	0	1.0	0.0
28.5117	276.2204	-220.311898	0	1.0	0.0
15.6823	277.7542	-219.226316	9	0.947898888661	0.0521011113387
15.7157	277.7792	-219.111669	9	0.484043245298	0.515956754702
15.653	277.7293	-219.029881	9	0.989932575892	0.0100674241079
17.9509	289.0465	-218.83558	-1	0.0	0.291556371855
18.1971	290.0651	-211.117136	29	1.0	0.0
18.3104	290.512	-211.116945	-1	0.0	0.0824941662054
17.8385	289.5046	-203.153017	35	1.0	0.0
16.7782	287.6055	-201.463779	-1	0.0	0.0407042128935
16.6078	287.6476	-201.463751	-1	0.0	0.657066707027
31.1758	293.7607	-196.705114	1	1.0	0.0
32.3968	281.3388	-192.81522	22	0.304664081521	0.695335918479
28.0971	274.4956	-192.78224	5	1.0	0.0
28.0804	274.4833	-192.660735	5	1.0	0.0
28.1358	274.5137	-192.574456	5	0.957427754493	0.0425722455066
16.9402	292.5866	-192.220102	-1	0.0	0.533213360583
25.2788	288.1557	-191.385775	7	1.0	0.0
25.3164	288.107	-191.263604	7	1.0	0.0
25.2363	288.1758	-191.094126	7	1.0	0.0
17.7248	289.9177	-186.083138	-1	0.0	0.0827739475241
32.992	282.8198	-185.025889	28	1.0	0.0
23.6751	281.9972	-184.607593	16	0.696204782026	0.303795217974
32.8976	282.6891	-181.212564	28	0.222184312069	0.777815687931
18.2033	290.071	-181.031331	29	1.0	0.0
23.4026	286.5629	-181.003686	7	0.0306148551959	0.969385144804
23.3897	286.4806	-180.856446	7	0.0294559792643	0.970544020736
34.2931	285.4246	-176.931858	20	1.0	0.0
18.1348	289.8697	-173.764574	-1	0.0	0.221551909346
18.6125	290.2468	-173.704073	-1	0.0	0.108973191731
32.854	282.5222	-173.192084	27	1.0	0.0
32.8371	282.5508	-173.100422	27	1.0	0.0
17.8541	289.7433	-171.354885	31	0.62486369852	0.37513630148
17.8891	289.7909	-171.164546	31	0.676597404546	0.323402595454
15.6849	277.7379	-170.495119	9	1.0	0.0
15.6795	277.6959	-170.493121	9	1.0	0.0
16.5378	288.6866	-155.705208	17	0.415081468192	0.584918531808
22.9233	283.5247	-154.393554	24	1.0	0.0
28.4616	282.3117	-149.448372	15	1.0	0.0
17.0249	289.3978	-140.589988	26	1.0	0.0
33.5734	284.1353	-140.49632	19	1.0	0.0
32.8562	282.6751	-140.391375	28	0.17084771778	0.82915228222
34.3069	285.3873	-138.292367	20	1.0	0.0
28.4626	276.275	-134.921345	0	1.0	0.0
23.1289	283.39	-127.864544	25	0.642501638314	0.357498361686
33.0537	282.8165	-127.639873	28	0.321069745997	0.678930254003
32.9731	282.8416	-127.225819	28	0.870156201437	0.129843798563
28.1105	274.4258	-125.484421	5	1.0	0.0
28.106	274.5468	-125.418508	5	1.0	0.268034540588
28.1221	274.5868	-125.364503	5	1.0	0.333905482819
23.7294	281.9499	-118.414914	16	0.520142708026	0.479857291974
17.6535	289.5596	-105.990003	-1	0.0	0.267196969181
27.088	284.6658	-100.342791	14	0.599895234626	0.400104765374
28.4528	275.0884	-99.317814	3	0.237548072818	0.762451927182
32.5456	281.9901	-98.47817	23	1.0	0.0
32.6066	281.8836	-98.252554	23	1.0	0.0
17.742	289.7417	-88.214254	31	0.851500891892	0.148499108108
17.6755	289.7216	-88.073542	31	1.0	0.0
17.6956	289.8727	-87.806633	-1	0.0	0.166294375812
34.283	285.4384	-86.435092	20	1.0	0.0
34.3415	285.5032	-86.009108	20	0.619949116835	0.380050883165
32.4596	281.2541	-85.664029	22	0.279931285661	0.720068714339
32.6316	281.4368	-85.608225	22	0.915642866651	0.0843571333494
18.1355	290.26	-83.222912	30	0.782902448066	0.217097551934
18.156	290.2562	-82.962236	30	0.82714547107	0.17285452893
15.3701	280.1945	-81.763366	11	0.462097025397	0.537902974603
15.7015	277.7187	-80.244819	9	1.0	0.0
28.0834	274.4352	-77.180818	5	1.0	0.0349057838551
28.0914	274.4337	-77.10998	5	1.0	0.0
28.1012	274.4629	-76.96716	5	1.0	0.39694265884
31.2269	293.6637	-74.005881	1	0.715968903473	0.284031096527
23.6983	281.9341	-73.012147	16	0.547795720669	0.452204279331
17.8405	289.5093	-70.177362	35	1.0	0.0
32.9544	282.7823	-66.58347	28	0.639289754261	0.360710245739
32.9345	282.7786	-66.487961	28	0.566430853075	0.433569146925
23.0695	283.3827	-65.639963	25	0.707107393187	0.292892606813
17.6126	289.4934	-61.483308	33	1.0	0.0
22.8883	283.573	-60.868108	24	1.0	0.0
22.9194	283.5239	-60.83215	24	1.0	0.0
17.6437	289.5429	-60.818074	-1	0.0	0.366082943575
18.2437	290.0852	-58.887891	29	0.507066346735	0.492933653265
18.2419	290.1054	-58.852302	29	0.358559099625	0.641440900375
18.7968	290.7273	-58.791256	-1	0.0	0.530970047251
18.1707	290.1181	-58.791163	29	0.268842189215	0.731157810785
18.2016	290.0548	-58.759913	29	0.830685066291	0.169314933709
27.0697	284.6896	-51.793865	14	0.746861247874	0.253138752126
17.0262	289.3598	-46.193313	26	1.0	0.0
33.7718	284.508	-42.390718	19	0.985918219702	0.0140817802979
33.7314	284.5032	-42.339835	19	1.0	0.0
35.1565	286.8759	-38.216086	12	0.382386282587	0.617613717413
17.9143	289.0417	-36.869381	-1	0.0	0.29067602688
32.8755	282.7639	-30.416112	28	0.517665829013	0.482334170987
16.7731	288.3544	-27.476845	-1	0.0	0.109663097351
16.4499	288.4904	-27.476827	17	0.990714875299	0.00928512470087
16.3459	288.3249	-27.366541	17	0.896460615627	0.103539384373
16.3751	288.4622	-27.284812	17	1.0	0.0
25.0443	288.0672	-25.499391	7	0.364540707613	0.635459292387
17.8234	289.7709	-17.383687	31	0.676597404546	0.323402595454
18.1945	290.0693	-7.986089	29	1.0	0.0
18.1718	290.008	-7.914711	29	0.225199463326	0.774800536674
18.4213	290.1275	-7.914706	-1	0.0	0.0327501212732
34.2411	285.4882	-7.051612	20	0.546595981942	0.453404018058
28.3763	274.3576	-4.103834	4	1.0	0.0
28.748	282.5722	-1.322106	15	1.0	0.0
23.0691	283.414	-9.5e-05	25	1.0	0.0
17.6621	289.4417	1.889939	33	0.731706970963	0.268293029037
17.5839	289.4988	2.014962	33	0.945940364156	0.0540596358441
17.7093	289.5939	2.038949	-1	0.0	0.267196969181
32.9892	282.81	6.217999	28	0.93987378695	0.0601262130498
28.0917	274.5964	7.159167	5	1.0	0.391768346
17.057	289.4111	13.247538	26	1.0	0.0
32.5753	281.9803	22.680101	23	1.0	0.0
15.6743	277.674	27.265668	9	0.928316341202	0.0716836587984
15.7053	277.739	27.265684	9	1.0	0.0
15.7114	277.686	27.301178	9	0.871391517968	0.128608482032
15.6794	277.6936	27.320114	9	1.0	0.0
28.4404	274.4173	34.538889	4	1.0	0.0
28.9137	275.0162	36.951474	3	0.122456445723	0.877543554277
32.895	282.7746	56.650075	28	0.566430853075	0.433569146925
19.6492	281.5425	56.738149	-1	0.0	0.413108338683
23.1148	283.4566	61.923724	25	0.736891204933	0.263108795067
23.0433	283.4526	61.988057	25	0.805750493859	0.194249506141
23.0302	283.4228	61.997211	25	1.0	0.0
23.4451	283.4065	62.064752	-1	0.0	0.622340030358
25.2288	283.4545	70.900419	13	1.0	0.0
29.7069	282.6567	71.071339	15	1.0	0.0
16.5809	288.8842	77.227388	18	1.0	0.0
17.6822	289.4874	78.671986	33	0.782273961168	0.217726038832
18.0858	289.9833	87.406455	-1	0.0	0.269611857587
18.2201	290.0696	87.41889	29	1.0	0.0
28.03	274.5322	89.089899	5	0.785345605792	0.214654394208
32.5405	281.9692	90.725821	23	1.0	0.0
23.9118	282.4873	91.07125	16	0.0425129851352	0.957487014865
33.5752	284.1236	91.210919	19	1.0	0.0
32.949	282.8016	103.706059	28	0.60569637514	0.39430362486
28.4084	274.398	103.980683	4	1.0	0.0
28.7641	275.434	104.414725	2	1.0	0.0
25.2202	283.4617	105.615276	13	1.0	0.0
28.0904	274.4865	107.133054	5	1.0	0.0
28.093	274.5315	107.212357	5	1.0	0.268034540588
28.0775	274.6534	116.267709	5	0.776994916976	0.223005083024
17.958	289.4358	120.711425	-1	0.0	0.186424691939
17.8158	289.4534	121.199043	34	1.0	0.0
17.8159	289.7684	127.070606	31	0.676597404546	0.323402595454
28.1046	274.6229	127.505825	5	0.821313127582	0.178686872418
32.9956	282.844	131.604012	28	0.63185416295	0.36814583705
33.0006	282.8534	131.791389	28	0.527372747999	0.472627252001
28.464	274.4057	135.027328	4	1.0	0.0
23.5636	281.858	141.749687	16	0.132446310345	0.867553689655
27.1396	284.6774	144.20016	14	0.683216601465	0.316783398535
15.6389	279.8442	147.469682	10	0.95350504366	0.04649495634
17.0973	289.3048	152.183527	26	0.781030836478	0.218969163522
16.7729	289.3488	152.183534	26	0.37857453855	0.62142546145
17.0949	289.3718	152.261983	26	0.79461358296	0.20538641704
17.2578	289.7983	152.262204	-1	0.0	0.285984606216
17.145	289.303	152.306317	26	0.63244491121	0.36755508879
17.907	289.8489	156.889348	31	0.605521048904	0.394478951096
32.9439	282.8257	156.932734	28	0.633521415509	0.366478584491
32.9897	282.8407	157.183055	28	0.831154140969	0.168845859031
19.3671	291.3959	158.454579	8	1.0	0.0
19.4963	291.685	158.454656	8	0.903483923653	0.0965160763469
19.432	291.5086	158.493259	8	1.0	0.0
18.1792	290.1201	161.483538	29	0.27682244841	0.72317755159
28.5643	275.187	162.505731	3	0.165761362794	0.834238637206
17.8437	289.7099	165.621969	31	0.512770938234	0.487229061766
28.0926	274.736	165.77413	5	0.556402061581	0.443597938419
27.1183	284.7097	167.980805	14	1.0	0.0
25.2952	288.1427	168.362792	7	1.0	0.0
25.437	288.1304	168.434284	7	0.618806660205	0.381193339795
25.8197	287.9264	168.434391	7	0.178092940915	0.821907059085
20.1202	292.0741	177.157737	8	0.277857425117	0.722142574883
28.0729	274.4941	187.021007	5	1.0	0.0
30.2306	282.7318	195.068276	15	1.0	0.0
17.5396	289.4771	198.778448	33	0.695439718373	0.304560281627
30.9121	281.4945	198.946799	-1	0.0	0.666693430534
30.9061	281.4925	199.007714	-1	0.0	0.667866100351
25.2428	283.4689	203.41708	13	0.988375513746	0.0116244862541
16.5528	288.8873	208.783964	18	1.0	0.0
16.608	288.8772	208.873413	18	1.0	0.0
16.5621	288.8846	208.876964	18	1.0	0.0
16.4527	289.4358	212.085006	-1	0.0	0.188998901248
35.2979	286.7926	213.235791	12	0.310854523517	0.689145476483
16.2467	288.4305	214.216677	17	1.0	0.0
30.8705	283.818	217.439141	-1	0.0	0.0052493619054
28.1393	274.5664	217.789892	5	1.0	0.342838182017
28.0829	274.69	218.026859	5	0.76357169485	0.23642830515
17.831	289.4484	219.236023	34	1.0	0.0
17.9693	289.952	219.236237	-1	0.0	0.250292819529
17.7956	289.4323	219.301167	34	0.839898884881	0.160101115119
17.8251	289.4586	219.591692	34	1.0	0.0
16.2535	278.2995	222.48871	9	0.0525030305282	0.947496969472
23.0657	283.4323	222.615156	25	1.0	0.0
15.6718	279.8844	222.872341	10	0.61350183962	0.38649816038
15.6726	279.8673	222.932347	10	0.990724969613	0.00927503038676
15.647	279.8432	222.950337	10	0.924658439172	0.0753415608277
15.6854	279.8603	223.038197	10	1.0	0.0
15.6428	279.8255	223.117813	10	0.752757213887	0.247242786113
15.616	279.7956	223.167017	10	0.495837133335	0.504162866665
32.8399	282.5432	229.077783	27	1.0	0.0
18.1311	290.3282	235.675691	-1	0.0	0.143185922758
18.115	290.2021	236.538932	30	1.0	0.0
32.5776	281.3959	236.581353	22	0.820805447652	0.179194552348
18.0886	290.2116	236.709825	30	1.0	0.0
28.542	274.9978	241.089114	3	0.381501177492	0.618498822508
28.8471	275.4291	241.15536	2	0.898245342225	0.101754657775
28.5805	274.9131	241.218814	3	0.679460988527	0.320539011473
28.1102	274.4114	241.712375	5	1.0	0.0
34.2221	284.7097	244.31624	19	0.671614198588	0.328385801412
25.2126	283.4564	256.346529	13	1.0	0.0
17.6503	289.4294	263.48798	33	0.612863719392	0.387136280608
17.6056	289.4704	263.578506	33	1.0	0.0
17.8794	289.5171	263.654009	35	0.772701616463	0.227298383537
17.5992	289.3809	263.726205	-1	0.0	0.245145192112
17.6978	289.5683	264.815155	-1	0.0	0.184266378038
32.6758	281.487	266.134252	22	0.479133383876	0.520866616124
32.6118	281.4285	266.422022	22	1.0	0.0
17.8958	288.9966	268.72651	-1	0.0	0.111726297441
28.4446	275.3877	269.500098	2	1.0	0.0
28.5217	275.463	269.520021	2	1.0	0.0
35.2677	287.2328	274.611885	12	1.0	0.0
22.9787	283.5767	276.825137	24	1.0	0.0
32.589	281.4936	286.81056	22	0.516611875937	0.483388124063
32.9109	282.5813	296.073102	27	1.0	0.0
28.1266	283.4618	296.822404	15	0.475239534154	0.524760465846
28.1472	274.7783	300.31669	5	0.293666706637	0.706333293363
28.0738	274.6284	300.370605	5	0.752474098579	0.247525901421
15.6611	279.8315	301.214046	10	0.95350504366	0.04649495634
15.6822	279.8461	301.259415	10	0.895984330144	0.104015669856
15.6184	279.617	301.280563	10	0.0893925566222	0.910607443378
28.0973	274.7001	302.639194	5	0.776994916976	0.223005083024
25.3231	288.056	305.731433	7	0.640010692916	0.359989307084
25.3192	288.0567	305.860177	7	0.647680026619	0.352319973381
25.3438	288.1025	305.926474	7	1.0	0.0
28.0922	274.388	311.622683	5	1.0	0.0
17.8179	289.2702	312.462621	-1	0.0	0.0820938171636
17.6989	289.7136	312.462719	31	1.0	0.0
17.6014	289.4223	312.494618	33	0.687458010711	0.312541989289
17.0444	289.2425	317.141968	26	0.403430912293	0.596569087707
32.9091	282.7286	318.663481	28	0.322641932811	0.677358067189
32.9206	282.7523	318.737772	28	0.480193777584	0.519806222416
30.0509	283.0957	322.361197	15	1.0	0.0
30.9121	281.4859	327.541816	-1	0.0	0.666161775607
25.2351	283.4478	333.548637	13	1.0	0.0
16.5539	288.491	333.567495	17	0.668084427297	0.331915572703
16.3614	288.4151	333.981884	17	1.0	0.0
28.6234	274.9355	335.815689	3	0.490030181996	0.509969818004
15.68	279.871	341.837688	10	1.0	0.0
15.6409	279.8606	341.85389	10	0.783339193992	0.216660806008
15.7008	279.8624	342.110562	10	1.0	0.0
34.3441	285.4484	346.519705	20	0.995616580763	0.00438341923677
18.184	290.1933	347.223683	30	1.0	0.0
18.1018	290.1884	347.499621	30	1.0	0.0
23.0813	283.4522	348.840425	25	0.985623300605	0.0143766993947
23.0801	283.423	349.104947	25	1.0	0.0
23.0485	283.3999	349.161426	25	1.0	0.0
22.6693	283.9274	349.235586	21	1.0	0.0
22.6754	283.9826	349.288155	21	1.0	0.0
22.6268	283.9039	349.333875	21	1.0	0.0
22.6505	283.9289	349.438127	21	1.0	0.0
15.8424	276.3924	349.551761	6	1.0	0.0
15.7072	276.3609	349.551774	6	1.0	0.0
15.8178	276.1757	349.88946	6	1.0	0.0
28.122	274.5603	350.243187	5	1.0	0.268034540588
28.0807	274.5033	350.752796	5	1.0	0.11523770443
32.5686	281.442	361.79031	22	0.925948890362	0.0740511096376
32.5984	281.3894	361.894511	22	1.0	0.0
16.5098	288.8114	363.35358	18	1.0	0.0
17.7948	289.4656	366.397824	34	1.0	0.0
23.0758	283.3222	369.485982	-1	0.0	0.165881668637
22.789	283.5476	369.576605	-1	0.0	0.163871643119
33.0122	282.6635	382.729786	-1	0.0	0.0255513211862
24.0447	282.574	385.998953	16	0.0327160494525	0.967283950547
27.1083	284.7199	389.154019	14	1.0	0.0
17.2405	289.6711	390.769239	-1	0.0	0.206263443594
16.9601	289.3948	390.769313	26	1.0	0.0
28.1661	274.6392	394.522006	5	0.537471415306	0.462528584694
32.6639	281.4979	399.389927	22	0.581145565454	0.418854434546
28.3938	274.3909	407.25933	4	1.0	0.0
28.0717	283.3997	416.350952	15	0.49606407526	0.50393592474
23.0844	283.5259	417.033367	24	0.807750777068	0.192249222932
25.2272	283.4574	417.865566	13	1.0	0.0
15.6986	279.8578	419.8466	10	1.0	0.0
15.5816	279.7989	419.994291	10	0.394595685358	0.605404314642
15.603	279.8188	420.044209	10	0.519019854558	0.480980145442
15.5895	279.7756	420.098141	10	0.373580070468	0.626419929532
18.1036	289.6612	424.133175	32	1.0	0.0
17.8752	289.475	425.441635	34	0.775158993761	0.224841006239
18.5462	290.2178	426.073792	-1	0.0	0.132267363371
17.9215	289.6173	426.073954	-1	0.0	0.285439658407
35.2728	287.2445	426.595552	12	1.0	0.0
15.4191	280.3425	427.652734	11	1.0	0.0
15.4157	280.286	427.703735	11	1.0	0.0
27.5778	281.183	430.491333	15	0.449203895977	0.550796104023
28.0666	274.5893	432.622768	5	0.933066271899	0.0669337281009
28.1113	274.6958	432.849619	5	0.684054451201	0.315945548799
28.5134	274.9676	433.531898	3	0.652670060452	0.347329939548
32.9479	282.8335	435.850126	28	0.694658073503	0.305341926497
27.157	274.4086	437.414055	-1	0.0	0.561418157787
28.407	274.3291	449.308771	4	0.84111718528	0.15888281472
34.3701	285.4691	449.964132	20	0.636123561909	0.363876438091
17.311	289.5095	451.176197	-1	0.0	0.321047612774
29.3944	284.8012	455.858782	-1	0.0	0.0183111088845
17.9506	289.6389	461.601973	-1	0.0	0.126580334504
19.7226	281.6271	463.684686	-1	0.0	0.398956288966
32.9074	282.7653	471.502258	28	0.566430853075	0.433569146925
32.8817	282.7727	471.58182	28	0.566430853075	0.433569146925
32.9517	282.7354	471.698163	28	0.301190834597	0.698809165403
32.9137	282.7756	471.74713	28	0.566430853075	0.433569146925
32.8866	282.742	471.868252	28	0.448845320305	0.551154679695
32.5497	281.6272	476.406992	22	0.168848418863	0.831151581137
23.7358	281.9157	478.398617	16	0.3086599918	0.6913400082
28.0868	274.6857	486.999161	5	0.776994916976	0.223005083024
28.3951	275.1268	487.126154	3	0.164914504503	0.835085495497
23.049	283.6913	498.851493	-1	0.0	0.489876493256
18.1463	290.1865	501.473895	30	1.0	0.0
18.3833	290.3895	501.473988	-1	0.0	0.0948817954175
28.0842	274.5916	502.148512	5	1.0	0.40729985436
28.1248	274.5791	502.37686	5	1.0	0.333905482819
28.13	274.5235	502.484426	5	1.0	0.387293402198
28.5481	275.0937	503.497845	3	0.241586551784	0.758413448216
25.239	283.4784	503.528908	13	0.657979921943	0.342020078057
35.2523	287.2133	508.304112	12	1.0	0.0
35.2718	287.2186	508.578809	12	1.0	0.0
28.4573	282.2914	514.946675	15	1.0	0.0
32.9885	282.8233	517.319498	28	1.0	0.0
32.9824	282.8234	517.487781	28	1.0	0.0
34.361	285.469	518.120226	20	0.689782099082	0.310217900918
29.7535	282.6373	518.1806	15	1.0	0.0
23.7273	281.9609	527.038783	16	0.513771329785	0.486228670215
28.0728	274.5608	529.883905	5	1.0	0.443500667705
28.0856	274.5206	529.997037	5	1.0	0.178775973942
32.5876	281.5069	531.028535	22	0.479133383876	0.520866616124
32.586	281.3636	531.080853	22	0.812111964066	0.187888035934
15.8428	276.3494	533.933318	6	1.0	0.0
15.8501	276.385	534.232679	6	1.0	0.0
16.1603	276.0978	534.232748	6	0.643102832325	0.356897167675
16.964	289.3913	537.741009	26	1.0	0.0
16.3647	288.9965	537.980548	18	0.478656066915	0.521343933085
29.0713	290.1509	548.438725	-1	0.0	0.0580624147605
32.9602	282.7948	554.131042	28	0.639289754261	0.360710245739
28.1406	274.6583	554.866152	5	0.68423761869	0.31576238131
22.9576	283.5496	555.072961	24	1.0	0.0
16.8988	289.0101	556.66423	-1	0.0	0.102850493607
23.7354	281.9496	564.214674	16	0.465189330851	0.534810669149
23.6781	281.9657	564.295548	16	1.0	0.0
17.7035	289.7401	565.307135	31	1.0	0.0
18.0878	289.6526	567.452277	32	1.0	0.0
23.015	283.612	568.417582	-1	0.0	0.0591215186604
17.6522	289.4549	568.543391	33	1.0	0.0
15.6709	279.8467	578.570501	10	1.0	0.0
15.7295	279.8788	578.647288	10	0.555594935457	0.444405064543
32.5591	281.4294	589.662069	22	0.975164872159	0.0248351278411
15.404	280.3077	592.932475	11	1.0	0.0
15.4497	280.348	592.958874	11	1.0	0.0
15.3892	280.2861	592.963855	11	1.0	0.0
28.5178	274.921	596.580231	3	1.0	0.0
28.5537	274.8808	596.665148	3	0.539492593098	0.460507406902
28.5054	274.9604	596.757173	3	0.605367122027	0.394632877973
