24.0537	281.664	0.001246	19	0.863935542903	0.136064457097
20.7346	285.4746	-598.277898	1	0.113414830907	0.886585169093
15.6713	272.1198	-597.667931	14	0.367043648098	0.632956351902
23.3329	276.6188	-593.758409	24	0.260361683326	0.739638316674
23.2806	281.6403	-590.713309	22	0.909578683798	0.0904213162019
23.9449	281.9514	-585.549739	20	0.532965622034	0.467034377966
27.3723	280.0055	-577.565863	5	1.0	0.112941348287
23.2658	278.2953	-577.348395	-1	0.0	0.187432307042
27.3651	279.9934	-577.103183	5	1.0	0.114146667698
23.9967	281.7186	-571.424203	19	0.238617680418	0.761382319582
25.7142	272.6624	-570.587259	6	1.0	0.0
15.4441	272.2572	-563.014128	13	0.445671523687	0.554328476313
15.4155	272.3639	-562.965537	13	1.0	0.0
15.4056	272.3821	-562.711719	13	1.0	0.0
15.4138	272.3751	-562.552314	13	1.0	0.0
23.1666	275.137	-562.2982	10	0.657964382498	0.342035617502
23.1634	275.1576	-562.065356	10	0.471553713512	0.528446286488
22.4389	280.9515	-559.69036	15	0.829927965903	0.170072034097
22.4734	280.9338	-559.635505	15	0.992935158382	0.00706484161818
27.371	279.9736	-558.45879	5	1.0	0.0
23.3563	275.7731	-557.994875	11	0.847258606394	0.152741393606
27.3789	279.9947	-554.335513	5	1.0	0.0100860390668
15.4448	272.389	-554.035382	13	1.0	0.0
20.9087	280.8287	-545.780301	8	1.0	0.0
23.469	277.9526	-545.166623	16	0.993721997348	0.00627800265188
15.6497	272.0331	-532.49805	14	1.0	0.0
24.2801	282.0499	-532.043966	21	1.0	0.0
23.09	281.3645	-530.076197	-1	0.0	0.54536301864
23.9203	281.8859	-530.031555	20	0.187801464679	0.812198535321
22.2222	282.0458	-527.49299	-1	0.0	0.0328793177781
24.0553	281.6788	-527.075974	19	0.813229817378	0.186770182622
25.3918	272.6655	-518.882508	6	0.285470769575	0.714529230425
25.7141	272.6824	-518.841456	6	1.0	0.0
25.7481	272.6562	-518.799114	6	1.0	0.0
22.8709	278.0149	-517.045109	-1	0.0	0.00393892600686
20.5122	285.386	-513.764972	1	0.355950995432	0.644049004568
20.5353	285.334	-513.713535	1	1.0	0.0
20.5073	285.333	-513.675886	1	0.835424863724	0.164575136276
15.4253	272.4476	-510.412535	13	0.376713425315	0.623286574685
15.418	272.3865	-510.332721	13	1.0	0.0
24.2714	282.0742	-510.104687	21	1.0	0.0
15.5039	272.1559	-509.714123	14	0.399981040134	0.600018959866
15.2532	272.369	-509.71411	13	0.351384148724	0.648615851276
22.4169	286.1932	-501.68071	0	0.951938841034	0.0480611589665
22.4303	286.1924	-501.640742	0	0.895119343449	0.104880656551
22.3745	286.2035	-501.565673	0	1.0	0.0
22.1678	286.2097	-501.497462	0	0.300164690101	0.699835309899
18.6818	283.103	-501.306236	-1	0.0	0.35799970593
25.6675	272.5624	-494.410186	6	0.758922681322	0.241077318678
23.4654	282.6836	-491.72477	12	0.500597348756	0.499402651244
15.4266	272.0656	-490.928087	-1	0.0	0.152616544808
23.1785	276.8375	-490.360362	-1	0.0	0.662051411053
23.2479	276.8572	-490.33244	-1	0.0	0.640792294158
23.1931	275.7472	-485.932345	11	1.0	0.0
23.2844	275.8249	-485.871891	11	0.852863247328	0.147136752672
20.6748	285.3914	-485.304801	1	0.233759414651	0.766240585349
20.8485	285.8643	-485.304628	1	0.0335084930429	0.966491506957
20.7124	285.3696	-485.235646	1	0.238247432987	0.761752567013
27.4139	279.9972	-484.317651	5	1.0	0.0353435946981
27.3947	279.9934	-484.267731	5	1.0	0.0
27.3988	279.9839	-484.219784	5	1.0	0.00197034162956
22.356	286.1589	-479.54273	0	1.0	0.0
23.3589	276.7057	-478.07219	24	0.897875113655	0.102124886345
23.2426	276.6934	-477.671357	24	0.367633357699	0.632366642301
27.3746	280.0181	-470.169932	5	1.0	0.0927352346732
27.3605	280.0342	-470.08568	5	0.699429835155	0.300570164845
27.3253	279.9926	-470.047426	5	0.549023974944	0.450976025056
27.3871	279.9965	-469.975567	5	1.0	0.0
22.195	281.9887	-465.516364	-1	0.0	0.0166964519028
15.4627	272.3545	-461.138183	13	0.863250772623	0.136749227377
25.941	271.6882	-461.039141	-1	0.0	0.0264273435992
15.4443	272.308	-460.398905	13	0.902681421346	0.0973185786536
23.2161	275.0734	-460.157507	10	0.904184476661	0.0958155233389
23.2031	275.071	-459.966815	10	0.686073573901	0.313926426099
22.455	280.9472	-454.895656	15	0.853413070114	0.146586929886
22.4596	280.9379	-454.796213	15	0.942442683037	0.057557316963
24.2688	282.063	-454.275985	21	0.806797063307	0.193202936693
24.0469	281.5651	-450.952123	19	0.164738404614	0.835261595386
24.0684	281.6757	-450.826324	19	0.844576455281	0.155423544719
20.5986	285.3423	-447.595526	1	0.643276803961	0.356723196039
23.0496	277.5593	-443.445463	-1	0.0	0.259269754599
22.9431	277.9496	-443.445453	17	0.0643138909621	0.935686109038
22.8591	277.9307	-443.40801	17	0.0778956788825	0.922104321118
23.3518	276.672	-442.313715	24	1.0	0.0
20.901	280.8166	-437.463617	8	1.0	0.0
27.4188	279.968	-436.537343	5	1.0	0.0
27.4037	279.97	-436.470313	5	1.0	0.0
27.3947	279.9876	-436.377007	5	1.0	0.0
20.5116	285.3527	-431.220417	1	0.759754519337	0.240245480663
27.3911	279.9407	-420.792894	5	1.0	0.0216757418567
27.4135	279.9603	-420.724297	5	1.0	0.0
27.395	279.9335	-420.613704	5	1.0	0.111642556577
23.1864	276.8468	-413.113089	-1	0.0	0.677313803545
25.7809	272.6022	-406.950877	6	0.992018747279	0.00798125272054
15.5312	272.1563	-406.307784	14	0.399981040134	0.600018959866
22.4808	280.8319	-405.911275	15	1.0	0.0
24.3148	282.035	-405.693326	21	0.551323254443	0.448676745557
20.9539	280.8547	-405.308423	8	0.860785834303	0.139214165697
15.4774	272.3835	-403.749618	13	0.951303908551	0.0486960914487
25.8382	272.003	-402.354683	7	0.662674034767	0.337325965233
25.8587	271.7316	-402.354641	7	0.204369963883	0.795630036117
23.197	281.2894	-402.131539	-1	0.0	0.596336003708
23.2783	281.5512	-402.030953	23	1.0	0.0
24.063	281.6726	-401.800315	19	0.863935542903	0.136064457097
23.3215	276.6782	-396.097845	24	1.0	0.0
23.4053	282.6544	-395.066804	12	1.0	0.0
15.5037	272.1077	-387.870116	14	0.399981040134	0.600018959866
27.4116	280.0214	-383.950545	5	1.0	0.0
27.4059	279.9655	-383.829177	5	1.0	0.0
15.4612	272.3315	-376.274205	13	0.983876153607	0.0161238463931
15.3254	272.4076	-376.250953	13	0.420790484608	0.579209515392
15.5197	272.1684	-376.144556	14	0.387091809394	0.612908190606
22.817	279.9906	-375.104598	9	1.0	0.0
27.3806	279.9617	-369.643507	5	1.0	0.0384481940719
27.361	279.9494	-369.549384	5	0.968702574797	0.0312974252032
23.6212	274.6433	-362.845368	-1	0.0	0.0606292443466
22.3389	286.1562	-359.390457	0	0.943736137429	0.0562638625709
22.3912	286.1823	-359.294058	0	1.0	0.0
22.4319	286.1587	-359.050132	0	0.734967916989	0.265032083011
23.2401	275.1447	-350.303895	10	0.505772528237	0.494227471763
23.2314	275.1947	-350.256114	10	0.31406653745	0.68593346255
23.1759	275.1027	-350.133351	10	0.593856540491	0.406143459509
15.7006	271.8229	-346.011257	-1	0.0	0.252879467614
20.9373	280.8491	-344.62118	8	1.0	0.0
20.8969	280.8295	-344.527173	8	1.0	0.0
20.9192	280.8618	-344.447848	8	0.989121192906	0.0108788070936
24.2991	282.0123	-339.283206	21	0.392561676143	0.607438323857
24.2443	281.9735	-339.219806	21	0.168340100616	0.831659899384
23.2094	281.4904	-337.459125	23	0.594210130274	0.405789869726
23.2233	281.5464	-337.411996	23	0.81651461398	0.18348538602
23.2541	281.5274	-337.352458	23	0.960031244491	0.039968755509
27.3706	279.9831	-334.911111	5	1.0	0.0
24.0936	281.7043	-332.38816	19	0.359912286946	0.640087713054
23.2862	275.807	-331.086304	11	1.0	0.0
23.2492	275.786	-331.037768	11	1.0	0.0
23.2514	275.0686	-317.489918	10	1.0	0.0
24.2858	282.0406	-314.475772	21	1.0	0.0
24.2701	282.0806	-314.328664	21	0.707122328169	0.292877671831
27.4013	280.0031	-310.573523	5	1.0	0.0
20.8896	280.7869	-302.799206	8	0.796115421732	0.203884578268
23.2475	276.666	-300.103103	24	0.314381520778	0.685618479222
24.1301	281.6943	-295.987845	19	0.361035529257	0.638964470743
22.8618	279.9366	-295.20296	9	1.0	0.0
24.2828	282.031	-291.846388	21	0.662641940749	0.337358059251
27.3676	279.9812	-290.077721	5	1.0	0.0
25.7735	272.5521	-285.859401	6	0.946228453476	0.0537715465237
15.4373	272.3484	-276.349102	13	1.0	0.0
15.6868	272.0631	-266.67323	14	0.8034869552	0.1965130448
23.2849	281.5039	-263.398051	23	1.0	0.0
24.0969	281.6635	-262.122097	19	1.0	0.0
24.0381	281.7052	-262.070511	19	0.410217140477	0.589782859523
15.6147	272.0604	-261.916031	14	1.0	0.0
22.4365	280.8234	-258.535094	15	1.0	0.0
27.4058	280.0003	-254.19148	5	1.0	0.0
27.4219	280.0241	-254.08799	5	1.0	0.0
27.3946	279.9925	-254.030245	5	1.0	0.0
27.407	280.0275	-253.969368	5	1.0	0.0
23.6139	277.9648	-250.772056	16	0.489452370444	0.510547629556
23.2211	276.4318	-246.806434	-1	0.0	0.678349072637
23.2738	276.4435	-246.805092	-1	0.0	0.624774560489
20.5093	285.3056	-245.852165	1	0.626400323101	0.373599676899
20.6147	285.2635	-245.099398	1	0.434265182287	0.565734817713
20.6036	285.3084	-244.902945	1	0.84667433517	0.15332566483
22.2227	281.9569	-244.857579	-1	0.0	0.172315532454
25.2809	281.564	-242.923121	18	0.650672195481	0.349327804519
15.459	272.3901	-238.223769	13	0.887069079621	0.112930920379
15.6442	272.0515	-237.479588	14	1.0	0.0
24.0488	281.7216	-234.397745	19	0.316447766563	0.683552233437
20.8438	280.865	-233.526063	8	0.677833018869	0.322166981131
23.8355	281.8537	-233.444674	20	0.124129505042	0.875870494958
20.9764	280.7517	-233.396183	8	0.481521714523	0.518478285477
23.2875	275.075	-229.517505	10	0.997115791485	0.00288420851536
23.2872	275.0753	-229.457491	10	1.0	0.0
20.5394	285.3442	-228.466863	1	1.0	0.0
20.5451	285.3251	-228.398603	1	1.0	0.0
22.3583	286.1934	-225.181764	0	1.0	0.0
22.367	286.2861	-225.146914	0	0.311836295069	0.688163704931
22.3355	286.1881	-224.444287	0	0.98344771641	0.0165522835901
23.224	275.6266	-219.018063	11	0.64349674055	0.35650325945
27.4005	279.9588	-217.061835	5	1.0	0.0
25.8319	272.3758	-209.181471	6	0.247860240548	0.752139759452
15.4586	272.3228	-208.526151	13	0.983876153607	0.0161238463931
15.4051	272.4129	-207.43083	13	0.627529157038	0.372470842962
24.1096	281.5699	-205.211155	19	0.202227446252	0.797772553748
24.0818	281.6655	-205.211113	19	0.990654684786	0.00934531521374
24.0825	281.6859	-205.092403	19	0.633456275273	0.366543724727
23.3814	282.6654	-203.380563	12	1.0	0.0
23.3919	282.6739	-203.210913	12	1.0	0.0
23.9069	281.9611	-196.27717	20	0.61866396988	0.38133603012
23.863	281.9722	-196.218226	20	0.406180466205	0.593819533795
23.8388	281.9794	-195.981033	20	0.295051927077	0.704948072923
23.9073	281.9742	-195.839019	20	0.583635932871	0.416364067129
20.6088	285.3069	-190.449779	1	0.84667433517	0.15332566483
27.4035	280.0264	-190.398631	5	1.0	0.0
20.5818	285.2572	-189.999131	1	0.473441349486	0.526558650514
20.5339	285.2079	-189.999083	1	0.271436141733	0.728563858267
22.8837	280.0372	-188.054752	9	1.0	0.0
15.7492	271.6821	-186.334372	-1	0.0	0.692960531222
24.0378	281.688	-184.990696	19	0.522448697361	0.477551302639
27.3573	279.9728	-177.530503	5	1.0	0.0228269036765
22.4788	280.8471	-175.625178	15	1.0	0.0
26.092	272.0369	-175.583749	7	0.618551791646	0.381448208354
22.5017	280.8088	-175.546242	15	1.0	0.0
25.9395	272.0183	-175.522088	7	1.0	0.0
25.9279	272.056	-175.267228	7	1.0	0.0
22.9178	276.7147	-173.503779	-1	0.0	0.772601686094
23.206	275.7241	-170.265549	11	1.0	0.0
23.1685	275.7315	-170.218685	11	1.0	0.0
23.294	275.1403	-155.606032	10	0.342993738085	0.657006261915
23.3354	274.7393	-155.555994	10	0.0687796908222	0.931220309178
27.3696	279.974	-155.007589	5	1.0	0.0
22.3078	286.2419	-150.643995	0	0.539924210703	0.460075789297
22.3293	286.1806	-150.632141	0	1.0	0.0
20.5535	285.2855	-150.552494	1	0.551780880188	0.448219119812
20.472	285.1256	-150.477214	1	0.118723265344	0.881276734656
24.0627	281.6475	-149.931168	19	0.763866971682	0.236133028318
26.1574	279.3673	-145.583166	4	0.230086604791	0.769913395209
15.7242	272.1548	-145.142745	-1	0.0	0.273362944802
15.6441	271.869	-144.682737	14	0.398387483924	0.601612516076
15.7852	271.9376	-142.425851	14	0.510914588445	0.489085411555
27.3603	280.0133	-137.919703	5	1.0	0.0904104401534
20.6129	285.2893	-137.818268	1	0.685313717603	0.314686282397
19.8334	287.7226	-136.834255	3	1.0	0.0
23.4901	277.9832	-131.009985	16	0.905542094771	0.0944579052288
15.5919	272.07	-128.700044	14	0.722168891725	0.277831108275
15.6487	272.0749	-128.507757	14	1.0	0.0
15.3494	272.3446	-127.715658	13	0.500429344517	0.499570655483
15.4911	272.1656	-126.671682	14	0.399981040134	0.600018959866
15.4111	272.3322	-126.671658	13	0.783193240127	0.216806759873
25.9489	271.965	-123.822763	7	0.767966191203	0.232033808797
23.2645	276.5611	-122.915315	-1	0.0	0.310735453106
24.0452	281.6604	-119.190907	19	0.691830228951	0.308169771049
27.3956	280.0201	-116.116117	5	1.0	0.00552637212937
27.3991	280.0028	-116.03622	5	1.0	0.0
23.4096	282.6754	-114.524022	12	0.807390876309	0.192609123691
24.0184	282.0102	-103.2045	20	0.307989739805	0.692010260195
23.4324	275.8692	-90.202572	11	0.852863247328	0.147136752672
23.4988	277.9771	-89.508841	16	1.0	0.0
23.3002	275.0542	-86.242785	10	1.0	0.0
15.4648	272.4399	-82.64546	13	0.453832913856	0.546167086144
23.2178	282.6824	-78.113831	12	0.25888300093	0.74111699907
23.3647	282.6542	-78.050628	12	1.0	0.0
24.0777	281.6435	-74.733895	19	1.0	0.0
24.082	281.6569	-74.706072	19	1.0	0.0
24.0875	281.6268	-74.653345	19	0.599743193697	0.400256806303
24.1	281.6636	-74.476868	19	1.0	0.0
15.7121	271.9515	-67.01549	14	0.700431716876	0.299568283124
25.8214	271.5857	-66.912375	-1	0.0	0.254128210196
22.3676	280.8552	-66.872232	15	1.0	0.0
15.7317	271.8869	-66.400387	14	0.410658377389	0.589341622611
23.2609	275.1311	-66.32882	10	0.453962272887	0.546037727113
15.5316	272.2367	-65.380329	14	0.325851676295	0.674148323705
15.4456	272.3095	-65.380286	13	0.965870765968	0.0341292340317
15.527	272.3572	-65.231561	13	0.636969593096	0.363030406904
25.3362	281.5088	-65.228748	18	1.0	0.0
25.343	281.5497	-65.184016	18	1.0	0.0
15.495	272.3727	-65.06645	13	0.915279037762	0.0847209622377
26.005	272.0276	-64.000389	7	1.0	0.0
22.4085	277.8228	-63.543396	17	0.629471743816	0.370528256184
23.523	277.9301	-58.70801	16	1.0	0.0
23.5161	277.9943	-58.647379	16	0.724761038467	0.275238961533
25.8083	272.684	-57.588515	6	1.0	0.0
20.5695	285.3201	-55.189224	1	0.790431515013	0.209568484987
20.5723	285.3428	-55.128076	1	0.970664311188	0.0293356888118
20.5592	285.343	-55.054569	1	1.0	0.0
24.2772	282.046	-54.584023	21	0.79998081087	0.20001918913
24.2831	282.0764	-54.530591	21	1.0	0.0
23.3636	276.7143	-53.914951	24	0.770805809143	0.229194190857
23.2913	276.7285	-53.717549	24	0.533571961254	0.466428038746
23.1168	276.4714	-53.467063	-1	0.0	0.688648746252
27.3896	279.985	-48.275356	5	1.0	0.27387166145
23.5123	276.5378	-43.978469	-1	0.0	0.476577538159
24.0778	281.6512	-42.432755	19	1.0	0.0
24.0703	281.6482	-42.33909	19	1.0	0.0
19.7901	287.6047	-42.178419	3	0.495812449547	0.504187550453
19.8617	287.6758	-42.007388	3	0.964632915769	0.0353670842314
19.8265	287.7167	-41.910079	3	1.0	0.0
19.7742	287.7572	-41.824148	3	0.405784187327	0.594215812673
23.2711	275.0369	-31.21897	10	0.840352838566	0.159647161434
23.283	275.0408	-31.136488	10	0.985418618848	0.0145813811516
23.3072	275.0354	-31.075181	10	0.844691641199	0.155308358801
15.5391	272.3922	-27.050259	13	0.753293974681	0.246706025319
27.3821	280.0012	-24.969085	5	1.0	0.0829135304466
27.3514	280.0148	-24.850434	5	0.974699405085	0.0253005949155
27.345	280.0025	-24.715192	5	0.983204344666	0.016795655334
25.9421	272.0704	-21.531318	7	1.0	0.0
23.4592	275.8758	-17.065091	11	0.834713037214	0.165286962786
23.4043	282.645	-15.678313	12	1.0	0.0
23.3336	282.6592	-15.395769	12	0.627933465892	0.372066534108
15.6523	271.9627	-12.198031	14	0.700431716876	0.299568283124
25.3529	281.4971	-11.766382	18	1.0	0.0
23.3082	276.7085	-9.419806	24	0.957975395738	0.0420246042619
23.2986	276.67	-9.238002	24	0.531852590959	0.468147409041
23.323	276.7167	-9.013876	24	0.936520770849	0.0634792291514
15.4611	272.3089	-7.455982	13	0.983876153607	0.0161238463931
15.505	272.2546	-7.455939	13	0.384563116931	0.615436883069
24.0537	281.664	0.001246	19	0.863935542903	0.136064457097
24.322	282.102	0.976293	21	0.374277315429	0.625722684571
24.2931	282.0694	1.027654	21	1.0	0.0
24.3067	282.0659	1.088669	21	0.891415656661	0.108584343339
24.2855	282.0602	1.2613	21	1.0	0.0
23.2901	281.5319	6.035577	23	1.0	0.0
23.2569	281.5219	6.103723	23	0.971104742651	0.0288952573494
23.3136	281.5112	6.179339	23	1.0	0.0
23.3528	281.6365	6.570248	22	1.0	0.0
23.8917	281.941	9.824322	20	0.406180466205	0.593819533795
15.6526	272.0198	9.891001	14	0.741625588328	0.258374411672
17.9974	288.893	10.78617	2	1.0	0.0
17.9763	288.8339	10.83155	2	1.0	0.0
22.3403	286.154	11.884756	0	0.987984507455	0.0120154925448
15.5215	272.4003	12.541774	13	0.797761172197	0.202238827803
15.5324	272.4001	12.608393	13	0.685948390921	0.314051609079
15.5232	272.3849	12.670874	13	0.951303908551	0.0486960914487
18.1228	278.4358	15.229039	-1	0.0	0.0518030842753
27.3944	280.0546	15.443592	5	0.488680698025	0.511319301975
23.3478	276.6883	18.140575	24	1.0	0.0
23.3643	276.4887	18.140576	-1	0.0	0.382533861105
23.3618	276.6727	18.599654	24	0.928648157727	0.071351842273
20.019	287.2371	18.882294	3	0.0682550266452	0.931744973355
15.3011	272.3096	19.296315	13	0.351384148724	0.648615851276
25.7472	272.5998	19.507125	6	1.0	0.0
15.3932	272.2485	19.890643	13	0.338982153121	0.661017846879
20.9576	280.7821	20.419431	8	0.741898128238	0.258101871762
25.7683	272.5511	25.945544	6	0.990179023509	0.00982097649145
24.1083	281.6598	26.964556	19	0.735426282047	0.264573717953
24.0438	281.6814	27.247265	19	0.738613362726	0.261386637274
15.6847	271.9903	31.319953	14	0.700431716876	0.299568283124
15.6886	272.0374	31.935907	14	0.92434855272	0.0756514472799
27.3659	279.9205	32.074795	5	1.0	0.091493439695
27.3564	279.9291	32.241915	5	1.0	0.0
27.3507	279.9131	32.347464	5	0.946918207845	0.0530817921545
27.3316	279.885	32.393958	5	0.485791958992	0.514208041008
27.3326	279.8854	32.724523	5	0.495212871087	0.504787128913
23.2842	276.713	38.718953	24	0.758718488783	0.241281511217
25.9857	272.0204	44.191078	7	1.0	0.0
20.5122	285.3032	47.863252	1	0.609252370931	0.390747629069
26.2385	279.6606	52.102856	4	1.0	0.0
15.6592	271.9402	54.361434	14	0.700431716876	0.299568283124
15.6527	271.914	54.436761	14	0.488797361047	0.511202638953
20.6405	285.3252	54.831861	1	0.607577865396	0.392422134604
15.5785	272.4684	57.388805	-1	0.0	0.0195983951787
23.3457	281.5188	59.162033	23	0.708933755788	0.291066244212
23.1901	281.5189	59.166461	23	0.666880319347	0.333119680653
27.3905	279.9346	66.077897	5	1.0	0.0216757418567
23.2111	275.6634	67.266624	11	0.928672124646	0.0713278753536
23.1558	275.1094	68.484691	10	0.712776494452	0.287223505548
23.199	275.1218	68.690902	10	0.7750218733	0.2249781267
23.1126	275.1262	68.812743	10	0.492213286205	0.507786713795
23.3747	276.574	75.585164	25	1.0	0.0
20.5506	285.1884	78.236366	1	0.226435970541	0.773564029459
20.5638	285.147	78.236448	1	0.154668155254	0.845331844746
20.5488	285.3421	78.679141	1	1.0	0.0
23.3015	281.7237	79.199021	22	0.969734491638	0.0302655083624
23.323	281.7308	79.437544	22	1.0	0.0
23.8051	281.8354	80.398475	-1	0.0	0.0899531121749
23.3946	282.6383	81.633715	12	0.879228846414	0.120771153586
21.3832	288.244	84.567607	3	0.0272677835781	0.972732216422
23.443	275.8728	84.592336	11	0.809518089909	0.190481910091
23.862	275.5085	84.665181	11	0.20281122148	0.79718877852
27.3747	279.9706	88.732129	5	1.0	0.006557849958
27.3705	279.9839	88.815326	5	1.0	0.0
22.4776	277.824	88.99052	17	0.525255812245	0.474744187755
22.4083	277.8155	89.111657	17	0.611477113342	0.388522886658
23.2522	275.0847	94.611456	10	0.909001600432	0.0909983995681
23.2877	274.7958	94.81996	10	0.0854077062565	0.914592293743
24.2897	282.0755	95.586702	21	1.0	0.0
23.2958	281.5425	99.202988	23	1.0	0.0
23.254	281.5469	99.297623	23	1.0	0.0
23.2724	281.5586	99.358198	23	1.0	0.0
25.2811	271.97	106.069732	-1	0.0	0.160827114964
23.957	281.9879	106.770445	20	1.0	0.0
15.7021	271.9204	106.79848	14	0.644036914286	0.355963085714
23.9507	281.9613	106.835413	20	0.786221722168	0.213778277832
15.7225	272.002	107.067318	14	0.90784471667	0.0921552833297
19.871	287.6378	109.762398	3	0.82826527277	0.17173472723
19.8424	287.5922	109.870085	3	0.559818553444	0.440181446556
19.8124	287.7126	109.964951	3	1.0	0.0
27.4189	279.6657	111.447563	5	0.0606174086343	0.939382591366
27.3593	279.9311	111.447584	5	1.0	0.0
24.9924	283.0517	113.627702	-1	0.0	0.187233762882
23.3464	276.6634	118.214755	24	1.0	0.0
23.3385	276.6803	118.392854	24	1.0	0.0
22.8369	279.9233	122.046727	9	0.996136478699	0.00386352130116
20.9274	280.8143	122.658832	8	1.0	0.0
27.4145	280.0098	131.137991	5	1.0	0.0100830466346
23.1899	276.7014	132.131424	-1	0.0	0.19639117653
23.9569	281.9787	132.629193	20	1.0	0.0
17.7367	288.7676	143.452577	2	1.0	0.0
23.514	277.9687	145.614365	16	1.0	0.0
24.3389	282.0973	148.952768	21	0.397614564263	0.602385435737
26.2127	279.6213	159.164257	4	1.0	0.0
20.5651	285.3203	160.562794	1	0.84667433517	0.15332566483
23.3593	276.7284	160.775254	24	0.770805809143	0.229194190857
20.5306	285.37	160.839649	1	0.578983211164	0.421016788836
23.3146	276.6864	161.057878	24	0.884404896243	0.115595103757
27.436	280.0192	163.042001	5	1.0	0.168028292333
15.6321	272.055	163.480636	14	1.0	0.0
27.4289	280.0036	163.620627	5	1.0	0.0902235699531
23.3051	276.7008	172.350217	24	0.99320874438	0.00679125561957
23.2519	281.5718	178.650196	23	0.81651461398	0.18348538602
23.281	281.4891	178.720408	23	1.0	0.0326787555828
23.2884	281.5019	178.773213	23	1.0	0.0
23.2827	281.4996	178.828577	23	1.0	0.0
23.3128	281.4985	178.908355	23	1.0	0.0
15.7388	271.958	181.614283	14	0.563127287471	0.436872712529
27.3848	279.9297	186.041248	5	1.0	0.110507280561
27.3752	279.9366	186.123311	5	1.0	0.0216757418567
23.3945	276.7089	187.945347	24	0.453078060983	0.546921939017
23.3441	276.7127	188.040842	24	0.972599548194	0.0274004518055
23.3392	276.6987	188.118441	24	1.0	0.0
24.0442	281.6599	190.040534	19	0.674698607829	0.325301392171
27.4074	279.9987	192.028835	5	1.0	0.0
27.4299	280.0091	192.514322	5	1.0	0.0100830466346
20.5366	285.2709	195.148356	1	0.460288992843	0.539711007157
20.4915	285.2992	195.268978	1	0.490893310713	0.509106689287
23.3434	276.6825	200.042351	24	0.978911716129	0.0210882838706
23.3329	281.4518	208.003693	23	0.520053331285	0.479946668715
27.4189	280.0095	208.410579	5	1.0	0.0100830466346
27.399	279.9896	208.557102	5	1.0	0.0
15.7773	272.0147	220.132605	14	0.626026756494	0.373973243506
15.8065	271.9441	220.361928	14	0.40114179965	0.59885820035
23.3026	276.7088	222.118928	24	0.99320874438	0.00679125561957
23.5857	277.5945	225.219808	-1	0.0	0.149618672257
27.364	279.9266	226.284809	5	1.0	0.0
27.3042	279.8989	226.477125	5	0.670224617346	0.329775382654
27.3795	279.9444	226.65261	5	1.0	0.113253653841
24.3119	282.0937	229.366689	21	0.509235019275	0.490764980725
23.3589	281.6984	236.628013	22	1.0	0.0
23.3876	281.688	236.855758	22	1.0	0.0
23.3902	281.6764	236.935322	22	1.0	0.0
23.4013	276.5732	240.624799	25	1.0	0.0
23.3682	276.5572	240.853452	25	1.0	0.0
23.3498	276.6932	240.853466	24	1.0	0.0
24.0225	281.634	248.473961	19	0.37017682394	0.62982317606
24.0474	281.6645	248.482575	19	0.863935542903	0.136064457097
24.3173	282.0566	250.671728	21	0.646971869321	0.353028130679
24.2887	282.0484	250.781844	21	1.0	0.0
22.7259	280.1274	251.829377	9	0.741718875503	0.258281124497
22.8108	279.9777	252.392135	9	1.0	0.0
23.3362	276.7202	258.59806	24	0.972599548194	0.0274004518055
23.3702	276.6032	258.786806	25	0.646945680154	0.353054319846
22.4187	277.851	259.228097	17	0.466409567546	0.533590432454
22.4252	277.849	259.314864	17	0.501531427102	0.498468572898
23.2085	275.0958	261.18985	10	0.784979578504	0.215020421496
20.9822	280.681	270.921721	8	0.249619943871	0.750380056129
20.8108	280.8258	271.18683	8	0.649005951135	0.350994048865
27.422	280.0102	272.491633	5	1.0	0.0100830466346
15.5973	271.9735	272.581374	14	0.435545896663	0.564454103337
27.4523	279.988	272.655	5	0.622261926164	0.377738073836
23.2499	276.6656	274.696198	24	0.321415968088	0.678584031912
19.8503	287.6212	277.360914	3	0.750487772325	0.249512227675
22.3268	286.123	281.789999	0	0.891129697134	0.108870302866
22.3227	286.125	281.872552	0	0.930511023833	0.0694889761666
22.289	286.1336	281.894121	0	0.856855754313	0.143144245687
27.3918	280.0131	288.47008	5	1.0	0.0404840708246
26.2531	279.621	290.931078	4	1.0	0.0
24.093	281.6446	293.514915	19	0.78896477458	0.21103522542
24.1064	281.6792	293.668424	19	0.653390859405	0.346609140595
15.219	272.3329	295.246832	-1	0.0	0.217074322434
23.369	276.5646	296.962795	25	1.0	0.0
23.3475	276.7257	297.234212	24	0.838915412975	0.161084587025
27.3422	279.9275	301.429085	5	1.0	0.0
18.0511	288.8377	307.552323	2	1.0	0.0
15.8284	272.0197	318.550182	14	0.410832499252	0.589167500748
23.9793	282.0638	325.779029	20	0.178110439305	0.821889560695
23.9477	281.986	325.886005	20	1.0	0.0
23.9401	281.9779	326.159476	20	1.0	0.0
23.9582	281.9969	326.226682	20	0.662451894081	0.337548105919
23.9329	281.9765	326.300748	20	1.0	0.0
22.7377	280.0869	326.967067	9	1.0	0.0
23.6411	275.5396	331.478753	11	0.28003943854	0.71996056146
23.5592	275.9231	332.022295	11	0.852863247328	0.147136752672
23.4496	275.9697	332.174463	11	0.77765151547	0.22234848453
27.4404	279.9791	337.351822	5	0.64755816784	0.35244183216
27.4334	280.0276	337.502569	5	1.0	0.0860222521805
27.4181	280.0233	337.570503	5	1.0	0.0
22.4413	277.7957	337.727759	17	1.0	0.0
27.3896	280.0248	337.772366	5	1.0	0.160340731672
15.342	271.5407	338.633814	-1	0.0	0.799964586201
15.2242	271.7573	338.633881	-1	0.0	0.715443878406
15.3615	272.0125	338.975546	-1	0.0	0.395904847443
15.3718	272.0823	339.02056	-1	0.0	0.245240419179
15.2988	271.9937	339.097435	-1	0.0	0.533258789194
24.119	281.6447	339.41601	19	0.500905913656	0.499094086344
23.3426	281.4412	340.49124	23	0.416189792894	0.583810207106
25.7779	272.7045	342.840707	6	1.0	0.0
23.1865	276.7811	347.585452	-1	0.0	0.469901426335
19.4809	287.6981	351.204697	3	0.145719654701	0.854280345299
27.1657	279.6759	352.410383	5	0.061817118946	0.938182881054
15.7093	272.0009	353.11191	14	0.92434855272	0.0756514472799
27.4191	279.9791	354.441851	5	1.0	0.134278782624
27.3297	279.9016	356.53932	5	0.878562685529	0.121437314471
27.3298	279.9321	356.668419	5	0.980525150761	0.0194748492392
23.3621	276.7572	359.25791	24	0.339100014227	0.660899985773
23.3811	276.7321	359.399888	24	0.545680105086	0.454319894914
23.335	276.6615	359.466841	24	1.0	0.0
27.3227	279.9613	367.488557	5	0.645264412887	0.354735587113
23.3562	276.6978	367.626682	24	1.0	0.0
20.5273	285.3212	371.046772	1	0.933458156624	0.0665418433764
15.5896	272.4711	371.188763	-1	0.0	0.0800853951209
24.8972	281.5265	379.61366	18	0.163806702274	0.836193297726
25.3575	281.5205	379.613756	18	1.0	0.0
23.5535	282.8826	381.001466	12	0.10425719022	0.89574280978
27.4122	280.0009	383.63727	5	1.0	0.0
23.2674	276.6327	391.879776	24	0.268658021057	0.731341978943
27.3246	279.9534	392.839819	5	0.698182695754	0.301817304246
24.392	282.1045	393.629577	21	0.263670555231	0.736329444769
24.3539	282.0449	394.278689	21	0.3579021183	0.6420978817
22.4197	277.7376	399.938344	17	0.41120669402	0.58879330598
27.3421	279.9189	411.433585	5	1.0	0.209076811336
27.36	279.9528	418.719223	5	1.0	0.296899037628
27.3543	279.9313	418.802192	5	1.0	0.0
27.3608	279.9582	419.409117	5	0.997013963837	0.00298603616267
20.6293	285.2905	420.061624	1	0.60897598427	0.39102401573
23.4169	276.743	423.293378	24	0.318404118693	0.681595881307
23.3402	276.6975	423.361019	24	1.0	0.0
23.3721	276.748	423.821699	24	0.442334869923	0.557665130077
24.1524	281.6576	424.727748	19	0.353001410796	0.646998589204
23.3002	275.0595	425.99259	10	1.0	0.0
23.2729	275.0614	426.040319	10	1.0	0.0
27.3232	279.9179	433.642572	5	0.901849761748	0.0981502382519
23.2946	281.54	435.371513	23	1.0	0.0744602136926
15.8354	272.0426	438.733972	14	0.332859746456	0.667140253544
24.3798	282.0403	442.109571	21	0.250796307624	0.749203692376
23.4914	277.8664	442.533854	16	0.35346661873	0.64653338127
22.8859	278.0105	445.72461	-1	0.0	0.0151023677908
23.3211	276.6876	452.947735	24	1.0	0.0
23.3493	276.6911	453.03675	24	1.0	0.0
23.3374	276.6568	453.191843	24	1.0	0.0831550453997
20.5764	285.3049	458.068783	1	0.84667433517	0.15332566483
19.8385	287.6565	460.088441	3	0.82826527277	0.17173472723
24.5451	290.4534	462.655695	-1	0.0	0.391792959768
22.455	277.7566	466.929285	17	0.704787941912	0.295212058088
22.4579	277.7997	466.971178	17	0.878597618693	0.121402381307
23.3877	281.4323	467.463736	-1	0.0	0.0730219996215
23.3428	281.4845	467.513162	23	0.716620381845	0.283379618155
23.3378	276.71	476.229201	24	0.972599548194	0.0274004518055
24.1127	281.6226	478.386929	19	0.483202805303	0.516797194697
24.1088	281.6139	478.491576	19	0.410320914363	0.589679085637
24.1306	281.6243	478.537209	19	0.455222146271	0.544777853729
24.1006	281.6691	478.622553	19	1.0	0.0
25.3284	281.4035	485.312714	18	0.347780989755	0.652219010245
26.2517	279.605	486.010571	4	1.0	0.0
21.3582	277.0027	488.729337	-1	0.0	0.265145484549
24.3513	282.1118	490.759876	21	0.42324273761	0.57675726239
17.5064	289.5318	509.704243	2	0.264773203468	0.735226796532
19.785	287.6722	513.160498	3	0.775910503872	0.224089496128
19.9608	287.549	513.200384	3	0.26698546551	0.73301453449
19.8324	287.6957	513.255362	3	1.0	0.0
19.8542	287.624	513.341119	3	0.801906714956	0.198093285044
19.8292	287.6977	513.594765	3	1.0	0.0
23.3437	276.6661	514.521585	24	1.0	0.0
23.3469	276.7221	514.604192	24	0.972599548194	0.0274004518055
15.7202	272.0229	519.30614	14	0.92434855272	0.0756514472799
15.6982	272.0249	519.357839	14	0.92434855272	0.0756514472799
24.0609	281.6162	524.825357	19	0.37503838349	0.62496161651
22.4653	277.7776	527.00523	17	0.812223159577	0.187776840423
22.4233	277.7757	527.053979	17	0.813246663671	0.186753336329
22.4527	277.7793	527.096516	17	1.0	0.0
22.4385	277.7804	527.163475	17	1.0	0.0
23.4972	277.9347	528.391399	16	1.0	0.0
23.5366	277.955	528.519539	16	1.0	0.0
23.5761	277.9363	528.663625	16	0.687776687879	0.312223312121
23.3751	276.5527	553.262487	25	1.0	0.0
23.305	276.7102	553.433413	24	0.944071917235	0.0559280827648
23.3603	276.6753	553.536915	24	0.942743130976	0.0572568690237
23.3174	276.688	553.589281	24	1.0	0.0
23.3246	276.6976	553.649399	24	1.0	0.0
23.3316	276.6611	553.926773	24	1.0	0.0
24.4212	281.9753	556.412083	21	0.142935656149	0.857064343851
24.362	282.1664	556.450205	21	0.169896618513	0.830103381487
23.3007	276.7244	562.544408	24	0.758718488783	0.241281511217
26.2252	279.6014	564.010596	4	1.0	0.0
17.7099	288.7542	576.376037	2	1.0	0.0
23.496	277.9267	576.949852	16	0.824110312241	0.175889687759
23.409	276.5289	581.387788	-1	0.0	0.0487437638752
23.3725	276.6773	581.548453	24	0.660484515794	0.339515484206
19.8454	287.6621	582.352435	3	0.799423467557	0.200576532443
25.3504	281.5293	583.342609	18	1.0	0.0
25.3605	281.4813	583.35242	18	0.850050678069	0.149949321931
20.6173	285.3188	593.61774	1	0.670183191013	0.329816808987
24.2463	282.0215	594.462496	21	0.392561676143	0.607438323857
22.3965	277.76	597.392673	17	0.568392353777	0.431607646223
22.437	277.8135	597.454305	17	1.0	0.0
22.4613	277.8082	597.484195	17	1.0	0.0
