18.8655	278.6003	2e-05	10	1.0	0.0629187656034
18.1458	280.8067	-598.748919	-1	0.0	0.231471485092
18.2992	280.6996	-598.499331	9	1.0	0.100409892504
19.1907	279.0013	-578.198301	10	1.0	0.195600227616
18.9454	279.4143	-578.198212	-1	0.0	0.0774894887513
19.2438	278.9788	-577.547431	10	1.0	0.202820905162
18.739	278.6302	-575.625709	10	1.0	0.0869972807018
16.6546	278.846	-575.045427	7	0.137896984624	0.862103015376
16.5715	278.6923	-574.9701	7	0.128884971987	0.871115028013
16.6349	278.6398	-574.970045	-1	0.0	0.00964606643075
16.4676	277.9778	-572.582215	7	0.978851846397	0.021148153603
9.267	273.8444	-560.000236	0	0.329512488225	0.670487511775
18.9962	278.7989	-554.244337	10	1.0	0.0909514123696
17.9616	280.0006	-550.813314	-1	0.0	0.320232047241
18.3474	279.9415	-550.761786	11	0.482430576126	0.517569423874
18.8082	277.561	-549.036266	-1	0.0	0.359742893356
9.0776	285.1312	-525.553048	5	0.495804171939	0.504195828061
18.2173	279.8615	-518.836517	11	1.0	0.432632270424
19.0556	278.7854	-511.1143	10	1.0	0.0975493303871
19.0446	278.7038	-511.036425	10	1.0	0.0126287468568
19.0152	278.7169	-510.902663	10	1.0	0.0
19.2707	278.7743	-510.90256	10	0.599155326774	0.400844673226
19.6031	278.7151	-509.132386	-1	0.0	0.352345702861
16.4217	278.0217	-507.086844	7	0.978851846397	0.021148153603
16.3736	278.0585	-506.972107	7	0.747799348585	0.252200651415
17.8307	278.7931	-501.922123	-1	0.0	0.400990565436
18.3876	279.536	-499.509114	11	0.917314751431	0.0826852485694
18.8937	278.6372	-497.74046	10	1.0	0.223577901399
18.9191	278.3471	-497.666305	10	0.562501542791	0.437498457209
18.9531	278.5698	-497.666191	10	1.0	0.122252545827
19.2166	278.6914	-493.813011	10	0.665875248978	0.334124751022
18.9692	278.7959	-480.992411	10	0.963270648327	0.0367293516729
19.003	278.7387	-480.955352	10	1.0	0.0
19.3211	278.7936	-480.955211	10	0.864136388176	0.135863611824
17.1967	279.1553	-471.900004	7	0.134852334536	0.865147665464
19.303	278.8445	-465.568585	10	1.0	0.0141956734045
18.7952	278.6507	-465.228026	10	1.0	0.0460914917562
18.3145	280.6681	-463.820324	9	1.0	0.0
18.3278	280.6895	-463.669509	9	1.0	0.0
17.1446	284.2174	-460.283284	2	1.0	0.0
17.0661	284.1986	-460.050136	2	1.0	0.0
16.6855	278.0708	-458.839236	7	0.742010975578	0.257989024422
15.2586	280.0978	-457.657778	3	0.452495099282	0.547504900718
18.9492	278.6407	-456.534236	10	1.0	0.0165721245145
18.9494	278.7098	-456.441665	10	1.0	0.043546579256
9.8131	284.3901	-453.938556	6	0.472263686425	0.527736313575
9.9785	284.399	-453.905737	6	0.297915163907	0.702084836093
9.7932	284.4003	-453.905732	6	0.56312174013	0.43687825987
19.1568	278.9093	-443.24257	10	1.0	0.0
19.1917	278.9942	-443.207882	10	1.0	0.195600227616
19.1574	278.9965	-443.18577	10	1.0	0.215872498311
19.2106	278.9798	-443.15683	10	1.0	0.195600227616
19.2615	278.955	-443.097543	10	1.0	0.389380932835
19.1608	278.9652	-442.858942	10	1.0	0.106555483944
19.8204	278.6574	-442.454915	-1	0.0	0.0677956793636
18.3115	279.7834	-430.231175	11	1.0	0.315098193259
18.3183	279.7914	-430.133955	11	1.0	0.486959451121
18.3077	279.8406	-430.105053	11	1.0	0.410763526222
17.4386	282.4048	-428.644891	-1	0.0	0.0337441594854
17.3466	282.5959	-428.51048	-1	0.0	0.338252835881
19.7196	278.3224	-425.794775	-1	0.0	0.237007436056
18.4751	279.2504	-425.216602	13	1.0	0.0
18.7684	279.3239	-425.21651	-1	0.0	0.00345857128626
18.3877	280.5831	-416.53537	9	0.428280202937	0.571719797063
18.3402	280.6554	-416.06262	9	1.0	0.0626725467452
18.1576	279.8699	-410.820026	11	0.678677979765	0.321322020235
18.2484	279.8933	-410.81998	11	0.998708048626	0.00129195137357
9.8493	284.4859	-408.901928	6	1.0	0.0
10.074	284.5172	-408.901898	6	0.395485671529	0.604514328471
10.0292	284.4939	-408.787437	6	0.439936619695	0.560063380305
9.7709	284.4521	-408.731976	6	1.0	0.0
9.9065	284.5004	-408.699387	6	0.974915857446	0.0250841425535
9.758	284.4959	-408.625858	6	0.722059574951	0.277940425049
9.9422	284.4664	-408.483574	6	0.550778009109	0.449221990891
9.2111	284.4064	-408.412149	6	0.100261075991	0.899738924009
17.0816	279.2087	-403.380373	7	0.132793809472	0.867206190528
19.2711	278.9144	-398.617205	10	1.0	0.417980725064
19.2806	278.9454	-398.576202	10	1.0	0.442163065315
19.1795	278.9512	-392.678977	10	1.0	0.138126622245
19.2695	278.879	-392.678927	10	1.0	0.424070882707
19.1582	278.9511	-392.309716	10	1.0	0.0
19.2018	278.9854	-392.100374	10	1.0	0.195600227616
19.4042	278.9925	-392.100278	10	0.754257010591	0.245742989409
18.1499	279.7323	-390.826624	11	0.830232593003	0.169767406997
18.8985	278.5599	-390.239903	10	1.0	0.429243437042
18.7454	278.676	-390.189383	10	0.841619465361	0.158380534639
18.8329	278.5633	-390.15568	10	1.0	0.0
19.1864	278.5541	-390.155545	10	0.80369304359	0.19630695641
10.2716	283.1852	-383.711615	-1	0.0	0.154311089389
18.2554	279.8391	-374.144752	11	1.0	0.381316698975
18.2398	279.9224	-374.062812	11	0.59758508091	0.40241491909
18.4198	279.8397	-374.032414	11	0.496109535589	0.503890464411
18.199	279.8454	-374.008671	11	1.0	0.437955709066
18.2729	279.8617	-373.829346	11	1.0	0.389396011975
16.4374	278.1102	-373.122624	7	0.506244044517	0.493755955483
19.063	278.5629	-368.661382	10	1.0	0.0
18.9187	278.6054	-368.386658	10	1.0	0.114076212163
18.8326	278.6486	-368.340207	10	1.0	0.0555658062795
19.0009	278.5614	-368.110644	10	1.0	0.0418550590568
19.0834	278.4583	-368.064336	10	0.483574146504	0.516425853496
19.2051	278.6372	-368.064289	10	0.595648128138	0.404351871862
18.4007	280.7006	-363.932469	9	1.0	0.268112632616
18.5193	281.0068	-363.932294	-1	0.0	0.556537725315
18.3308	280.8522	-363.8579	9	0.506860905183	0.493139094817
18.3601	280.6848	-363.851003	9	1.0	0.0
18.5953	279.6816	-362.915837	11	0.410753696421	0.589246303579
18.7675	278.4524	-346.64621	10	1.0	0.0
19.1956	278.8404	-345.477453	10	1.0	0.130263896784
19.3164	278.8459	-345.161309	10	1.0	0.0758656127312
19.2269	278.9107	-344.863005	10	1.0	0.148061424424
16.9974	284.2873	-339.843969	2	0.918189981916	0.0818100180837
17.0349	284.0821	-339.660154	2	0.598079923436	0.401920076564
19.0487	278.5499	-337.297538	10	1.0	0.0
9.8746	284.4857	-337.272352	6	1.0	0.0
9.911	284.5155	-337.225463	6	0.752809083743	0.247190916257
9.7898	284.5214	-337.208691	6	0.757207749346	0.242792250654
9.8575	284.5051	-337.169581	6	1.0	0.0
9.7914	284.5269	-337.126924	6	0.757207749346	0.242792250654
9.8476	284.4804	-337.077388	6	1.0	0.0
10.129	284.5386	-337.077367	6	0.407855591566	0.592144408434
9.8793	284.5531	-337.030445	6	0.726160108758	0.273839891242
9.809	284.4495	-336.940402	6	1.0	0.0
10.0865	284.5261	-336.940369	6	0.439936619695	0.560063380305
9.6257	284.5828	-336.832238	6	0.266161273856	0.733838726144
10.8441	284.0041	-336.682813	-1	0.0	0.164773127116
19.0022	278.7597	-332.599482	10	1.0	0.0
18.9899	278.717	-332.561222	10	1.0	0.122376253248
18.9855	278.6444	-332.534342	10	1.0	0.223323384997
19.2713	277.5661	-320.171	-1	0.0	0.276982016504
18.4853	279.6404	-319.280557	11	0.675664698593	0.324335301407
18.3778	279.6913	-319.214329	11	1.0	0.333820295803
18.5565	279.5969	-319.214306	11	0.417098588988	0.582901411012
18.4227	279.6214	-319.172999	11	0.858940598844	0.141059401156
18.3575	279.6677	-319.129604	11	1.0	0.0368543264015
18.3212	279.8649	-319.127995	11	0.827127485057	0.172872514943
19.213	278.9693	-314.502062	10	1.0	0.195600227616
19.182	279.0091	-314.435884	10	1.0	0.213421208168
18.6292	277.3894	-313.879212	-1	0.0	0.419461932112
18.291	280.6879	-292.553726	9	1.0	0.0
18.5909	280.795	-292.553629	-1	0.0	0.13494186351
18.3028	280.6551	-292.259305	9	1.0	0.123882338194
16.5832	277.8737	-290.385329	7	0.670693441011	0.329306558989
18.8678	278.5016	-274.427891	10	1.0	0.477131205916
18.9347	278.5127	-274.386394	10	1.0	0.0776130717173
19.0833	278.5677	-274.34295	10	1.0	0.0
9.1554	283.5866	-272.209734	4	0.712077432288	0.287922567712
9.2793	285.3524	-271.177545	5	1.0	0.0
9.3919	285.591	-271.177451	5	0.749487337707	0.250512662293
15.7443	279.9659	-266.074995	3	0.771509321317	0.228490678683
18.306	279.6385	-263.762373	11	1.0	0.0482929445307
9.8517	284.4665	-260.332784	6	1.0	0.0
18.86	278.5277	-247.954961	10	1.0	0.0418667003824
17.7664	278.7646	-247.027078	-1	0.0	0.0150132856666
18.411	279.353	-247.026571	-1	0.0	0.127170392908
18.3689	280.762	-243.947726	9	1.0	0.0
18.3504	280.7881	-243.784568	9	1.0	0.0
18.3565	280.8089	-243.746085	9	0.966770177802	0.0332298221979
19.1804	278.9136	-242.662679	10	1.0	0.0
19.0742	278.9188	-242.584044	10	1.0	0.442810329466
21.3804	284.6202	-242.514614	-1	0.0	0.367754994781
18.312	279.8698	-238.31982	11	0.873340154733	0.126659845267
18.4087	280.1833	-238.319624	-1	0.0	0.654349603606
18.2549	279.8325	-238.206221	11	1.0	0.383834733524
18.1998	279.8114	-238.105331	11	1.0	0.0
18.237	279.9082	-237.464784	11	0.746686475495	0.253313524505
9.4982	285.4085	-227.589069	5	1.0	0.0
18.8392	278.5399	-222.119703	10	1.0	0.0
19.1875	278.5844	-222.119552	10	0.84325257323	0.15674742677
19.059	278.4864	-222.001268	10	0.637848999626	0.362151000374
18.8803	278.5435	-221.877873	10	1.0	0.277981796989
9.3582	273.7236	-218.243799	0	0.354764094675	0.645235905325
9.3618	273.7912	-218.137239	0	1.0	0.0
18.957	278.6834	-201.511448	10	1.0	0.175295480107
18.9637	278.7453	-201.441249	10	1.0	0.0
18.9252	278.7276	-201.331444	10	1.0	0.043546579256
18.8971	278.5357	-201.156602	10	1.0	0.429243437042
18.8834	278.5784	-200.982992	10	1.0	0.395149859129
18.3663	279.5542	-190.284052	11	1.0	0.0448647102861
18.2992	279.5871	-190.262918	11	1.0	0.132571000857
18.1245	279.5115	-189.935287	11	0.38174100366	0.61825899634
18.0149	279.5851	-189.792455	-1	0.0	0.0853746650872
15.7868	280.4941	-182.196173	3	0.41913703598	0.58086296402
18.7763	278.5755	-181.457332	10	1.0	0.252125578366
18.847	278.4177	-181.119847	10	1.0	0.0951601258599
18.8329	278.5294	-181.075949	10	1.0	0.0
9.6158	285.0135	-175.293998	5	0.418466357323	0.581533642677
9.5802	285.3794	-175.29395	5	0.871114012277	0.128885987723
9.4537	285.3761	-175.259929	5	1.0	0.0
9.5683	285.1632	-175.259923	5	0.651305614636	0.348694385364
12.136	283.5994	-175.200016	-1	0.0	0.635270735808
10.2047	284.8863	-174.853664	6	0.0850016166208	0.914998383379
18.663	280.7626	-172.438285	-1	0.0	0.352960643534
18.3144	280.6779	-172.375219	9	1.0	0.0
18.4487	280.9411	-172.375105	-1	0.0	0.323215253836
18.3699	280.7688	-172.301555	9	1.0	0.0
18.3036	280.5586	-172.22657	8	0.912122631996	0.0878773680038
18.3749	280.7687	-172.110765	9	1.0	0.0
18.4761	280.7728	-172.018941	9	0.695279622755	0.304720377245
18.8349	278.5377	-163.497034	10	1.0	0.0
19.0052	278.4008	-163.449435	10	0.553506148683	0.446493851317
9.7809	284.5002	-163.396348	6	0.752629141408	0.247370858592
9.7105	284.4525	-163.348081	6	0.550008005534	0.449991994466
9.7773	284.3345	-163.233347	6	0.274741679587	0.725258320413
9.7881	284.5392	-163.233318	6	0.703005171112	0.296994828888
19.1286	278.8506	-150.149326	10	1.0	0.0
19.2632	278.8809	-150.130503	10	1.0	0.39593750603
19.1801	278.9257	-150.127731	10	1.0	0.0
8.7962	285.2731	-149.600669	5	0.405267131464	0.594732868536
16.2117	278.2022	-144.994791	7	0.253207913768	0.746792086232
18.8287	278.5851	-140.952391	10	1.0	0.314322427414
18.7848	278.6013	-140.911349	10	1.0	0.0458384733611
18.7829	278.4428	-140.867234	10	1.0	0.311281266044
18.1761	279.7879	-134.493619	11	1.0	0.422038808711
9.4533	283.2956	-133.954059	4	0.565154278892	0.434845721108
9.6804	273.7402	-131.63146	0	0.140706108441	0.859293891559
9.9208	284.5605	-121.550877	6	0.726160108758	0.273839891242
15.8251	280.1276	-115.14166	3	1.0	0.0
18.8692	279.3363	-112.294889	-1	0.0	0.00345857128626
18.8376	278.5106	-111.981153	10	1.0	0.271559260137
19.1189	278.944	-101.771913	10	1.0	0.231551404148
19.05	278.768	-101.626014	10	1.0	0.00620862608445
18.8524	278.5313	-99.262515	10	1.0	0.0
19.0461	278.5575	-99.21804	10	1.0	0.0
18.8646	278.5173	-99.178346	10	1.0	0.125049505376
18.3851	280.7787	-94.343478	9	1.0	0.0
18.3658	280.7317	-94.231759	9	1.0	0.250282451094
18.4088	280.8492	-94.194884	9	0.558474196719	0.441525803281
18.7853	280.5128	-94.102553	-1	0.0	0.568621255391
18.6624	280.5767	-94.071953	-1	0.0	0.342126340066
9.7993	280.0377	-92.305879	1	1.0	0.0
9.5564	279.9992	-92.278753	1	1.0	0.0
9.5353	280.0288	-92.225423	1	1.0	0.0
18.3016	279.5574	-90.455517	11	1.0	0.170973414809
18.237	279.8206	-90.455454	11	1.0	0.0
18.3286	280.0184	-90.455321	-1	0.0	0.094258863274
18.0118	279.8184	-90.263947	11	0.386360694412	0.613639305588
16.6101	278.0172	-85.893187	7	1.0	0.0
16.7156	278.0298	-85.566452	7	1.0	0.0
16.4542	277.963	-85.507947	7	0.948763627582	0.0512363724176
17.0949	284.2268	-85.255735	2	1.0	0.0
17.0928	284.4435	-85.255669	2	0.386051607302	0.613948392698
16.979	284.2025	-85.199112	2	1.0	0.0
17.0324	284.2493	-85.110789	2	1.0	0.0
9.2255	283.4855	-80.874061	4	1.0	0.0
9.8089	284.4163	-77.828018	6	0.857612994697	0.142387005303
10.477	285.0858	-77.827703	-1	0.0	0.00405147287492
9.7839	284.4601	-77.71684	6	0.928155649482	0.0718443505183
9.557	284.5338	-77.668686	6	0.23459896337	0.76540103663
9.8802	284.5569	-77.668646	6	0.682839284971	0.317160715029
9.8145	284.5342	-77.646926	6	0.757207749346	0.242792250654
19.4443	278.1999	-71.125591	-1	0.0	0.137595586981
18.8107	278.5722	-71.093565	10	1.0	0.0701746960169
18.8865	278.4529	-71.025843	10	0.90808575756	0.0919142424404
19.1017	278.5814	-71.025729	10	1.0	0.090502453788
16.1105	280.5404	-67.453609	3	0.372897925925	0.627102074075
16.3131	280.8598	-67.45101	3	0.191601839323	0.808398160677
18.9396	278.6845	-67.333409	10	1.0	0.117059835959
15.6178	280.0621	-66.748519	3	1.0	0.0
15.7752	280.1163	-66.371073	3	1.0	0.0
9.3608	273.8213	-55.020421	0	0.597887488429	0.402112511571
9.0364	273.7324	-55.000907	0	0.149300400095	0.850699599905
9.6814	273.8541	-54.945594	0	0.135515464645	0.864484535355
9.3513	273.7717	-54.945559	0	0.897987370295	0.102012629705
9.8566	273.5977	-54.862393	0	0.0795996936385	0.920400306362
9.2176	283.3758	-47.900483	4	0.805018744419	0.194981255581
17.9782	279.7065	-47.859316	11	0.342601304777	0.657398695223
18.1872	279.871	-47.759126	11	0.91162973553	0.0883702644704
18.1962	279.7495	-47.759115	11	1.0	0.505531442677
18.3272	279.6806	-47.674566	11	1.0	0.0
18.2231	279.6635	-47.548536	11	0.866610206688	0.133389793312
18.2051	279.8236	-47.457708	11	1.0	0.0
18.8269	278.5759	-45.561819	10	1.0	0.0955999457621
18.9784	278.5603	-45.530359	10	1.0	0.0405095198809
18.7905	278.4512	-45.461133	10	1.0	0.189659993834
18.8479	278.557	-45.414694	10	1.0	0.203555496479
18.7599	278.4581	-45.360602	10	1.0	0.102670259116
18.8013	278.5635	-45.291261	10	1.0	0.0
18.8142	278.5597	-32.635217	10	1.0	0.0
19.557	279.0885	-32.543324	-1	0.0	0.298329031649
9.3596	283.4259	-19.715561	4	1.0	0.0
18.8852	278.7754	-15.138236	10	1.0	0.0322673249882
19.1034	278.8136	-11.386473	10	1.0	0.0
19.1065	278.8863	-11.374509	10	1.0	0.420793312704
19.4029	278.9331	-11.342261	10	0.714475472648	0.285524527352
19.08	278.8421	-11.317667	10	1.0	0.0
18.348	279.6453	-6.871506	11	1.0	0.0
18.8655	278.6003	2e-05	10	1.0	0.0629187656034
18.2782	279.7657	9.126847	11	1.0	0.315098193259
18.3131	279.7351	9.181484	11	1.0	0.521919322538
18.2138	279.8064	9.226995	11	1.0	0.041711183093
18.1954	279.7513	9.266762	11	1.0	0.508902876433
16.5101	277.8161	17.339575	7	0.508286034581	0.491713965419
16.6094	277.9812	17.3396	7	1.0	0.0
16.6894	278.0304	17.964073	7	1.0	0.0
7.4866	282.4663	23.374248	-1	0.0	0.660545712362
18.5456	279.065	25.285811	12	0.645966779024	0.354033220976
18.7094	280.5757	26.686594	-1	0.0	0.438226991392
9.3099	283.5745	26.833826	4	1.0	0.0
9.5619	283.2217	27.147199	4	0.370992083682	0.629007916318
18.1387	280.4163	33.404599	8	1.0	0.0
18.8603	278.7651	34.701447	10	0.956437184442	0.0435628155585
18.326	279.6302	35.377166	11	1.0	0.0574739892793
19.0071	279.2855	35.551801	-1	0.0	0.0898332151757
18.7469	278.6262	49.616009	10	1.0	0.0271207608494
18.802	278.5314	49.686992	10	1.0	0.252813420751
18.7843	278.4995	49.745107	10	1.0	0.287843886016
18.8156	278.5286	49.877073	10	1.0	0.0
18.8513	278.5631	50.033235	10	1.0	0.239575933702
18.7611	278.5549	50.2744	10	1.0	0.252125578366
19.205	278.913	51.292455	10	1.0	0.22055475592
16.6289	277.9304	51.320613	7	0.918043959352	0.0819560406484
16.8495	277.8803	51.320684	7	0.40595275798	0.59404724202
9.3126	284.5634	52.632559	6	0.119527337516	0.880472662484
9.2379	285.5087	54.177618	5	0.787997186139	0.212002813861
9.3757	273.7807	58.245315	0	1.0	0.0
9.6406	285.0931	70.093538	5	0.554542004359	0.445457995641
18.8368	278.527	82.129165	10	1.0	0.0
18.7927	278.4982	82.192379	10	1.0	0.343815998281
18.9083	278.5063	82.232814	10	1.0	0.107125834574
17.3256	279.167	82.340687	7	0.123874410237	0.876125589763
18.8478	278.2842	100.16809	10	0.413281521249	0.586718478751
18.8155	278.5598	100.168193	10	1.0	0.0
18.7991	278.5978	100.194156	10	1.0	0.47532155742
18.8179	278.5544	100.264702	10	1.0	0.0702620278114
18.7613	278.5714	100.302144	10	1.0	0.299168901463
18.819	278.5406	100.35445	10	1.0	0.0
19.1536	278.5546	100.459152	10	1.0	0.0312939941419
18.2195	279.5063	101.546371	11	0.701688002822	0.298311997178
18.2776	279.7613	108.61164	11	1.0	0.256467531505
18.2724	279.7782	108.698709	11	1.0	0.256467531505
18.7833	280.4478	108.747294	-1	0.0	0.616319725364
18.221	279.8128	108.825923	11	1.0	0.0
17.0845	283.9459	114.588877	2	0.321640670935	0.678359329065
19.0394	278.6634	117.22335	10	1.0	0.223323384997
18.8917	278.5967	117.676993	10	1.0	0.395149859129
10.0915	282.975	117.901314	-1	0.0	0.24495322644
18.4042	280.7121	119.285957	9	0.866059537928	0.133940462072
15.8357	280.1876	126.640006	3	1.0	0.0
18.501	279.2671	129.835231	13	1.0	0.0
18.5215	279.2354	129.908148	13	1.0	0.0
18.9705	279.6083	129.908453	-1	0.0	0.531658211144
18.7262	279.387	132.112954	-1	0.0	0.201473002376
18.7835	278.5476	134.375842	10	1.0	0.265550961934
18.8056	279.0036	135.36382	-1	0.0	0.0809637485317
18.7545	279.1333	135.405838	12	1.0	0.0
18.73	279.193	135.488666	12	1.0	0.0
18.7816	279.1923	135.750797	12	0.940073427572	0.0599265724276
18.1492	281.202	137.898906	-1	0.0	0.240226834266
8.786	283.4554	138.862207	4	0.386677552936	0.613322447064
18.8578	278.7784	141.894181	10	0.845740937119	0.154259062881
18.2823	279.4483	151.915484	11	0.421952115694	0.578047884306
18.3596	279.5739	153.22248	11	1.0	0.0
9.3577	273.7965	159.268331	0	1.0	0.0
9.336	273.7859	159.322487	0	1.0	0.0
9.1434	273.7985	159.322523	0	0.22822950302	0.77177049698
9.9491	284.5953	162.953379	6	0.499960473547	0.500039526453
9.9477	284.6837	162.953442	6	0.209734327503	0.790265672497
9.8094	284.4334	163.117207	6	1.0	0.0
10.1788	284.5622	163.180051	6	0.269801536207	0.730198463793
9.8106	284.4484	163.180071	6	1.0	0.0
9.8677	284.5668	163.73672	6	0.650687379839	0.349312620161
19.1645	278.9158	168.424143	10	1.0	0.0
19.3642	278.8271	168.468404	10	0.675656502397	0.324343497603
19.1143	278.7193	168.518651	10	0.874026730778	0.125973269222
19.177	278.9177	168.518745	10	1.0	0.0
19.3239	278.9502	168.555697	10	1.0	0.153936828513
19.1532	278.9445	168.58681	10	1.0	0.0
19.1681	278.8607	169.008436	10	1.0	0.00674064083022
19.1177	278.9006	169.02942	10	1.0	0.0922493969867
18.7645	278.5635	173.920884	10	1.0	0.252125578366
18.7548	278.552	173.965198	10	1.0	0.299168901463
18.7708	278.4914	174.001859	10	1.0	0.0
18.5131	278.5127	174.024793	-1	0.0	0.102068886012
18.352	279.5336	174.2049	11	1.0	0.107163633934
9.3023	283.4907	181.776723	4	1.0	0.0
9.2899	283.4495	182.075341	4	1.0	0.0
17.1168	279.0259	184.481047	7	0.137896984624	0.862103015376
19.0291	278.694	185.104176	10	1.0	0.140735846789
19.369	278.5264	185.156433	-1	0.0	0.145370379109
18.9817	278.747	185.19668	10	1.0	0.0
16.3457	277.7391	187.166044	7	0.494651611763	0.505348388237
18.7299	279.2053	187.486447	12	1.0	0.0
16.9611	278.0239	188.586247	7	0.364908549275	0.635091450725
16.6616	277.9957	189.008899	7	1.0	0.0
18.3206	279.6097	189.624569	11	1.0	0.0978828629549
9.4743	285.3481	193.388609	5	1.0	0.0
9.4082	285.2461	193.406409	5	0.941677311036	0.0583226889643
16.5354	278.5748	198.350043	7	0.137896984624	0.862103015376
18.0779	279.7114	208.310171	11	0.489207432382	0.510792567618
18.8832	277.7187	209.027773	-1	0.0	0.182160708102
15.7132	280.263	221.952693	3	0.818008409002	0.181991590998
18.678	279.1659	226.890831	12	1.0	0.0
19.2738	278.8739	226.923909	10	1.0	0.432830189189
18.3278	279.6716	229.092323	11	1.0	0.0
18.1923	279.5298	229.104895	11	0.598978158732	0.401021841268
19.0061	279.3085	229.585512	-1	0.0	0.0516922676943
18.2919	279.6636	229.743613	11	1.0	0.0
9.4828	280.0808	230.456811	1	1.0	0.0
9.7297	280.1609	230.456838	1	1.0	0.0
18.2866	280.4548	232.59345	8	1.0	0.0
18.4828	279.289	236.971313	13	0.680464359999	0.319535640001
18.9758	278.5694	248.994607	10	1.0	0.0218747224651
18.9975	278.6719	249.057676	10	1.0	0.140735846789
16.2943	277.6283	259.154586	7	0.282372751942	0.717627248058
19.1782	278.929	260.342959	10	1.0	0.144467685468
19.1527	278.9204	260.47027	10	1.0	0.14442472337
19.4837	278.9798	260.470414	10	0.5044809229	0.4955190771
19.1472	278.8896	260.712671	10	1.0	0.0649104201188
19.1453	278.9653	260.784547	10	1.0	0.306894595991
18.3974	279.6148	262.459006	11	0.908681263121	0.0913187368793
18.4584	279.6375	262.504648	11	0.908681263121	0.0913187368793
18.3042	279.6471	262.567198	11	1.0	0.0152084216782
18.2834	279.5999	262.639286	11	1.0	0.220018305631
18.6929	278.6097	273.641486	10	0.856475508917	0.143524491083
18.8472	278.4004	273.706325	10	0.830316738949	0.169683261051
18.7728	278.3859	273.782157	10	1.0	0.0
18.8542	278.6494	273.862849	10	1.0	0.0138974714055
18.7275	279.1155	275.205274	12	0.969169460031	0.0308305399693
18.1378	280.5559	276.11152	-1	0.0	0.0534172003882
18.2185	280.627	280.97836	9	0.557276500608	0.442723499392
18.1896	281.2212	294.732501	-1	0.0	0.267966522306
19.2127	278.8951	295.075976	10	1.0	0.190865180248
16.3588	277.8942	295.479356	7	0.890777215976	0.109222784024
16.7028	277.9192	295.519739	7	0.716180045343	0.283819954657
16.357	277.8253	295.606303	7	0.818448749087	0.181551250913
9.398	274.0141	298.691167	0	0.112331444506	0.887668555494
9.5664	273.7262	298.775015	0	0.20245810937	0.79754189063
8.8296	273.6246	298.800858	0	0.0842864180482	0.915713581952
9.46	273.8166	298.835485	0	0.402017002286	0.597982997714
18.2356	279.5162	307.469068	11	0.891141599078	0.108858400922
18.3403	279.5642	307.525101	11	1.0	0.0
18.3234	279.5812	307.572806	11	1.0	0.0
18.7761	279.9604	307.573149	-1	0.0	0.536165528038
18.762	278.467	311.59503	10	1.0	0.0
19.0082	278.5148	311.636311	10	0.965777521415	0.0342224785853
18.7626	278.3673	311.659659	10	1.0	0.0218278550115
18.7166	278.3848	312.047109	10	1.0	0.0
17.9723	279.8001	319.99716	11	0.340945288994	0.659054711006
19.1878	278.8987	328.449148	10	1.0	0.22055475592
18.1716	280.4338	330.614169	8	1.0	0.0
19.2592	279.1557	330.981213	-1	0.0	0.272968188331
18.321	279.598	337.241895	11	1.0	0.0
18.3055	279.5321	337.262915	11	1.0	0.338328948236
9.5967	285.5305	337.844193	5	0.72908784114	0.27091215886
9.3166	285.4296	337.908155	5	1.0	0.0
16.0146	280.5611	342.407111	3	0.382882592111	0.617117407889
18.7936	278.9844	350.202251	-1	0.0	0.189434488606
18.6573	279.025	350.228915	12	0.677967498855	0.322032501145
18.9191	279.1474	350.232324	-1	0.0	0.0879450478223
18.7134	278.3877	358.255095	10	1.0	0.0
19.08	278.5622	358.255248	10	1.0	0.0
18.7366	278.4397	358.271202	10	1.0	0.120450507725
18.7156	278.396	358.62386	10	1.0	0.0
18.7327	278.3492	358.821889	10	1.0	0.188816008845
9.2231	285.5036	360.06926	5	0.807666700051	0.192333299949
18.2911	279.6917	366.986701	11	1.0	0.129293231407
18.447	279.6741	367.092415	11	0.788652067005	0.211347932995
19.1713	278.9506	372.739236	10	1.0	0.0
19.333	278.9692	372.858954	10	1.0	0.137192175265
18.8494	278.688	388.170909	10	1.0	0.0555658062795
18.891	278.5739	388.246415	10	1.0	0.414415057385
18.9114	278.7585	388.265319	10	1.0	0.13191736352
19.1428	278.741	388.353972	10	0.715996697359	0.284003302641
18.8894	278.6898	388.452583	10	1.0	0.051254977773
19.0609	278.7424	402.428642	10	1.0	0.0303879522171
19.1117	278.8185	402.484146	10	1.0	0.0
18.9466	278.753	402.5203	10	1.0	0.043546579256
18.7592	279.2074	402.600349	12	0.980135326802	0.0198646731982
19.1334	278.8113	402.623018	10	1.0	0.0297691002046
18.6784	279.1709	402.644285	12	1.0	0.0
18.6907	279.0665	402.705344	12	0.73554334614	0.26445665386
18.9852	279.1565	402.739149	-1	0.0	0.072796195221
19.1201	278.8236	402.914955	10	1.0	0.0
19.1037	278.6592	403.175317	10	0.829447229002	0.170552770998
18.6999	279.0899	403.460955	12	0.800948563867	0.199051436133
19.6243	280.1943	403.467939	-1	0.0	0.249765417655
18.8072	278.4722	406.723436	10	1.0	0.305166298499
18.6911	278.3664	406.757503	10	1.0	0.0
18.8635	278.4311	406.80973	10	1.0	0.12295983261
18.7783	278.4806	406.880069	10	1.0	0.0
18.665	278.5163	407.085229	10	0.73720440995	0.26279559005
18.2458	279.7055	419.86321	11	1.0	0.522434740645
18.2992	279.7433	419.904582	11	1.0	0.316901207075
18.416	279.7164	419.937303	11	0.620329066687	0.379670933313
18.2113	279.732	420.036659	11	1.0	0.501199036882
18.2477	279.7967	420.54923	11	1.0	0.256467531505
18.5156	279.1369	420.796412	12	0.582682522909	0.417317477091
18.5196	279.2312	420.875044	13	1.0	0.0
18.4913	279.2345	420.944257	13	1.0	0.0
18.4619	279.3316	420.971545	13	0.456534140996	0.543465859004
18.1423	280.4697	422.28041	8	1.0	0.0
18.822	278.5678	428.392367	10	1.0	0.0
16.3829	277.8542	438.051348	7	0.810324888462	0.189675111538
16.6449	277.9515	438.051422	7	1.0	0.0
16.3458	277.9344	438.096823	7	0.890777215976	0.109222784024
19.1594	278.8989	452.338117	10	1.0	0.228045245337
19.1269	278.9435	452.437044	10	1.0	0.0
18.9514	278.8981	452.789362	10	0.512628742978	0.487371257022
18.274	279.6658	457.075423	11	1.0	0.107717053541
9.8521	284.4944	457.806873	6	1.0	0.0
15.6368	280.1106	458.510515	3	1.0	0.0
9.9048	285.2731	469.12526	5	0.538897782619	0.461102217381
8.7663	285.4542	469.223915	5	0.445185761857	0.554814238143
9.9378	284.0931	472.446722	6	0.153189744943	0.846810255057
9.9361	284.0304	472.680754	6	0.153189744943	0.846810255057
9.8297	284.13	472.784559	6	0.150334194474	0.849665805526
9.8093	283.9471	472.863901	6	0.132409022016	0.867590977984
9.7922	284.1549	472.863921	6	0.153189744943	0.846810255057
16.2145	277.9675	474.069406	7	0.565377300342	0.434622699658
16.2819	277.7976	474.146334	7	0.729634547539	0.270365452461
16.3948	278.001	474.146375	7	0.978851846397	0.021148153603
16.4784	277.6813	474.207809	7	0.363981581645	0.636018418355
16.3477	277.9843	474.207853	7	0.948763627582	0.0512363724176
9.4208	283.5527	481.852582	4	0.805051133231	0.194948866769
10.1564	284.304	481.852927	6	0.140998512539	0.859001487461
16.2799	277.8985	487.75233	7	0.810324888462	0.189675111538
19.0745	278.6685	488.915765	10	1.0	0.0126287468568
18.7844	278.4719	489.118877	10	1.0	0.0
18.7568	278.4806	489.138352	10	1.0	0.0
18.7149	278.4874	489.163196	10	1.0	0.107762570366
18.5437	278.2761	489.745804	-1	0.0	0.162515378611
18.9281	278.655	490.411775	10	1.0	0.172544409223
18.2372	280.47	492.527422	8	1.0	0.0
18.3527	279.6558	495.055595	11	1.0	0.0
18.2834	279.6582	495.078908	11	1.0	0.0
18.3433	279.6536	495.090007	11	1.0	0.0
18.3079	279.6911	495.147808	11	1.0	0.0104272061503
18.3325	279.562	495.215626	11	1.0	0.0
18.3068	279.5282	495.255219	11	0.981572131014	0.0184278689864
9.4396	279.9183	501.805108	1	0.844108667708	0.155891332292
16.5008	278.0085	507.820408	7	0.978851846397	0.021148153603
17.2314	277.6825	507.892891	7	0.145402381145	0.854597618855
18.3041	279.7951	543.10701	11	1.0	0.426273603656
18.2612	279.7539	543.603519	11	1.0	0.317650857875
18.2126	279.8103	543.757745	11	1.0	0.0
18.1292	279.7739	543.799588	11	0.830232593003	0.169767406997
9.3392	273.8083	554.867099	0	1.0	0.0
9.5219	274.0567	554.867136	0	0.0903863021325	0.909613697868
9.2922	273.7512	555.090404	0	0.435416289184	0.564583710816
9.0054	273.6849	555.121729	0	0.140586322977	0.859413677023
16.2881	277.8505	556.191904	7	0.890777215976	0.109222784024
19.1529	278.9592	564.750292	10	1.0	0.0
19.1305	278.94	564.813973	10	1.0	0.0
19.1241	278.9396	564.869525	10	1.0	0.136538519694
18.906	278.7151	567.082993	10	1.0	0.0266032147281
18.3512	279.6391	585.827918	11	1.0	0.0
18.3013	279.6906	585.883941	11	1.0	0.0678674676129
18.3011	279.6671	585.913648	11	1.0	0.0
18.35	279.6415	586.480603	11	1.0	0.0
18.3005	279.6265	586.640213	11	1.0	0.0449761596376
