1.095	118.2761	-0.000135	25	0.842609009307	0.157390990693
10.9312	124.433	-598.220537	13	1.0	0.0
-3.6076	116.3055	-594.130798	18	0.0795911225384	0.920408877462
-3.855	115.9677	-594.08581	-1	0.0	0.0729487294796
-2.7806	108.1688	-591.008427	3	0.129377708676	0.870622291324
-2.8112	113.2596	-590.536531	4	0.841356336628	0.158643663372
-2.6993	113.1906	-590.536499	4	0.866544302973	0.133455697027
9.4499	110.3154	-586.643474	-1	0.0	0.393181446703
10.4721	122.5368	-584.007812	23	1.0	0.0
10.279	122.4965	-583.840943	23	0.202125280228	0.797874719772
6.9991	120.78	-583.066042	-1	0.0	0.197040101622
-1.093	115.8926	-580.265547	-1	0.0	0.0668218386373
-3.9462	122.5041	-576.737183	21	0.783817588488	0.216182411512
-4.5179	121.6015	-576.384144	16	1.0	0.0
-2.612	107.9907	-574.432483	3	0.447484550161	0.552515449839
2.8542	110.2703	-571.471444	5	0.34387450755	0.65612549245
1.0967	117.8842	-570.843745	26	0.660617139131	0.339382860869
1.0915	118.2066	-570.676505	25	0.238041715348	0.761958284652
3.2185	119.8702	-570.675104	-1	0.0	0.101091541053
-3.433	110.2787	-562.554342	7	1.0	0.0
-3.4141	110.2787	-562.521727	7	1.0	0.0
-0.3554	117.3049	-562.263691	14	1.0	0.0
-2.6801	108.0339	-560.515221	3	0.381404681826	0.618595318174
-3.3931	116.9995	-558.486799	18	0.840878765203	0.159121234797
-3.4081	116.9927	-558.370237	18	0.666411489017	0.333588510983
-2.6329	107.9414	-552.246676	3	1.0	0.0
-3.5066	126.6357	-548.032891	1	1.0	0.0
10.489	122.5435	-540.204917	23	1.0	0.0
9.7969	122.6361	-535.079089	24	1.0	0.0
9.8134	122.5523	-535.021324	24	1.0	0.239285606833
9.8377	122.6064	-534.954653	24	1.0	0.0910548341433
9.7996	122.5741	-534.927713	24	1.0	0.0
9.7567	122.5846	-534.882662	24	1.0	0.239285606833
9.8335	122.5928	-534.754359	24	1.0	0.0
9.7915	122.6398	-534.662147	24	1.0	0.122671469267
9.8402	122.6128	-534.422289	24	1.0	0.0
-2.6405	107.8915	-531.718391	3	0.506427995134	0.493572004866
-5.2876	122.4323	-525.977762	20	1.0	0.0
-3.8323	115.9637	-525.800961	-1	0.0	0.0501983526606
-5.2997	122.4496	-525.598568	20	1.0	0.0
-2.6249	107.9398	-525.480816	3	1.0	0.0
2.8427	112.4999	-516.660349	0	1.0	0.0
-3.4441	110.2905	-512.9875	7	1.0	0.0
2.0961	110.1204	-511.305407	5	0.953153442184	0.0468465578158
9.9598	123.9339	-499.294237	13	0.108272180991	0.891727819009
-2.6884	107.9366	-498.83715	3	1.0	0.0460854121094
-5.2824	122.4152	-495.655568	20	1.0	0.0
-5.2404	122.4194	-495.585918	20	1.0	0.0
1.536	117.1018	-489.652112	-1	0.0	0.174226356643
-2.7147	107.9334	-488.270739	3	0.799078216879	0.200921783121
-4.3234	118.0081	-484.461531	15	1.0	0.0
-2.6333	107.9387	-482.934698	3	1.0	0.0
1.1051	118.3271	-481.76775	25	0.32484094246	0.67515905754
10.4325	122.5563	-478.34544	23	0.802432407964	0.197567592036
10.3759	122.5286	-478.304484	23	0.345153201032	0.654846798968
10.4962	122.4491	-478.206516	23	0.230953050337	0.769046949663
-1.3727	121.2937	-475.326414	27	1.0	0.0
-2.6332	107.9351	-467.571426	3	1.0	0.0
-3.8914	122.5357	-463.219813	21	0.480172153914	0.519827846086
6.2545	116.5424	-455.151373	9	1.0	0.0
-2.6302	108.0115	-440.01805	3	0.522699024503	0.477300975497
-1.6205	110.0357	-438.848903	7	0.0873228218836	0.912677178116
10.5253	122.5773	-435.986847	23	0.385011718772	0.614988281228
-4.1498	117.95	-430.911239	15	0.480291037452	0.519708962548
-0.8067	109.4587	-430.682984	6	1.0	0.0
-0.7636	109.5309	-430.682966	6	1.0	0.0
-2.8895	107.8823	-429.780451	3	0.126294022621	0.873705977379
9.7352	122.6297	-425.292914	24	0.880488468681	0.119511531319
1.0687	118.2832	-425.223049	25	0.842609009307	0.157390990693
0.9816	118.2611	-425.111871	25	0.337341800647	0.662658199353
-3.4221	110.2714	-424.743942	7	1.0	0.0
-4.5521	121.6307	-415.28799	16	0.904189558035	0.095810441965
-4.5299	121.5679	-415.256978	16	0.931443086114	0.0685569138862
-4.4776	121.6003	-415.040678	16	1.0	0.0
-4.511	121.6284	-414.920402	16	1.0	0.0
-2.646	107.9173	-414.728749	3	0.816299346796	0.183700653204
-2.6591	107.8954	-414.648189	3	0.613285991625	0.386714008375
10.9583	124.4112	-409.080735	13	0.992820546286	0.00717945371448
-2.6431	108.0289	-401.877187	3	0.522699024503	0.477300975497
-2.6199	107.4852	-394.085441	2	1.0	0.0
-5.3163	122.3293	-392.469793	20	0.616331805316	0.383668194684
10.5099	122.5084	-388.07853	23	0.65515921751	0.34484078249
-2.698	107.9491	-382.733088	3	1.0	0.0466458782765
0.6448	123.4692	-374.836454	-1	0.0	0.202763093496
1.0467	118.2633	-372.686238	25	0.93309038353	0.0669096164699
-1.5498	121.1176	-370.4591	27	1.0	0.0
10.5056	122.5413	-368.64765	23	1.0	0.0
9.9353	123.9158	-367.563384	13	0.110111844239	0.889888155761
-2.6818	107.9129	-366.125096	3	0.766269530959	0.233730469041
1.0987	118.5157	-364.431663	-1	0.0	0.216383258503
2.2685	110.0499	-363.835119	5	0.953153442184	0.0468465578158
-3.9966	122.5003	-357.693693	21	0.68359649737	0.31640350263
10.3342	123.7866	-352.899292	13	0.108272180991	0.891727819009
6.3228	116.5235	-347.36449	9	1.0	0.0
-4.3158	117.9608	-345.164581	15	1.0	0.0
-3.2385	126.7034	-331.053096	1	1.0	0.0
10.8096	123.8828	-330.960098	13	0.1048142736	0.8951857264
10.8925	124.4574	-330.875712	13	0.835872564348	0.164127435652
10.7966	124.3745	-319.007969	13	0.342662668625	0.657337331375
7.9034	122.6925	-318.479155	12	0.268595227516	0.731404772484
7.8869	122.7115	-318.427463	12	0.351430807795	0.648569192205
-2.676	107.9316	-318.409077	3	1.0	0.0
-2.7412	108.0159	-318.291611	3	0.334658188518	0.665341811482
-2.6565	107.8855	-318.214927	3	0.423928867525	0.576071132475
1.1017	118.3008	-316.793795	25	0.477863273839	0.522136726161
1.2278	118.5631	-316.793685	-1	0.0	0.393821982303
1.0663	118.2726	-316.604746	25	1.0	0.0
-3.1402	115.6376	-314.755469	19	0.881231918008	0.118768081992
10.5318	122.6493	-308.866313	23	0.151218018539	0.848781981461
10.4803	122.5409	-308.774807	23	1.0	0.0
-1.574	121.0794	-297.678629	27	0.838333785019	0.161666214981
10.9303	124.4621	-288.77054	13	0.897176357889	0.102823642111
10.3288	123.8369	-288.708029	13	0.115162151959	0.884837848041
-1.4579	119.3998	-284.946817	22	1.0	0.0
-1.3748	119.6118	-284.946741	22	1.0	0.0
0.9908	121.1562	-284.057061	17	0.34213751509	0.65786248491
-1.2896	113.5557	-283.181329	4	0.866544302973	0.133455697027
-2.6359	108.0063	-277.335576	3	0.522699024503	0.477300975497
2.9482	112.7314	-275.108812	0	0.297050977469	0.702949022531
-2.2371	110.2887	-272.424882	7	0.0957531022464	0.904246897754
-2.6899	107.8967	-265.574985	3	0.635902325645	0.364097674355
-2.639	107.9655	-265.4907	3	0.601007884529	0.398992115471
-4.51	121.5677	-262.621784	16	0.961320922454	0.038679077546
1.7931	109.8244	-262.320278	5	1.0	0.0
1.7594	109.5842	-262.320256	5	0.70796074649	0.29203925351
-3.9507	122.4997	-260.477073	21	0.794418157029	0.205581842971
7.9622	122.9717	-256.280499	12	0.144229036513	0.855770963487
7.2869	122.237	-256.240317	12	0.0410831806495	0.958916819351
7.6688	122.7076	-256.200301	12	0.18981554375	0.81018445625
7.234	122.1275	-256.124082	12	0.0336834560882	0.966316543912
7.8968	122.78	-256.123444	12	1.0	0.0
7.8343	122.8237	-256.055797	12	1.0	0.0
-2.5222	112.4907	-255.333532	4	1.0	0.0
10.4405	122.5594	-254.308437	23	0.745922098894	0.254077901106
10.4594	122.5459	-254.215967	23	0.904695951551	0.0953040484488
10.4543	122.5423	-254.131906	23	0.779677904006	0.220322095994
10.5061	122.5124	-254.057583	23	0.777374050275	0.222625949725
10.4584	122.5661	-253.875047	23	0.577102575588	0.422897424412
-0.8228	109.4248	-253.057388	6	1.0	0.0
5.9387	125.3086	-246.935124	8	1.0	0.0
5.9949	125.4385	-246.935025	8	1.0	0.0
2.3146	110.0889	-245.623908	5	0.953153442184	0.0468465578158
1.0627	118.2507	-241.019233	25	0.843759014542	0.156240985458
0.4188	117.6189	-240.90133	-1	0.0	0.673429864175
1.0839	118.2752	-240.900968	25	0.991464490712	0.00853550928775
1.1094	118.3385	-240.887926	25	0.25010543881	0.74989456119
1.0319	118.1801	-240.845434	25	0.156401472287	0.843598527713
-3.353	117.0118	-239.973681	18	1.0	0.0
-3.3449	117.0245	-239.764174	18	1.0	0.0
-3.3264	117.0258	-239.656128	18	1.0	0.0
5.0241	118.7179	-239.372829	10	0.154329581541	0.845670418459
10.4059	122.5476	-235.294053	23	0.565801284753	0.434198715247
2.8948	112.4832	-233.033377	0	1.0	0.0
2.9238	112.4987	-232.950492	0	1.0	0.0
10.9391	124.4359	-232.573136	13	0.982972197414	0.0170278025864
9.8895	122.5156	-232.275389	24	1.0	0.0
-2.0745	120.5146	-231.454114	22	0.640280920149	0.359719079851
-1.317	121.2791	-231.453684	27	1.0	0.0
-4.0713	122.4545	-231.091391	21	0.497769272196	0.502230727804
-3.4185	110.3154	-225.880171	7	1.0	0.0
-3.125	115.6017	-222.584392	19	1.0	0.0
10.3733	122.545	-219.779567	23	0.425830372655	0.574169627345
10.9332	124.4056	-209.563108	13	0.952305749439	0.0476942505614
10.7292	124.3059	-209.390047	13	0.201690585528	0.798309414472
-2.697	107.9245	-208.399273	3	1.0	0.0782349907895
10.3751	119.0035	-207.2799	-1	0.0	0.142673233214
10.4038	119.0948	-207.27984	-1	0.0	0.146367330611
1.072	118.2586	-206.248392	25	1.0	0.0
7.9381	122.8606	-204.631361	12	0.434131159044	0.565868840956
7.8504	122.7438	-204.585702	12	0.594749215592	0.405250784408
7.8968	122.774	-204.514166	12	1.0	0.0
-0.4958	109.2755	-197.951591	6	1.0	0.0
-4.43	118.0398	-196.498082	15	0.667442191104	0.332557808896
2.2817	110.0849	-189.909493	5	0.953153442184	0.0468465578158
-3.0365	111.8482	-187.135205	4	1.0	0.0
-3.8664	122.4318	-181.740757	21	1.0	0.0
-2.4508	110.3206	-179.703088	7	0.0957531022464	0.904246897754
6.2588	116.5923	-179.213424	9	1.0	0.0
7.9143	122.8568	-177.551603	12	0.580358540247	0.419641459753
7.8375	122.819	-177.481383	12	1.0	0.0195662097428
7.8984	124.5309	-176.928742	-1	0.0	0.263123673134
7.9843	124.466	-176.928683	-1	0.0	0.217410933609
10.5058	122.5446	-175.783113	23	1.0	0.0
9.976	122.1054	-175.728756	-1	0.0	0.737656284197
-2.665	108.0186	-172.306822	3	0.522699024503	0.477300975497
-3.9069	122.8278	-165.449796	21	0.0997965786446	0.900203421355
-2.5288	107.453	-156.117574	2	1.0	0.0
-4.5271	121.5985	-151.532347	16	1.0	0.0
10.7841	123.8944	-148.964861	13	0.109298324765	0.890701675235
10.2736	123.685	-148.643924	13	0.0881132104049	0.911886789595
0.2239	117.2392	-148.127349	14	1.0	0.0
0.4422	117.1367	-148.127283	14	1.0	0.0
-3.5784	116.7128	-146.723382	18	0.106432902228	0.893567097772
-2.8573	117.1339	-146.723269	18	0.119834518662	0.880165481338
9.7102	123.9165	-146.699949	13	0.0803481803753	0.919651819625
-3.6416	116.7717	-146.565647	18	0.123557424778	0.876442575222
-2.6733	107.9997	-146.247057	3	0.520390239277	0.479609760723
10.4314	122.4663	-142.835469	23	0.262820667034	0.737179332966
-3.91	122.4302	-142.151825	21	1.0	0.0
-3.3007	117.0303	-140.230613	18	1.0	0.0
1.4049	110.0255	-131.67012	5	0.555047948598	0.444952051402
1.2806	109.7807	-131.670096	5	0.586638582367	0.413361417633
-3.8354	122.4454	-124.962352	21	0.77336788247	0.22663211753
1.1087	118.2393	-121.784547	25	0.372467909655	0.627532090345
1.1282	118.33	-121.784504	25	0.276049127285	0.723950872715
0.992	118.3202	-121.72991	25	0.223975501996	0.776024498004
0.9783	118.3232	-121.712636	25	0.202723092331	0.797276907669
1.0862	118.2895	-121.694273	25	0.877861686395	0.122138313605
-2.6761	107.9436	-118.394223	3	1.0	0.025654002717
9.9056	122.5254	-115.514996	24	1.0	0.0
5.6635	115.9397	-109.120158	9	0.349322929395	0.650677070605
6.329	116.496	-109.11971	9	1.0	0.0
5.9949	116.3986	-109.082476	9	1.0	0.0
9.8762	121.9751	-101.572375	-1	0.0	0.790205166945
10.1798	122.5729	-101.571999	24	0.43659680562	0.56340319438
-4.5095	121.6015	-98.369246	16	1.0	0.0
-4.317	118.0086	-91.865154	15	1.0	0.0
-4.3093	117.9979	-91.827583	15	1.0	0.0
-2.5257	107.6225	-91.587785	2	1.0	0.0
-2.5645	107.4335	-91.587771	2	1.0	0.0
-2.8531	108.1656	-89.269652	3	0.101941781868	0.898058218132
-1.7451	119.4295	-88.041062	22	1.0	0.0
-3.4275	115.4312	-86.479679	19	0.265717094068	0.734282905932
6.0411	125.3	-81.113107	8	1.0	0.0
10.8656	124.4284	-80.523972	13	0.774318097711	0.225681902289
10.9484	124.3744	-80.40496	13	0.812295232072	0.187704767928
-2.4137	121.6567	-74.169444	28	0.784512026199	0.215487973801
-2.6718	107.9239	-73.802195	3	1.0	0.0741021914524
-2.688	107.9125	-73.525867	3	0.808440055308	0.191559944692
7.897	122.7801	-73.044354	12	1.0	0.0
7.9035	122.7776	-72.994818	12	1.0	0.0
7.9089	122.8248	-72.963791	12	0.654230753087	0.345769246913
7.8825	122.775	-72.782354	12	1.0	0.0
7.8344	122.8332	-72.738404	12	1.0	0.0
-3.9513	122.458	-67.106339	21	0.946828520845	0.0531714791551
-3.8578	115.9224	-59.158379	18	0.0795911225384	0.920408877462
-5.2752	119.4054	-54.527232	-1	0.0	0.0695013142164
2.2537	109.9835	-53.505293	5	0.953153442184	0.0468465578158
1.6152	109.6101	-39.097391	5	0.743855500658	0.256144499342
-3.3621	110.3767	-34.778593	7	0.422463633047	0.577536366953
-3.8535	122.4422	-31.554814	21	1.0	0.0
-1.8325	124.7935	-29.779519	-1	0.0	0.0680482168486
7.8563	122.8358	-29.002781	12	1.0	0.0
7.8611	122.8289	-28.963629	12	1.0	0.0418738049188
7.85	122.7903	-28.777968	12	1.0	0.528636853774
7.8312	122.8328	-28.616429	12	1.0	0.0
-1.2429	116.3067	-26.078048	-1	0.0	0.148028911514
-2.6404	108.0991	-26.004869	3	0.319701196511	0.680298803489
9.9032	122.519	-25.39601	24	1.0	0.0
9.8931	122.4942	-25.344706	24	1.0	0.0
9.783	122.5493	-25.312968	24	0.941697381413	0.0583026185869
9.9385	122.5351	-25.253025	24	1.0	0.0762038948233
-2.6869	108.0864	-20.577311	3	0.268724235422	0.731275764578
10.5125	122.597	-12.563224	23	0.262742239372	0.737257760628
1.7208	109.627	-4.237452	5	0.892782713237	0.107217286763
1.5852	109.8915	-4.02043	5	0.981905173022	0.0180948269777
9.7248	125.4177	-0.216713	-1	0.0	0.213153378843
1.095	118.2761	-0.000135	25	0.842609009307	0.157390990693
1.6307	117.0862	0.184552	-1	0.0	0.24121287186
-2.6832	107.9362	2.740971	3	1.0	0.0
-1.2686	121.3325	4.306408	27	0.95688308664	0.04311691336
0.4633	117.1669	12.473741	14	1.0	0.0
0.4716	117.1347	12.553649	14	1.0	0.0
-5.3238	119.3911	19.725845	-1	0.0	0.0660944744538
1.1979	117.9424	38.522576	26	0.847004918761	0.152995081239
1.1715	117.9269	38.580805	26	1.0	0.0
7.9136	122.7918	54.81156	12	1.0	0.551375665017
7.8867	122.771	54.850489	12	1.0	0.0857108119661
7.9131	122.7702	54.900143	12	1.0	0.30941067109
-4.3192	118.0099	55.073775	15	1.0	0.0
7.8697	122.7997	55.213855	12	1.0	0.335909215577
7.9039	122.8657	55.213913	12	0.51030442111	0.48969557889
7.8804	122.7795	55.480723	12	1.0	0.0253791981603
7.8619	122.7855	55.568041	12	1.0	0.368185807466
5.0287	118.7636	61.253899	10	0.179639755185	0.820360244815
5.007	118.7565	61.37601	10	0.17320096039	0.82679903961
-3.5069	116.6709	69.936	18	0.0961672188218	0.903832781178
1.009	121.1408	73.764653	17	0.328633625114	0.671366374886
0.3403	120.5713	73.766892	-1	0.0	0.00337394356179
-2.6772	107.9475	76.423796	3	1.0	0.0
-4.1737	122.3601	80.066863	21	0.221223189591	0.778776810409
-3.9335	122.4593	80.066896	21	1.0	0.0
-3.958	122.421	80.094302	21	0.815935947249	0.184064052751
-3.9408	122.5994	80.140215	21	0.318712357964	0.681287642036
-3.966	122.47	80.250747	21	0.96637448984	0.0336255101596
-2.4174	121.6463	90.043623	28	0.513243804929	0.486756195071
-2.3813	110.3147	93.221715	7	0.0932024771739	0.906797522826
-2.6877	107.9698	96.522132	3	1.0	0.0844185238776
10.9327	124.4069	100.53766	13	1.0	0.0
10.3852	122.5132	108.961341	23	0.344253662814	0.655746337186
-3.3279	117.0192	114.200197	18	1.0	0.0
-3.0545	107.9433	127.652453	3	0.0751196393225	0.924880360678
9.8334	122.6089	136.017488	24	1.0	0.0
10.8492	124.1148	136.845647	13	0.130087717977	0.869912282023
10.9583	124.362	136.845791	13	0.574717746794	0.425282253206
10.9297	124.3893	137.041586	13	1.0	0.0
-3.1299	115.61	139.792611	19	1.0	0.0
1.1763	117.9904	142.020134	26	0.488185740112	0.511814259888
1.7689	109.7822	147.242763	5	1.0	0.0
0.6548	122.3474	149.000781	17	0.184219520632	0.815780479368
-2.4653	121.6843	154.382965	28	0.435504297547	0.564495702453
2.9407	112.452	156.443822	0	1.0	0.0
-2.6691	107.9618	163.810859	3	1.0	0.0474839655319
-2.4375	121.6695	164.942569	28	1.0	0.0
-2.4341	121.6132	165.132702	28	0.253499020041	0.746500979959
5.2685	119.0143	167.40194	10	1.0	0.0
5.2987	119.1441	167.423117	10	0.435493303271	0.564506696729
5.273	119.0327	167.605586	10	1.0	0.0
-2.3889	121.6775	169.545801	28	0.452924142404	0.547075857596
6.0642	125.3489	170.66658	8	1.0	0.0
-2.6785	107.9576	175.008549	3	1.0	0.0
-3.2537	126.7457	176.044004	1	1.0	0.0
4.5419	117.7129	182.293143	11	1.0	0.0
4.7443	117.7513	182.293243	11	1.0	0.0
4.7823	117.771	182.340267	11	1.0	0.0
4.7011	117.7991	182.525343	11	1.0	0.0
4.7715	117.7462	182.591528	11	1.0	0.0
-2.4347	121.6666	186.42056	28	1.0	0.0
-2.4575	121.7235	186.51689	28	0.261749516011	0.738250483989
-1.2792	113.5695	189.785393	4	0.859125625469	0.140874374531
-1.2713	113.5468	189.852336	4	0.866544302973	0.133455697027
-2.6963	107.8568	193.174681	3	0.287270650853	0.712729349147
1.2402	117.8681	196.219982	26	0.701451530676	0.298548469324
10.5184	122.529	210.114699	23	0.817692976366	0.182307023634
-2.7273	107.9842	211.331265	3	0.394302856168	0.605697143832
-2.4651	121.5915	213.866461	28	0.16160395558	0.83839604442
-2.4231	121.662	214.07368	28	1.0	0.0
7.5163	112.2144	225.312293	-1	0.0	0.0524599908065
-2.5823	108.0716	232.185833	3	0.316700795678	0.683299204322
1.0929	118.0917	232.832192	25	0.0852034119604	0.91479658804
7.4144	122.2192	234.053893	12	0.0413747174551	0.958625282545
1.7435	109.7023	237.067727	5	1.0	0.0
-3.0116	109.7426	241.187293	7	0.0747311133997	0.9252688866
-2.6845	107.9587	242.853384	3	1.0	0.0
8.3396	114.8995	244.489709	-1	0.0	0.034220733046
-2.3967	121.7431	246.268455	28	0.211260749681	0.788739250319
-5.2993	122.3855	249.905228	20	1.0	0.0
10.5061	122.5077	253.533987	23	0.621192291851	0.378807708149
10.5167	122.5563	253.587003	23	0.663895243334	0.336104756666
10.9461	124.3783	256.108535	13	0.929932684369	0.0700673156309
-2.4371	121.6709	256.516589	28	1.0	0.0
-2.4403	121.6186	256.629399	28	0.280655220298	0.719344779702
5.2895	119.0747	266.743168	10	0.858502964745	0.141497035255
5.2747	119.0183	266.843438	10	1.0	0.0
5.1871	119.0235	266.865667	10	1.0	0.0
2.9924	112.5235	267.286161	0	0.960319678381	0.0396803216193
-1.1448	122.0792	267.3213	-1	0.0	0.13544420678
-3.251	126.7291	273.085522	1	1.0	0.0
-3.1239	115.5594	277.242115	19	1.0	0.0
9.9274	122.6014	278.383936	24	0.984670548628	0.0153294513721
9.9999	122.5742	278.462201	24	0.643884560481	0.356115439519
0.6923	121.753	284.183454	17	0.640036386926	0.359963613074
10.873	124.3045	285.217294	13	0.325960276943	0.674039723057
10.8449	124.4771	294.070911	13	0.572008025031	0.427991974969
10.7298	123.9353	294.212835	13	0.115162151959	0.884837848041
10.8967	124.4463	294.21313	13	1.0	0.0
10.9035	124.5069	294.406416	13	0.430129771525	0.569870228475
9.8791	122.5184	307.437233	24	1.0	0.0
1.05	118.263	310.933274	25	1.0	0.0
1.9285	118.7598	310.933724	-1	0.0	0.229663545511
1.0634	118.2677	310.993204	25	1.0	0.0
0.9589	118.2585	311.129858	25	0.258743655619	0.741256344381
1.0562	118.2597	311.225158	25	1.0	0.0
-2.3865	121.6988	314.821488	28	0.291495184515	0.708504815485
-2.6408	107.937	315.741004	3	1.0	0.0
-2.4252	110.254	316.124774	7	0.0957531022464	0.904246897754
1.1728	117.9136	318.29684	26	1.0	0.0
1.2523	117.8793	318.39242	26	0.716615484891	0.283384515109
1.2135	117.8771	318.469957	26	1.0	0.0
1.1587	117.9027	318.891976	26	1.0	0.0
7.8676	122.7718	319.142043	12	1.0	0.366612491805
7.8341	122.8276	319.157569	12	1.0	0.0
7.7695	122.8642	319.157637	12	0.401612060244	0.598387939756
7.6395	122.6777	319.183099	12	0.161621798881	0.838378201119
7.8455	122.7802	319.190955	12	1.0	0.498305940549
7.8537	122.8135	319.254904	12	1.0	0.131585688895
7.7135	122.7236	319.322248	12	0.239152191844	0.760847808156
-1.5299	121.1706	327.88263	27	1.0	0.0
-2.6349	107.9248	339.444466	3	1.0	0.0
-2.6956	107.9711	339.719044	3	0.800539260406	0.199460739594
0.5209	121.4858	341.396106	17	1.0	0.0
-2.5096	121.6707	344.453016	28	0.300389950494	0.699610049506
-2.3912	121.7257	344.914118	28	0.234923661816	0.765076338184
-3.4062	117.0579	346.96902	18	0.582055785625	0.417944214375
10.8877	124.437	353.497169	13	1.0	0.0
-3.0454	118.7665	355.223286	-1	0.0	0.0106804767059
-2.6489	107.9827	356.37538	3	0.603370010968	0.396629989032
2.986	112.4863	359.901613	0	1.0	0.0
10.467	122.4959	362.258237	23	0.431881053497	0.568118946503
10.5053	122.5212	362.293624	23	0.817692976366	0.182307023634
10.5313	122.5369	362.352841	23	0.671850273635	0.328149726365
10.5748	122.724	362.394748	-1	0.0	0.352812994924
5.2439	118.9634	362.463046	10	0.689547193761	0.310452806239
5.181	119.071	362.466819	10	0.813828537267	0.186171462733
10.3459	122.4785	362.830525	23	0.263196959059	0.736803040941
-4.1278	117.9483	363.698826	15	0.437037229823	0.562962770177
-3.5174	115.1492	379.962637	-1	0.0	0.114648714553
5.9349	125.4547	389.710606	8	1.0	0.0
-2.7671	112.0825	390.492472	4	1.0	0.0
-1.2113	113.5168	390.78327	4	0.851108639144	0.148891360856
-2.6816	107.9574	392.351845	3	1.0	0.0
10.7434	121.8137	399.728169	-1	0.0	0.831452223639
9.9539	121.025	399.768574	-1	0.0	0.17879364407
10.6868	121.8113	399.769294	-1	0.0	0.83078918713
1.2285	109.6956	404.312591	5	0.548480789542	0.451519210458
-2.3819	121.7962	407.540022	28	0.11625603959	0.88374396041
-2.4291	121.6616	407.589488	28	1.0	0.0
-2.6995	108.1336	414.376259	3	0.187913836061	0.812086163939
-2.7065	112.1423	432.267526	4	1.0	0.0
-2.8186	112.0636	432.362815	4	1.0	0.0
-2.6034	108.0854	434.864151	3	0.306077247864	0.693922752136
-2.6383	107.9643	434.864164	3	0.603370010968	0.396629989032
-3.9158	122.4321	435.301065	21	1.0	0.0
-3.0878	115.5664	440.489087	19	1.0	0.0
-3.2181	115.5957	440.524188	19	0.923015049703	0.0769849502972
9.6073	122.4956	442.629117	-1	0.0	0.130577042221
-1.1762	122.0257	443.16715	-1	0.0	0.0857746251097
0.7401	121.5612	448.616707	17	1.0	0.0
-2.6438	108.0706	455.638531	3	0.411322586623	0.588677413377
-2.9441	108.0014	456.000166	3	0.104740664773	0.895259335227
5.1983	119.0481	460.166776	10	1.0	0.0
9.8188	123.4595	468.17594	13	0.0568880800272	0.943111919973
1.7493	109.8987	479.460237	5	1.0	0.0
1.9215	110.0675	479.460277	5	0.803662909629	0.196337090371
1.9053	109.9047	479.516641	5	1.0	0.0
1.9673	110.0169	479.516652	5	0.953153442184	0.0468465578158
0.738	121.5769	483.120996	17	1.0	0.0
0.7479	121.5761	483.121026	17	1.0	0.0
-1.2751	121.3096	487.073778	27	1.0	0.0
-1.9656	119.5048	490.834552	22	1.0	0.0
-1.1947	119.844	490.834795	22	1.0	0.0
1.3925	109.8306	502.863886	5	0.733974893153	0.266025106847
-2.6326	108.04	504.813411	3	0.448579769011	0.551420230989
-2.6579	107.9318	504.912658	3	1.0	0.0862812035308
0.937	117.8156	508.384991	-1	0.0	0.0232868923151
-3.4545	115.3354	514.571	19	0.189721578772	0.810278421228
-3.6394	115.3732	514.582138	19	0.172356968791	0.827643031209
7.9147	122.7506	520.394118	12	0.75805106257	0.24194893743
-0.7982	109.486	546.675384	6	1.0	0.0
1.0398	118.2881	546.876003	25	0.53436310406	0.46563689594
-2.538	107.4342	549.02907	2	1.0	0.0
10.7048	124.2792	559.465348	13	0.170238714602	0.829761285398
-3.288	115.6386	559.771864	19	0.5898886241	0.4101113759
9.4973	123.8356	565.203478	13	0.0634404857373	0.936559514263
-2.716	107.9257	566.430463	3	0.664656658007	0.335343341993
0.7412	121.5277	567.041255	17	1.0	0.0
1.2226	117.9312	572.002594	26	0.875834247077	0.124165752923
1.1634	117.9	572.016659	26	1.0	0.0
10.8004	124.4356	585.093692	13	0.520201973193	0.479798026807
-3.4408	126.9604	591.742437	1	1.0	0.0
-3.051	115.5976	594.965876	19	1.0	0.0
-2.6297	107.9149	597.881747	3	0.581130068346	0.418869931654
