-20.0522	121.2726	0.000414	7	0.156477813061	0.843522186939
-16.0315	125.1676	-598.488851	33	1.0	0.0
-17.052	124.963	-597.498269	36	1.0	0.264428455906
-15.8117	125.1836	-597.461388	-1	0.0	0.113371032481
-19.6086	123.1394	-596.916826	5	0.640161887344	0.359838112656
-17.0615	124.9416	-593.388519	36	1.0	0.192813331969
-17.044	124.8474	-591.716924	36	1.0	0.0
-16.5455	125.2008	-589.373626	24	1.0	0.430879973043
-25.4722	127.3877	-589.270168	12	0.670037805326	0.329962194674
-16.6082	125.1373	-589.210551	24	0.77818053993	0.22181946007
-16.637	125.0724	-589.114002	24	0.610220471578	0.389779528422
-19.0406	125.714	-588.532515	-1	0.0	0.0484336879795
-19.0385	125.842	-588.532415	21	1.0	0.0
-18.9711	125.809	-588.078675	21	1.0	0.0
-17.0268	124.9035	-587.393945	36	1.0	0.0
-16.9408	124.9529	-587.063946	36	1.0	0.0
-16.9396	124.9275	-586.959816	36	1.0	0.21011213709
-17.9905	125.3577	-585.864594	20	0.441103921091	0.558896078909
-19.5093	123.1555	-584.952098	5	1.0	0.0
-18.6268	125.5988	-582.190308	26	1.0	0.0
-17.8868	126.032	-582.189793	-1	0.0	0.49838771693
-18.5678	125.612	-582.152653	26	0.804274230315	0.195725769685
-17.1879	125.0584	-582.111898	36	1.0	0.0
-18.5967	125.6258	-582.084901	26	0.805863210381	0.194136789619
-18.645	125.5544	-582.010415	26	1.0	0.0140984620287
-18.6672	125.5884	-581.950946	26	0.681386255274	0.318613744726
-18.636	125.5916	-581.897492	26	1.0	0.211135024671
-18.3536	125.753	-581.897289	-1	0.0	0.196765911735
-18.6284	125.6139	-581.894097	26	1.0	0.150238104968
-18.6295	125.6282	-581.806834	26	0.946804049015	0.0531959509852
-18.6354	125.6071	-581.806804	26	1.0	0.0
-17.0767	124.9522	-581.383102	36	1.0	0.0
-25.3088	126.912	-581.009332	16	0.647775639922	0.352224360078
-23.3052	117.6941	-580.198692	15	0.43438937796	0.56561062204
-23.3244	117.8177	-579.721244	15	0.277385016872	0.722614983128
-23.4252	117.6381	-579.245334	15	1.0	0.0
-18.0308	125.0935	-579.151214	20	1.0	0.0
-17.1127	124.9988	-578.882303	36	1.0	0.179270358498
-16.0888	124.8595	-576.770176	-1	0.0	0.00786432573162
-16.0258	125.1663	-576.770005	33	1.0	0.0
-16.088	125.1298	-576.756772	32	0.891024334393	0.108975665607
-16.0293	125.1641	-576.149361	33	0.964155092023	0.0358449079768
-16.5366	125.2178	-572.445248	24	1.0	0.430879973043
-16.5865	125.2415	-572.347209	24	0.836912818475	0.163087181525
-14.1798	121.4113	-572.263239	1	0.0360283363565	0.963971663644
-21.7912	120.7154	-572.17134	-1	0.0	0.165650192062
-16.5704	125.2552	-572.16713	24	0.979489620414	0.0205103795858
-17.0825	124.8605	-571.81115	36	1.0	0.214250095728
-17.0624	124.9054	-571.65062	36	1.0	0.00861540822641
-17.0405	124.8204	-570.286845	36	1.0	0.00617129018434
-17.0473	124.9276	-569.781867	36	1.0	0.00388761273855
-17.6517	124.9349	-569.011872	-1	0.0	0.10757764088
-16.9522	124.9841	-567.439649	36	1.0	0.163265214365
-16.9607	124.9539	-567.337541	36	1.0	0.0
-16.947	124.951	-567.273965	36	1.0	0.0
-17.0661	124.7239	-567.195798	36	0.999513912123	0.000486087876646
-16.9537	124.9557	-567.195657	36	1.0	0.0
-21.7575	120.2155	-567.00095	4	1.0	0.0
-16.9878	124.9301	-566.91071	36	1.0	0.0882410430112
-16.7502	124.9134	-566.910607	-1	0.0	0.108223141903
-16.9771	124.9778	-566.656155	36	1.0	0.0397418213797
-18.0173	125.2223	-565.92647	20	1.0	0.271422719821
-17.9341	125.1717	-565.210086	20	1.0	0.171358588554
-16.5788	125.0098	-563.917648	24	0.941801630024	0.0581983699761
-18.6168	125.5598	-563.339822	26	1.0	0.293598330074
-18.6187	125.5362	-563.254484	26	1.0	0.441182645489
-18.5903	125.6209	-562.846205	26	1.0	0.219251122545
-26.3231	117.0339	-561.086257	-1	0.0	0.029634506767
-18.0039	125.3171	-560.227743	20	0.780939625308	0.219060374692
-23.4092	117.7285	-558.12152	15	0.807580840463	0.192419159537
-17.4978	125.052	-557.986571	35	0.99494069295	0.00505930705019
-23.5901	118.8287	-556.056492	2	1.0	0.0
-16.0509	125.1512	-555.515327	32	1.0	0.0
-17.147	125.0779	-553.261867	36	0.981164181027	0.0188358189732
-17.1624	125.0857	-553.193489	36	0.989206996902	0.0107930030981
-17.172	125.0247	-552.985147	36	1.0	0.0355478805798
-17.1634	125.0711	-552.985097	36	1.0	0.0946721685414
-17.1647	125.0442	-552.748744	36	1.0	0.0966317467844
-19.0236	125.7216	-551.158133	21	0.670010190831	0.329989809169
-18.9719	125.8188	-550.965428	21	1.0	0.00269135871263
-18.0019	125.2519	-550.267154	20	1.0	0.220375985214
-25.2964	126.9762	-550.053165	16	1.0	0.0
-25.4778	127.0776	-549.855914	16	0.623644277857	0.376355722143
-25.3247	127.0392	-549.489368	16	1.0	0.101115205461
-18.0519	125.2421	-547.741328	20	1.0	0.301782176479
-17.1292	124.8808	-547.240208	36	0.89408560744	0.10591439256
-17.039	125.037	-547.203793	36	0.939247447079	0.0607525529206
-17.0205	124.8735	-544.125864	36	1.0	0.362884519862
-16.5974	125.3697	-543.242121	-1	0.0	0.123678732156
-18.4107	125.4701	-543.140785	25	1.0	0.0
-18.4027	125.483	-542.881902	25	1.0	0.0
-16.6786	124.7082	-541.790029	-1	0.0	0.10925983496
-16.5575	125.0395	-540.117907	24	1.0	0.0
-18.8805	125.7245	-538.614525	21	1.0	0.0
-18.8352	125.7955	-538.470252	21	0.947521908168	0.0524780918324
-25.3312	127.2581	-537.884199	12	0.97754170698	0.0224582930198
-25.3037	127.0054	-530.273432	16	1.0	0.0
-17.9201	125.2269	-530.245571	20	1.0	0.0386785275839
-16.5105	125.2502	-526.428922	24	0.792745557836	0.207254442164
-16.5682	125.2734	-526.152767	24	0.836912818475	0.163087181525
-18.612	125.6247	-525.441824	26	1.0	0.150238104968
-18.6168	125.5287	-525.201403	26	0.941489548307	0.058510451693
-18.6318	125.6431	-524.982733	26	0.565476526642	0.434523473358
-16.0595	125.1361	-524.676762	32	1.0	0.0
-16.0467	125.1409	-524.246251	32	0.913318488764	0.0866815112361
-17.062	124.9106	-523.772985	36	1.0	0.00383136223764
-17.0654	124.8841	-523.678847	36	1.0	0.0852362892587
-18.8868	125.8208	-522.825085	21	1.0	0.0352862901347
-16.7137	124.5769	-520.42611	-1	0.0	0.141776685106
-19.4813	123.2215	-519.422794	5	0.665059545494	0.334940454506
-16.5564	125.1595	-519.29059	24	1.0	0.189084398857
-17.0576	124.928	-519.127636	36	1.0	0.23553842187
-23.9975	118.1825	-518.932171	10	1.0	0.0
-18.0665	124.9534	-516.444447	20	1.0	0.0
-17.9417	125.2385	-516.444263	20	1.0	0.376915474189
-17.9077	125.2153	-516.366504	20	1.0	0.0
-17.1936	124.8885	-512.907538	-1	0.0	0.0544842486461
-17.1192	124.9828	-512.756287	36	1.0	0.180344908775
-16.5665	125.2835	-510.865681	24	0.643936002767	0.356063997233
-16.9448	124.922	-510.74551	36	1.0	0.057225921202
-16.9247	124.918	-509.965385	36	1.0	0.0700454230819
-16.9277	124.8978	-509.737407	36	1.0	0.044476887343
-16.0962	125.1472	-509.226947	-1	0.0	0.0373399773222
-17.0607	124.8408	-507.801837	36	1.0	0.0
-17.0672	124.8687	-507.353143	36	1.0	0.134173752249
-17.0598	124.8925	-507.022132	36	1.0	0.3722573314
-17.2464	125.0576	-501.004769	36	1.0	0.0
-17.248	125.0691	-500.969616	36	1.0	0.0
-17.0933	124.8362	-499.79017	36	1.0	0.00585351421954
-18.3849	125.5081	-496.320165	25	1.0	0.0
-18.5932	125.5888	-496.29781	26	1.0	0.246421732493
-27.2041	120.5965	-494.746474	0	0.0587864234221	0.941213576578
-16.9309	124.894	-493.326023	36	1.0	0.0
-16.93	124.8774	-493.167728	36	1.0	0.0
-18.9545	125.8155	-492.90601	21	1.0	0.0806699930653
-18.9751	125.776	-492.844951	21	1.0	0.0
-16.884	124.4173	-492.423474	28	1.0	0.0
-18.9857	125.7876	-492.189918	21	1.0	0.0
-18.0188	125.0676	-491.250111	20	1.0	0.0955613939596
-18.0157	125.2589	-490.01584	20	1.0	0.228345465851
-16.0633	125.1481	-488.858718	32	1.0	0.0
-16.0337	125.1693	-488.738248	33	1.0	0.0
-17.0481	125.0379	-487.555419	36	0.988704267271	0.0112957327285
-17.0365	124.9753	-487.400665	36	1.0	0.286388348785
-16.5616	125.1996	-484.018643	24	1.0	0.00103124892032
-16.4273	125.0961	-483.853313	24	1.0	0.413431222149
-25.5757	122.6286	-483.246303	0	0.784753441	0.215246559
-23.4126	117.6319	-481.619875	15	0.97824147483	0.02175852517
-23.402	117.6598	-481.489586	15	1.0	0.0
-23.4186	117.6768	-481.334589	15	1.0	0.0
-16.1586	125.5368	-481.239709	-1	0.0	0.234958555725
-18.0131	125.1788	-480.298959	20	1.0	0.112299398777
-17.9895	125.1276	-480.114474	20	1.0	0.0
-18.618	125.3393	-479.169232	22	0.872792554405	0.127207445595
-18.6356	125.3844	-479.169181	-1	0.0	0.191089894928
-25.3159	127.0382	-478.619409	16	1.0	0.166305983305
-25.4378	127.0633	-478.582909	16	0.935012580229	0.0649874197707
-16.1546	121.4599	-477.994608	1	0.698512814527	0.301487185473
-25.448	127.3918	-477.540853	12	0.670037805326	0.329962194674
-25.6129	127.5123	-477.282407	-1	0.0	0.142488649484
-16.8001	124.3875	-474.972237	28	1.0	0.0
-16.7271	124.4695	-474.837371	-1	0.0	0.0335660320814
-17.0512	123.5452	-474.749753	-1	0.0	0.454251394626
-16.6903	124.556	-474.749079	-1	0.0	0.00151518574883
-17.6835	124.9264	-473.155898	-1	0.0	0.0442948754321
-17.6062	125.1612	-473.09975	-1	0.0	0.164054802396
-17.5786	125.1123	-472.992817	-1	0.0	0.106449360328
-16.5374	125.1296	-467.469293	24	1.0	0.0
-17.0258	124.9033	-467.087798	36	1.0	0.0
-19.5968	123.2277	-461.754116	5	0.70835797261	0.29164202739
-18.1748	125.2473	-459.391744	20	0.381088144373	0.618911855627
-18.038	125.1591	-458.535897	20	1.0	0.0
-18.6879	125.336	-457.103603	22	1.0	0.0
-16.9014	124.9586	-457.053558	36	1.0	0.00383741616397
-18.5932	125.4988	-457.012515	26	1.0	0.0941831600308
-16.849	124.9223	-456.699431	36	0.814482341682	0.185517658318
-17.0366	124.9399	-456.477936	36	1.0	0.222086207091
-17.3472	124.0415	-456.05235	-1	0.0	0.096431271944
-17.0353	124.9089	-455.677541	36	1.0	0.0
-25.3578	127.306	-453.821716	12	1.0	0.0
-25.3764	127.2222	-453.689938	12	1.0	0.0
-23.1364	116.7905	-451.50628	-1	0.0	0.200920141822
-23.5151	118.8325	-451.280459	2	1.0	0.0
-16.5264	125.2211	-449.435758	24	1.0	0.447371932467
-16.5232	125.1779	-449.253692	24	1.0	0.0973419409371
-24.2192	116.4452	-447.660296	8	1.0	0.0
-24.3451	116.3622	-447.524592	8	0.395272953328	0.604727046672
-24.2048	116.4614	-447.441212	8	1.0	0.0
-16.0307	125.1219	-445.421572	32	0.668380018707	0.331619981293
-16.5633	125.1809	-444.377543	24	1.0	0.408568974912
-16.576	125.2269	-443.939984	24	0.98416297866	0.01583702134
-25.2833	126.953	-443.287879	16	1.0	0.0
-25.4026	127.0404	-443.202188	16	1.0	0.0
-16.4151	125.1946	-442.567694	24	1.0	0.438390711063
-25.1019	126.6643	-442.533173	19	1.0	0.0
-17.0943	124.7874	-438.571541	36	1.0	0.0928459039201
-18.6614	125.5088	-438.224719	26	0.499564133631	0.500435866369
-18.3342	125.4772	-434.424787	-1	0.0	0.147219937115
-19.5061	123.225	-434.36176	5	0.896005376252	0.103994623748
-16.5201	125.1261	-432.976479	24	1.0	0.0
-16.5112	125.2033	-432.976425	24	1.0	0.430879973043
-16.5288	125.165	-432.76401	24	1.0	0.0973419409371
-16.8101	124.8518	-431.306594	36	0.951651281077	0.0483487189225
-16.7882	124.8182	-431.21785	36	1.0	0.0103465444812
-16.7962	124.8439	-431.034444	36	1.0	0.0103465444812
-16.7446	124.8015	-430.951456	36	0.765053486422	0.234946513578
-16.7808	124.8281	-430.842199	36	1.0	0.0103465444812
-16.7694	124.8306	-430.694813	36	0.944405098784	0.0555949012155
-17.2013	125.0199	-429.724383	36	1.0	0.00140114995289
-17.2119	125.1043	-429.64769	-1	0.0	0.0231965603164
-17.4692	125.1615	-429.618799	-1	0.0	0.105397887779
-17.2378	125.0051	-429.613498	36	1.0	0.0
-17.3344	124.8111	-429.541447	-1	0.0	0.165835363876
-17.49	125.1192	-429.480136	35	0.942075487941	0.0579245120588
-17.266	124.974	-429.438599	36	1.0	0.0
-18.9188	125.7979	-423.491837	21	1.0	0.0
-19.0915	125.4937	-421.439448	-1	0.0	0.235448617046
-18.8882	125.7189	-421.439268	21	1.0	0.0
-18.027	125.1048	-419.84096	20	1.0	0.0296206743996
-18.0524	125.1236	-419.690556	20	1.0	0.20134164197
-18.0008	125.1291	-419.628707	20	1.0	0.0
-18.0138	125.1606	-419.503496	20	1.0	0.0
-17.2669	125.0714	-418.922836	36	1.0	0.0
-17.2347	125.0728	-418.728288	36	1.0	0.0
-25.4964	127.4191	-417.892725	12	0.670037805326	0.329962194674
-25.4995	127.4989	-417.844699	12	0.506102618803	0.493897381197
-25.6206	127.523	-417.7683	-1	0.0	0.219892263004
-15.3176	126.6171	-417.574446	-1	0.0	0.781919168441
-16.974	124.9144	-417.078259	36	1.0	0.057225921202
-17.1432	124.8106	-416.991197	-1	0.0	0.00648816676969
-16.5436	124.9866	-415.640006	24	1.0	0.0
-16.541	125.0063	-415.497972	24	1.0	0.0
-18.0987	125.1266	-412.878135	20	1.0	0.316474664539
-25.1417	126.8063	-412.557017	18	1.0	0.0
-17.4186	125.1734	-411.86214	-1	0.0	0.0611848084726
-16.0376	125.1846	-411.821111	33	0.354930383935	0.645069616065
-17.0329	123.8998	-410.774778	17	1.0	0.0
-25.2536	126.9755	-410.638843	16	1.0	0.111618571595
-25.389	127.0334	-410.590229	16	1.0	0.0
-25.4263	126.8845	-410.48372	-1	0.0	0.0551138950878
-25.354	127.0	-410.418783	16	1.0	0.358003589433
-16.9186	124.4904	-406.423013	-1	0.0	0.0471357994678
-18.7522	125.6838	-405.965168	21	0.891314323128	0.108685676872
-18.8794	125.7906	-405.887175	21	1.0	0.0220175963168
-18.8965	125.7569	-405.368237	21	1.0	0.481784460651
-18.5889	125.5451	-404.81112	26	1.0	0.0
-17.0238	124.8518	-402.204433	36	1.0	0.198300677535
-17.0338	124.8901	-402.134998	36	1.0	0.26107617635
-17.0712	124.9405	-401.32655	36	1.0	0.127377867806
-22.4471	117.5349	-396.272289	-1	0.0	0.00327704377175
-19.5329	123.1564	-388.281966	5	1.0	0.0
-19.5196	123.21	-388.166282	5	1.0	0.0
-17.9861	125.2785	-388.088857	20	1.0	0.297128520428
-23.9756	117.735	-385.958496	11	0.715184718657	0.284815281343
-23.0566	119.2121	-385.519216	2	0.119549744785	0.880450255215
-16.8634	124.489	-379.937267	-1	0.0	0.149814491056
-17.0114	124.8895	-379.285778	36	1.0	0.26107617635
-17.9885	125.0923	-379.273797	20	1.0	0.0
-17.0491	124.9041	-379.175064	36	1.0	0.0747675256415
-18.3841	125.4735	-378.780787	25	1.0	0.0
-16.4266	125.1725	-378.48512	24	0.935546056841	0.0644539431589
-16.9447	124.9982	-378.364383	36	0.932211561424	0.0677884385765
-15.7615	125.7114	-378.27992	-1	0.0	0.550097679702
-16.9113	124.9022	-378.182172	36	1.0	0.0057288584152
-16.9886	124.7637	-378.022339	36	0.950882352228	0.0491176477724
-16.8847	124.9042	-377.910216	36	1.0	0.0164315305101
-23.4002	117.6699	-371.240847	15	0.916413208555	0.0835867914455
-23.4998	117.56	-371.154012	15	0.378876138986	0.621123861014
-22.9965	117.879	-371.10142	-1	0.0	0.217920010307
-16.132	125.0965	-369.943934	-1	0.0	0.0830060605463
-18.421	125.3779	-369.519061	-1	0.0	0.162266439974
-25.5125	126.6679	-367.321494	-1	0.0	0.511799021017
-25.2829	126.9978	-367.321312	16	1.0	0.0
-25.2946	127.0474	-367.230575	16	0.986517722986	0.0134822770139
-18.479	125.5564	-365.959214	-1	0.0	0.169981953116
-25.1342	126.3989	-365.104653	-1	0.0	0.364200140711
-25.0417	126.6067	-365.035033	19	0.822901502309	0.177098497691
-18.8249	125.743	-363.212763	21	1.0	0.473158860307
-16.8999	124.8853	-362.040275	36	1.0	0.0488947696232
-16.1354	121.5053	-362.012465	1	1.0	0.0
-16.1262	121.4909	-361.950523	1	1.0	0.0
-16.9042	124.8784	-361.892414	36	1.0	0.0
-24.0154	118.1387	-361.046836	10	1.0	0.0
-17.4531	125.0908	-360.753873	35	1.0	0.0
-17.5302	124.9954	-360.654001	35	0.8283864709	0.1716135291
-17.4442	125.0972	-360.653913	35	1.0	0.0
-25.5977	115.9053	-360.568415	3	0.226561210026	0.773438789974
-17.4434	125.1087	-360.494999	35	1.0	0.0
-17.4447	125.1327	-360.494958	35	0.911691940294	0.0883080597059
-16.4819	125.1628	-359.847455	24	1.0	0.0705711547123
-17.3908	124.3992	-359.673009	23	0.799858589486	0.200141410514
-24.4449	116.0546	-359.319917	9	1.0	0.0
-16.9898	124.8935	-359.043091	36	1.0	0.304354205667
-18.6352	125.4486	-357.744132	26	0.880635768734	0.119364231266
-18.653	125.4323	-357.680091	26	0.879428864848	0.120571135152
-17.0583	124.7811	-357.072844	36	1.0	0.0
-16.6671	125.1153	-356.250195	24	0.590370955873	0.409629044127
-18.1033	125.0153	-355.428763	20	0.884821636232	0.115178363768
-17.9453	125.2785	-355.428587	20	1.0	0.297128520428
-17.2608	124.5779	-355.392834	-1	0.0	0.137054565881
-17.2575	124.5618	-355.30752	-1	0.0	0.0265860789039
-17.9464	125.3113	-355.245476	20	0.960324674229	0.0396753257706
-16.7986	124.3527	-355.180666	-1	0.0	0.214975428028
-16.034	125.1676	-350.314387	33	1.0	0.0
-16.6307	125.1472	-348.367356	24	0.685284263669	0.314715736331
-16.858	124.6045	-344.513676	34	1.0	0.0
-18.8243	125.7462	-341.682643	21	1.0	0.498832949151
-21.847	120.2584	-340.016313	4	1.0	0.0
-18.0007	125.1159	-339.338451	20	1.0	0.0200259607082
-17.9955	125.1632	-339.253609	20	1.0	0.110364073409
-18.0037	125.1234	-339.25185	20	1.0	0.0
-18.0135	125.1374	-339.184705	20	1.0	0.0
-18.0077	125.0935	-339.16559	20	1.0	0.0
-18.6281	125.6012	-337.580674	26	1.0	0.0
-17.0292	124.8928	-336.319059	36	1.0	0.122423935806
-17.9151	125.3964	-335.668611	20	0.349645516034	0.650354483966
-17.9854	125.2848	-333.544207	20	0.981836485109	0.0181635148907
-18.001	125.2287	-333.252152	20	1.0	0.155884575988
-17.104	125.0376	-328.980136	36	1.0	0.0
-25.3199	126.9887	-328.034667	16	1.0	0.0
-24.0714	118.1938	-326.293114	10	1.0	0.0
-16.5601	125.0542	-324.983422	24	0.961503356795	0.0384966432055
-18.0665	124.9728	-324.924917	20	1.0	0.0
-18.089	124.908	-324.416657	20	1.0	0.0
-16.5051	125.1871	-324.282971	24	1.0	0.00748701477675
-18.0318	125.0974	-324.240643	20	1.0	0.0
-25.6885	122.8367	-318.038911	0	0.986128324003	0.0138716759969
-16.044	125.1786	-317.889122	33	0.510378613333	0.489621386667
-16.0167	125.1521	-317.764478	-1	0.0	0.0475294012514
-18.9135	125.3435	-317.621949	-1	0.0	0.306420351031
-17.4703	124.961	-315.586268	-1	0.0	0.160917435198
-16.9074	124.6674	-315.183906	-1	0.0	0.205034520752
-16.9289	124.9643	-314.984487	36	1.0	0.0
-17.9246	125.2727	-309.574078	20	0.941523141419	0.0584768585811
-17.0512	124.8433	-307.013456	36	1.0	0.0
-17.0038	124.9421	-306.844895	36	1.0	0.295082736006
-18.599	125.5735	-306.479417	26	1.0	0.246421732493
-18.7491	125.32	-306.286139	22	0.949445982638	0.050554017362
-17.0219	124.8735	-306.267862	36	1.0	0.379721695441
-18.6708	125.4488	-305.245052	26	0.8471678133	0.1528321867
-18.6144	125.4871	-305.057347	26	1.0	0.175670778398
-24.2278	116.464	-302.120202	8	1.0	0.0
-16.5719	124.9875	-302.094171	24	1.0	0.0
-25.4395	127.4413	-300.962508	12	0.637389477183	0.362610522817
-18.0724	125.025	-300.087554	20	1.0	0.354079998569
-18.1662	124.9342	-300.033383	20	0.634551685661	0.365448314339
-16.5535	125.0926	-299.095904	24	0.808019304918	0.191980695082
-17.095	124.8941	-291.809206	36	1.0	0.140384971827
-16.9699	124.7919	-291.764774	36	1.0	0.08462393054
-18.0825	125.4143	-291.639584	-1	0.0	0.0563939748992
-16.9171	124.8454	-291.51916	36	1.0	0.00962022958162
-17.014	124.9515	-289.937579	36	1.0	0.287478670709
-17.5809	125.0323	-289.730815	-1	0.0	0.140417102647
-23.4977	117.5826	-288.632026	15	0.523071012334	0.476928987666
-23.4201	117.4428	-288.583349	15	0.190899477573	0.809100522427
-16.8834	124.9511	-285.466045	36	1.0	0.188170688198
-17.0593	124.8507	-284.884019	36	1.0	0.0
-25.2748	126.9526	-283.96423	16	1.0	0.0330468680445
-25.3591	127.0435	-283.877398	16	1.0	0.0950372857138
-25.371	127.0418	-283.785993	16	1.0	0.0
-25.3445	127.0404	-282.465511	16	1.0	0.0
-17.0461	125.024	-278.690456	36	1.0	0.0
-20.5661	121.0069	-277.437967	7	1.0	0.0
-20.6023	120.9992	-277.370186	7	0.983290386381	0.0167096136195
-17.0365	124.9015	-275.772574	36	1.0	0.0
-17.9388	125.1952	-275.458854	20	1.0	0.0
-18.7102	125.4085	-272.853635	-1	0.0	0.0905344959023
-18.6339	125.5578	-272.712009	26	1.0	0.30227202947
-18.6426	125.5442	-272.63167	26	1.0	0.477936832412
-18.6407	125.5582	-272.540106	26	1.0	0.444483324948
-18.606	125.5514	-272.477435	26	1.0	0.23196097553
-16.8126	124.5088	-269.255502	-1	0.0	0.0361632915278
-17.9926	125.1177	-268.459026	20	1.0	0.0
-18.0357	125.1828	-268.36759	20	1.0	0.0
-17.9915	125.1463	-268.286413	20	1.0	0.120447700328
-16.5535	125.1656	-264.804885	24	1.0	0.0973419409371
-16.6081	125.0444	-264.698789	24	0.835097773664	0.164902226336
-16.4948	125.2445	-264.046797	24	0.85215901301	0.14784098699
-16.5347	125.1328	-263.851725	24	1.0	0.0
-17.3444	124.9961	-262.822116	36	1.0	0.0428447444188
-17.1609	125.1128	-262.821967	-1	0.0	0.0649409987063
-16.6684	124.7531	-261.504695	-1	0.0	0.016955109539
-16.6737	124.803	-260.982155	-1	0.0	0.142280230245
-23.5765	118.8144	-259.0103	2	1.0	0.0
-23.4631	118.8333	-258.915039	2	0.635215588529	0.364784411471
-17.335	124.4533	-256.065144	23	1.0	0.0
-17.4559	125.0581	-253.782581	35	0.99494069295	0.00505930705019
-17.1404	125.0471	-253.415229	36	1.0	0.0
-18.0244	125.052	-251.219373	20	1.0	0.0343622730708
-18.8651	125.8107	-248.695101	21	1.0	0.0433205289021
-17.8973	125.0963	-246.179831	20	1.0	0.157040952354
-16.5086	125.1873	-245.424786	24	1.0	0.454132829286
-16.9773	124.9677	-244.813817	36	1.0	0.065918050959
-17.0831	124.7167	-241.243093	36	0.8217855871	0.1782144129
-22.4081	117.5115	-240.959253	-1	0.0	0.0330771043916
-25.6263	127.6629	-239.334738	-1	0.0	0.455054910858
-18.9253	125.2341	-236.458603	-1	0.0	0.507997444372
-25.4403	127.2348	-234.004786	12	0.960005408343	0.0399945916572
-17.9169	125.1654	-233.596734	20	1.0	0.234423028606
-25.3655	127.2271	-233.269419	12	1.0	0.0
-22.9475	127.1993	-230.347216	-1	0.0	0.92198907476
-17.4763	124.9684	-226.938988	35	0.8283864709	0.1716135291
-17.4634	125.0479	-226.904751	35	0.99494069295	0.00505930705019
-17.474	125.0295	-226.792193	35	0.99494069295	0.00505930705019
-16.921	124.8693	-225.67001	36	1.0	0.0
-16.0966	125.1462	-224.998165	-1	0.0	0.00302895031205
-16.0703	125.1794	-224.892379	33	0.383278365767	0.616721634233
-16.5505	125.1567	-224.037674	24	1.0	0.0973419409371
-16.5267	125.1512	-223.893885	24	1.0	0.0973419409371
-16.9719	123.9268	-223.191865	17	1.0	0.0
-16.5473	125.1765	-223.162455	24	1.0	0.16755820764
-16.9779	123.9195	-223.108382	17	1.0	0.0
-18.6508	125.5789	-221.31469	26	0.722229485198	0.277770514802
-17.3799	124.4097	-216.130892	23	0.764542212428	0.235457787572
-18.854	125.7046	-214.759144	21	1.0	0.208083916773
-17.0501	124.8157	-214.263661	36	1.0	0.169959952099
-17.0682	124.8118	-214.153395	36	1.0	0.16362613757
-16.9368	124.7737	-214.153344	36	1.0	0.0
-23.2294	117.2221	-213.765362	13	0.891194714982	0.108805285018
-25.1567	126.8239	-212.671742	18	1.0	0.0
-18.828	125.2043	-210.458548	-1	0.0	0.492927113704
-18.567	125.5019	-210.458323	26	1.0	0.0798108163648
-16.1315	121.5158	-209.895614	1	1.0	0.0
-16.1992	121.5243	-209.781907	1	0.723544936272	0.276455063728
-25.5798	127.3808	-208.109345	12	0.476462807792	0.523537192208
-25.487	127.4364	-208.041857	12	0.670037805326	0.329962194674
-24.18	116.4899	-207.852075	8	1.0	0.0
-16.9612	124.861	-204.012285	36	1.0	0.169358026679
-16.9968	124.844	-203.788153	36	1.0	0.077035347804
-15.806	125.9534	-203.343002	-1	0.0	0.65675594757
-16.8138	125.0335	-203.341708	-1	0.0	0.0367105689445
-16.5867	125.257	-203.34152	24	0.977171066919	0.0228289330812
-17.0005	124.8754	-203.145682	36	1.0	0.304354205667
-16.4542	125.227	-201.953254	24	1.0	0.117475363116
-18.022	125.1652	-201.303856	20	1.0	0.0
-18.0352	125.0089	-201.213096	20	1.0	0.257440548463
-18.0306	125.1285	-201.060537	20	1.0	0.0197680519195
-18.0496	125.1601	-200.991269	20	1.0	0.0418532231589
-17.9757	125.069	-200.885978	20	1.0	0.156611237337
-17.0345	124.8223	-195.630616	36	1.0	0.208157950989
-17.0577	124.8608	-191.974977	36	1.0	0.120942910622
-17.4358	124.2984	-190.194457	-1	0.0	0.0406156603683
-18.7311	125.3296	-189.755653	22	1.0	0.0
-18.655	125.4171	-189.694572	26	0.544742662555	0.455257337445
-18.5764	125.5497	-189.641188	26	1.0	0.184413648061
-18.5755	125.503	-189.517348	26	1.0	0.0
-18.5665	125.4977	-189.092596	26	1.0	0.0
-17.9345	125.0953	-189.005635	20	1.0	0.165582646746
-17.5017	125.0672	-186.372978	35	0.932169293167	0.0678307068328
-17.5847	124.7777	-186.226765	-1	0.0	0.217802211419
-17.5156	124.9446	-186.226669	-1	0.0	0.0429057852697
-18.4115	125.4505	-185.86991	25	0.981826710161	0.0181732898394
-18.3861	125.5098	-185.77444	25	0.996084062394	0.00391593760608
-18.4842	125.3548	-185.633926	-1	0.0	0.202984569172
-18.3922	125.5139	-185.633815	25	1.0	0.0
-18.8691	125.6834	-178.262046	21	1.0	0.332009293919
-16.3211	125.0882	-175.413296	24	0.57397990027	0.42602009973
-16.4818	125.2087	-173.28641	24	1.0	0.438390711063
-18.6414	125.4436	-172.91228	26	0.880635768734	0.119364231266
-18.5742	125.4481	-172.791037	26	0.528183289737	0.471816710263
-18.6113	125.4478	-172.740585	26	0.844979169418	0.155020830582
-18.6337	125.4759	-172.538526	26	0.704119039695	0.295880960305
-18.6216	125.5229	-172.302979	26	0.723217291621	0.276782708379
-23.458	117.6297	-171.531482	15	0.913050091497	0.0869499085029
-17.911	125.2002	-171.474093	20	1.0	0.0
-17.9094	125.2334	-171.474049	20	1.0	0.312336429754
-17.9235	125.2809	-171.222109	20	0.981836485109	0.0181635148907
-17.5182	125.1888	-170.73453	-1	0.0	0.0912922014576
-17.9723	125.1843	-170.67425	20	1.0	0.0543693580893
-20.6096	121.1629	-166.663378	7	0.726313178154	0.273686821846
-17.0688	124.8383	-166.655729	36	1.0	0.0
-24.0286	117.6631	-165.236565	11	1.0	0.0
-24.0074	117.6549	-165.13128	11	1.0	0.0
-25.3066	126.9588	-164.855705	16	1.0	0.0
-25.3008	126.9828	-164.790611	16	1.0	0.227071252711
-17.8864	125.6594	-163.469473	-1	0.0	0.22360444654
-18.7767	125.5081	-162.910093	-1	0.0	0.121937442809
-18.7724	125.4518	-162.723603	-1	0.0	0.222233528293
-23.405	117.6396	-160.342201	15	0.916413208555	0.0835867914455
-23.3425	116.8725	-159.645399	13	0.921470753852	0.0785292461476
-18.0292	125.0451	-159.212453	20	1.0	0.0194421062161
-17.8727	125.1761	-156.724639	20	1.0	0.234423028606
-16.4285	125.1649	-155.095393	24	0.944053765643	0.0559462343572
-22.9293	117.3591	-154.250018	14	1.0	0.0
-23.556	118.8482	-153.432429	2	1.0	0.0
-23.0451	117.3959	-152.833246	14	0.673502075591	0.326497924409
-17.0278	124.876	-152.129482	36	1.0	0.0221097998625
-17.0711	124.7995	-152.089708	36	1.0	0.0
-17.9645	125.0363	-150.062736	20	1.0	0.0453568586812
-23.5703	117.4972	-145.769814	15	0.283690493129	0.716309506871
-23.4768	117.7016	-145.769783	15	0.848287412493	0.151712587507
-16.0542	125.1069	-145.66982	31	0.867008500986	0.132991499014
-18.6038	125.5747	-144.039355	26	1.0	0.0490001554926
-17.0079	124.8854	-143.302574	36	1.0	0.304354205667
-17.3476	124.4234	-143.159932	23	1.0	0.0
-19.6096	123.2076	-142.978006	5	0.707796172357	0.292203827643
-25.4627	127.3386	-142.158201	12	0.670037805326	0.329962194674
-25.3833	127.296	-142.109415	12	1.0	0.0
-25.3764	127.3269	-142.000903	12	1.0	0.0544690074976
-14.6896	116.5383	-141.705364	-1	0.0	0.453538617585
-14.7333	116.4483	-141.704187	-1	0.0	0.453468882671
-16.1123	125.2164	-141.513753	-1	0.0	0.241450591484
-25.4107	127.3091	-141.493259	12	1.0	0.0
-18.0084	125.1946	-141.01838	20	1.0	0.0784678363959
-18.0215	125.1571	-140.89133	20	1.0	0.0
-18.0446	125.1301	-140.518502	20	1.0	0.130291618749
-24.0774	118.2039	-139.825741	10	1.0	0.0
-16.1407	125.1524	-136.211822	-1	0.0	0.0282418348984
-16.9058	124.948	-135.091904	36	1.0	0.0721926561126
-16.5007	125.1582	-135.057731	24	1.0	0.226572075605
-16.8084	124.9282	-134.744121	-1	0.0	0.141845821636
-16.5223	125.123	-134.681146	24	1.0	0.0
-21.8311	120.1692	-128.861731	4	1.0	0.0
-25.0192	126.5453	-128.641826	-1	0.0	0.2312889064
-25.0062	126.6517	-128.606325	19	1.0	0.0
-21.8193	120.1956	-128.481559	4	1.0	0.0
-18.3644	120.0642	-128.479966	-1	0.0	0.239430875327
-25.0704	126.6732	-128.430098	19	1.0	0.0
-16.5944	125.077	-127.05308	24	0.835097773664	0.164902226336
-17.9794	125.1988	-124.592439	20	1.0	0.0546249921224
-17.2217	124.4414	-123.567365	23	0.654083435589	0.345916564411
-16.5309	124.9789	-123.566824	24	0.950279362848	0.0497206371523
-19.0924	125.6468	-120.813735	-1	0.0	0.169865928395
-20.5087	121.3067	-119.920153	7	0.941075790218	0.0589242097818
-18.4543	125.4157	-119.720396	-1	0.0	0.162266439974
-17.998	125.0418	-118.980098	20	1.0	0.0
-18.314	124.7343	-118.854911	20	0.355094654704	0.644905345296
-17.986	125.0583	-118.854612	20	1.0	0.131981125656
-23.2922	117.2013	-118.678496	13	1.0	0.0
-18.4001	125.8699	-118.430624	-1	0.0	0.14139699362
-18.0061	124.9844	-118.342972	20	1.0	0.0
-16.9771	124.9081	-115.710044	36	1.0	0.00353075701995
-17.0813	125.0164	-115.377564	36	1.0	0.0
-17.1123	124.9675	-115.327842	36	1.0	0.044117580201
-14.5919	127.5937	-115.325256	-1	0.0	0.365256872558
-17.163	124.9904	-115.182484	36	0.882917339243	0.117082660757
-19.5219	121.9149	-115.133889	6	0.344787302582	0.655212697418
-25.0044	126.2645	-112.530127	-1	0.0	0.536604445956
-24.5366	116.1266	-112.396318	9	0.745567134581	0.254432865419
-23.3806	117.7107	-111.335409	15	0.721153889798	0.278846110202
-23.4039	117.7472	-111.208648	15	0.721153889798	0.278846110202
-23.4697	117.6781	-111.159835	15	1.0	0.0
-16.1355	125.0364	-106.590513	27	1.0	0.0
-25.3367	126.8414	-105.97311	-1	0.0	0.00934801056631
-25.2642	126.9848	-105.973031	16	1.0	0.193300078179
-23.4253	117.6845	-105.888487	15	1.0	0.0
-25.3034	127.0024	-105.85694	16	1.0	0.0
-20.616	121.0663	-102.947103	7	0.792787385655	0.207212614345
-16.3743	125.3037	-102.929368	-1	0.0	0.00938223721566
-16.449	125.2051	-102.867944	24	1.0	0.438390711063
-18.0577	124.9501	-102.20723	20	1.0	0.0
-18.2347	124.7734	-102.00669	20	0.509633182751	0.490366817249
-16.8658	124.622	-100.913857	34	1.0	0.0
-16.9818	124.4312	-100.774572	28	1.0	0.0
-16.8443	124.5824	-100.774464	34	1.0	0.0
-16.9506	124.4767	-100.51191	28	1.0	0.0
-16.9638	124.7354	-100.511763	36	1.0	0.173926319583
-25.6241	115.817	-100.452131	3	1.0	0.0
-25.6254	115.8199	-100.338295	3	1.0	0.0
-16.8296	124.6155	-99.744897	34	0.908905207682	0.091094792318
-16.8575	124.7693	-98.614323	36	0.851081649223	0.148918350777
-25.0343	126.6365	-96.868884	19	1.0	0.0
-18.7457	125.3894	-95.670849	-1	0.0	0.20806204692
-18.6231	125.6736	-95.670668	-1	0.0	0.120644653071
-20.5033	121.1266	-91.597859	7	1.0	0.190154581589
-16.0339	125.1698	-91.278448	33	1.0	0.0
-15.2418	125.6292	-88.695019	-1	0.0	0.581973419493
-18.8154	125.6966	-87.001346	21	1.0	0.360840106998
-18.0917	124.9527	-86.13588	20	1.0	0.0
-26.8462	121.6928	-85.332648	0	0.0637316720376	0.936268327962
-25.3476	127.2047	-84.521275	12	0.908053575236	0.0919464247642
-23.3051	117.0838	-82.039552	13	1.0	0.0
-23.3544	117.012	-81.866428	13	1.0	0.0
-18.4703	125.4198	-78.051611	-1	0.0	0.199642642339
-18.0588	125.2006	-71.049209	20	1.0	0.206508281367
-17.9958	125.1097	-70.858613	20	1.0	0.103356980725
-18.0484	125.1648	-70.601295	20	1.0	0.084802671785
-17.0028	124.9041	-68.130638	36	1.0	0.326788236912
-18.5583	125.5355	-67.176563	26	1.0	0.244263795406
-18.5727	125.5746	-67.122286	26	1.0	0.439926238674
-17.9747	125.1	-62.36229	20	1.0	0.0511625340908
-16.3455	125.2747	-59.332036	24	0.436239055444	0.563760944556
-16.479	125.1324	-59.128421	24	1.0	0.146751816897
-16.9701	124.9432	-56.952902	36	1.0	0.029894982164
-17.0086	124.8517	-56.425998	36	1.0	0.224614371375
-19.5224	123.0594	-55.642394	5	0.390169612796	0.609830387204
-19.4591	123.0811	-55.471744	5	0.620725477251	0.379274522749
-19.5678	123.2445	-55.471648	5	0.793196220294	0.206803779706
-25.1869	126.9135	-55.323093	16	0.450109859781	0.549890140219
-18.0521	124.9033	-52.562576	20	1.0	0.0
-18.0082	124.9693	-52.435752	20	1.0	0.0507696420355
-16.1747	125.0703	-51.235642	-1	0.0	0.0839459104371
-16.1326	121.4713	-44.181671	1	1.0	0.0
-18.6145	125.5947	-43.423134	26	1.0	0.0
-18.8777	125.0681	-43.385743	-1	0.0	0.217042572704
-18.047	125.0952	-34.988324	20	1.0	0.149028702904
-18.0007	125.1632	-34.988264	20	1.0	0.0
-18.0152	125.212	-34.765746	20	1.0	0.106700875114
-18.0251	125.2489	-34.696224	20	1.0	0.178501224316
-17.8334	125.2017	-34.696182	20	0.977710402059	0.022289597941
-18.0158	125.1865	-34.628664	20	1.0	0.0
-17.9945	125.0507	-34.391192	20	1.0	0.0
-20.5056	121.2499	-30.61451	7	1.0	0.274459606447
-24.7833	126.5258	-27.332022	-1	0.0	0.264571965215
-17.0671	124.7803	-25.984736	36	1.0	0.019063812721
-17.2447	124.9619	-25.820786	36	1.0	0.239805249521
-17.0152	124.6346	-25.811476	-1	0.0	0.175515590893
-25.1633	126.924	-25.630173	16	0.413149617744	0.586850382256
-19.0114	125.7855	-21.962308	21	1.0	0.0605959226285
-19.0106	125.788	-21.91071	21	1.0	0.0
-16.4537	125.1987	-20.029465	24	1.0	0.438390711063
-16.4351	125.2312	-19.983875	24	0.84007859551	0.15992140449
-18.0121	125.0463	-17.811014	20	1.0	0.0
-17.0139	124.722	-14.338089	36	0.999513912123	0.000486087876646
-16.9792	124.8839	-14.274564	36	1.0	0.00282951301992
-16.9332	124.9155	-14.230428	36	1.0	0.0840367682081
-18.6135	125.5548	-12.848645	26	1.0	0.30227202947
-16.5792	125.1265	-12.349115	24	0.932350012951	0.0676499870486
-16.1024	125.1293	-11.329654	-1	0.0	0.0316494556164
-16.468	125.0979	-11.152015	24	1.0	0.480006201045
-16.1253	125.1406	-10.890967	-1	0.0	0.0316494556164
-15.7792	125.1469	-10.550215	-1	0.0	0.182570409218
-18.5584	125.5386	-10.049483	26	1.0	0.304774499246
-18.5692	125.5248	-9.902258	26	1.0	0.358378815505
-18.5514	125.5537	-9.22457	26	1.0	0.401243968833
-17.4122	125.0812	-8.903684	35	1.0	0.0
-17.3522	125.0334	-8.605074	36	1.0	0.0
-25.2539	126.9142	-7.406376	16	0.700198133401	0.299801866599
-25.281	126.962	-7.37308	16	1.0	0.0
-25.288	126.9957	-7.228038	16	1.0	0.0
-17.9693	125.156	-6.355419	20	1.0	0.0927168348193
-18.4008	125.4485	-6.034471	25	0.909939735409	0.090060264591
-16.964	124.9062	-2.848786	36	1.0	0.0
-16.7763	124.8758	-2.848714	-1	0.0	0.0266425596326
-20.0522	121.2726	0.000414	7	0.156477813061	0.843522186939
-20.5847	121.0102	0.409425	7	1.0	0.0
-16.4351	125.1336	1.763645	24	1.0	0.382779317943
-17.0808	125.0809	2.217358	-1	0.0	0.0921389697221
-22.9287	117.3497	2.77352	14	1.0	0.0
-22.8997	117.3872	2.848963	14	1.0	0.0
-22.9045	117.4121	2.904353	14	0.826579799566	0.173420200434
-22.8945	117.3449	3.020927	14	1.0	0.0
-16.3816	125.1814	3.499897	24	0.955576686402	0.0444233135979
-16.2935	124.8746	3.603897	-1	0.0	0.0927956847173
-16.1215	125.0438	3.697568	27	1.0	0.0
-17.9319	125.2075	4.43929	20	1.0	0.0
-16.9913	124.9555	5.081345	36	1.0	0.295082736006
-16.9709	124.9085	5.203083	36	1.0	0.0628618070142
-16.868	124.651	7.862703	34	0.660105346316	0.339894653684
-18.7188	125.5804	8.820685	-1	0.0	0.0645030022125
-19.2622	125.8189	14.652084	-1	0.0	0.23950522938
-18.9915	125.5669	16.632496	-1	0.0	0.281395492696
-16.413	125.205	18.175594	24	0.972905958314	0.0270940416863
-25.6263	115.8052	20.242214	3	1.0	0.0
-25.7045	115.6866	20.300892	3	0.142707768739	0.857292231261
-25.6619	115.7533	20.695384	3	0.282493762253	0.717506237747
-18.5703	125.4882	20.759641	26	1.0	0.0
-18.5764	125.5394	20.895479	26	1.0	0.0
-17.4234	124.756	21.28647	-1	0.0	0.0281372063513
-27.774	120.5469	22.520733	0	0.0521657616803	0.94783423832
-18.5677	125.6117	23.255872	26	0.794946574472	0.205053425528
-16.9427	124.9744	23.878136	36	1.0	0.0888821236108
-20.5543	121.0296	23.895823	7	1.0	0.0
-18.0014	125.0416	24.345705	20	1.0	0.0722779917748
-25.3411	126.9627	24.679982	16	1.0	0.0740872935906
-25.2848	127.0503	24.785788	16	0.81484723094	0.18515276906
-17.9762	125.0018	24.848553	20	1.0	0.0605113448859
-25.346	126.9559	24.913524	16	1.0	0.179711620615
-17.0531	124.7489	25.66257	36	0.978680174219	0.0213198257813
-17.0445	124.7919	25.662614	36	1.0	0.0
-17.0483	124.7954	25.819445	36	1.0	0.0
-17.0238	123.9207	25.913298	17	1.0	0.0
-16.5316	125.0577	27.386641	24	1.0	0.0251884594897
-16.4999	125.1213	27.545111	24	1.0	0.0
-23.7431	118.7626	30.268053	2	0.308535855716	0.691464144284
-25.6049	122.7724	38.270695	0	1.0	0.0
-25.8123	122.9239	38.299437	0	0.582654130833	0.417345869167
-25.6423	122.6706	38.351412	0	1.0	0.0
-20.5233	121.2787	38.503298	7	1.0	0.274459606447
-20.6156	121.1939	38.529274	7	1.0	0.435390207225
-25.7108	122.8164	38.775124	0	0.884382334903	0.115617665097
-17.0508	124.6945	40.26005	36	0.931832646891	0.0681673531091
-17.392	125.0955	40.354457	35	1.0	0.0
-25.3325	127.2605	42.638327	12	0.993374039007	0.00662596099291
-25.3937	127.2735	42.844982	12	1.0	0.0554359280577
-20.5474	121.0918	44.132387	7	1.0	0.0
-20.5079	121.069	44.174905	7	1.0	0.0
-23.4558	117.7296	44.511741	15	0.807580840463	0.192419159537
-18.6572	125.306	44.529379	-1	0.0	0.0392274393148
-17.0167	124.7902	45.740916	36	1.0	0.0623619417281
-16.9512	124.8815	45.854037	36	1.0	0.0
-16.9473	124.8699	46.032806	36	1.0	0.0
-16.9541	124.8951	46.433931	36	1.0	0.0
-18.0341	125.1802	49.776631	20	1.0	0.0
-18.5803	125.4903	51.247009	26	1.0	0.0
-18.5715	125.5345	51.334444	26	1.0	0.0279706200481
-16.3268	125.2972	53.094461	-1	0.0	0.056249057931
-16.9026	124.943	53.98179	36	1.0	0.211559271027
-18.0026	125.0522	54.658024	20	1.0	0.0
-18.0405	125.0763	54.747271	20	1.0	0.149028702904
-17.9636	125.0666	54.799474	20	1.0	0.0
-18.0157	125.0826	54.859344	20	1.0	0.0232329623005
-18.0074	125.0414	54.961563	20	1.0	0.00196601921121
-24.1657	116.4141	58.105246	8	0.803539741956	0.196460258044
-16.1365	125.0902	58.140951	-1	0.0	0.23843661413
-16.064	125.1108	59.337729	31	1.0	0.0
-16.9969	124.5446	63.673783	29	1.0	0.0
-25.3583	126.8598	64.4224	-1	0.0	0.0599316985326
-25.3797	127.0217	64.484286	16	1.0	0.223326505365
-25.2937	127.0002	64.562241	16	1.0	0.0
-25.4223	127.0685	64.663147	16	0.932688680816	0.0673113191835
-17.0499	125.0092	64.71408	36	1.0	0.0125890633608
-17.3916	125.0002	64.951914	36	1.0	0.0
-18.5999	125.5427	67.680103	26	1.0	0.159629759119
-19.1672	125.4363	68.413612	-1	0.0	0.0919952208633
-17.2477	125.0251	69.71354	36	1.0	0.0
-17.2122	125.0097	69.904189	36	1.0	0.0
-16.4848	125.1116	71.718663	24	1.0	0.281534391255
-18.019	125.1875	73.406481	20	1.0	0.0
-17.9998	125.2268	73.465952	20	1.0	0.220375985214
-16.8008	126.2478	73.635335	-1	0.0	0.739451055514
-16.0759	124.9674	73.708307	-1	0.0	0.22415894294
-16.0513	125.1286	75.168439	32	1.0	0.154292746764
-16.1287	124.9569	75.186662	-1	0.0	0.206144261597
-16.0333	125.1271	75.238183	32	0.792323079077	0.207676920923
-24.0921	118.1461	75.959037	10	1.0	0.0
-20.5317	121.2448	76.767939	7	1.0	0.0
-20.5199	121.2656	76.84721	7	1.0	0.0
-18.6611	125.3397	77.082193	22	1.0	0.0
-18.5588	125.5558	77.394702	26	1.0	0.298365753492
-17.0082	124.7979	78.987711	36	1.0	0.18409435628
-17.9752	125.1184	81.61274	20	1.0	0.0587493786456
-18.6464	125.3828	81.703966	-1	0.0	0.174640171115
-17.9548	125.0617	81.855653	20	1.0	0.0
-17.9635	125.0778	81.975829	20	1.0	0.00236960363901
-24.8222	126.5304	82.215145	-1	0.0	0.117769588747
-15.8553	125.0586	85.133444	-1	0.0	0.0114474668723
-18.961	125.6071	86.049762	-1	0.0	0.121169436738
-16.075	125.1346	86.058054	32	1.0	0.0
-18.882	125.7298	86.161879	21	1.0	0.0579282690836
-16.0695	125.1307	86.956816	32	1.0	0.0
-18.8606	125.7095	87.044129	21	1.0	0.0
-24.0726	118.9324	87.128059	2	0.139724100711	0.860275899289
-23.5842	119.1258	87.128143	2	0.147790186595	0.852209813405
-25.6151	122.8684	88.2082	0	0.934387169883	0.0656128301167
-17.0529	124.7673	92.231485	36	1.0	0.0796689054498
-16.1996	124.2378	96.768713	-1	0.0	0.409984393653
-16.3668	124.9262	101.261526	-1	0.0	0.0177022242494
-24.544	115.92	101.689005	9	1.0	0.0
-23.9718	117.1826	102.025849	-1	0.0	0.0646117416936
-18.0058	125.1429	103.123375	20	1.0	0.0862599761948
-18.0344	125.185	103.430056	20	1.0	0.0
-16.0814	125.1125	103.910875	31	1.0	0.0
-16.097	125.1459	104.040059	32	0.656267493324	0.343732506676
-18.5991	125.5128	104.056225	26	1.0	0.212598946379
-18.5969	125.5564	104.455242	26	1.0	0.334631813483
-17.9647	125.0223	106.31449	20	1.0	0.0
-17.9843	125.0519	106.377776	20	1.0	0.0558042053423
-17.9692	125.074	106.548326	20	1.0	0.305899649048
-17.4079	124.8979	106.870428	-1	0.0	0.15668874837
-19.3451	123.1143	109.94408	5	0.460426427242	0.539573572758
-19.4973	122.9618	110.132262	5	0.239498819372	0.760501180628
-19.3762	123.1141	110.132366	5	0.522749977594	0.477250022406
-18.5418	125.5316	111.516942	26	1.0	0.0207928193586
-17.0547	124.7249	112.011354	36	0.999513912123	0.000486087876646
-17.0071	124.6706	112.12349	36	0.783080699381	0.216919300619
-16.9686	124.8709	112.300575	36	1.0	0.0
-16.4998	124.9369	112.38651	24	0.474966707321	0.525033292679
-25.3887	127.2903	114.567687	12	1.0	0.0
-25.3542	127.3126	114.653316	12	1.0	0.0
-25.3277	127.2949	114.765141	12	1.0	0.13592673125
-25.3394	127.2393	114.883285	12	1.0	0.0
-18.0621	125.4558	115.051666	-1	0.0	0.298342067073
-25.448	127.2536	115.207567	12	1.0	0.0554359280577
-25.3986	127.2326	115.213307	12	1.0	0.0
-18.0872	124.9994	115.569837	20	1.0	0.318209099272
-18.1264	124.8662	116.438917	20	0.882922836883	0.117077163117
-17.9148	125.2009	116.439151	20	1.0	0.0
-17.9985	125.009	116.511583	20	1.0	0.0289748941627
-17.9666	125.0626	116.56077	20	1.0	0.0
-17.9639	125.0647	116.717692	20	1.0	0.0
-17.071	124.9812	117.341319	36	1.0	0.278086767761
-17.1217	124.8722	117.651109	36	1.0	0.11432584905
-20.4918	121.1704	118.155671	7	0.807816767433	0.192183232567
-20.586	121.23	118.245084	7	1.0	0.0
-20.6341	121.0588	118.639856	7	0.736807048448	0.263192951552
-16.5369	125.0245	122.181356	24	1.0	0.0
-25.1528	126.2126	123.585515	-1	0.0	0.61404486762
-24.4383	115.9038	123.774322	9	1.0	0.0
-25.3532	126.7747	124.411196	-1	0.0	0.170974539622
-25.2185	126.9625	124.411293	16	0.822586571168	0.177413428832
-25.3513	126.9654	124.492822	16	1.0	0.295270909093
-24.5462	116.9884	124.726747	-1	0.0	0.345346466148
-25.7001	122.6947	126.089528	0	1.0	0.0
-24.7797	123.2409	126.172604	0	0.120384494118	0.879615505882
-25.6244	122.7815	126.21262	0	1.0	0.0
-25.4718	122.7918	126.476239	0	0.640301030374	0.359698969626
-25.0844	126.7589	126.498285	18	0.947571009843	0.0524289901573
-25.098	126.8222	127.088632	18	1.0	0.0
-23.1787	117.5341	129.676424	14	0.325891667391	0.674108332609
-16.1205	124.9953	132.245128	-1	0.0	0.206144261597
-23.6649	119.1531	135.722403	2	0.132414150756	0.867585849244
-16.101	121.5896	136.277055	1	0.424674193535	0.575325806465
-16.0968	121.5028	136.364477	1	1.0	0.0
-18.5688	125.4939	137.481562	26	1.0	0.0
-18.5641	125.5509	137.748772	26	1.0	0.0
-18.6192	125.462	138.272305	26	1.0	0.2135400897
-16.4909	125.1255	139.363538	24	1.0	0.123850477451
-17.0846	124.9579	139.886896	36	1.0	0.0
-17.113	124.9284	139.960525	36	1.0	0.000815473735645
-23.3715	117.7817	141.439339	15	0.488683232829	0.511316767171
-16.0676	125.1685	143.016634	32	0.645928531046	0.354071468954
-16.1119	125.1989	143.258555	-1	0.0	0.249762518437
-17.376	125.0371	145.412405	36	1.0	0.0
-23.6731	119.1413	149.001312	2	0.137179310366	0.862820689634
-24.4935	115.8858	149.119596	9	1.0	0.0
-17.8552	125.1609	150.748964	20	0.999087850229	0.000912149770897
-18.5212	125.5926	151.14079	26	0.53194043026	0.46805956974
-18.5623	125.518	151.250413	26	1.0	0.0566388757219
-18.5213	125.6005	151.301339	26	0.597218939919	0.402781060081
-18.5526	125.5667	151.367538	26	1.0	0.410531515494
-18.5603	125.5636	151.635767	26	1.0	0.298365753492
-17.9857	125.0196	154.4024	20	1.0	0.0
-16.3527	125.2897	154.986496	24	0.383636819545	0.616363180455
-17.0349	124.9781	155.823784	36	1.0	0.0835804770287
-20.6641	121.2107	159.198752	7	0.714205614392	0.285794385608
-16.5224	125.1119	159.484307	24	1.0	0.354274384502
-19.8735	121.9053	160.518708	6	1.0	0.0
-19.9033	121.9022	160.688971	6	1.0	0.0
-20.5684	121.0879	160.840446	7	1.0	0.107561507632
-25.6102	115.8218	163.732845	3	1.0	0.0
-25.6291	115.8248	163.798228	3	1.0	0.0
-25.6633	115.856	164.01497	3	0.435676146348	0.564323853652
-16.9793	124.8791	164.140378	36	1.0	0.36437146887
-25.636	115.797	164.158985	3	0.70066717648	0.29933282352
-16.0312	125.1295	164.229975	32	0.735393116738	0.264606883262
-18.58	125.564	166.455774	26	1.0	0.435560865282
-16.2687	124.8435	166.488164	-1	0.0	0.0794409173036
-18.6169	125.6059	166.898147	26	1.0	0.0
-25.724	122.6222	167.737182	0	0.878922605994	0.121077394006
-25.6067	122.6834	167.737213	0	1.0	0.0
-25.7422	122.4693	167.7833	0	0.422825070693	0.577174929307
-25.5879	122.7897	167.783422	0	1.0	0.0
-23.625	119.1894	168.004505	2	0.132162471029	0.867837528971
-25.7357	122.5735	168.213302	0	0.62145175374	0.37854824626
-17.3685	124.8187	169.661609	-1	0.0	0.15668874837
-17.3592	125.0013	169.877073	36	1.0	0.0
-25.7143	122.6295	170.549898	0	0.986331518198	0.013668481802
-16.6703	124.2314	172.653708	-1	0.0	0.283313923401
-16.0595	125.1846	173.775526	-1	0.0	0.0446278362259
-16.1066	125.0389	173.867761	27	1.0	0.0
-17.9509	124.9914	174.078897	20	1.0	7.50050682676e-05
-16.84	124.4112	176.241807	-1	0.0	0.0119515449815
-17.9162	125.1004	176.634564	20	1.0	0.165582646746
-17.8819	125.0676	176.721579	20	0.9719789059	0.0280210940996
-19.1244	125.4841	178.82068	-1	0.0	0.364262676798
-17.2944	125.0295	181.067579	36	1.0	0.100212152849
-17.6591	124.9899	181.770675	-1	0.0	0.154528458939
-23.5113	117.6423	182.038334	15	0.807697586116	0.192302413884
-25.248	126.9926	182.675442	16	1.0	0.192786049141
-17.0225	124.5256	184.649843	29	1.0	0.0
-16.5136	124.8019	187.429097	-1	0.0	0.166806366026
-16.4328	125.1134	187.429252	24	1.0	0.382779317943
-17.9644	124.9972	190.223463	20	1.0	0.0568637179455
-18.1197	124.7677	190.360127	20	0.509633182751	0.490366817249
-17.9131	125.0247	190.360302	20	1.0	0.0500648328118
-18.0293	124.9827	190.399441	20	1.0	0.0880415475061
-16.1666	121.5126	194.945314	1	1.0	0.0
-17.1175	124.6606	196.220751	-1	0.0	0.163043706074
-16.9028	124.889	196.272615	36	1.0	0.0324054679841
-16.8806	124.8419	196.322083	36	1.0	0.0
-17.0409	124.7957	196.380669	36	1.0	0.0
-16.9524	124.7104	196.414359	36	0.830325196972	0.169674803028
-16.1805	125.0276	196.966054	-1	0.0	0.0609315074432
-16.0739	125.0937	197.015086	31	0.87413635829	0.12586364171
-25.6944	122.4869	197.180913	0	0.47528238984	0.52471761016
-25.5571	122.4376	197.180951	0	0.338253437373	0.661746562627
-25.6163	122.9909	197.524771	0	0.722592541643	0.277407458357
-18.8575	125.7167	197.941273	21	1.0	0.0
-18.8295	125.6605	198.336791	21	1.0	0.0990920406527
-17.9637	125.1847	199.371353	20	1.0	0.0263980274524
-17.9942	125.1606	199.724593	20	1.0	0.097596617458
-18.0783	124.9397	200.191261	20	1.0	0.114035944076
-17.4062	124.9813	200.477606	36	0.883084648471	0.116915351529
-17.0722	124.9433	202.544492	36	1.0	0.0
-17.2286	124.7912	202.692303	-1	0.0	0.165835363876
-17.153	123.7439	203.486595	-1	0.0	0.00133557209249
-16.9376	123.9395	203.486773	17	1.0	0.0
-20.4812	120.8801	206.235795	7	0.276549037555	0.723450962445
-20.5378	121.3531	211.233357	7	0.522575247049	0.477424752951
-17.058	124.9806	211.811475	36	1.0	0.154318617259
-16.4523	125.1266	214.559918	24	1.0	0.171674089152
-19.9908	121.7001	215.042915	6	0.344380510935	0.655619489065
-18.1125	124.8876	215.57804	20	1.0	0.0
-18.5944	125.5417	215.965753	26	1.0	0.126774151967
-17.9184	125.1424	217.321772	20	1.0	0.234423028606
-17.8945	125.0925	217.47699	20	1.0	0.147977954884
-17.8551	125.0511	218.341362	20	0.797645143973	0.202354856027
-17.9116	125.0164	218.467034	20	1.0	0.0225083324094
-17.9	125.1269	218.576407	20	1.0	0.359093286033
-16.9954	124.7487	223.169098	36	0.999513912123	0.000486087876646
-17.9629	125.0223	228.132706	20	1.0	0.0458473528193
-16.0976	125.181	228.378633	-1	0.0	0.15770701981
-17.4984	124.3655	229.8192	23	0.497095083724	0.502904916276
-18.5171	125.4646	232.256908	26	0.481533725999	0.518466274001
-18.5992	125.4982	232.558968	26	1.0	0.0888589534304
-16.8682	124.6029	235.01348	34	1.0	0.0
-17.9903	125.1414	237.416677	20	1.0	0.0479229485067
-23.4178	116.9125	238.969227	13	0.707257474845	0.292742525155
-17.9836	125.0333	239.604714	20	1.0	0.0913703070204
-16.8166	124.5727	241.60945	34	0.71261757027	0.28738242973
-21.7161	120.166	242.491239	4	1.0	0.0
-17.9815	124.9539	245.113873	20	1.0	0.117915266946
-16.999	124.9872	245.833857	36	1.0	0.220926483984
-17.017	124.9957	245.981854	36	1.0	0.0028421414042
-17.3232	124.9614	246.545599	36	1.0	0.220717835089
-17.3196	124.9757	246.656372	36	1.0	0.32547754886
-17.3385	125.0317	246.862843	36	1.0	0.0
-16.0999	125.1004	248.769699	31	0.87413635829	0.12586364171
-16.1882	125.0354	249.029281	-1	0.0	0.0839459104371
-25.0437	126.7291	250.222509	-1	0.0	0.0256370457854
-16.998	124.8886	254.711022	36	1.0	0.26107617635
-17.1111	125.0755	255.668017	36	1.0	0.123088389587
-19.123	125.8099	255.99432	21	1.0	0.336867773078
-24.4588	115.9396	256.075737	9	1.0	0.0
-17.0992	125.0499	256.519808	36	1.0	0.077635634996
-27.0757	121.6597	256.997541	0	0.0592520170931	0.940747982907
-16.5253	125.1396	259.189038	24	1.0	0.0925352307996
-18.5031	125.5099	259.575072	26	0.477379792454	0.522620207546
-18.5734	125.5971	259.798331	26	0.758201465807	0.241798534193
-17.9432	125.0052	262.678039	20	1.0	0.028779612857
-25.5342	126.6397	262.925711	-1	0.0	0.559818423626
-25.2797	126.967	262.966546	16	1.0	0.0
-25.3519	126.9919	262.981168	16	0.975108036153	0.0248919638475
-18.0337	124.9004	263.408051	20	1.0	0.0
-17.8345	125.1813	266.501365	20	1.0	0.234423028606
-16.062	125.104	266.561806	31	1.0	0.0
-16.1892	124.9424	266.975512	-1	0.0	0.375176059996
-16.061	125.157	266.975638	32	1.0	0.0
-20.5129	121.0923	267.744295	7	1.0	0.0
-20.513	121.1172	267.851342	7	1.0	0.0
-20.5228	121.0621	267.948835	7	1.0	0.0251678914352
-17.4459	124.9014	268.981011	-1	0.0	0.131167853134
-19.4895	123.2099	269.618162	5	0.818939750392	0.181060249608
-18.6105	125.3851	271.239885	-1	0.0	0.0476006284074
-16.8944	124.8531	274.723731	36	1.0	0.0
-18.1377	124.8123	275.443326	20	0.587426263524	0.412573736476
-25.6531	122.8024	278.248625	0	1.0	0.0
-15.9612	125.0586	279.081097	-1	0.0	0.248448210656
-16.0826	127.6008	279.164551	-1	0.0	0.200792514079
-16.2041	124.955	279.406057	-1	0.0	0.450225828513
-16.0918	125.0257	280.122152	27	1.0	0.0
-17.9866	125.0512	281.338737	20	1.0	0.0
-18.1113	124.867	281.711168	20	0.887012679716	0.112987320284
-17.8606	125.0235	283.641113	20	1.0	0.294735107065
-18.9077	125.6687	284.84709	21	0.995041442448	0.0049585575516
-17.3025	124.9445	285.749976	36	1.0	0.214417593212
-17.3296	124.9276	285.864955	36	1.0	0.279269961925
-17.6071	124.9385	285.902394	-1	0.0	0.0897359604299
-17.2681	125.0105	285.99114	36	1.0	0.0
-16.0346	125.0617	287.65353	30	1.0	0.0
-18.1105	124.8307	291.880799	20	0.734205056444	0.265794943556
-17.9867	125.0158	291.880926	20	1.0	0.0
-17.2951	125.0589	292.4521	36	0.966888358437	0.033111641563
-16.4822	125.0471	293.073616	24	1.0	0.24438300698
-16.4949	125.0865	293.203758	24	0.955039527774	0.0449604722258
-16.7502	124.4107	297.595715	-1	0.0	0.0262226754777
-19.509	123.1466	298.397307	5	1.0	0.0
-16.4934	125.1448	299.283049	24	1.0	0.324894436547
-17.29	124.8728	300.682725	-1	0.0	0.161813313667
-17.0309	124.6594	301.668011	36	0.775460431724	0.224539568276
-16.876	124.8517	301.668137	36	1.0	0.0
-16.9295	124.8785	301.726439	36	1.0	0.0
-17.9768	124.9504	303.177881	20	1.0	0.219466716545
-17.9318	124.9727	303.273052	20	1.0	0.0774134844159
-24.0038	117.6824	303.474371	11	1.0	0.0
-18.8748	125.6778	305.289759	21	1.0	0.4010209956
-25.611	127.6726	306.952465	-1	0.0	0.472647610033
-17.5134	125.0318	307.496366	35	0.914793848636	0.085206151364
-16.894	124.8692	309.00215	36	1.0	0.0103961714909
-16.0252	125.0541	309.670632	30	1.0	0.0
-18.5839	125.5347	309.682219	26	1.0	0.126774151967
-25.8471	122.6626	311.001246	0	0.738988545876	0.261011454124
-25.8534	123.1094	311.001521	0	0.372373137926	0.627626862074
-17.3283	124.9297	311.687788	36	1.0	0.219236821277
-17.0412	124.9236	314.626314	36	1.0	0.069707605291
-17.074	124.9732	314.75927	36	1.0	0.0
-17.3835	124.4354	316.395171	23	1.0	0.0
-16.4372	125.1432	317.485075	24	1.0	0.436609374143
-17.0452	124.3786	318.975511	-1	0.0	0.087643314705
-16.0708	125.1386	319.447735	32	1.0	0.0
-17.962	125.0104	319.502687	20	1.0	0.0458473528193
-16.1065	125.098	319.598294	31	0.98828058276	0.0117194172402
-17.9847	124.9773	319.650803	20	1.0	0.0
-17.5913	124.9919	323.452892	-1	0.0	0.0408432969136
-19.4244	123.1753	324.315608	5	0.640741812391	0.359258187609
-23.4012	117.7471	326.284992	15	0.731624935146	0.268375064854
-23.4861	117.5346	326.633678	15	0.289488776755	0.710511223245
-20.6229	121.2969	327.165799	7	0.632978922953	0.367021077047
-18.6609	125.4255	329.257505	26	0.692943275429	0.307056724571
-18.583	125.5408	329.598107	26	1.0	0.0
-25.6513	122.713	330.126847	0	1.0	0.0
-24.7734	126.4834	333.187123	-1	0.0	0.35083875218
-18.0271	124.9361	333.841961	20	1.0	0.274139115015
-16.9153	124.7929	334.936806	36	1.0	0.0
-16.9048	124.8603	335.04915	36	1.0	0.0
-16.5226	125.2152	335.201624	24	1.0	0.430879973043
-16.9376	124.8355	335.550203	36	1.0	0.0915449256806
-22.919	117.3959	336.694698	14	1.0	0.0
-16.4375	125.0625	337.559541	24	1.0	0.250896121116
-17.3777	125.0352	339.865337	36	1.0	0.0
-17.3797	125.0225	340.047954	36	1.0	0.0
-16.5787	124.784	340.552373	-1	0.0	0.142280230245
-18.5743	125.5463	346.50209	26	1.0	0.0
-17.9095	125.1263	349.499402	20	1.0	0.250991176853
-17.9143	125.0041	349.541051	20	1.0	0.0500648328118
-17.8383	125.1731	349.541157	20	1.0	0.318514190449
-18.4564	124.6992	349.945863	-1	0.0	0.0333092664436
-17.3701	124.3531	350.267901	23	0.586165784711	0.413834215289
-20.5559	121.227	350.363093	7	1.0	0.0
-21.1453	120.8316	350.479803	7	0.110022531839	0.889977468161
-20.549	121.0314	350.79223	7	1.0	0.0
-17.0623	124.9658	351.95917	36	1.0	0.0
-17.0775	124.8773	352.060631	36	1.0	0.0120127845094
-17.5938	125.0054	354.173	-1	0.0	0.0
-16.9989	124.8275	356.680286	36	1.0	0.0398711424273
-16.0575	125.0872	360.080019	-1	0.0	0.141830451285
-16.0728	125.1118	360.200568	31	1.0	0.0
-18.0319	124.9007	360.604782	20	1.0	0.0273291578389
-17.9659	125.099	361.029389	20	1.0	0.0356847911861
-17.3719	124.9833	361.313733	36	1.0	0.0
-17.3446	125.039	361.555096	36	1.0	0.0
-19.6371	125.9871	363.477286	-1	0.0	0.231048753419
-17.9209	124.9051	363.877701	20	0.595836001378	0.404163998622
-18.0036	125.0534	364.01262	20	1.0	0.0125837282424
-25.3805	127.0338	364.020868	16	1.0	0.0
-25.3456	126.7662	364.100294	-1	0.0	0.247985503383
-25.4208	127.0522	364.230126	16	1.0	0.318657056326
-16.8953	124.8232	364.266214	36	1.0	0.00197650490729
-25.316	126.9501	364.580911	16	1.0	0.0155068929741
-17.0311	124.9318	364.950672	36	1.0	0.268480437417
-20.4974	121.0385	367.385174	7	1.0	0.0
-20.5355	121.0035	367.596396	7	1.0	0.0
-18.0174	124.9766	370.243634	20	1.0	0.0
-17.9317	125.0339	370.360866	20	1.0	0.0251199101196
-23.3862	116.9282	371.551965	13	0.795572040902	0.204427959098
-18.1921	124.7548	371.630929	20	0.478330441866	0.521669558134
-19.5921	123.5999	374.091233	5	0.0891529214558	0.910847078544
-25.2365	126.8267	374.549695	18	1.0	0.0
-24.0426	116.9909	375.250011	-1	0.0	0.164931096088
-18.9659	125.7503	375.496395	21	1.0	0.0944970723946
-16.9763	124.0866	376.653777	17	0.379800484686	0.620199515314
-16.053	125.0607	379.313479	30	1.0	0.0
-17.96	125.0654	380.236889	20	1.0	0.0
-17.9751	125.0151	380.341341	20	1.0	0.0
-18.0283	124.9349	380.42309	20	1.0	0.269978357234
-17.9834	125.0868	380.544258	20	1.0	0.0511625340908
-20.568	121.2372	381.030889	7	1.0	0.0
-19.5387	123.1774	381.439167	5	1.0	0.0
-17.9758	124.9759	384.678871	20	1.0	0.169075594324
-17.3204	124.9414	386.664518	36	1.0	0.214417593212
-17.4106	124.8516	386.716108	-1	0.0	0.0749402298924
-17.3517	124.9962	386.716201	36	1.0	0.0
-18.303	124.8249	387.800663	20	0.355094654704	0.644905345296
-16.7215	125.229	389.226961	-1	0.0	0.0555302112805
-18.502	125.4761	389.251738	-1	0.0	0.0806207961575
-25.6142	122.9784	390.239502	0	0.774314352456	0.225685647544
-16.9472	124.8857	390.266281	36	1.0	0.0
-18.4112	125.3625	390.968722	-1	0.0	0.243932361453
-16.1481	125.0574	391.826584	27	1.0	0.0
-16.4434	125.0429	391.944716	24	1.0	0.0
-16.0544	125.1475	391.959717	32	1.0	0.0
-16.3695	125.0283	396.327011	24	0.794254540649	0.205745459351
-16.3757	125.0632	396.452792	24	0.936325203112	0.0636747968881
-18.0122	124.9849	397.433334	20	1.0	0.0294769872063
-24.0274	117.6275	397.763391	11	1.0	0.0
-17.9964	124.9774	398.188635	20	1.0	0.0
-16.4678	125.0295	401.425279	24	1.0	0.146043660751
-16.5053	125.005	401.507152	24	1.0	0.0
-16.569	124.853	401.671363	-1	0.0	0.0515160323284
-18.0842	124.9616	402.813094	20	1.0	0.0
-25.4773	127.136	403.149316	-1	0.0	0.0460299517598
-25.4641	126.9441	403.346171	16	0.398295199347	0.601704800653
-25.434	127.1202	403.34628	16	0.539623357126	0.460376642874
-16.5334	125.1534	403.861986	24	1.0	0.0973419409371
-19.9545	121.9533	407.126236	6	1.0	0.0
-16.8857	124.8385	410.715749	36	1.0	0.0185029973873
-16.9228	124.869	410.911575	36	1.0	0.0
-16.8931	124.5946	412.730818	34	1.0	0.0
-25.135	126.6405	413.328975	19	0.909567848371	0.0904321516286
-16.4461	125.0128	413.913992	24	1.0	0.10046538186
-18.4357	125.3452	414.287489	-1	0.0	0.0333616522179
-18.5757	125.3286	414.650755	-1	0.0	0.202984569172
-17.0736	124.9667	414.692612	36	1.0	0.0
-17.0459	124.9627	414.828197	36	1.0	0.222777497775
-17.0611	124.9353	415.076449	36	1.0	0.0
-16.0338	125.091	415.820295	-1	0.0	0.193356399029
-15.9246	124.9882	416.249532	-1	0.0	0.55334801787
-18.5366	125.4168	417.153368	-1	0.0	0.104995135827
-25.1676	126.4968	420.760216	-1	0.0	0.255126787024
-25.1531	126.7042	420.760351	19	0.776046929293	0.223953070707
-18.1524	125.1326	423.195473	20	0.603341028797	0.396658971203
-19.9521	121.9327	424.878342	6	1.0	0.0
-20.5402	121.3088	425.335019	7	0.877646783454	0.122353216546
-19.1244	125.8089	426.135264	21	1.0	0.356961540582
-16.5127	124.8863	429.375791	-1	0.0	0.0708096698707
-17.9673	124.9746	430.743754	20	1.0	0.0711948107336
-17.5337	124.4536	431.397687	-1	0.0	0.0758702830921
-16.9433	124.8377	431.506492	36	1.0	0.157661173646
-16.4109	125.0398	431.647012	24	1.0	0.0
-16.9418	124.6944	432.890666	-1	0.0	0.0635069011135
-18.9073	125.743	433.901315	21	1.0	0.255201622713
-18.8126	125.7005	434.331445	21	1.0	0.333631049148
-17.2341	124.4989	435.296854	23	0.879097389389	0.120902610611
-17.2847	124.4805	435.522206	23	1.0	0.0
-23.2895	117.1473	436.055522	13	1.0	0.0
-23.2805	117.1342	436.089742	13	1.0	0.0
-17.0823	124.9514	437.74779	36	1.0	0.0
-17.0841	124.9717	437.786908	36	1.0	0.181078012895
-17.042	124.9497	437.833565	36	1.0	0.264428455906
-16.0966	125.0983	438.39513	31	1.0	0.0
-20.5574	121.1704	441.071845	7	1.0	0.372045915553
-20.5952	121.2662	441.131493	7	0.975046254199	0.024953745801
-16.4978	125.0684	442.269323	24	0.87067736528	0.12932263472
-17.9357	125.0848	442.441689	20	1.0	0.0519722395773
-19.4929	125.8718	442.81116	-1	0.0	0.221323888784
-23.5661	118.8474	444.590904	2	1.0	0.0
-19.4604	123.0896	446.365789	5	0.669966893257	0.330033106743
-16.9849	124.8047	446.776771	36	1.0	0.0398711424273
-16.8962	124.8136	446.866147	36	1.0	0.00197650490729
-15.9777	121.5145	447.145056	1	0.452877692273	0.547122307727
-24.788	126.4928	447.530515	-1	0.0	0.298423005487
-19.919	121.8793	450.546966	6	1.0	0.0
-17.8324	125.2285	453.279244	20	0.697536002638	0.302463997362
-15.999	125.0451	454.9727	-1	0.0	0.0319158790346
-16.1392	124.9554	455.070873	-1	0.0	0.206144261597
-16.0091	125.0592	455.623111	30	1.0	0.0
-16.0162	125.0698	455.707221	30	1.0	0.0
-15.8394	125.2266	461.63072	-1	0.0	0.114451384679
-25.6322	122.8954	462.107498	0	0.774314352456	0.225685647544
-16.4355	125.0536	463.828873	24	1.0	0.0
-16.8695	124.8548	466.517988	36	1.0	0.012913206528
-16.8752	124.8648	466.550686	36	1.0	0.0262330744151
-17.9162	125.1579	467.561731	20	1.0	0.299974035661
-19.9951	121.9575	469.06252	6	0.888694790792	0.111305209208
-20.5735	121.1377	469.65279	7	1.0	0.190154581589
-20.5299	121.2143	469.697524	7	1.0	0.27924752714
-19.8726	121.8097	470.734742	6	0.584572088783	0.415427911217
-16.4513	125.1348	471.278705	24	1.0	0.136960796647
-16.414	125.0911	471.336923	24	1.0	0.00514356024489
-16.372	125.1527	471.989693	24	0.789048298601	0.210951701399
-19.1297	125.8118	472.584695	21	1.0	0.345496450606
-24.0384	117.7181	472.590648	11	0.938881346769	0.0611186532315
-19.085	125.8463	472.675039	21	1.0	0.0
-17.2748	124.4197	476.442179	23	0.821799693536	0.178200306464
-17.2554	124.5095	476.535468	23	0.823569967332	0.176430032668
-27.3252	120.7319	477.102565	0	0.0637316720376	0.936268327962
-17.3095	124.4817	477.361109	23	0.953866813807	0.0461331861932
-17.1359	124.6606	478.761349	-1	0.0	0.0129978289692
-25.2074	126.8227	482.420306	18	1.0	0.0
-25.3692	126.3204	482.489469	-1	0.0	0.536604445956
-18.1605	124.8658	483.105437	20	0.734205056444	0.265794943556
-18.4399	125.496	483.174749	25	1.0	0.0
-18.4713	125.456	483.406811	25	0.899735794984	0.100264205016
-16.8522	124.7137	484.476111	-1	0.0	0.101746737535
-16.9853	124.6576	485.141429	-1	0.0	0.0695948441966
-16.9173	124.7684	485.30068	36	1.0	0.0
-16.4432	125.0397	485.514947	24	1.0	0.0
-16.4762	125.1284	485.567997	24	1.0	0.123433869203
-17.2357	125.0104	485.652981	36	1.0	0.0
-17.3448	124.9478	485.78961	36	1.0	0.219807956516
-19.1515	125.959	486.065372	-1	0.0	0.00608657312389
-25.303	126.9357	486.626411	16	1.0	0.222261539124
-17.191	124.2586	488.415447	-1	0.0	0.302646498372
-18.9059	125.7284	492.234357	21	1.0	0.0
-17.1142	125.0318	494.166002	36	1.0	0.0
-17.1308	124.971	494.22776	36	1.0	0.0692196115916
-17.1809	124.8252	494.308807	-1	0.0	0.12827285671
-17.0911	124.9576	494.92606	36	1.0	0.185413671561
-19.0986	125.7914	495.442763	21	0.902392017984	0.097607982016
-17.0172	124.7191	495.966647	36	0.939072605581	0.0609273944193
-16.1104	125.1229	496.349076	-1	0.0	0.0739075346977
-16.5661	124.8308	497.555021	-1	0.0	0.142280230245
-19.0959	125.8902	498.152451	21	1.0	0.345373881175
-16.4613	124.992	498.836407	24	0.72191832608	0.27808167392
-18.0683	124.9851	499.166257	20	1.0	0.135228801318
-16.9103	124.788	500.269916	36	1.0	0.0
-16.8777	124.8227	500.317734	36	1.0	0.00197650490729
-16.9234	124.7213	500.53519	36	0.993211759916	0.00678824008407
-16.9102	124.8166	500.675275	36	1.0	0.0264886097003
-19.543	123.1623	500.742073	5	1.0	0.0
-19.4596	123.1621	500.844755	5	0.868601645745	0.131398354255
-25.0515	126.6194	504.754848	19	1.0	0.0
-14.7396	116.5655	507.589827	-1	0.0	0.449336179853
-17.9302	125.0145	508.700757	20	1.0	0.028779612857
-20.5291	121.1953	511.405289	7	1.0	0.367584859405
-18.1455	125.1227	511.816866	20	0.657362493915	0.342637506085
-17.3203	124.9026	514.48498	36	0.842091937105	0.157908062895
-17.3124	124.8767	514.561662	-1	0.0	0.0498353924176
-17.2843	124.9685	514.56173	36	1.0	0.0
-17.284	124.9619	514.604834	36	1.0	0.0
-17.2829	124.9611	514.669309	36	1.0	0.0
-17.2805	124.969	514.746157	36	1.0	0.0
-18.5906	125.4818	514.992876	26	1.0	0.0607125377774
-17.3116	124.9409	515.00054	36	1.0	0.214417593212
-18.6049	125.4749	515.208807	26	1.0	0.165079506636
-16.5555	124.7885	519.355112	-1	0.0	0.0283949058963
-17.0691	124.4498	520.858845	-1	0.0	0.14272631866
-16.2371	125.2286	521.103794	-1	0.0	0.056249057931
-24.0351	118.0262	522.889382	10	0.435560913506	0.564439086494
-20.4997	121.1155	523.87608	7	1.0	0.0900677769583
-19.1419	125.9209	524.190581	21	1.0	0.345373881175
-19.1412	125.8897	524.260791	21	0.84901574832	0.15098425168
-19.1487	125.8911	524.317287	21	0.791834510353	0.208165489647
-18.7253	125.3445	525.537789	22	1.0	0.0
-18.086	124.906	525.625306	20	1.0	0.0
-18.6776	125.468	525.68392	26	0.533925393805	0.466074606195
-17.3364	124.7802	526.189019	-1	0.0	0.146158632525
-18.0477	124.9652	526.358712	20	1.0	0.00671164142996
-17.0193	124.5733	526.871691	29	0.90892075893	0.09107924107
-25.4037	127.0963	527.024045	16	0.623644277857	0.376355722143
-23.4834	117.6733	528.062294	15	0.807697586116	0.192302413884
-23.4994	117.6368	528.116176	15	0.743162327828	0.256837672172
-23.5307	117.6328	528.228828	15	0.580920650642	0.419079349358
-15.9724	125.0782	530.316298	-1	0.0	0.185534207992
-15.9952	124.9661	532.002672	-1	0.0	0.510923485614
-16.0704	125.1368	532.092064	32	1.0	0.0
-16.098	125.1081	532.117419	31	1.0	0.0
-15.9844	124.978	532.608843	-1	0.0	0.517520735317
-24.0159	117.6593	532.705405	11	1.0	0.0
-17.9462	124.9783	534.530641	20	1.0	0.185416551828
-17.9526	124.9806	534.593313	20	1.0	0.0711948107336
-18.9173	125.6783	534.820718	21	0.985193226204	0.0148067737963
-17.9623	124.9886	535.021001	20	1.0	0.185416551828
-18.7974	125.6953	537.859217	21	1.0	0.446034695359
-24.4333	125.7093	539.437622	-1	0.0	0.878859856406
-25.6332	122.92	540.230405	0	0.934387169883	0.0656128301167
-25.7314	122.7081	540.323308	0	0.881581587902	0.118418412098
-25.6977	123.0683	540.372163	0	0.722592541643	0.277407458357
-16.8864	124.8105	540.901972	36	1.0	0.00197650490729
-17.2886	125.0028	541.202214	36	0.98963647147	0.0103635285304
-16.4207	125.0245	545.293584	24	1.0	0.21270943918
-19.0772	125.9333	545.313032	21	0.76036605259	0.23963394741
-18.3363	124.3495	545.647436	-1	0.0	0.498554777355
-17.9777	124.9314	545.821073	20	1.0	0.269978357234
-17.9972	125.0029	545.909413	20	1.0	0.0301423518195
-17.0026	124.7609	547.164975	36	0.978680174219	0.0213198257813
-17.0148	124.5615	550.584828	29	1.0	0.0
-17.0301	124.5478	550.647257	29	1.0	0.0
-17.6161	124.4738	551.619234	-1	0.0	0.287398037914
-17.4021	124.8612	551.847549	-1	0.0	0.15668874837
-16.8473	124.9617	552.026888	36	0.824138818785	0.175861181215
-18.9423	125.5292	552.059249	-1	0.0	0.233692103296
-16.067	125.1541	552.371748	32	1.0	0.0
-18.7279	125.3344	552.535861	22	1.0	0.0
-18.8401	125.7221	553.080445	21	1.0	0.192312954729
-15.9988	125.103	554.025866	-1	0.0	0.185534207992
-18.5811	125.4695	555.480768	26	0.794944485737	0.205055514263
-16.4022	125.1112	555.740147	24	0.987013299271	0.0129867007292
-16.3914	125.0406	556.494627	24	1.0	0.223964011859
-20.5145	121.2662	559.394643	7	1.0	0.0555779745567
-20.5653	121.2253	559.430034	7	1.0	0.0
-19.0367	125.843	560.885067	21	1.0	0.0
-16.5571	127.2125	561.330171	-1	0.0	0.0691320539571
-17.9537	125.1152	561.493222	20	1.0	0.04930467568
-17.974	125.0972	561.551963	20	1.0	0.0
-17.9616	125.1955	561.604868	20	1.0	0.0
-17.9845	125.025	561.657307	20	1.0	0.0
-25.4317	127.2613	561.709197	12	1.0	0.0
-25.045	126.4564	562.893752	-1	0.0	0.325534615648
-19.0845	125.8504	564.437514	21	1.0	0.0
-19.1747	125.6967	564.572418	-1	0.0	0.328658496251
-19.0823	125.8433	564.673363	21	1.0	0.0
-17.2308	124.9323	567.380045	-1	0.0	0.0396997157166
-19.5012	123.1043	568.602819	5	0.737461626457	0.262538373543
-18.5689	125.5266	569.272366	26	1.0	0.258487466963
-15.9983	125.1048	571.995663	-1	0.0	0.197887979622
-18.0039	124.9736	572.546313	20	1.0	0.0
-16.0284	121.4918	576.220269	1	0.638688519574	0.361311480426
-18.6595	125.9657	576.383288	-1	0.0	0.250586396445
-16.8834	124.7869	577.360661	36	1.0	0.0
-16.8169	124.8481	577.472686	36	1.0	0.0103465444812
-16.8693	124.8343	577.628068	36	1.0	0.0840583445294
-25.6276	122.9887	577.921233	0	0.730920853644	0.269079146356
-25.7847	123.0341	577.997419	0	0.659023627001	0.340976372999
-25.7651	123.0352	578.387567	0	0.724921375459	0.275078624541
-16.9059	124.7785	579.818424	36	1.0	0.0
-17.0396	124.5201	581.105761	29	1.0	0.0
-17.277	124.3341	582.893153	-1	0.0	0.0396153811245
-24.2175	116.4689	583.639502	8	1.0	0.0
-15.8565	125.2605	585.502528	-1	0.0	0.185152089776
-16.4229	125.0511	585.801681	24	1.0	0.0
-17.7141	124.895	586.362446	-1	0.0	0.143738167444
-16.0357	125.0402	586.52774	30	1.0	0.0
-18.0992	125.1537	586.660889	20	0.98639095862	0.01360904138
-17.0262	124.9001	586.893124	36	1.0	0.0
-17.2508	124.4636	587.146126	23	1.0	0.0
-16.536	125.3555	587.212532	-1	0.0	0.00134519722259
-17.001	124.9481	587.690282	36	1.0	0.047614401547
-16.0582	125.1275	588.960787	32	0.912099488485	0.0879005115149
-17.9018	124.9088	590.484649	20	0.561341770045	0.438658229955
-16.9864	124.436	591.160569	28	1.0	0.0
-16.9346	124.7485	592.113958	36	1.0	0.173926319583
-25.1042	126.7932	592.918006	18	1.0	0.0
-16.0951	124.9244	593.571421	-1	0.0	0.375176059996
-24.2798	116.6747	595.048188	8	0.228392557637	0.771607442363
-17.8473	125.038	597.597215	20	0.868216116652	0.131783883348
-17.9238	124.8806	597.716375	20	0.533830104483	0.466169895517
-20.6066	121.2203	598.870567	7	1.0	0.179948300684
-16.4005	125.0763	599.032362	24	1.0	0.289295752811
