-16.8657	44.4706	-0.000125	14	0.66278753343	0.33721246657
-16.3168	46.9636	-592.407797	7	1.0	0.0
-16.2701	46.9793	-592.31138	7	1.0	0.0
-19.3538	44.8576	-586.277211	17	0.327101847321	0.672898152679
-19.3297	44.807	-586.190627	17	0.880493843671	0.119506156329
-11.8665	39.481	-581.275231	10	1.0	0.0
-17.823	44.2179	-572.846316	13	1.0	0.0
-14.8644	48.1804	-567.30752	12	0.650405094051	0.349594905949
-13.0747	38.5003	-564.472054	1	1.0	0.0
-19.7294	44.9665	-562.463226	-1	0.0	0.253360157492
-11.024	40.1078	-556.157301	2	1.0	0.0
-11.0047	40.1204	-556.072582	2	1.0	0.0
-14.8836	48.1466	-553.654736	12	0.441965516033	0.558034483967
-18.8754	44.7618	-538.788201	18	1.0	0.0
-19.4221	44.902	-536.853201	17	0.375432777349	0.624567222651
-11.8314	39.4655	-534.327795	10	1.0	0.0
-13.5532	48.8176	-531.72323	6	0.387114779193	0.612885220807
-13.5733	48.8495	-531.645716	6	0.243489706201	0.756510293799
-13.6007	48.724	-531.634944	6	0.343629301545	0.656370698455
-13.6657	48.5202	-531.576889	6	0.0755389486222	0.924461051378
-13.5961	48.7531	-531.5768	6	0.301398643211	0.698601356789
-13.5728	48.7576	-531.453959	6	0.374767517934	0.625232482066
-13.6137	48.705	-531.215926	6	0.305870389231	0.694129610769
-16.8682	44.4844	-514.767194	14	0.736752808776	0.263247191224
-19.2925	46.4506	-512.061351	5	1.0	0.0
-12.323	39.5165	-498.397937	9	0.999645064924	0.00035493507556
-16.876	47.0772	-498.301829	8	1.0	0.0
-16.895	47.0463	-498.218017	8	1.0	0.0
-11.8603	39.4343	-494.553602	10	1.0	0.0
-11.8914	39.405	-490.50345	10	1.0	0.342849277248
-19.3104	44.83	-480.562559	17	0.67809179024	0.32190820976
-19.3254	44.789	-480.496509	17	1.0	0.11182609318
-19.5205	44.8518	-479.201948	17	0.354312333467	0.645687666533
-18.9342	44.647	-477.116231	18	0.979398610017	0.0206013899832
-18.5082	44.9607	-472.889974	-1	0.0	0.103815972551
-11.8868	39.4408	-469.593984	10	1.0	0.216745899606
-11.8498	39.3745	-469.261221	10	0.829975485983	0.170024514017
-12.9879	38.5153	-468.835428	1	1.0	0.0
-12.2564	39.668	-462.413833	9	0.520504521532	0.479495478468
-19.4437	44.8325	-458.454038	17	0.375432777349	0.624567222651
-12.3471	39.5678	-452.5142	9	1.0	0.0
-11.8948	39.4126	-443.168544	10	1.0	0.225307959307
-19.349	44.774	-442.678214	17	1.0	0.157860771187
-15.0988	47.796	-440.207446	11	0.274509527368	0.725490472632
-12.6779	39.2907	-431.619423	-1	0.0	0.603388018625
-11.8996	39.0618	-421.048102	-1	0.0	0.4626169707
-18.9943	44.2948	-417.946353	-1	0.0	0.43186467103
-17.9842	44.322	-416.783597	13	0.575786368227	0.424213631773
-20.8571	46.3753	-412.801776	-1	0.0	0.0739495366651
-18.4338	44.9648	-412.670918	-1	0.0	0.0302533474142
-16.5813	44.8144	-404.703751	15	1.0	0.0
-16.5275	44.9477	-404.703737	15	0.808974039883	0.191025960117
-16.5393	44.8908	-404.671657	15	1.0	0.0
-21.0145	44.1748	-404.499322	-1	0.0	0.475514199324
-17.6164	44.2072	-400.69257	13	1.0	0.0
-19.3086	44.8629	-395.508287	17	0.33657523029	0.66342476971
-19.336	45.0935	-395.508265	-1	0.0	0.232425376806
-18.9243	44.6144	-384.759316	18	1.0	0.0
-10.6623	39.9794	-380.624007	2	0.310130011885	0.689869988115
-15.042	47.7608	-379.403685	11	0.239067330577	0.760932669423
-14.9921	47.8717	-379.403641	11	0.591805529052	0.408194470948
-16.8296	44.5138	-375.330577	14	0.787403607368	0.212596392632
-11.8198	39.4343	-374.907646	10	1.0	0.0
-8.4096	38.8311	-372.480265	3	1.0	0.0
-22.2331	46.4141	-369.3807	-1	0.0	0.131941981132
-12.9392	38.4885	-369.008202	1	1.0	0.0
-15.0884	47.7963	-364.812438	11	0.271983045735	0.728016954265
-19.4306	44.859	-360.781429	17	0.375432777349	0.624567222651
-19.2545	44.8076	-359.05633	17	0.760778858549	0.239221141451
-17.3526	44.0611	-352.629333	13	0.71003223333	0.28996776667
-12.2893	39.5243	-344.516682	9	1.0	0.0
-12.1356	39.6156	-344.516603	9	0.565897115083	0.434102884917
-12.2926	39.5684	-344.246166	9	1.0	0.0
-10.875	40.2491	-343.048141	2	0.572678292844	0.427321707156
-10.9835	40.0819	-342.990249	2	0.693875220291	0.306124779709
-11.0449	40.2262	-342.926663	2	0.810698599842	0.189301400158
-11.052	40.1759	-342.893069	2	1.0	0.0
-19.2431	46.4452	-338.258486	5	1.0	0.0
-19.3501	44.5592	-336.886737	-1	0.0	0.0765120889617
-11.8376	39.498	-333.270727	10	1.0	0.468749044625
-19.2791	44.7661	-332.475686	17	1.0	0.0911151317592
-19.3001	44.7772	-316.494639	17	1.0	0.0
-18.9337	44.6154	-316.002016	18	1.0	0.0
-20.9174	44.2035	-309.91062	-1	0.0	0.434424001008
-11.8643	39.4825	-308.418101	10	1.0	0.0
-16.8119	44.4877	-303.281604	14	1.0	0.0
-10.4007	38.4593	-302.818164	4	0.162987547566	0.837012452434
-16.5129	44.9429	-302.057414	15	0.76603287366	0.23396712634
-15.3691	47.5729	-297.698423	-1	0.0	0.181030384485
-15.4663	42.3255	-287.046008	0	0.755089740461	0.244910259539
-11.9541	39.3949	-284.267022	10	0.660872244067	0.339127755933
-10.8477	39.9285	-281.300067	2	0.346863622501	0.653136377499
-10.8421	39.8839	-281.177104	2	0.287047515086	0.712952484914
-9.7083	39.4902	-279.738331	-1	0.0	0.026858605549
-13.0907	38.5179	-277.860169	1	0.821129426141	0.178870573859
-12.0879	39.6753	-274.4763	9	0.45907348218	0.54092651782
-16.8791	47.0115	-263.779343	8	1.0	0.0
-16.8771	44.3919	-259.3356	14	0.399346755678	0.600653244322
-16.8527	44.4831	-259.169082	14	1.0	0.0
-18.8693	44.8334	-250.014785	18	1.0	0.0
-14.9765	47.8884	-244.992919	11	1.0	0.0
-14.9517	47.832	-244.92386	11	0.301078040499	0.698921959501
-20.8022	46.4739	-241.262074	-1	0.0	0.0367649141917
-11.7927	39.5627	-241.025319	10	0.91289116708	0.0871088329204
-11.7894	39.4894	-240.830237	10	1.0	0.245551819918
-14.8847	48.1655	-240.550584	12	0.650405094051	0.349594905949
-16.8332	44.5272	-239.427992	14	0.560441592382	0.439558407618
-16.7924	44.51	-239.334391	14	0.864812915681	0.135187084319
-22.2539	43.5107	-236.52891	-1	0.0	0.590349152978
-19.2149	46.4864	-234.49398	5	1.0	0.0
-13.2311	49.0867	-232.594656	6	0.0441843514955	0.955815648504
-19.4762	44.8907	-228.220087	17	0.375432777349	0.624567222651
-17.4945	44.227	-224.477235	13	0.927306450127	0.0726935498727
-19.2179	44.7708	-218.040278	17	1.0	0.0
-15.4784	42.4098	-217.433385	0	1.0	0.0
-20.2139	44.7663	-213.213071	16	1.0	0.0
-20.1793	44.7903	-213.110025	16	1.0	0.0
-12.2976	39.5499	-211.315107	9	1.0	0.0
-18.872	44.8954	-206.373437	18	1.0	0.0
-18.9111	44.5395	-204.518766	-1	0.0	0.0713892134126
-12.9504	38.4495	-201.605861	1	0.866792356698	0.133207643302
-19.4667	44.885	-192.364201	17	0.375432777349	0.624567222651
-11.8053	39.651	-190.743554	10	0.700858329352	0.299141670648
-11.1991	40.2293	-181.446407	2	0.810698599842	0.189301400158
-11.2693	40.1563	-181.406602	2	0.810698599842	0.189301400158
-11.2603	40.1712	-181.329142	2	0.810698599842	0.189301400158
-9.7528	39.4498	-179.699378	4	0.140585876894	0.859414123106
-16.2719	46.953	-175.172956	7	1.0	0.0
-12.3655	39.5159	-174.523394	9	1.0	0.0
-15.0388	47.7731	-172.068259	11	0.274509527368	0.725490472632
-19.2471	44.7112	-167.291851	17	0.891353871232	0.108646128768
-19.2893	44.5676	-167.212849	17	0.152974411326	0.847025588674
-16.7564	44.9938	-166.492453	15	0.692059291339	0.307940708661
-11.8375	39.5995	-150.759771	10	1.0	0.0
-12.9001	38.559	-149.115243	1	1.0	0.0
-15.4309	42.4583	-147.543661	0	0.724070470686	0.275929529314
-12.2706	39.7055	-143.928891	-1	0.0	0.164973215915
-18.4424	45.0168	-138.785002	-1	0.0	0.0568987165495
-16.5794	44.8855	-137.815969	15	1.0	0.0
-19.1788	44.4309	-129.515281	-1	0.0	0.234217908477
-16.7692	44.444	-127.939079	14	0.688739359874	0.311260640126
-12.3669	39.4295	-118.86412	9	0.541698134363	0.458301865637
-14.8178	48.2337	-117.56449	12	1.0	0.0
-14.7723	48.2276	-117.454563	12	0.663968123192	0.336031876808
-16.7735	44.4761	-103.418665	14	1.0	0.0
-18.1553	46.6969	-96.950141	5	1.0	0.0
-11.8728	39.4825	-95.388494	10	1.0	0.0
-15.1523	47.8635	-94.317182	11	0.229213730247	0.770786269753
-19.2309	44.7557	-92.117823	17	1.0	0.0
-22.2729	43.496	-82.734691	-1	0.0	0.59786543303
-22.2856	43.5081	-82.323517	-1	0.0	0.596319897447
-22.3838	43.6249	-82.323475	-1	0.0	0.580556569343
-15.447	42.3643	-79.943711	0	1.0	0.0
-18.874	44.6673	-71.191658	18	1.0	0.0
-9.5095	38.5145	-68.160004	4	0.94332660057	0.0566733994302
-9.7518	39.4838	-64.571943	-1	0.0	0.0252673424507
-20.22	44.7691	-63.219715	16	1.0	0.0
-17.5845	44.2415	-62.66035	13	1.0	0.0
-17.5419	44.2135	-62.526337	13	1.0	0.0
-12.838	38.5758	-51.064333	1	0.833101109639	0.166898890361
-19.2924	44.7774	-44.89692	17	1.0	0.0
-18.8655	44.8676	-42.871812	18	1.0	0.0
-15.487	42.3886	-40.122816	0	1.0	0.0
-16.9328	46.8705	-33.842929	8	0.405409087716	0.594590912284
-16.8424	47.0585	-33.842907	8	1.0	0.0
-16.8536	46.9995	-33.751464	8	1.0	0.0
-16.7823	44.4749	-33.18341	14	1.0	0.0
-16.7937	44.4638	-33.180672	14	1.0	0.0
-16.8191	44.489	-32.998811	14	0.914530047228	0.0854699527716
-11.296	40.2132	-28.96543	2	0.805810277694	0.194189722306
-11.2881	40.0538	-28.938292	2	0.479968273052	0.520031726948
-11.8946	39.4687	-27.961424	10	1.0	0.38141176742
-20.2328	44.8104	-20.555194	16	1.0	0.0
-20.2489	44.8342	-20.277969	16	0.939877063143	0.0601229368568
-13.4695	48.8031	-15.974038	6	0.581904723202	0.418095276798
-13.4448	48.7977	-15.912415	6	0.541533237491	0.458466762509
-7.8804	39.0667	-12.851093	3	1.0	0.0
-7.8693	39.0601	-12.716489	3	1.0	0.0
-16.8657	44.4706	-0.000125	14	0.66278753343	0.33721246657
-19.2792	44.8118	0.531216	17	0.694138415572	0.305861584428
-19.3521	44.7888	1.089147	17	1.0	0.183838422231
-14.9464	47.9066	5.420638	11	0.977763148486	0.0222368515139
-11.8525	39.4442	16.862087	10	1.0	0.0
-11.9415	39.1002	30.764083	-1	0.0	0.42983962256
-20.1243	44.8111	33.671654	16	1.0	0.0
-16.7562	44.4703	34.548293	14	0.898686515459	0.101313484541
-15.4119	42.3923	36.859298	0	1.0	0.0
-11.8016	39.57	38.84291	10	0.949740546171	0.050259453829
-19.3251	44.756	41.685967	17	1.0	0.240404168031
-19.3173	44.7458	42.211156	17	0.845995524314	0.154004475686
-10.6709	38.8944	45.008703	-1	0.0	0.01849416338
-19.3384	44.7927	59.112141	17	1.0	0.163575791713
-19.321	44.7724	68.695938	17	1.0	0.157860771187
-19.2959	44.7411	68.865412	17	1.0	0.333294341965
-9.4771	38.6871	74.943326	4	0.718726094065	0.281273905935
-14.8356	48.2419	75.499419	12	1.0	0.0
-14.8512	48.1976	75.596414	12	0.650405094051	0.349594905949
-14.8591	48.2205	75.773336	12	0.963945428219	0.0360545717813
-14.8768	48.1605	76.280791	12	0.602291923042	0.397708076958
-14.8736	48.2762	76.280829	12	0.425764572653	0.574235427347
-14.9556	47.8899	79.508933	11	0.802793941077	0.197206058923
-14.9764	47.8984	79.653729	11	1.0	0.0
-19.3436	44.713	80.172245	17	0.478965164159	0.521034835841
-12.8747	38.592	82.552965	1	0.84734101109	0.15265898891
-12.195	39.4712	82.660827	9	0.593661783534	0.406338216466
-20.0121	44.8714	97.954098	16	0.548217958496	0.451782041504
-19.3365	44.6994	98.636816	17	0.363751602439	0.636248397561
-19.2906	44.8131	98.73028	17	0.857579801968	0.142420198032
-15.4363	42.3569	100.251257	0	1.0	0.0
-13.4986	48.8121	105.770933	6	0.456246518937	0.543753481063
-19.3114	44.7872	106.371581	17	1.0	0.105629642527
-11.8837	39.4778	106.472637	10	1.0	0.0
-11.8711	39.5518	106.547712	10	0.91289116708	0.0871088329204
-11.8759	39.4781	106.578205	10	1.0	0.0
-11.8566	39.4304	106.614571	10	1.0	0.0
-19.4223	44.7747	106.838758	17	0.463214285585	0.536785714415
-13.43	48.7747	122.272623	6	0.519507983456	0.480492016544
-13.5325	48.7856	136.424034	6	0.395045551824	0.604954448176
-9.7115	39.5481	138.905804	-1	0.0	0.0600316677236
-11.8694	39.4702	141.804702	10	1.0	0.116908118493
-16.8502	44.5667	143.491982	14	0.339407247016	0.660592752984
-19.2131	44.7444	150.867071	17	1.0	0.00504239234233
-16.2875	46.9283	167.773207	7	1.0	0.0
-19.17	44.7289	169.678258	17	0.574690471643	0.425309528357
-15.4157	42.4681	169.775017	0	0.637207760351	0.362792239649
-15.4116	42.32	169.854314	0	0.668272253326	0.331727746674
-15.4439	42.4442	169.96628	0	0.886775302807	0.113224697193
-12.3685	39.4684	173.638399	9	0.763826582211	0.236173417789
-18.7595	44.9368	183.400179	18	0.893199957166	0.106800042834
-13.4828	48.7462	184.917886	6	0.943107854779	0.0568921452209
-13.5149	48.7416	185.160146	6	0.96574671196	0.03425328804
-13.4594	48.7748	185.273384	6	0.541533237491	0.458466762509
-13.5029	48.7497	185.375135	6	1.0	0.0
-7.9215	39.0521	192.030109	3	1.0	0.0
-19.2053	44.7646	193.545511	17	1.0	0.0
-17.6754	44.1081	197.181955	13	0.962390737742	0.0376092622581
-14.9741	47.9217	212.806098	11	1.0	0.0
-11.2098	40.1388	214.360734	2	0.785920003869	0.214079996131
-13.5723	48.668	218.730264	6	0.253690973474	0.746309026526
-13.5049	48.7541	218.846083	6	1.0	0.0
-13.5285	48.7343	219.24104	6	0.562096683772	0.437903316228
-19.2384	44.7993	223.705031	17	0.552163936817	0.447836063183
-19.3381	44.7627	223.746793	17	1.0	0.234841532591
-19.212	44.7595	223.77917	17	1.0	0.0
-19.2172	44.7618	223.850813	17	1.0	0.0
-19.301	44.7469	223.891451	17	1.0	0.00722777049981
-16.3104	46.9888	224.172783	7	1.0	0.0
-19.3209	44.7256	224.214509	17	0.718116625412	0.281883374588
-10.7137	38.7574	226.39776	-1	0.0	0.0548979270865
-11.814	39.4453	239.250697	10	1.0	0.0
-11.8162	39.6222	239.393071	10	1.0	0.0
-16.7986	44.4802	241.38738	14	1.0	0.0
-19.2425	44.7662	247.740026	17	0.975578052056	0.0244219479444
-19.248	44.7314	248.191123	17	1.0	0.0
-19.3032	44.7714	256.88503	17	1.0	0.0
-9.4737	38.619	257.076409	4	1.0	0.0
-14.8387	48.2401	260.07037	12	1.0	0.0
-14.8575	48.2211	260.324567	12	1.0	0.0
-17.6619	44.1188	260.881147	13	1.0	0.0
-12.8635	38.5323	263.786377	1	1.0	0.0
-18.7617	44.9594	265.771806	-1	0.0	0.103815972551
-19.2472	46.4632	266.885656	5	1.0	0.0
-16.87	44.4186	269.72973	14	0.431659380355	0.568340619645
-13.4993	48.762	273.637322	6	1.0	0.0
-19.279	44.6584	275.842865	17	0.334128942541	0.665871057459
-19.1878	44.7587	293.532373	17	0.870459415867	0.129540584133
-9.6021	38.4927	299.140246	4	0.623574715869	0.376425284131
-9.4679	38.5902	299.18594	4	1.0	0.0
-19.3894	44.728	299.861305	17	0.405002450515	0.594997549485
-16.822	44.4383	301.534372	14	0.576848669794	0.423151330206
-19.3464	44.8039	302.401789	17	0.917894682989	0.0821053170111
-11.8643	39.5939	311.44346	10	1.0	0.0
-11.8259	39.6221	311.564188	10	1.0	0.0
-11.8612	39.5039	316.606786	10	1.0	0.00598127367717
-19.1504	44.5793	317.490306	17	0.158474638836	0.841525361164
-19.2953	44.8136	317.490313	17	0.880493843671	0.119506156329
-16.7675	44.8719	321.511135	15	0.955962783534	0.0440372164662
-14.9933	47.9061	321.685613	11	1.0	0.0
-14.9698	47.9332	321.912608	11	0.685429607249	0.314570392751
-13.498	48.7563	327.38853	6	1.0	0.0
-13.5555	48.8783	327.388556	6	0.180361702253	0.819638297747
-19.2688	44.7464	331.700717	17	0.916760969308	0.0832390306918
-19.2169	44.7045	349.053746	17	0.8567204575	0.1432795425
-19.2345	44.7317	349.173636	17	1.0	0.0
-11.7903	39.2307	354.37324	10	0.347016809506	0.652983190494
-11.7822	39.311	354.437412	10	0.471176940761	0.528823059239
-16.7864	44.5323	355.852555	14	0.468358105317	0.531641894683
-13.6426	48.6927	356.501648	6	0.298179340729	0.701820659271
-19.3032	44.7874	361.709986	17	1.0	0.0
-17.965	44.2533	362.336338	13	0.685307234609	0.314692765391
-9.505	38.5463	367.395763	4	1.0	0.0
-9.4631	38.9432	367.478123	4	0.209978024917	0.790021975083
-19.2633	44.3921	369.667736	-1	0.0	0.042744692472
-19.3664	44.7694	372.969334	17	0.819686762051	0.180313237949
-20.7543	44.3592	374.763182	-1	0.0	0.233341103464
-16.8337	44.401	384.569098	14	0.576848669794	0.423151330206
-12.9375	49.4503	391.143347	-1	0.0	0.261679501767
-11.8876	39.6235	393.320054	10	1.0	0.0
-11.8464	39.4922	393.358957	10	1.0	0.27811185211
-16.7466	44.9224	393.472467	15	1.0	0.0
-11.8293	39.531	393.48507	10	1.0	0.336665372061
-11.01	40.1815	394.038264	2	1.0	0.0
-20.0268	44.8961	396.05708	16	0.49503601559	0.50496398441
-13.4593	48.8179	396.291546	6	0.496282101331	0.503717898669
-13.5053	48.8294	396.408194	6	0.406586251364	0.593413748636
-13.4944	48.7432	396.460107	6	1.0	0.0
-19.2389	44.7309	396.697155	17	1.0	0.0
-8.3696	38.8653	397.236384	3	1.0	0.0
-19.385	44.7733	406.385842	17	0.785786350575	0.214213649425
-19.475	44.9022	406.385862	17	0.347201410352	0.652798589648
-16.7798	44.4004	412.599301	14	0.431659380355	0.568340619645
-22.1594	46.4738	417.527904	-1	0.0	0.10948884949
-12.2357	39.5562	419.231475	9	0.906482063437	0.0935179365634
-14.9708	47.9174	423.272509	11	1.0	0.0
-15.005	47.9091	423.34003	11	1.0	0.0
-19.2181	44.7244	426.355363	17	1.0	0.150520070823
-9.5098	38.5853	428.700192	4	1.0	0.0
-11.787	39.3763	433.292825	10	0.590084819548	0.409915180452
-11.6372	39.2278	433.29291	-1	0.0	0.281305649397
-20.7666	44.4346	434.608847	-1	0.0	0.138188980865
-13.9008	48.4657	434.912491	6	0.0483808230826	0.951619176917
-17.8991	44.1904	440.113731	13	0.90193937905	0.09806062095
-19.2231	44.7116	440.86702	17	1.0	0.283968951191
-16.718	44.8465	450.826204	15	1.0	0.0
-16.7344	44.7932	450.869673	15	0.771943731524	0.228056268476
-19.3986	44.7938	454.271026	17	0.67893955473	0.32106044527
-19.3941	44.8084	454.547236	17	0.51062152726	0.48937847274
-19.2112	44.7433	457.138926	17	1.0	0.358479149856
-18.1558	46.7566	458.302424	5	0.993656075939	0.00634392406055
-10.9952	40.1442	460.393437	2	1.0	0.0
-11.8167	39.4636	464.862469	10	1.0	0.497520355814
-11.8137	39.4723	464.935336	10	1.0	0.480973366115
-11.7216	38.4869	483.763747	1	0.138737312687	0.861262687313
-11.8351	39.1936	490.023145	-1	0.0	0.0481809585288
-11.8757	39.3308	490.958423	10	0.507811488068	0.492188511932
-9.5033	50.3595	502.277554	-1	0.0	0.274004501666
-13.4806	48.7312	502.818984	6	0.637494547223	0.362505452777
-13.5861	48.6818	504.026268	6	0.304644458053	0.695355541947
-18.156	44.6482	508.199708	-1	0.0	0.556072332288
-18.3229	45.0151	508.199762	-1	0.0	0.295119771126
-18.829	44.789	509.83277	18	0.973512977977	0.0264870220232
-19.2421	44.6763	510.18161	17	0.546786969126	0.453213030874
-11.8121	39.4853	513.762125	10	1.0	0.417571616012
-16.457	46.5014	515.281061	-1	0.0	0.397243043841
-19.2856	44.7632	527.8792	17	1.0	0.142474059563
-10.691	38.7429	538.459589	-1	0.0	0.000976442872738
-19.267	44.7355	549.641391	17	1.0	0.322878919639
-19.2259	44.7267	555.801972	17	1.0	0.0
-20.0067	44.8836	559.669596	16	0.504118915477	0.495881084523
-19.2413	44.727	575.37453	17	1.0	0.0
-19.2879	44.7778	575.579251	17	1.0	0.0
-19.2222	44.6964	575.728585	17	0.860618647604	0.139381352396
-14.8021	48.2277	577.029943	12	1.0	0.0
-14.7909	48.2207	577.07552	12	0.75621733532	0.24378266468
-19.2285	44.6782	590.089359	17	0.512695696522	0.487304303478
-9.4691	38.6565	590.480712	4	1.0	0.0
-13.4717	48.7807	595.963721	6	0.586213491149	0.413786508851
-13.487	48.6949	596.176176	6	0.269400772346	0.730599227654
-13.4774	48.7686	596.228226	6	0.804095200881	0.195904799119
-13.4558	48.7393	596.325518	6	0.495213995682	0.504786004318
-11.8696	39.5561	596.359809	10	1.0	0.0109162637175
