1.525	280.7709	-6.1e-05	7	0.484282416725	0.515717583275
9.1642	281.4979	-579.951991	15	0.57677435644	0.42322564356
9.4209	281.0542	-569.21296	17	0.971474404129	0.0285255958713
2.5411	279.177	-567.105744	12	1.0	0.0
9.5894	291.4169	-565.20145	2	0.549521106532	0.450478893468
9.5771	291.4829	-565.014858	2	0.443082736554	0.556917263446
8.9175	282.5298	-558.066877	11	0.736853741893	0.263146258107
9.1526	281.6073	-553.605748	15	0.982119925413	0.0178800745867
9.2944	281.6919	-553.605667	15	0.92356423484	0.0764357651597
9.1547	281.6368	-553.500343	15	1.0	0.320827499529
9.2116	281.5494	-553.500291	15	1.0	0.114100512974
9.1932	281.6632	-553.349001	15	0.92681488455	0.0731851154505
9.2461	281.5362	-553.348933	15	1.0	0.0
11.3168	285.402	-545.652354	4	1.0	0.0
-3.5222	289.6673	-540.202535	1	1.0	0.0
9.1999	281.604	-531.394211	15	1.0	0.309680830349
2.4761	279.0952	-525.82822	12	1.0	0.0
10.9996	272.9315	-523.950342	0	1.0	0.0
9.2331	281.1659	-519.498235	-1	0.0	0.297573063097
9.283	281.6422	-515.744077	15	1.0	0.134557783224
9.2698	281.607	-515.656979	15	1.0	0.0
9.5399	281.7031	-515.656835	-1	0.0	0.345887739894
9.2343	281.6047	-515.39792	15	1.0	0.198551863111
9.3152	281.7391	-504.821154	15	0.519095462853	0.480904537147
8.9033	282.4515	-500.202302	11	1.0	0.0
-5.5507	288.7418	-495.926266	1	0.091952884195	0.908047115805
9.2476	281.5396	-492.876697	15	1.0	0.0818146306461
10.9303	272.7555	-491.938907	0	0.464983366196	0.535016633804
9.1168	281.8564	-487.346013	15	1.0	0.0252773065902
9.2977	279.7141	-471.314788	8	1.0	0.0
9.3909	279.7207	-471.312804	8	0.801278241964	0.198721758036
9.3773	279.5805	-471.156707	8	0.626362350045	0.373637649955
9.3602	279.6148	-470.79278	8	1.0	0.0
8.8142	282.571	-464.193568	11	0.546825205529	0.453174794471
2.3663	279.2683	-459.190539	12	0.245781845434	0.754218154566
2.4579	279.0875	-459.110248	12	1.0	0.0307119057607
2.4471	279.0887	-459.087415	12	1.0	0.192520574508
9.2487	281.6357	-455.231638	15	1.0	0.0790219907204
9.2953	281.6425	-455.231571	15	1.0	0.253403263205
9.262	281.7038	-455.168194	15	1.0	0.340196168251
7.0243	282.9765	-431.832811	9	0.696231929652	0.303768070348
7.0103	282.966	-431.7917	9	0.82162937368	0.17837062632
9.9398	291.3736	-419.594111	2	0.609899493085	0.390100506915
9.9125	291.3008	-418.922946	2	1.0	0.0
9.1849	281.6313	-399.482639	15	0.984703134491	0.015296865509
9.2699	281.84	-399.482556	15	0.812637792715	0.187362207285
9.284	281.6124	-399.418266	15	1.0	0.0
9.2343	280.8579	-395.938484	18	1.0	0.0
9.3023	281.3473	-388.82365	16	0.658649841749	0.341350158251
9.4162	281.2724	-388.823569	16	1.0	0.0
9.3888	281.2655	-388.752525	16	1.0	0.0
2.5066	279.1112	-384.935054	12	1.0	0.152874532175
2.5221	279.1306	-384.889963	12	1.0	0.437631146753
2.502	279.0736	-384.763662	12	1.0	0.1248117977
-5.5962	288.707	-379.828149	1	0.0892660066365	0.910733993363
11.1289	272.5996	-374.994553	0	0.30491781301	0.69508218699
11.0384	272.9434	-374.91156	0	1.0	0.0
9.1431	281.8627	-356.694481	15	1.0	0.256459378877
11.3257	286.2047	-353.039146	5	1.0	0.0
9.3823	281.3686	-352.207042	16	0.622283860613	0.377716139387
9.275	281.3873	-352.141851	-1	0.0	0.0410692277783
9.3157	281.2697	-351.947732	16	0.668746981243	0.331253018757
9.2369	281.8099	-344.984496	15	1.0	0.235868172332
9.2067	281.8058	-344.909184	15	1.0	0.390191603205
9.1091	281.8481	-344.21088	15	1.0	0.246609754531
2.5508	279.2023	-342.594659	12	1.0	0.245566689276
2.5612	279.1243	-342.543994	12	0.948222269857	0.0517777301429
2.6653	279.2703	-342.500863	12	0.36596299544	0.63403700456
2.4656	279.0936	-342.50085	12	1.0	0.0
2.5058	279.172	-342.472683	12	1.0	0.106476463306
-3.5061	282.7601	-341.37556	6	1.0	0.0
4.6108	279.6274	-336.723844	-1	0.0	0.067978904988
8.9873	282.2231	-332.996091	11	0.91209568135	0.0879043186496
9.2512	288.3848	-321.319736	3	1.0	0.0
9.3325	281.3421	-318.02767	16	0.63412561904	0.36587438096
4.0214	279.4044	-317.294736	13	0.147751443504	0.852248556496
2.5434	279.166	-316.091045	12	1.0	0.0
2.4905	279.0794	-316.017604	12	1.0	0.0
6.9042	283.0333	-310.54598	9	0.647937642077	0.352062357923
6.9244	282.8673	-310.545937	9	0.332839575317	0.667160424683
-3.2856	282.7818	-309.352656	6	1.0	0.0
-2.9677	282.8209	-309.352625	6	0.880185876986	0.119814123014
1.2983	280.8044	-295.174451	7	0.982047497473	0.0179525025266
1.5212	280.9375	-294.726823	7	0.701891498819	0.298108501181
1.3593	280.7668	-294.693406	7	0.793296532581	0.206703467419
9.2184	281.5656	-285.86243	15	1.0	0.261091714398
2.5448	279.1791	-277.168738	12	1.0	0.0
2.1862	279.3711	-277.135508	12	0.114727268627	0.885272731373
2.498	279.1144	-277.08064	12	1.0	0.281957645994
9.4248	281.002	-275.615135	17	1.0	0.0
9.4701	280.876	-274.782509	-1	0.0	0.234899510936
9.3872	288.5211	-274.430985	3	1.0	0.0
-2.8213	281.9777	-273.34852	6	0.277123321763	0.722876678237
8.9496	282.1507	-272.153482	11	0.511195419603	0.488804580397
9.5331	291.3883	-270.323242	2	0.549521106532	0.450478893468
10.9884	272.8639	-267.328078	0	1.0	0.0
10.9608	272.8944	-267.233974	0	1.0	0.0
9.215	281.8134	-256.131337	15	1.0	0.235868172332
9.1039	281.8321	-256.025688	15	1.0	0.441810849415
9.3031	281.5727	-256.025649	15	1.0	0.0
8.9687	282.3853	-242.267146	11	1.0	0.0
9.7209	281.232	-234.112344	14	1.0	0.0
2.4856	279.0471	-233.993387	12	1.0	0.477317092901
9.2579	280.8985	-229.933015	18	0.747397995873	0.252602004127
9.2931	280.7715	-229.93295	18	1.0	0.0
9.3491	280.8868	-229.901417	18	0.669063008918	0.330936991082
9.3536	280.8142	-229.850626	18	1.0	0.0
9.3493	280.8271	-229.808362	18	1.0	0.0118328058442
9.3401	280.7938	-229.748164	18	1.0	0.0
9.2658	280.8537	-229.383459	18	1.0	0.0
9.4407	280.6052	-229.38342	-1	0.0	0.539990042143
9.3563	280.8278	-229.166009	18	0.961349186254	0.0386508137465
9.2412	281.709	-228.411416	15	1.0	0.342802833274
9.2839	281.6868	-228.031148	15	1.0	0.340196168251
9.4109	281.1061	-225.993495	17	0.583617912944	0.416382087056
8.8398	282.557	-220.656941	11	0.607047085811	0.392952914189
9.3192	281.6268	-215.819534	15	1.0	0.234036569792
7.4234	280.9623	-212.079873	-1	0.0	0.00436332381257
1.4887	280.7765	-210.970421	7	0.586971161122	0.413028838878
1.4484	280.7691	-210.967194	7	0.793296532581	0.206703467419
9.2619	281.6695	-202.435783	15	1.0	0.340196168251
9.8601	281.1994	-199.811559	14	1.0	0.0
9.8023	281.2494	-199.727461	14	1.0	0.0
9.3534	281.3447	-199.64605	16	0.658649841749	0.341350158251
2.5706	279.2097	-199.072382	12	1.0	0.245566689276
2.5051	279.0821	-199.015661	12	1.0	0.0128205128205
2.4451	279.0795	-198.957691	12	1.0	0.337024944261
9.2237	288.3656	-198.886156	3	1.0	0.0
9.322	280.8556	-196.97196	18	1.0	0.0
-3.3898	289.6889	-195.753774	1	1.0	0.0
3.8237	279.2909	-194.700029	13	0.91574601449	0.0842539855103
9.1998	281.4247	-194.053217	15	0.522764529305	0.477235470695
9.446	281.4129	-187.623707	-1	0.0	0.0237322016677
9.4306	291.2868	-184.62495	2	0.446156881121	0.553843118879
9.9966	291.2688	-180.630561	2	1.0	0.0
9.9611	291.2103	-180.562077	2	0.989288743702	0.0107112562983
9.7066	291.3632	-180.50709	2	0.549521106532	0.450478893468
10.0067	291.2803	-180.466981	2	1.0	0.0
9.2074	281.8318	-180.294783	15	1.0	0.0
8.9873	282.4032	-175.150043	11	1.0	0.0
8.8226	282.3676	-174.448605	11	0.921490404022	0.0785095959777
9.0071	282.2504	-174.448487	11	0.828141029187	0.171858970813
-0.9999	289.5942	-158.199385	1	0.102569978514	0.897430021486
-0.9914	289.6716	-158.199331	1	0.102515757829	0.897484242171
-3.5832	289.6503	-158.090794	1	1.0	0.0
9.1546	280.9901	-151.042926	-1	0.0	0.0711726093033
9.1883	288.5193	-149.866459	3	1.0	0.0
9.1654	281.9191	-145.335161	15	1.0	0.129955715114
6.9116	283.1662	-145.166692	9	0.174742179075	0.825257820925
7.0689	283.0616	-145.166643	9	0.364968548427	0.635031451573
7.0334	282.8708	-145.117401	9	0.372693438747	0.627306561253
2.2284	279.2619	-135.949963	12	0.167051181024	0.832948818976
2.6259	279.2112	-135.949906	12	0.908065278924	0.0919347210757
2.4901	279.0901	-135.894164	12	1.0	0.0
2.5604	279.1006	-135.740194	12	1.0	0.542749590404
2.5636	279.2058	-135.618469	12	1.0	0.291817955195
4.673	279.7061	-129.806648	-1	0.0	0.189148090851
9.1412	281.9119	-128.240602	15	1.0	0.129955715114
9.1361	281.852	-128.00956	15	1.0	0.188207780839
9.1383	281.9162	-127.94642	15	1.0	0.284551179719
11.4946	272.7811	-126.023129	0	0.294602610348	0.705397389652
1.3834	280.9477	-122.120858	7	0.755739317753	0.244260682247
1.3347	280.8667	-122.120804	7	0.742809136836	0.257190863164
1.4454	281.0039	-122.078615	7	0.572599626835	0.427400373165
1.0041	281.109	-122.078406	7	0.157129697883	0.842870302117
1.3535	280.8703	-122.0356	7	0.755739317753	0.244260682247
1.3624	280.9657	-122.035541	7	0.680909447584	0.319090552416
1.4313	280.9063	-121.766267	7	0.711296586893	0.288703413107
9.3194	281.6138	-101.767768	15	1.0	0.295383992239
9.1184	281.7584	-99.579327	15	0.9410201463	0.0589798537001
-2.9376	281.6946	-96.47227	6	0.210876599301	0.789123400699
8.224	283.4707	-80.059451	10	1.0	0.0
11.3381	285.3421	-76.690466	4	1.0	0.0
11.5501	285.4425	-76.690347	4	1.0	0.0
9.2129	281.7182	-55.938892	15	1.0	0.4631468585
9.0991	281.7631	-55.184029	15	0.789142827439	0.210857172561
9.0799	281.6007	-48.967438	15	0.698675718339	0.301324281661
9.2749	281.5636	-48.967353	15	1.0	0.0
9.2094	281.6362	-48.927056	15	1.0	0.295332880144
9.2972	281.5124	-48.926994	15	1.0	0.181598098568
9.234	281.5119	-48.757618	15	1.0	0.168307082629
9.2647	281.5576	-48.611475	15	1.0	0.0107131372778
2.4984	279.1145	-39.629321	12	1.0	0.286525680633
2.5389	279.1617	-39.579367	12	1.0	0.0
-0.7129	289.5969	-37.257957	1	0.091643817333	0.908356182667
9.4597	288.3977	-28.591091	3	0.971582937938	0.0284170620616
11.3662	285.3751	-17.713599	4	1.0	0.0
9.0976	281.5771	-16.962863	15	0.734183845148	0.265816154852
-3.499	282.7815	-15.575868	6	1.0	0.0
9.6448	281.2823	-14.461092	14	0.885639835249	0.114360164751
10.0003	291.2665	-8.335942	2	1.0	0.0
1.525	280.7709	-6.1e-05	7	0.484282416725	0.515717583275
9.4469	281.0662	4.26152	17	0.693687916546	0.306312083454
9.4313	291.3835	4.464574	2	0.549521106532	0.450478893468
9.3913	281.1073	4.552806	17	0.570721391501	0.429278608499
-3.6016	289.5274	7.818795	1	0.702958148172	0.297041851828
6.4742	278.6064	10.144772	-1	0.0	0.700125526501
9.2069	281.7368	10.339187	15	0.918661507595	0.0813384924051
9.1674	281.8628	11.983782	15	1.0	0.0
10.9787	272.8338	44.280634	0	0.849356072962	0.150643927038
10.8998	272.9783	44.331624	0	0.93283116969	0.0671688303096
9.1876	281.8388	44.699953	15	1.0	0.0
9.1499	281.7784	45.849485	15	1.0	0.4631468585
9.7411	281.2268	46.204476	14	1.0	0.0
9.757	281.1487	46.290308	14	1.0	0.0
9.7581	281.1253	46.490002	-1	0.0	0.12969685309
9.0863	282.1685	53.576249	11	0.552696344642	0.447303655358
8.8664	282.416	53.576275	11	1.0	0.0
6.4169	278.7065	54.206551	-1	0.0	0.67870055616
6.5535	278.7288	54.206612	-1	0.0	0.686879972286
9.4348	279.6146	56.343347	8	0.693122602346	0.306877397654
3.8501	279.2711	60.740838	13	0.733853215102	0.266146784898
3.8094	279.2523	60.817618	13	1.0	0.0
11.4747	285.1456	62.368893	4	0.548997779876	0.451002220124
11.3682	285.4026	62.5348	4	1.0	0.0
9.3034	281.5457	65.837495	15	1.0	0.028732089151
9.2599	281.2237	66.984668	-1	0.0	0.0318572308456
9.2525	281.1698	67.200699	-1	0.0	0.206273353347
6.9758	283.0288	69.34911	9	0.793359614338	0.206640385662
6.9774	283.0259	69.408676	9	0.793359614338	0.206640385662
6.9747	283.0413	69.450785	9	0.669391348854	0.330608651146
6.9539	283.0284	70.799925	9	0.793359614338	0.206640385662
2.6125	279.2011	72.932489	12	1.0	0.291817955195
9.2833	280.8492	83.282419	18	1.0	0.0
9.282	281.5939	92.73059	15	1.0	0.0
9.2565	281.6258	92.819404	15	1.0	0.0790259721354
9.1023	281.6408	92.881993	15	0.669399591612	0.330600408388
9.273	281.6517	92.912333	15	1.0	0.0914316974016
9.2347	288.509	96.639402	3	1.0	0.0
2.4653	278.9928	101.114588	12	0.513795824819	0.486204175181
9.1568	281.8545	102.340481	15	1.0	0.0742351352807
9.1677	281.8527	102.525225	15	1.0	0.0
9.2467	281.9053	102.657511	15	0.860610783969	0.139389216031
1.4115	280.8263	105.588565	7	0.650422264913	0.349577735087
9.2095	281.7813	107.949115	15	1.0	0.460047585051
9.2441	281.8198	108.001593	15	1.0	0.350792305074
9.2051	281.8331	108.048125	15	1.0	0.0
9.3841	281.9059	108.157966	-1	0.0	0.344409892646
9.2103	281.8079	108.318003	15	1.0	0.311053823588
9.2367	281.3091	114.693168	-1	0.0	0.167018119425
9.3518	281.2432	114.856166	16	0.778855795286	0.221144204714
3.7835	279.2773	122.422627	13	0.79016556615	0.20983443385
8.2225	283.4543	126.666905	10	1.0	0.0
1.5284	280.9512	129.025368	7	0.572599626835	0.427400373165
2.5348	279.1765	132.806862	12	1.0	0.0
2.4951	279.0467	132.832209	12	1.0	0.49355548294
2.4891	279.1474	132.885612	12	1.0	0.385820040091
9.7787	281.1486	139.719265	14	0.975462908527	0.0245370914734
9.9039	281.2792	139.719327	-1	0.0	0.148753245198
9.1182	281.653	139.94966	15	0.709417601624	0.290582398376
9.3084	281.8023	140.03962	15	0.574253164645	0.425746835355
3.3386	278.9607	142.096677	13	0.0610683564321	0.938931643568
9.2009	281.9395	142.107953	15	1.0	0.471800071411
9.1878	281.8926	142.17442	15	1.0	0.0777297571711
9.8652	281.6592	142.1749	-1	0.0	0.285024899759
9.176	281.926	142.271503	15	1.0	0.222522548095
9.1694	281.8786	142.331959	15	1.0	0.0203316935956
9.2825	281.5517	146.460316	15	1.0	0.0
6.3826	278.6648	166.350515	-1	0.0	0.683183413809
9.4919	281.3252	169.013044	-1	0.0	0.118802018563
9.4486	281.3023	169.040128	16	1.0	0.0
9.4343	281.2743	169.079271	16	1.0	0.0
9.4204	281.3056	169.120758	16	0.827983415796	0.172016584204
9.3989	281.2055	169.196573	16	0.69021108871	0.30978891129
9.185	281.8271	170.577808	15	1.0	0.0
9.1945	281.8774	170.719536	15	1.0	0.0777297571711
9.1209	281.7992	170.81283	15	0.954844444636	0.0451555553638
9.1555	281.8859	171.138557	15	1.0	0.0479698921818
9.3209	280.9561	178.983703	17	0.565692719878	0.434307280122
9.143	281.9426	185.817021	15	1.0	0.458197775753
9.2633	281.5505	191.980424	15	1.0	0.0
9.2661	281.5227	192.023259	15	1.0	0.0255586695024
9.1994	281.6799	198.794089	15	0.837435943957	0.162564056043
6.9526	282.9601	198.844268	9	0.82162937368	0.17837062632
6.9936	282.9451	198.921198	9	1.0	0.0
6.99	282.9996	198.942145	9	0.793359614338	0.206640385662
9.1902	281.7405	199.015185	15	1.0	0.4631468585
9.1592	281.8521	202.886763	15	1.0	0.133360199062
9.0138	281.9479	202.949192	-1	0.0	0.185752593541
9.2256	288.6273	209.894539	3	0.637261019231	0.362738980769
9.2451	280.8762	210.513847	18	1.0	0.0
9.2674	280.7765	210.658748	18	0.826167363398	0.173832636602
9.0496	282.3626	221.837026	11	0.803751444983	0.196248555017
9.2371	281.6835	228.817014	15	1.0	0.340196168251
9.4888	280.8549	228.920943	-1	0.0	0.259453093037
9.285	281.1143	228.962734	-1	0.0	0.0277880427869
9.0983	281.0959	228.997759	-1	0.0	0.0948734566171
9.4164	281.0436	228.997915	17	1.0	0.0
3.9427	279.3853	231.507398	13	0.19935290134	0.80064709866
3.8194	279.4264	233.032399	13	0.164245647262	0.835754352738
3.7959	279.2576	233.032469	13	1.0	0.0
1.5505	280.9257	233.703694	7	0.612695142399	0.387304857601
9.3224	281.0332	243.428739	17	0.583182869484	0.416817130516
9.2153	281.0587	243.462154	-1	0.0	0.178624216751
9.3878	280.9929	243.495938	17	1.0	0.0
9.3917	280.9919	243.531624	17	1.0	0.0
9.4132	280.995	243.627315	17	1.0	0.0
9.1526	281.0247	243.834411	-1	0.0	0.334986107015
9.4189	280.9697	243.834536	17	0.938228619686	0.0617713803144
9.3585	280.9058	250.307894	17	0.565692719878	0.434307280122
9.1659	281.8337	259.634002	15	1.0	0.232374741718
9.1399	281.8056	259.772802	15	0.93090865091	0.0690913490898
9.2014	281.9006	260.021176	15	1.0	0.261508518663
9.2022	281.8418	260.021214	15	1.0	0.0476692863402
9.1677	281.873	260.612614	15	1.0	0.354006349476
-3.5542	289.5973	260.868817	1	1.0	0.0
2.4309	279.0769	262.99191	12	1.0	0.520165584599
2.5099	279.0999	263.043904	12	1.0	0.170474504498
2.4969	279.0327	263.120383	12	0.780649687332	0.219350312668
9.1723	281.5807	269.107176	15	1.0	0.277324201679
9.1557	281.5897	269.56759	15	1.0	0.277324201679
3.3101	278.8906	287.131527	-1	0.0	0.0260677085772
3.31	278.8903	287.208241	-1	0.0	0.0266965528195
9.8794	291.123	298.249765	2	0.38796278366	0.61203721634
9.163	281.9005	301.063024	15	1.0	0.0479698921818
6.9557	282.9514	305.133817	9	1.0	0.0
9.7336	291.3266	305.275036	2	0.614447042549	0.385552957451
9.3943	281.1606	317.438789	16	0.618545255076	0.381454744924
9.1719	281.5939	318.605925	15	1.0	0.277324201679
9.2403	281.5084	318.605984	15	1.0	0.0532439270183
9.2666	281.6207	318.633655	15	1.0	0.0
2.5282	279.0752	323.147536	12	1.0	0.141307144774
6.7531	282.5041	323.27708	9	0.0563139017464	0.943686098254
6.6492	282.4513	323.368824	9	0.048821567053	0.951178432947
2.5285	279.0821	323.566875	12	1.0	0.26609077934
2.5322	279.085	323.708513	12	1.0	0.37898105273
9.1333	281.8627	324.61437	15	1.0	0.00629082754451
9.1788	281.8557	324.65897	15	1.0	0.0
9.098	281.8924	324.748286	15	0.935095323955	0.0649046760452
9.2078	281.9226	325.279392	15	1.0	0.339878121382
-5.5669	284.7017	327.58072	-1	0.0	0.0778795798073
9.2504	281.4699	336.770254	15	0.651844859469	0.348155140531
9.2108	281.5324	336.789021	15	1.0	0.0822237299873
9.3384	281.5522	336.802315	15	0.985379660647	0.014620339353
11.0104	272.9478	337.543943	0	1.0	0.0
9.1786	281.8598	347.146488	15	1.0	0.0
10.0426	291.1821	351.140167	2	0.674513968064	0.325486031936
10.0282	291.2104	351.300713	2	1.0	0.0
9.8618	291.2862	351.36815	2	0.829305567668	0.170694432332
10.0755	291.2996	351.368218	2	0.742235717321	0.257764282679
9.0942	281.8251	361.191684	15	0.921870176085	0.0781298239155
9.4275	291.1513	361.654823	2	0.260363075868	0.739636924132
2.5675	279.2089	366.798198	12	1.0	0.259527545196
2.4887	279.0936	366.836216	12	1.0	0.0
2.4669	278.9913	366.883294	12	0.502614648106	0.497385351894
11.2944	286.187	372.821161	5	1.0	0.0
9.2847	279.8768	373.815955	8	0.355506061375	0.644493938625
9.2934	279.9175	373.82046	8	0.288539879707	0.711460120293
9.109	281.7801	378.538368	15	1.0	0.4631468585
9.0661	281.9032	379.310832	15	0.658889081386	0.341110918614
9.2011	280.8129	381.557399	18	0.636041544596	0.363958455404
9.213	280.8654	381.670371	18	0.859194133489	0.140805866511
8.1703	283.4543	382.53309	10	1.0	0.0
9.2569	281.5172	398.100917	15	1.0	0.0255586695024
3.8644	279.3032	400.398846	13	0.462676427076	0.537323572924
2.4977	279.0983	402.021936	12	1.0	0.0
2.5053	279.0498	402.057925	12	1.0	0.45897247736
2.5266	279.1269	402.137349	12	1.0	0.384622841918
2.4874	279.0692	402.240689	12	1.0	0.447999195731
1.3265	280.9193	402.382478	7	0.755739317753	0.244260682247
1.2815	280.8426	402.382547	7	1.0	0.0
1.4653	280.8915	402.965035	7	0.64234581053	0.35765418947
1.3897	280.7329	402.978903	7	0.582236845235	0.417763154765
1.2253	280.9489	403.014993	7	0.485727786911	0.514272213089
1.3525	280.8146	403.015042	7	1.0	0.0
9.3834	281.0355	408.275578	17	0.981673603453	0.018326396547
9.4001	281.0247	408.326583	17	1.0	0.0
11.3175	286.2568	411.479622	5	1.0	0.0
9.1689	281.9032	423.546705	15	1.0	0.129955715114
-3.4956	289.6944	426.04057	1	1.0	0.0
9.2819	279.6488	430.904453	8	0.892118213437	0.107881786563
11.2239	286.2566	431.940974	5	1.0	0.0
9.3192	280.7261	434.70899	-1	0.0	0.160938710635
9.3047	280.7967	434.98299	18	1.0	0.0
9.3172	280.7829	435.096704	18	1.0	0.0
9.2906	281.5445	442.48506	15	1.0	0.0
9.1704	281.8589	445.066827	15	1.0	0.0
9.1625	281.7779	455.19312	15	1.0	0.471674425012
9.9275	291.3314	461.961817	2	0.931313538415	0.0686864615847
3.0139	278.5897	463.640186	-1	0.0	0.148467425635
11.2115	286.3363	464.39066	5	0.553416314182	0.446583685818
9.2911	281.5346	470.313734	15	1.0	0.0
9.0653	281.5199	470.350905	-1	0.0	0.182814143407
9.3038	281.5773	470.351031	15	1.0	0.0799957866757
9.2749	281.6082	470.397825	15	1.0	0.0
8.284	283.4365	470.692953	10	1.0	0.0
6.1103	284.7177	470.693615	-1	0.0	0.449339893917
8.2749	283.508	470.71045	10	1.0	0.0
9.1223	281.5791	470.985704	15	0.956962978609	0.0430370213911
9.2876	281.586	470.985824	15	1.0	0.0
9.21	281.732	476.975156	15	1.0	0.485246401574
9.1543	281.9344	482.780948	15	1.0	0.279108976187
-3.151	282.9164	483.582867	6	1.0	0.0
-0.6506	289.7433	493.213389	1	0.0896998655522	0.910300134448
9.1458	281.8904	494.694108	15	1.0	0.171772090154
9.2728	281.5019	503.256716	15	1.0	0.129664278059
3.8226	279.2719	510.677292	13	1.0	0.0
3.7956	279.2395	510.725824	13	1.0	0.0
3.8132	279.2371	510.884624	13	1.0	0.0
3.8192	279.2342	510.940587	13	0.851118221833	0.148881778167
11.3501	286.2047	511.020471	5	1.0	0.0
9.1639	281.6391	521.192683	15	1.0	0.320827499529
9.2689	281.5768	521.320891	15	1.0	0.0
9.3716	281.8664	524.002269	-1	0.0	0.226045721216
9.1975	281.7668	524.026209	15	1.0	0.4631468585
9.1784	281.7035	524.079217	15	0.85368126458	0.14631873542
1.2612	280.7298	524.82901	7	0.475777123403	0.524222876597
0.6417	280.7535	524.913098	7	0.11564083463	0.88435916537
1.3493	280.9602	524.913153	7	0.609341399078	0.390658600922
1.1375	280.8593	524.913262	7	0.422535325947	0.577464674053
1.2893	280.8093	525.021709	7	1.0	0.0
1.31	280.8567	525.039471	7	1.0	0.0
1.2943	280.8191	525.076848	7	1.0	0.0
9.3504	279.7178	530.463713	8	1.0	0.0
9.2703	279.6803	530.516003	8	1.0	0.0
9.3121	279.6682	530.572016	8	1.0	0.0
9.1824	281.5667	534.626282	15	1.0	0.242705151951
9.1631	281.4472	534.626335	15	0.550297131468	0.449702868532
8.9961	282.3173	542.690168	11	1.0	0.0
9.2227	281.448	544.121808	-1	0.0	0.00967325024987
9.1961	281.5435	544.240611	15	1.0	0.261091714398
9.3962	281.2549	554.280718	16	1.0	0.0
9.3857	281.2011	558.084525	16	0.630914983761	0.369085016239
-3.3441	282.8273	569.020066	6	1.0	0.0
6.9991	282.9301	577.357842	9	1.0	0.0
6.9809	282.9306	577.407152	9	1.0	0.0
7.0112	282.9708	577.466884	9	0.793359614338	0.206640385662
6.9868	282.9204	577.550911	9	0.977229063877	0.0227709361232
6.9809	282.9395	577.628584	9	1.0	0.0
9.2128	281.9063	578.538615	15	1.0	0.230051461624
9.1842	281.866	578.732848	15	1.0	0.14125773412
9.1731	281.8386	578.993987	15	1.0	0.0
9.3982	281.0999	586.537483	17	0.645787076233	0.354212923767
9.5109	291.2928	588.726634	2	0.51313463684	0.48686536316
