23.0491	277.7535	-3e-06	34	1.0	0.373718355502
18.3797	269.4007	-598.384044	15	0.623301738031	0.376698261969
30.3802	277.055	-595.671193	7	1.0	0.0
16.3962	265.5925	-595.654829	22	0.952883642312	0.0471163576883
16.2942	265.4265	-595.654748	22	0.871289082092	0.128710917908
23.6477	274.3461	-593.826124	27	0.730384874689	0.269615125311
23.5915	274.3237	-593.625597	27	0.751071157824	0.248928842176
15.6403	271.6536	-591.069127	6	0.800147536488	0.199852463512
17.4668	265.7491	-588.506216	13	1.0	0.0
27.7719	279.6702	-583.649479	18	1.0	0.0
27.793	279.6461	-583.371108	18	0.792835373388	0.207164626612
22.9101	277.7843	-581.469014	-1	0.0	0.243197852481
22.993	277.9457	-581.391733	-1	0.0	0.0841098322378
26.0729	280.1368	-580.146857	17	1.0	0.0
27.1776	280.0259	-580.09857	19	0.750785271395	0.249214728605
23.597	274.2907	-574.744535	27	0.733139332179	0.266860667821
23.6292	274.3204	-574.513398	27	1.0	0.0
17.186	264.7151	-565.527407	9	0.995526388982	0.00447361101837
23.3685	275.2657	-562.330506	28	1.0	0.0
21.8276	275.439	-561.322318	23	0.645762532189	0.354237467811
22.9177	278.0594	-558.591391	35	1.0	0.0
16.2986	266.0986	-558.246988	26	0.581278250368	0.418721749632
16.4134	265.5797	-556.478315	22	0.952883642312	0.0471163576883
16.2707	265.5118	-556.403283	22	0.73057519126	0.26942480874
30.4614	277.2696	-554.035717	7	0.11829077381	0.88170922619
30.3984	277.0291	-553.966855	7	0.690806650677	0.309193349323
15.6717	271.5706	-546.886412	6	0.497249096186	0.502750903814
17.4559	265.7238	-545.910055	13	1.0	0.0
16.2569	269.9809	-532.416012	31	0.751603481106	0.248396518894
30.9544	274.1108	-531.53947	2	0.170342505237	0.829657494763
22.8587	277.9376	-529.436645	35	0.63464119289	0.36535880711
18.7557	271.6561	-528.798968	21	0.765680820161	0.234319179839
27.6568	279.7551	-528.083976	18	1.0	0.0
27.7119	279.6803	-527.49311	18	0.953617255348	0.0463827446521
15.7897	271.5332	-526.106517	6	0.22598455168	0.77401544832
15.6297	271.6456	-526.106426	6	0.898892367688	0.101107632312
15.7486	271.5203	-526.051829	6	0.248258159654	0.751741840346
15.8404	263.9459	-522.863343	5	1.0	0.0
16.3287	265.4771	-522.446748	22	1.0	0.0
23.0807	277.4809	-519.28289	32	1.0	0.0
22.9552	277.7154	-519.249547	34	1.0	0.272328475777
22.9908	277.7841	-519.1167	34	1.0	0.415585781188
23.6463	274.3083	-518.54408	27	1.0	0.0
21.6083	276.1153	-516.740276	24	1.0	0.0
30.1763	277.1603	-514.910734	7	0.196413358888	0.803586641112
30.2984	277.2285	-514.853506	7	0.196413358888	0.803586641112
31.3305	275.8582	-512.028244	4	0.437960155921	0.562039844079
16.352	265.5451	-509.767983	22	1.0	0.0482670624067
15.3795	266.5699	-509.767526	-1	0.0	0.160885969414
16.3506	265.572	-509.70292	22	0.88926454946	0.11073545054
25.2521	279.723	-503.946603	-1	0.0	0.376570969528
16.3263	266.1308	-499.534884	26	0.438310285144	0.561689714856
16.2755	266.0404	-499.337243	26	1.0	0.0
16.4172	265.9438	-499.223936	26	0.285600677439	0.714399322561
16.2626	266.0725	-499.131474	26	0.617531491987	0.382468508013
18.2603	269.0121	-494.503055	15	0.419330919849	0.580669080151
22.9379	277.9321	-491.790296	35	0.922051591674	0.0779484083259
21.2617	281.4089	-490.228459	12	1.0	0.300840004385
21.2231	281.3656	-490.201565	12	1.0	0.610125557463
30.8399	273.6677	-487.378704	2	0.797836147734	0.202163852266
16.3027	265.5099	-481.284241	22	1.0	0.0
27.7589	279.7417	-479.872059	18	1.0	0.0
16.8449	268.7072	-477.649919	10	0.475266065105	0.524733934895
16.6982	268.7956	-477.328695	10	1.0	0.0
21.2727	281.4996	-475.049391	12	1.0	0.364263201799
21.2669	281.4352	-474.908064	12	1.0	0.0
21.7319	275.3572	-473.80292	23	1.0	0.0
31.2156	275.7427	-473.186114	4	0.396582582958	0.603417417042
23.6627	273.536	-469.527679	-1	0.0	0.184031424358
22.9648	277.9201	-468.698846	35	0.710173108094	0.289826891906
21.2396	281.403	-468.645644	12	1.0	0.435831571593
16.3265	279.9235	-466.987801	3	0.235646790284	0.764353209716
22.8438	278.1929	-466.353176	36	1.0	0.0
16.4108	265.5536	-465.996603	22	0.897445102414	0.102554897586
16.4298	265.5798	-465.862558	22	0.897445102414	0.102554897586
23.666	274.2912	-464.829758	27	1.0	0.0
30.8069	273.7774	-460.919762	2	0.858243244638	0.141756755362
22.8931	277.9267	-458.809435	35	1.0	0.0
22.9029	277.984	-458.747312	35	1.0	0.0
22.8527	278.0467	-458.520445	35	0.882720528334	0.117279471666
17.4902	265.7431	-458.115198	13	1.0	0.0
21.2855	281.4789	-453.662506	12	1.0	0.315534536347
30.7461	273.725	-445.475726	2	1.0	0.0
26.6174	274.5532	-444.45821	1	1.0	0.0
26.6822	274.5781	-444.458156	1	1.0	0.0
22.8834	277.9154	-440.975027	35	0.87591086468	0.12408913532
22.9251	277.9229	-440.84074	35	1.0	0.0883773233049
22.6591	278.3062	-435.49355	33	0.642438818321	0.357561181679
14.4061	279.1485	-434.787646	3	0.846078068362	0.153921931638
22.9157	278.0188	-431.604198	35	1.0	0.0
15.7473	271.405	-428.846278	6	0.168705748648	0.831294251352
15.63	271.6101	-428.846216	6	1.0	0.0
30.2551	277.154	-428.156803	7	0.245492895704	0.754507104296
30.2925	277.163	-428.073674	7	0.275874798946	0.724125201054
30.37	276.9709	-428.042497	7	0.437111567432	0.562888432568
30.3932	277.066	-428.042361	7	1.0	0.0
22.7936	278.1921	-424.449024	-1	0.0	0.0414800508441
23.0217	277.7886	-423.499101	34	1.0	0.429355544031
23.9038	274.0781	-422.74252	27	0.107598342585	0.892401657415
23.6902	274.3423	-422.742435	27	0.78912476346	0.21087523654
21.2651	281.4367	-422.490404	12	1.0	0.0
23.6569	274.3149	-422.306988	27	1.0	0.0
18.8143	271.6669	-420.605736	21	1.0	0.204726106905
18.8027	271.6141	-420.593534	21	1.0	0.0
23.041	277.675	-418.72375	34	0.708490733681	0.291509266319
22.8971	277.9736	-418.723635	35	1.0	0.0
18.7479	270.7636	-416.928632	14	1.0	0.0
18.697	280.7168	-414.003674	-1	0.0	0.00338680234564
16.3819	266.1581	-412.135973	26	0.253729484359	0.746270515641
16.3108	266.0437	-411.962722	26	1.0	0.0
16.3016	266.0485	-411.777449	26	1.0	0.0
16.3148	266.1319	-411.490802	26	0.420640179859	0.579359820141
16.3191	266.339	-411.490798	-1	0.0	0.482401078331
21.1524	281.3319	-409.654762	12	0.543386853573	0.456613146427
23.0174	277.782	-408.831774	34	1.0	0.314868367969
30.7585	273.7053	-405.237882	2	1.0	0.0
26.0709	280.0504	-404.857995	17	0.477906443102	0.522093556898
30.3334	277.0693	-403.961216	7	0.62995245508	0.37004754492
30.3884	277.1118	-403.504414	7	0.54401412039	0.45598587961
31.2918	275.8777	-403.061889	4	0.431062308186	0.568937691814
16.3972	270.1116	-398.864771	31	0.56514819158	0.43485180842
16.3636	265.5755	-395.662726	22	0.952883642312	0.0471163576883
18.8362	270.8063	-395.62407	14	1.0	0.0
22.928	278.3374	-395.203968	-1	0.0	0.0176680115966
16.5853	268.8967	-395.151165	10	0.544044047634	0.455955952366
22.9657	278.3077	-395.07471	-1	0.0	0.0504808410656
30.4319	277.0829	-392.880292	7	0.75124948469	0.24875051531
27.1398	279.9918	-389.54058	19	1.0	0.0
21.2795	281.4589	-386.61364	12	1.0	0.00184192504089
21.2559	281.4209	-386.380132	12	1.0	0.126343795504
15.704	263.7604	-385.259812	5	0.643089189969	0.356910810031
22.9141	278.0293	-384.999559	35	1.0	0.245195642105
22.9315	278.0482	-384.334605	35	1.0	0.27442110704
21.5429	276.2164	-381.095167	24	1.0	0.0
23.3031	275.2844	-380.574495	28	1.0	0.0
22.9263	277.9488	-377.953836	35	0.936836671254	0.0631633287459
22.9077	277.9741	-377.868812	35	1.0	0.0
22.8901	278.371	-373.3092	-1	0.0	0.0504808410656
30.3842	277.0586	-372.983662	7	1.0	0.0
21.2575	281.4635	-371.730101	12	1.0	0.0
21.2333	281.4309	-371.672958	12	1.0	0.11796441665
16.4458	265.3781	-370.037755	22	0.560679145654	0.439320854346
22.9306	277.9037	-368.280661	35	0.794346342879	0.205653657121
26.0792	280.2333	-366.862786	17	0.40840652116	0.59159347884
22.9082	277.3877	-362.322971	-1	0.0	0.533873949289
14.8331	264.6536	-361.097653	-1	0.0	0.00139697388518
22.9755	277.7686	-360.718751	34	1.0	0.436237547678
21.2681	281.4532	-360.39196	12	1.0	0.0
16.0195	269.803	-359.977508	30	0.932885777397	0.067114222603
16.0692	269.7211	-359.971645	30	1.0	0.0
16.0892	269.8734	-359.569585	30	0.978559312882	0.0214406871179
18.6082	269.9884	-357.251582	16	1.0	0.0
30.3628	277.0518	-357.021703	7	0.853638441602	0.146361558398
16.7241	268.8151	-350.904224	10	1.0	0.0
16.4276	265.6209	-350.719702	22	0.611392471281	0.388607528719
16.3918	265.5536	-350.575661	22	1.0	0.0482670624067
22.8561	278.0317	-350.245044	35	1.0	0.221255519131
17.4844	264.1984	-348.03639	9	0.675488323351	0.324511676649
17.4401	264.5769	-348.036346	9	1.0	0.0
17.2823	264.4607	-347.981261	9	1.0	0.0
27.5564	279.6347	-347.559907	18	0.609482313508	0.390517686492
22.998	277.7439	-346.389428	34	1.0	0.0
22.9547	277.7119	-345.926994	34	1.0	0.292065695157
17.912	264.2986	-345.369368	9	0.519917146412	0.480082853588
18.2917	271.6768	-344.400213	21	0.142220538725	0.857779461275
17.7638	271.3991	-339.460458	-1	0.0	0.0663913312286
17.6775	271.2903	-339.458398	20	0.0953902036955	0.904609796304
15.7813	271.426	-339.022543	6	0.204559021718	0.795440978282
23.0206	277.3963	-336.359436	-1	0.0	0.24356764017
23.3067	275.2972	-335.395493	28	1.0	0.0
30.2986	277.1551	-332.161446	7	0.275874798946	0.724125201054
21.2385	281.448	-330.905228	12	1.0	0.0186101497557
17.5092	264.3213	-327.635216	9	0.953162285779	0.0468377142211
22.9841	277.7299	-326.162151	34	1.0	0.0399392424848
15.9976	269.3189	-324.391345	-1	0.0	0.681540748699
16.4976	265.3489	-321.376621	22	0.433896061923	0.566103938077
16.318	265.3921	-316.023638	22	0.705454292941	0.294545707059
22.9629	277.9223	-314.035049	35	0.751814768959	0.248185231041
22.8807	277.973	-312.339403	35	1.0	0.0
13.8957	279.4094	-311.972373	3	1.0	0.0
18.7181	270.7222	-310.375497	14	1.0	0.0
21.1044	276.2276	-306.029823	24	1.0	0.0
21.1471	276.1719	-306.029794	24	1.0	0.0
20.4808	276.6966	-306.005355	-1	0.0	0.187258694522
17.7723	270.8411	-304.149455	20	0.38436155729	0.61563844271
17.6181	270.8969	-304.149398	20	1.0	0.0
15.6493	271.6977	-302.820748	6	0.41313600021	0.58686399979
15.5829	271.6506	-302.480071	6	0.611972056654	0.388027943346
30.8963	274.1734	-300.702454	2	0.149093218193	0.850906781807
22.941	277.9393	-299.461601	35	0.845630064021	0.154369935979
16.3796	265.5868	-297.620036	22	0.952883642312	0.0471163576883
30.7688	278.0672	-297.397676	8	0.998032047837	0.00196795216324
22.9743	277.721	-295.60258	34	1.0	0.277505311151
23.0078	277.7242	-295.229155	34	1.0	0.0478625343472
21.2637	281.4287	-292.336727	12	1.0	0.0
21.3143	281.4293	-292.223409	12	1.0	0.489454801243
21.1961	281.5379	-292.223334	12	0.535558793666	0.464441206334
18.8977	271.5566	-289.53606	21	1.0	0.00781617131641
18.8525	271.6839	-289.472148	21	1.0	0.0
18.807	271.6419	-289.449602	21	1.0	0.0287938302162
16.2751	266.0612	-284.963387	26	0.89805907904	0.10194092096
23.015	277.6991	-281.003059	34	1.0	0.233049523876
22.9068	277.8653	-280.930859	-1	0.0	0.216407129227
16.2105	270.0656	-277.79423	31	1.0	0.0
18.2892	271.4149	-269.568158	21	0.123595372797	0.876404627203
16.0897	269.6735	-269.176504	30	0.789341773612	0.210658226388
16.0939	269.8548	-269.176489	30	1.0	0.0
16.4051	265.5358	-268.992283	22	1.0	0.0
16.4002	265.4876	-268.476172	22	1.0	0.349535680401
16.1826	266.0184	-261.592077	26	0.351418173063	0.648581826937
15.6077	271.5996	-260.912418	6	1.0	0.0
15.5785	271.6018	-260.810992	6	0.686320987742	0.313679012258
22.9859	277.9633	-254.653729	-1	0.0	0.171995314621
23.4152	275.203	-247.24537	28	0.681511051936	0.318488948064
22.936	277.9795	-246.793954	35	1.0	0.0258521616248
22.899	278.0165	-246.705327	35	1.0	0.13393396296
21.3214	281.4523	-246.22769	12	1.0	0.524842940053
21.2602	281.44	-245.980922	12	1.0	0.0
22.9627	277.7024	-243.679323	34	1.0	0.495168652839
23.0205	277.7581	-243.369559	34	1.0	0.314868367969
21.7089	275.7475	-240.874683	23	0.200073724284	0.799926275716
22.7562	278.2296	-240.636319	-1	0.0	0.353339386883
22.6799	278.3681	-240.636249	33	0.954004460685	0.045995539315
25.2258	279.7375	-238.367506	-1	0.0	0.37849817218
15.6298	271.6637	-236.092479	6	0.79309695533	0.20690304467
15.6749	271.7584	-236.092456	6	0.230418792648	0.769581207352
16.3753	265.4448	-231.297121	22	0.776012462725	0.223987537275
15.4741	266.4567	-231.296733	-1	0.0	0.00307612739539
26.1911	280.2056	-229.828319	17	0.619975438678	0.380024561322
26.2374	280.1596	-229.677965	17	0.903643105654	0.0963568943464
30.3889	277.0023	-227.551312	7	0.437111567432	0.562888432568
16.7267	268.8296	-227.092931	10	0.873807816662	0.126192183338
16.6597	268.77	-227.092856	10	1.0	0.0
16.7588	268.7604	-227.013527	10	0.852840125471	0.147159874529
21.1197	282.6383	-224.858569	11	0.868897823243	0.131102176757
21.1406	282.7453	-224.743103	11	1.0	0.0
23.0109	277.8075	-221.551631	34	1.0	0.498866606018
22.8122	277.9249	-221.551542	-1	0.0	0.239323326703
23.0696	277.7597	-221.482195	34	0.856429702326	0.143570297674
22.9289	278.0073	-221.482099	35	1.0	0.231301854572
22.9179	278.0149	-221.377203	35	1.0	0.0
21.2851	281.4828	-218.46735	12	1.0	0.232677738853
22.9615	277.724	-217.48859	34	1.0	0.27197962372
23.0031	277.7309	-217.458517	34	1.0	0.0
18.6065	271.6804	-213.62758	21	0.303628328974	0.696371671026
18.7916	271.6039	-213.590403	21	1.0	0.011121474683
18.8159	271.6256	-213.563021	21	1.0	0.0
16.329	266.0881	-212.698458	26	0.492361630272	0.507638369728
16.2987	266.0528	-212.191278	26	1.0	0.0
31.2343	275.779	-208.081959	4	1.0	0.0
23.0056	277.7701	-207.031898	34	1.0	0.314868367969
23.0854	277.5206	-206.79108	32	0.97553977607	0.0244602239302
22.9901	277.7397	-206.790979	34	1.0	0.0399392424848
30.4613	277.0677	-204.789168	7	0.66189219465	0.33810780535
27.5681	279.7214	-203.231151	18	0.784516107741	0.215483892259
22.8873	277.9474	-203.158854	35	1.0	0.0391357737601
22.8579	278.0209	-202.829509	35	1.0	0.206112055033
18.6038	269.8956	-200.848599	16	1.0	0.0
22.8313	278.2125	-200.11014	-1	0.0	0.0157460309688
22.9105	277.9091	-198.526694	35	1.0	0.0
22.9244	277.906	-198.329704	35	0.913048691175	0.086951308825
31.1788	275.9867	-197.384304	4	0.111671975445	0.888328024555
18.4359	269.3243	-196.195356	15	1.0	0.0
18.4053	269.3641	-196.081504	15	0.857135388505	0.142864611495
23.0669	277.9216	-190.053592	-1	0.0	0.409152954178
31.2431	275.8079	-189.853283	4	1.0	0.0
23.0486	277.6933	-189.787252	34	1.0	0.471252640436
15.7579	271.4353	-188.343164	6	0.221038029021	0.778961970979
15.6508	271.6674	-188.21867	6	0.723599183041	0.276400816959
21.2604	281.4739	-183.89371	12	1.0	0.0348883827694
23.0625	278.1452	-183.234613	-1	0.0	0.257664453623
22.9363	278.328	-183.09199	-1	0.0	0.0600716538333
21.699	275.7179	-171.435572	23	0.208557215413	0.791442784587
22.9089	277.9263	-170.150074	35	1.0	0.0
21.2544	281.4555	-167.436544	12	1.0	0.0
30.3602	277.0844	-167.062216	7	0.659007945587	0.340992054413
15.6321	271.6175	-166.300362	6	1.0	0.0
23.0377	277.6296	-165.439623	-1	0.0	0.411612696535
22.9383	277.8056	-165.439546	34	0.689397028312	0.310602971688
31.0463	277.8925	-157.071259	8	1.0	0.0
21.2773	281.4281	-153.842409	12	1.0	0.0975053691632
21.1027	281.583	-153.842291	12	0.319169161414	0.680830838586
21.2454	281.4408	-153.819664	12	1.0	0.0
22.9063	278.0575	-153.403029	35	1.0	0.122595760538
16.0826	269.8879	-151.751221	30	0.95324044665	0.04675955335
16.086	269.8553	-151.693795	30	1.0	0.0
16.0764	269.7473	-151.675473	30	1.0	0.0
16.0348	269.7229	-151.630353	30	1.0	0.0
23.012	277.8217	-151.225785	34	1.0	0.0
22.9525	278.0297	-151.225712	35	0.740247606773	0.259752393227
19.1896	270.7387	-149.343974	14	0.511384145063	0.488615854937
31.2377	275.7769	-143.792724	4	1.0	0.0
18.8482	271.6069	-140.679601	21	1.0	0.0
18.8138	271.5854	-140.612547	21	1.0	0.177130424298
22.3958	279.1323	-140.121582	-1	0.0	0.905163029438
22.9886	277.7398	-138.693544	34	1.0	0.0276689920322
23.4142	275.2542	-138.476777	28	0.698805404963	0.301194595037
23.093	277.6445	-138.072944	-1	0.0	0.372366913365
30.4105	277.0508	-135.496516	7	1.0	0.0
17.6155	270.8641	-135.265386	20	1.0	0.0
22.9866	277.85	-135.139863	34	1.0	0.119429131446
22.9094	278.0815	-135.139785	35	1.0	0.0
16.3592	265.5441	-134.97956	22	1.0	0.0469573077093
16.4029	265.518	-134.374857	22	1.0	0.0
16.3942	265.5247	-134.260288	22	1.0	0.0
16.3133	265.4328	-134.154711	22	0.953016658885	0.0469833411149
26.6526	274.5495	-133.470974	1	1.0	0.0
26.6365	274.5758	-133.35273	1	1.0	0.0
26.5957	274.5772	-133.306236	1	1.0	0.0
27.1017	279.8354	-130.95512	19	0.320476160723	0.679523839277
23.3227	275.4981	-129.852186	28	0.229190094798	0.770809905202
11.6987	280.9898	-121.019057	3	0.29543867377	0.70456132623
21.7854	275.3208	-118.62705	23	1.0	0.0
23.0019	277.752	-117.120263	34	1.0	0.285077333703
23.1228	277.5666	-117.100947	-1	0.0	0.0985089893865
16.2949	266.0414	-115.906244	26	1.0	0.0
16.3124	265.9226	-115.823481	26	0.386924447723	0.613075552277
16.2957	265.931	-115.753074	26	0.386924447723	0.613075552277
16.3344	265.993	-115.708586	26	0.359296295509	0.640703704491
16.3274	265.9529	-115.65999	26	0.386924447723	0.613075552277
16.3409	266.0012	-115.318993	26	0.39923145118	0.60076854882
30.5327	276.7558	-114.02484	7	0.0915891657963	0.908410834204
30.413	277.0357	-114.024773	7	0.713133389928	0.286866610072
30.428	277.052	-113.724823	7	0.776642677218	0.223357322782
22.9201	278.0379	-110.521659	35	1.0	0.104493084483
23.0321	277.7155	-110.45722	34	1.0	0.284094800649
31.2632	275.8642	-106.93213	4	0.437960155921	0.562039844079
23.2614	274.5301	-104.833576	27	0.0950450812029	0.904954918797
31.3475	275.8537	-102.915745	4	0.350574300362	0.649425699638
22.816	278.1873	-97.979844	36	1.0	0.0
22.8701	278.163	-97.88566	35	0.590603414971	0.409396585029
21.241	281.4667	-93.944595	12	1.0	0.0651530855268
21.1836	281.3814	-93.831081	12	0.975962225709	0.0240377742915
16.2765	265.556	-89.093073	22	0.58287818392	0.41712181608
16.3515	265.6258	-88.938407	22	0.618392862555	0.381607137445
23.128	277.6833	-88.370552	-1	0.0	0.31679488806
22.9658	278.0193	-88.370413	35	0.619685858081	0.380314141919
30.3333	276.9371	-78.916853	7	0.297804810032	0.702195189968
30.4421	277.0947	-78.777109	7	0.66189219465	0.33810780535
15.7086	271.801	-77.034251	6	0.160194201775	0.839805798225
15.6045	271.5877	-76.941036	6	0.66318501841	0.33681498159
23.0506	278.175	-76.253302	-1	0.0	0.261406140231
22.9785	277.7589	-73.718169	34	1.0	0.460020715034
13.4851	280.0622	-72.286799	3	0.344442707302	0.655557292698
18.2901	271.6439	-71.04941	21	0.151729311294	0.848270688706
17.255	264.4123	-70.499247	9	1.0	0.0
17.2154	264.4497	-70.177685	9	1.0	0.0
15.8174	264.1076	-68.595239	5	0.920297398618	0.0797026013816
22.4772	279.9943	-68.531609	-1	0.0	0.0195889609096
15.8071	264.0664	-68.510944	5	1.0	0.0
22.9082	277.9775	-67.982688	35	1.0	0.0
30.8571	277.7071	-67.393575	8	1.0	0.0
17.5721	270.8889	-67.158526	20	0.825656685586	0.174343314414
30.7295	277.4158	-67.108358	7	0.0540177395253	0.945982260475
17.8443	270.63	-67.087228	20	0.142965139402	0.857034860598
17.6517	270.8361	-67.046763	20	0.970379395077	0.0296206049226
17.6515	270.8363	-67.002239	20	0.976858258481	0.0231417415195
13.1693	272.8162	-66.140528	0	1.0	0.0
21.2486	281.5337	-64.940724	12	0.703180463167	0.296819536833
21.2311	281.4554	-64.830666	12	1.0	0.0535555096191
20.9248	281.5392	-64.830525	12	0.225075168929	0.774924831071
23.0088	277.7416	-61.919087	34	1.0	0.0404080134296
26.1124	280.1344	-60.460055	17	1.0	0.0
26.1084	280.1577	-60.083284	17	1.0	0.0
16.3796	265.5096	-59.57839	22	1.0	0.0435466216358
22.8966	277.9613	-56.870731	35	1.0	0.125546135344
22.9054	277.9355	-56.864901	35	1.0	0.199877868449
21.2298	281.427	-56.765836	12	1.0	0.141131427773
21.4253	281.5189	-56.458973	12	0.429395809334	0.570604190666
15.0497	270.8569	-55.31147	6	0.033355351707	0.966644648293
16.1579	270.1778	-55.104329	31	1.0	0.065053890878
22.088	275.0258	-52.819922	23	0.229774490321	0.770225509679
21.7542	275.3307	-52.819765	23	1.0	0.0
22.8888	278.0875	-49.592293	35	1.0	0.0
23.6913	274.3073	-48.239324	27	1.0	0.0
23.7166	274.318	-48.105649	27	0.843615121658	0.156384878342
23.0054	277.7024	-46.080919	34	1.0	0.162485075534
22.8749	278.0022	-45.524807	35	1.0	0.0336076494641
23.433	275.17	-44.85416	28	0.543797743536	0.456202256464
21.3061	281.6587	-40.466041	12	0.259118393506	0.740881606494
16.1961	266.2712	-40.138061	-1	0.0	0.308950328118
16.383	265.8152	-35.51118	25	0.779473917897	0.220526082103
16.3347	265.7866	-35.421063	25	1.0	0.0
16.3122	265.7377	-35.278977	25	1.0	0.0
22.9778	278.4084	-35.243585	-1	0.0	0.289930123249
16.3141	270.2223	-32.854544	31	1.0	0.0
16.3185	270.1587	-32.854504	31	0.790004414009	0.209995585991
18.7291	270.6563	-29.479826	14	0.971427182947	0.0285728170528
22.9026	278.1015	-29.394573	35	0.971872747681	0.0281272523192
22.8302	278.1688	-26.926893	36	0.941819737708	0.0581802622919
16.2369	270.0454	-26.026656	31	1.0	0.229788492939
16.2246	270.2125	-26.026622	31	1.0	0.0360772786565
16.1631	270.148	-25.967026	31	0.947727765963	0.052272234037
16.2005	270.0626	-25.923037	31	1.0	0.0
22.8815	277.9752	-18.889981	35	1.0	0.0
22.8492	277.9806	-18.804934	35	0.841190618151	0.158809381849
21.2671	281.4539	-18.654073	12	1.0	0.0
26.1106	280.1547	-18.62851	17	1.0	0.0
18.5752	269.1783	-18.111129	15	0.931539954515	0.0684600454845
18.5212	269.2841	-18.023819	15	1.0	0.0
16.9558	278.1593	-16.451491	-1	0.0	0.173604404938
26.2105	280.0846	-15.876626	17	0.652151024605	0.347848975395
15.6338	271.6264	-13.864131	6	1.0	0.0
23.0557	277.7081	-13.104287	34	1.0	0.35141022996
30.3766	276.9447	-13.034496	7	0.437111567432	0.562888432568
22.6609	278.4092	-12.885667	33	1.0	0.0
16.2742	269.9484	-11.335242	31	0.496416874137	0.503583125863
22.8311	278.1845	-10.424276	36	1.0	0.0
20.9135	283.0212	-9.126312	11	1.0	0.0
22.9588	277.7901	-5.997921	34	0.89701117292	0.10298882708
22.8902	278.0151	-5.997833	35	1.0	0.0392580233877
16.3362	265.5068	-3.722586	22	1.0	0.0160449623925
16.3006	265.4479	-3.586249	22	1.0	0.3164505414
16.3904	265.4208	-3.539639	22	0.705454292941	0.294545707059
16.3373	265.5062	-3.539603	22	1.0	0.0
22.8824	278.0944	-0.557882	35	1.0	0.0141570379925
23.0491	277.7535	-3e-06	34	1.0	0.373718355502
13.3079	280.3326	1.448291	3	0.317065705356	0.682934294644
18.7933	270.7192	2.445445	14	1.0	0.0
18.7834	271.0132	2.445494	14	0.378226021262	0.621773978738
18.803	270.7233	2.653302	14	1.0	0.0
23.1734	277.4647	3.868781	32	1.0	0.0
22.9201	278.0171	5.562249	35	1.0	0.0
22.8987	277.9836	5.717927	35	1.0	0.0
16.7129	270.6958	10.204641	-1	0.0	0.311266238894
15.5421	271.824	10.205399	6	0.131725787516	0.868274212484
22.907	278.1345	15.703952	35	0.655246905371	0.344753094629
30.652	277.971	16.631354	8	1.0	0.0
22.6641	278.3933	16.943162	33	1.0	0.0
22.6443	278.3778	17.136076	33	1.0	0.0
30.4436	276.9715	18.194577	7	0.409459321382	0.590540678618
30.4051	277.1034	18.65645	7	0.75124948469	0.24875051531
30.3785	277.1026	18.779562	7	0.544919702599	0.455080297401
30.3675	277.0537	18.977768	7	1.0	0.0
15.4591	271.4765	19.214738	6	0.150900307985	0.849099692015
22.9005	277.9912	21.402954	35	1.0	0.0
17.6578	270.9225	24.583185	20	0.652504953197	0.347495046803
17.5692	270.7718	24.627951	20	0.377449245327	0.622550754673
17.6757	271.3822	27.409985	-1	0.0	0.170410119407
22.9519	278.0589	28.413095	35	0.622486537359	0.377513462641
23.0332	277.7173	28.665403	34	1.0	0.336607388668
22.9066	278.0543	28.665537	35	1.0	0.27442110704
21.773	275.3633	29.150296	23	1.0	0.0
21.9106	275.0361	29.398231	23	0.283218777671	0.716781222329
23.003	277.7036	30.715995	34	1.0	0.162485075534
22.9878	277.7094	30.718839	34	1.0	0.246178348497
23.1895	277.4435	30.781157	32	1.0	0.0
22.9938	277.7884	30.802503	34	1.0	0.4804849107
23.1722	277.4432	31.056764	32	1.0	0.0
23.0072	277.7142	31.056878	34	1.0	0.162485075534
27.07	280.0199	31.450432	19	0.797000616305	0.202999383695
27.8818	279.6629	31.82323	18	0.792401411569	0.207598588431
26.0651	280.1158	33.121393	17	1.0	0.0
26.0553	280.1328	33.269749	17	0.864547221283	0.135452778717
22.8679	278.0211	33.543586	35	1.0	0.176882083032
21.2779	281.4848	35.287659	12	1.0	0.0794013405024
22.92	278.0389	44.250996	35	1.0	0.0393265102201
11.6189	281.2214	47.956225	3	0.251078446463	0.748921553537
16.2833	265.8918	50.684278	26	0.286220020879	0.713779979121
16.2735	265.9518	50.736279	26	0.386924447723	0.613075552277
15.6747	271.5999	54.36326	6	0.747571358737	0.252428641263
15.6638	271.6124	54.461472	6	1.0	0.0
22.8793	278.0567	55.724995	35	1.0	0.0566919465681
23.7142	274.2964	56.475975	27	0.759985139325	0.240014860675
21.278	281.5201	60.439957	12	0.963436673766	0.0365633262341
23.0213	277.8216	61.925166	34	0.986487090571	0.0135129094293
18.8861	271.6797	71.656111	21	1.0	0.0
18.8824	271.6568	71.720152	21	1.0	0.0
18.892	271.5238	71.870163	21	0.958971408456	0.0410285915439
23.0054	277.7691	72.616267	34	1.0	0.314868367969
22.8578	277.9738	72.616341	35	1.0	0.16856467331
23.0015	277.7269	72.739781	34	1.0	0.0
22.8858	277.9702	75.553759	35	1.0	0.0
16.2897	270.0945	82.205184	31	0.975034633618	0.0249653663821
16.075	270.2111	82.205313	31	0.579648617726	0.420351382274
16.168	270.0867	82.279444	31	1.0	0.0
16.1835	270.1319	82.352427	31	1.0	0.360356786296
21.249	281.3735	83.855533	12	1.0	0.554461000793
21.1588	281.4394	83.855585	12	0.883838898213	0.116161101787
17.6207	270.8761	85.506265	20	1.0	0.0
30.6789	278.0316	86.550058	8	1.0	0.0
31.252	275.7922	92.019113	4	1.0	0.0
22.8801	278.0271	92.067651	35	1.0	0.184587003857
30.3786	276.8778	93.80014	7	0.216213946746	0.783786053254
22.867	278.2278	95.469225	-1	0.0	0.117417048516
20.9895	283.104	95.823004	11	1.0	0.0
16.2074	266.0631	99.256923	26	0.415916721917	0.584083278083
22.9903	277.8107	101.490997	34	0.986487090571	0.0135129094293
18.8922	271.6542	101.513346	21	1.0	0.0
18.9133	271.6721	101.582393	21	1.0	0.0
22.9733	277.8107	101.855203	34	0.902500205018	0.0974997949823
26.4813	275.699	101.878614	1	0.042111315574	0.957888684426
18.8778	271.6063	101.96776	21	1.0	0.0
27.5678	279.5791	102.560779	18	0.537499929466	0.462500070534
27.6648	279.8033	102.560836	18	0.949808168275	0.0501918317249
16.3414	266.0889	103.280853	26	0.440636990471	0.559363009529
23.0883	277.5923	103.941842	32	0.97553977607	0.0244602239302
17.3172	265.729	104.561394	13	1.0	0.0
17.2898	265.6894	105.096637	13	1.0	0.0
16.3632	270.196	106.689007	31	1.0	0.0
21.19	281.4128	107.256773	12	1.0	0.559075405217
22.6908	278.1519	109.186961	-1	0.0	0.0762710688531
18.5011	269.2023	110.411911	15	1.0	0.0
18.4707	269.329	110.456881	15	1.0	0.0
26.1487	280.0808	116.475444	17	0.640570916015	0.359429083985
22.9321	278.0667	116.521292	35	0.854825654288	0.145174345712
26.1016	280.0926	116.734324	17	0.773600827656	0.226399172344
22.8962	277.9509	118.506833	35	0.953198798502	0.0468012014977
23.0089	277.7348	122.132125	34	1.0	0.0
23.0265	277.7265	122.692301	34	1.0	0.216713158167
22.9016	278.0739	122.934075	35	1.0	0.0
22.8506	278.0662	123.07614	35	0.845693706178	0.154306293822
26.0947	279.9275	129.161834	17	0.19780818425	0.80219181575
18.9028	269.6288	130.249426	15	0.229346578561	0.770653421439
21.6721	275.4714	131.909591	23	0.504544774	0.495455226
17.6135	270.8556	133.743167	20	1.0	0.0
30.9839	271.9497	133.998398	-1	0.0	0.963891492806
16.6898	270.5795	135.019678	29	0.757180481029	0.242819518971
22.9121	277.9806	135.205909	35	1.0	0.0
22.8781	277.9791	135.248251	35	1.0	0.0795132078695
23.0312	277.766	135.32346	34	1.0	0.315995438978
22.9269	277.9887	135.496129	35	1.0	0.263340882707
22.8741	278.0912	141.311564	35	0.886754844711	0.113245155289
22.942	278.261	142.663413	-1	0.0	0.376437813927
23.0078	277.6829	146.49697	34	1.0	0.496325859379
22.9071	277.9915	147.648555	35	1.0	0.0
16.3495	265.749	148.81374	25	1.0	0.0
16.3375	265.7894	148.941446	25	1.0	0.0
19.2378	270.6362	149.869106	14	0.388657378877	0.611342621123
18.8916	271.5777	153.36624	21	1.0	0.0
18.9031	271.5757	153.417524	21	1.0	0.0
18.8801	271.5766	153.444717	21	1.0	0.0
21.0901	282.7619	157.196188	11	1.0	0.0
21.0826	282.7644	157.268243	11	1.0	0.0
22.9255	277.9577	158.088499	35	0.979641198638	0.0203588013622
22.8917	277.9671	158.3312	35	1.0	0.0
30.7646	273.7567	158.654525	2	1.0	0.0
30.7325	273.6936	158.707136	2	0.998557940596	0.00144205940391
23.0191	277.775	160.88586	34	1.0	0.314868367969
22.8319	278.0251	160.973675	35	0.632944766275	0.367055233725
21.1588	281.4682	165.473322	12	0.763674556065	0.236325443935
21.3423	281.4794	165.535912	12	1.0	0.603568608453
18.8556	271.6148	174.05303	21	1.0	0.0
16.2383	270.0851	176.178697	31	1.0	0.0
16.2715	269.922	176.527971	30	0.562377351339	0.437622648661
22.8755	278.0087	178.497576	35	1.0	0.176882083032
22.6758	278.4125	182.417368	33	1.0	0.0
18.8861	263.9144	183.341158	-1	0.0	0.189584087504
23.0104	277.8744	184.089551	34	0.716584400521	0.283415599479
16.3782	265.5053	187.908227	22	1.0	0.0
16.3602	265.4495	188.067903	22	0.8692577813	0.1307422187
22.9629	277.9966	191.296398	35	0.723460432127	0.276539567873
17.6078	270.8478	192.884599	20	1.0	0.0
16.3994	279.2865	194.385554	3	0.272665403372	0.727334596628
16.9112	264.6782	196.203918	9	0.68505026213	0.31494973787
26.1222	280.1125	196.99684	17	0.934510155136	0.0654898448635
16.05	269.8172	198.717023	30	1.0	0.0
14.972	270.9601	198.717721	6	0.036525650978	0.963474349022
15.9818	269.7843	198.837863	30	0.950016045548	0.0499839544518
16.0154	269.7347	198.837916	30	1.0	0.0
23.6586	274.2124	202.080996	27	0.287256635808	0.712743364192
22.9938	277.7364	204.972129	34	1.0	0.0
16.3763	265.7733	205.559712	25	1.0	0.0
19.2792	270.9232	205.613317	14	0.378226021262	0.621773978738
31.0554	277.7572	206.036625	8	1.0	0.0
22.9021	277.9186	212.341958	35	1.0	0.0
22.8475	278.1216	212.951162	35	0.807941005084	0.192058994916
22.6661	278.2543	213.147821	-1	0.0	0.402312210331
15.7227	263.7854	218.09702	5	0.737244611598	0.262755388402
22.8945	278.0839	224.369128	35	1.0	0.0
22.9123	278.0824	224.510375	35	1.0	0.0625718826581
16.3601	265.4762	231.019147	22	1.0	0.313293611813
16.4191	265.3491	231.311942	22	0.59524532236	0.40475467764
15.5148	273.1795	240.661438	0	1.0	0.0
18.7714	270.9433	245.339048	14	0.474588414263	0.525411585737
15.2531	271.3262	246.119214	6	0.0751407109819	0.924859289018
22.8646	278.1295	246.672849	35	0.852162780484	0.147837219516
27.7682	279.8538	246.92931	18	1.0	0.0
21.2544	281.4235	247.392241	12	1.0	0.122048870421
21.2347	281.3437	247.452549	12	0.790223429051	0.209776570949
14.017	279.1957	248.649982	3	1.0	0.0
16.2498	266.024	249.1324	26	0.639005964922	0.360994035078
21.7815	275.289	249.591715	23	1.0	0.0
16.2946	265.5071	255.549877	22	1.0	0.0160449623925
16.3036	265.4778	255.728004	22	1.0	0.0
11.6426	280.8463	255.917381	3	0.312777371038	0.687222628962
15.725	271.6243	256.319101	6	0.450215387753	0.549784612247
27.673	279.8864	256.747935	18	0.719538848192	0.280461151808
23.0441	277.7412	258.946668	34	1.0	0.482956509311
22.9025	278.023	262.478485	35	1.0	0.245195642105
31.2835	275.8786	263.203377	4	0.387956594926	0.612043405074
26.9504	279.8288	267.774014	19	0.255346162429	0.744653837571
26.8952	279.8005	268.158852	19	0.199950638747	0.800049361253
22.952	277.959	268.903798	35	0.791811543896	0.208188456104
16.4278	270.3916	273.424026	29	0.629299495897	0.370700504103
23.3836	275.3327	274.924529	28	0.706713571948	0.293286428052
23.3551	275.3118	275.012249	28	1.0	0.0
21.3427	281.3912	276.275086	12	1.0	0.0
21.3427	281.2344	276.647209	12	0.371277568236	0.628722431764
31.2131	275.8239	283.744686	4	0.738902809881	0.261097190119
16.6524	268.8105	285.538918	10	1.0	0.0
22.973	277.9337	288.226506	35	0.845630064021	0.154369935979
22.4041	280.0071	288.362669	-1	0.0	0.0649593509274
22.9115	278.0326	288.392679	35	1.0	0.00114387724748
23.36	275.2885	291.289873	28	1.0	0.0
23.0483	277.7048	291.539371	34	1.0	0.284094800649
22.9045	277.9302	291.539471	35	1.0	0.0
16.3525	265.527	294.062292	22	1.0	0.0
16.3214	265.6082	294.343609	22	0.637652199336	0.362347800664
22.8611	278.1833	295.413451	36	1.0	0.0
22.907	278.0086	295.51616	35	1.0	0.13393396296
22.6915	278.4091	297.090697	33	1.0	0.0
27.7021	279.7902	299.024607	18	1.0	0.0
22.9117	278.0113	299.82333	35	1.0	0.0
22.876	278.1104	301.161446	35	0.909828019562	0.0901719804377
22.8692	278.0692	301.321209	35	1.0	0.0566919465681
21.3211	281.3919	302.058404	12	1.0	0.0
31.208	275.8005	306.115487	4	0.799069538375	0.200930461625
30.4199	277.0765	312.903608	7	0.77470902021	0.22529097979
22.8296	278.2271	314.949151	-1	0.0	0.056760902964
23.0319	275.3618	317.372272	28	0.251917691157	0.748082308843
18.8405	271.4959	317.91819	21	0.55117978713	0.44882021287
21.8206	275.1736	318.069712	23	0.501660465444	0.498339534556
21.6982	275.2728	318.069801	23	0.861940954151	0.138059045849
16.6212	268.7898	322.367251	10	1.0	0.0
30.9089	271.8758	327.808697	-1	0.0	0.965306349041
22.8915	278.0007	332.500755	35	1.0	0.0677740694858
22.7268	278.287	332.500864	-1	0.0	0.294885492427
15.8004	263.9624	339.013165	5	1.0	0.0
16.3787	265.3857	339.619243	22	0.705454292941	0.294545707059
16.3121	265.4769	339.669318	22	1.0	0.0
16.3421	265.3929	339.791329	22	0.668782030353	0.331217969647
30.7516	273.781	339.820663	2	1.0	0.0
21.3412	281.3688	341.875643	12	1.0	0.0
18.5128	270.2415	344.161717	16	1.0	0.0
18.5182	270.2649	344.164377	16	1.0	0.0
22.8831	278.1079	344.481986	35	0.941244087357	0.0587559126432
22.9329	277.9973	348.880201	35	1.0	0.236888432304
22.8282	278.2618	348.880334	-1	0.0	0.0704284254803
21.4112	281.2627	349.985855	12	0.516328892841	0.483671107159
22.8008	277.857	351.468264	-1	0.0	0.0232662999637
22.9233	277.9977	351.699169	35	1.0	0.231301854572
16.4706	270.2989	351.822157	31	0.515559317999	0.484440682001
16.6202	270.2548	351.822214	-1	0.0	0.207348012822
22.8788	277.9435	352.118503	35	0.934886702673	0.0651132973266
16.297	269.6126	355.880499	-1	0.0	0.265482886831
16.1048	269.7766	355.880561	30	1.0	0.0
16.3541	269.6946	361.058117	-1	0.0	0.148447103836
16.2263	270.18	361.098579	31	1.0	0.0
27.1185	279.955	361.245418	19	1.0	0.0
16.4494	265.3333	361.351221	22	0.560679145654	0.439320854346
27.1542	280.0294	361.390878	19	0.812594881427	0.187405118573
16.3792	265.4544	361.435769	22	0.93328545684	0.0667145431602
16.5988	269.7765	361.559544	-1	0.0	0.464868317354
30.8134	273.6514	364.03575	2	0.757285442729	0.242714557271
18.9404	271.5777	366.661171	21	1.0	0.0
21.4169	281.3865	368.577245	12	0.766814905358	0.233185094642
17.1255	264.5933	372.236957	9	1.0	0.0
22.9876	277.8312	373.236889	34	1.0	0.0
16.8933	264.6861	373.611178	9	0.65706395324	0.34293604676
23.0005	277.6982	384.444734	34	1.0	0.246178348497
16.3205	265.4727	390.313957	22	1.0	0.0
22.8267	278.1743	390.79164	36	1.0	0.0
21.3752	281.3653	392.262144	12	1.0	0.172845726744
21.3759	281.3301	392.340298	12	0.72187290821	0.27812709179
23.0161	277.9039	395.481967	-1	0.0	0.202312775039
15.8507	264.0908	395.717003	5	1.0	0.0
15.8564	264.0635	395.891417	5	1.0	0.0
31.2919	275.7907	397.071998	4	0.488975510052	0.511024489948
31.2354	275.8136	397.157583	4	1.0	0.0
25.8913	278.3778	398.156106	-1	0.0	0.753157117834
30.4395	276.9599	398.683063	7	0.437111567432	0.562888432568
13.219	272.8698	400.48695	0	1.0	0.0
21.248	281.463	403.728392	12	1.0	0.0
22.9924	277.8412	406.601141	34	1.0	0.0
23.1055	277.4784	406.617508	32	1.0	0.0
22.9203	277.9732	406.819447	35	1.0	0.0
22.8769	278.0573	409.40964	35	1.0	0.0116826579216
28.0085	279.6071	410.081433	18	0.422795433343	0.577204566657
27.8575	279.9124	410.081542	18	0.50156040465	0.49843959535
17.6607	270.9521	411.357487	20	0.418454330738	0.581545669262
17.6574	270.9219	411.405277	20	0.660836884534	0.339163115466
20.8869	283.1342	415.508993	11	0.892549831936	0.107450168064
22.8639	278.1476	419.080047	35	0.684529611383	0.315470388617
26.2865	279.9599	420.938029	17	0.225285773136	0.774714226864
23.3774	275.1684	422.781227	28	0.523381261031	0.476618738969
16.388	265.6374	428.290676	22	0.554046491159	0.445953508841
16.3554	265.4783	428.510248	22	1.0	0.276966239756
21.2797	281.3471	428.751367	12	0.948060273948	0.0519397260523
22.9524	278.221	431.7243	-1	0.0	0.473935148545
21.3789	281.2612	431.736555	12	0.524483065723	0.475516934277
26.1771	280.1655	438.704802	17	0.958352765678	0.0416472343224
18.9451	271.5176	439.269446	21	0.806540283294	0.193459716706
18.9509	271.5958	439.366831	21	1.0	0.178536592148
22.878	278.1264	439.917516	35	0.895262875865	0.104737124135
18.4774	269.183	441.410793	15	0.832156729855	0.167843270145
18.4814	269.225	441.608801	15	1.0	0.0
16.3211	265.5197	443.131463	22	1.0	0.0
16.4609	265.2942	443.245267	22	0.425612988927	0.574387011073
16.1804	268.0349	444.250708	-1	0.0	0.0382265923513
16.07	267.8801	444.250772	-1	0.0	0.205391048556
22.9366	277.9979	446.453685	35	1.0	0.263340882707
31.5584	275.6823	450.465143	4	0.0830342899093	0.916965710091
16.2815	265.9999	451.738742	26	0.603237795562	0.396762204438
16.3161	266.0722	451.81823	26	0.777651472271	0.222348527729
16.2269	266.0121	451.871813	26	0.491950379172	0.508049620828
23.0663	277.7443	452.008556	34	0.706696649477	0.293303350523
19.4431	269.1406	453.074518	-1	0.0	0.0778420991866
14.1608	279.1964	455.138193	3	1.0	0.0
14.2872	279.1926	455.140032	3	1.0	0.0
30.7296	273.7192	457.096832	2	1.0	0.0
18.9557	271.5047	459.971706	21	0.620247211412	0.379752788588
30.3901	276.9264	464.390375	7	0.419945023969	0.580054976031
27.1317	279.9921	465.208577	19	1.0	0.0
26.2321	280.1019	466.282457	17	0.706400933307	0.293599066693
26.2019	280.1293	466.440437	17	0.903643105654	0.0963568943464
18.1457	268.8694	468.196129	15	0.382818479108	0.617181520892
18.6568	269.0962	469.889656	15	0.54440238272	0.45559761728
22.9929	277.8442	471.612217	34	1.0	0.0
22.8761	278.03	471.612278	35	1.0	0.199068189879
22.899	278.0611	471.741966	35	1.0	0.0
23.2093	275.9144	473.459997	-1	0.0	0.404665708287
31.2197	275.8084	480.147712	4	1.0	0.0
23.4082	275.0289	481.466872	28	0.26484897608	0.73515102392
31.2312	275.7857	481.738388	4	1.0	0.0
26.6577	274.5083	482.240916	1	0.680520281772	0.319479718228
16.5373	270.5074	482.61646	29	1.0	0.0
16.5742	270.5621	482.694355	29	1.0	0.0
16.5465	270.5295	482.751198	29	1.0	0.0
16.4081	270.5945	482.786291	29	0.73784844865	0.26215155135
16.4928	270.4928	482.786347	29	1.0	0.0
16.2946	265.4716	486.312187	22	1.0	0.0
16.3607	265.2761	486.402038	22	0.25986297112	0.74013702888
16.3094	270.2207	486.51747	31	1.0	0.0
16.3299	270.3326	486.517482	-1	0.0	0.0582412423106
16.246	265.3612	486.679861	22	0.423953292329	0.576046707671
21.3262	281.3759	487.464199	12	1.0	0.0
21.3321	281.3743	487.719785	12	1.0	0.0
22.8697	278.1342	489.2977	35	0.884987725764	0.115012274236
22.8855	278.237	489.374461	-1	0.0	0.158831474299
23.004	277.8636	489.447403	34	1.0	0.119429131446
15.9667	269.8993	489.890133	30	0.733514951631	0.266485048369
23.205	275.4073	495.363814	28	0.373835171898	0.626164828102
31.2407	275.8116	497.448338	4	0.859152961375	0.140847038625
18.6051	270.0841	499.126055	16	1.0	0.0
27.2892	279.5705	505.973218	18	0.293972694911	0.706027305089
27.122	279.9444	505.973373	19	0.921835735682	0.0781642643182
22.6459	278.2715	506.03316	-1	0.0	0.0203972462801
22.8649	277.9948	508.613184	35	0.931601826185	0.0683981738155
13.739	273.1739	509.947965	0	1.0	0.0
13.7421	273.2236	509.992951	0	1.0	0.0
21.2089	276.1599	515.04446	24	1.0	0.0
23.3364	274.8346	515.784965	28	0.137805332027	0.862194667973
18.9225	271.5877	518.456259	21	1.0	0.0
16.2882	265.3651	523.729967	22	0.635806680983	0.364193319017
22.8557	278.0641	527.11919	35	1.0	0.129561854384
22.8592	278.0485	527.49762	35	0.98164807681	0.0183519231898
18.1133	269.0937	530.714774	15	0.382818479108	0.617181520892
18.0363	269.0698	531.944891	15	0.333552884037	0.666447115963
22.9105	278.1148	533.879243	35	0.77976308558	0.22023691442
26.1637	280.1686	540.059057	17	1.0	0.0
22.9898	277.8798	540.941318	34	0.706300603575	0.293699396425
16.3284	265.5285	543.714176	22	1.0	0.0338973759068
23.4137	274.4256	547.965172	27	0.174912703908	0.825087296092
31.2252	275.7712	551.797033	4	0.665382148402	0.334617851598
23.1037	277.2009	554.787592	-1	0.0	0.709570600652
23.0388	277.6989	559.047251	34	1.0	0.236882085438
16.2137	270.1034	559.562062	31	1.0	0.0606295639434
16.2692	270.194	559.562072	31	1.0	0.0
16.3141	270.0176	559.610685	31	0.679799759932	0.320200240068
16.2041	270.0792	559.804171	31	1.0	0.0
22.8028	278.311	564.607019	-1	0.0	0.313834654559
22.8011	278.2938	564.668803	-1	0.0	0.0704284254803
22.9151	278.0117	564.718205	35	1.0	0.0
22.8196	278.2784	564.737982	-1	0.0	0.0704284254803
22.9946	277.832	564.843548	34	1.0	0.0
22.864	277.8923	564.843585	-1	0.0	0.0210363049206
22.8995	277.9936	564.918044	35	1.0	0.0
22.9119	277.8987	565.040849	35	0.749192381143	0.250807618857
22.928	277.9445	565.154774	35	1.0	0.199877868449
23.2211	275.8699	565.389359	-1	0.0	0.355779194578
26.2177	280.2188	566.186352	17	0.543155229286	0.456844770714
26.1903	280.1419	566.464503	17	1.0	0.0
27.1974	281.4425	567.399799	-1	0.0	0.729487078163
16.3764	270.2322	567.745161	31	0.72600705378	0.27399294622
18.9536	271.5516	567.883861	21	1.0	0.173220032924
11.6013	280.7806	569.391066	3	0.317065705356	0.682934294644
21.3749	281.3129	572.20097	12	0.671297950007	0.328702049993
23.383	275.1305	574.228646	28	0.449806351084	0.550193648916
27.1474	279.9728	574.421107	19	1.0	0.0
27.1202	279.9861	574.533136	19	1.0	0.0
27.1102	279.9475	574.641658	19	0.985725971117	0.014274028883
15.6574	263.8517	574.700511	5	1.0	0.0
31.3547	275.8039	575.524083	4	0.299328471263	0.700671528737
31.2694	275.834	575.795686	4	0.573377014719	0.426622985281
22.7993	278.2909	583.701186	-1	0.0	0.0704284254803
16.2968	265.4553	586.096545	22	1.0	0.282587377701
16.3109	265.3819	586.218289	22	0.705454292941	0.294545707059
16.2661	265.4233	586.422626	22	0.702175270531	0.297824729469
26.1932	280.1338	586.476428	17	0.91668874489	0.0833112551103
22.995	277.8708	588.652038	34	0.929158627975	0.0708413720252
13.8979	279.4334	592.12599	3	1.0	0.0
18.3289	268.7732	592.739797	15	0.253408614501	0.746591385499
16.5119	270.5467	595.198604	29	1.0	0.0
16.2424	266.5585	596.912325	-1	0.0	0.739081041742
