18.4121	289.7911	-3.5e-05	32	1.0	0.0
20.1005	282.5807	-599.160597	14	1.0	0.0
11.7707	281.1265	-595.12651	6	0.912151386487	0.0878486135132
11.8092	281.1255	-595.06829	6	1.0	0.0
11.816	281.1123	-594.965694	6	1.0	0.374709357015
11.8146	281.1276	-594.911371	6	1.0	0.0
12.4775	281.0371	-588.981819	2	1.0	0.0
26.1327	279.6869	-588.909656	18	1.0	0.0
18.4333	290.7068	-587.783735	33	1.0	0.0
12.515	280.928	-586.730821	2	1.0	0.301989994413
12.5207	280.9135	-586.633323	2	1.0	0.0
10.2537	291.5056	-584.262527	4	0.112262298011	0.887737701989
18.4489	290.2383	-575.318357	34	1.0	0.0
18.4447	290.2136	-575.146067	34	1.0	0.0
25.2504	279.8389	-574.703722	18	0.0360925525167	0.963907447483
11.7716	281.1519	-571.434705	6	0.718335270224	0.281664729776
22.0353	279.7225	-568.58916	25	0.218442359648	0.781557640352
29.0164	280.7525	-567.135259	29	1.0	0.0
29.0835	280.4662	-562.994001	28	0.4691120517	0.5308879483
29.0732	280.4666	-562.935466	28	0.4691120517	0.5308879483
29.081	280.4838	-562.887513	28	0.41936696606	0.58063303394
12.469	281.0242	-560.879486	2	1.0	0.0140221639168
12.5239	280.907	-560.347511	2	1.0	0.0
12.5142	280.8911	-560.261278	2	1.0	0.239811552058
12.5072	280.9125	-560.060084	2	1.0	0.0998351578775
18.4228	290.6557	-559.576587	33	1.0	0.0
29.0101	280.9401	-554.988593	30	1.0	0.0
28.9816	280.9386	-554.721549	30	1.0	0.0
12.0792	281.4595	-552.630899	-1	0.0	0.182622397395
10.2455	295.6039	-551.051736	0	0.497353439749	0.502646560251
10.2434	295.5573	-550.818806	0	0.362951411904	0.637048588096
28.9821	281.2113	-543.441575	-1	0.0	0.212096754097
29.1079	281.1636	-543.333691	-1	0.0	0.173802597646
18.374	285.6666	-538.81763	11	1.0	0.0
11.7692	281.0598	-537.873654	6	0.804375353584	0.195624646416
12.5479	280.9313	-535.44231	2	1.0	0.527285669458
12.4805	280.9158	-535.399707	2	1.0	0.298568879692
12.4911	281.0486	-535.392693	2	1.0	0.0672508695113
26.134	279.6869	-532.937527	18	1.0	0.0
26.1317	279.678	-532.521416	18	1.0	0.0
26.3523	277.5242	-527.217021	-1	0.0	0.474770551665
25.9082	277.7861	-527.137235	26	1.0	0.0
25.905	277.8083	-527.068739	26	0.636964650315	0.363035349685
17.6126	291.8542	-526.59717	-1	0.0	0.564719856825
18.8967	285.0584	-526.079151	12	1.0	0.0
14.3379	288.2039	-525.118679	13	0.992014639901	0.00798536009911
28.9286	280.7105	-524.192957	-1	0.0	0.00663560880464
22.0278	280.2809	-521.815597	24	0.60103797465	0.39896202535
29.309	277.1794	-519.227053	-1	0.0	0.0857339175398
26.1293	279.6994	-518.116884	18	0.842030451573	0.157969548427
29.0445	280.701	-511.964568	29	0.41819394794	0.58180605206
18.3135	285.8036	-507.626607	11	0.645940881651	0.354059118349
11.757	280.8335	-503.422205	7	1.0	0.0
29.09	280.3794	-503.359898	28	0.89190960835	0.10809039165
11.8106	281.1254	-494.544896	6	1.0	0.0
11.8289	281.1227	-494.484688	6	1.0	0.211408677751
11.8214	281.1128	-494.354796	6	1.0	0.391414072837
12.5014	280.8851	-493.116567	2	1.0	0.488299021629
12.4797	280.9265	-493.082048	2	1.0	0.320142066128
12.2565	281.5028	-492.961862	-1	0.0	0.400154947296
12.2591	281.4562	-492.954293	-1	0.0	0.263888145812
22.0688	280.2748	-485.384567	24	1.0	0.0
29.0133	280.7387	-484.392948	29	1.0	0.0
10.2561	291.4457	-484.024286	4	0.27940884395	0.72059115605
10.2595	291.4804	-483.784898	4	0.149924711127	0.850075288873
21.3602	282.9899	-468.8017	15	0.989926136416	0.0100738635843
29.0874	280.4032	-468.602756	28	1.0	0.0
29.0465	280.3503	-468.547829	28	0.347217053954	0.652782946046
29.0886	280.3752	-468.232307	28	0.728769563276	0.271230436724
28.9908	280.9152	-457.235165	30	0.690539816963	0.309460183037
28.9515	280.8971	-456.803601	30	0.567051028777	0.432948971223
25.2373	279.9008	-448.024065	18	0.0303322016682	0.969667798332
25.2068	279.8925	-448.022622	18	0.0304604923527	0.969539507647
11.6794	280.8316	-438.628501	7	0.750458806677	0.249541193323
11.7033	280.7753	-438.555152	7	1.0	0.0
18.4118	287.5558	-431.368819	8	1.0	0.0
22.5287	277.7251	-430.845724	19	0.82055544198	0.17944455802
22.4746	277.6832	-430.69868	19	1.0	0.0
12.4515	281.0725	-428.777725	2	0.661520567221	0.338479432779
12.4556	281.0212	-428.673349	2	1.0	0.0
25.9469	277.8033	-427.513787	26	0.627408291573	0.372591708427
25.9181	277.7792	-427.463476	26	1.0	0.0
14.3296	288.2154	-427.012318	13	0.771130281685	0.228869718315
22.0197	280.2595	-426.991771	24	0.598435611398	0.401564388602
29.0895	280.3917	-425.42428	28	1.0	0.0
29.0597	280.3878	-425.378529	28	0.68780817947	0.31219182053
29.056	280.3619	-425.341553	28	0.525119822183	0.474880177817
12.446	280.9195	-424.923118	2	1.0	0.320142066128
12.1952	280.3977	-421.569417	1	1.0	0.0
22.0721	280.282	-416.416997	24	0.782034154575	0.217965845425
15.9848	278.3377	-415.430675	-1	0.0	0.0109164738804
10.2064	295.6887	-409.977075	0	0.4631562772	0.5368437228
12.5291	280.9063	-406.960843	2	1.0	0.0
12.5408	280.9095	-406.84581	2	1.0	0.200211358576
12.4444	280.9078	-406.706644	2	1.0	0.529072119768
29.0463	281.4255	-405.156022	23	1.0	0.0
29.0677	281.453	-405.082939	23	1.0	0.0
29.0834	281.4522	-405.081133	23	1.0	0.0
17.5946	291.9067	-402.656709	-1	0.0	0.555400725935
17.6252	291.8865	-402.648974	-1	0.0	0.561077418105
17.5254	289.5351	-397.965643	31	1.0	0.0
19.4243	277.7605	-397.291933	17	1.0	0.0
11.7625	280.8455	-395.641614	7	0.916194901732	0.0838050982675
29.1039	280.3186	-390.195733	28	0.234751391196	0.765248608804
29.109	280.4015	-390.120417	28	0.964354570946	0.0356454290544
10.4114	290.3586	-389.02295	3	1.0	0.0
22.1013	279.8823	-381.338935	25	0.161273406725	0.838726593275
22.0082	280.2998	-376.217011	24	0.603551332523	0.396448667477
26.1598	279.6714	-374.759674	18	0.7105476906	0.2894523094
26.1357	279.6877	-374.736477	18	1.0	0.0
26.0926	279.6708	-374.680811	18	0.627396846789	0.372603153211
25.4553	279.5699	-373.613555	18	0.0303322016682	0.969667798332
18.4414	290.7105	-371.492663	33	0.961185601749	0.0388143982507
18.3113	285.7139	-367.005055	11	1.0	0.0
26.381	279.8806	-366.29174	18	0.0469714786118	0.953028521388
26.637	279.5939	-363.831479	18	0.0438647152479	0.956135284752
18.3706	287.3462	-359.815961	8	1.0	0.0
26.0673	279.6768	-355.622106	18	0.375183187257	0.624816812743
11.7432	280.75	-354.657259	7	1.0	0.0
14.4115	288.2769	-350.112878	13	0.888660005523	0.111339994477
14.3426	288.3121	-350.052917	13	0.427064573384	0.572935426616
18.4149	289.7776	-346.91722	32	1.0	0.0
11.8101	281.1333	-345.220968	6	1.0	0.0
11.8001	281.1315	-345.135743	6	1.0	0.0
11.7935	281.1833	-345.027012	6	0.499809787267	0.500190212733
12.5269	281.0145	-344.149643	2	1.0	0.0639644107801
12.5067	280.9993	-344.099678	2	0.988141601393	0.0118583986068
12.4839	281.0203	-344.060338	2	1.0	0.0
12.3648	281.0053	-344.024805	2	0.939856531873	0.0601434681269
12.0111	281.2003	-344.024517	6	0.153668909291	0.846331090709
25.4968	277.8504	-338.937255	27	1.0	0.0
25.6394	277.6736	-338.929683	26	0.0932097808473	0.906790219153
20.112	282.585	-325.018303	14	1.0	0.0
18.4211	289.7925	-324.385572	32	1.0	0.0
10.2616	295.6827	-319.796843	0	1.0	0.0
10.2683	295.6731	-319.77487	0	0.727845157348	0.272154842652
10.2549	295.6965	-319.713391	0	0.685244893099	0.314755106901
10.23	295.6457	-319.569314	0	0.52703610406	0.47296389594
10.28	295.6967	-319.535021	0	0.606625711496	0.393374288504
29.0614	280.4574	-315.163083	28	0.4691120517	0.5308879483
19.435	277.747	-309.696909	17	1.0	0.0
19.3951	277.8118	-309.578599	17	0.424600102112	0.575399897888
26.2028	279.7478	-307.679772	18	0.152482750433	0.847517249567
29.0028	280.7444	-307.606429	29	1.0	0.0
22.4004	277.691	-294.965404	19	1.0	0.0
18.8765	285.0378	-292.795575	12	1.0	0.0
25.9009	277.7683	-290.515784	26	0.947953210347	0.0520467896528
25.921	277.7885	-290.470323	26	1.0	0.0
25.9158	277.7818	-290.348533	26	1.0	0.0
25.922	277.7712	-290.281071	26	1.0	0.0
26.4621	279.8794	-287.047659	18	0.0416504393024	0.958349560698
22.0067	280.3117	-284.669707	24	0.504287775756	0.495712224244
27.3522	282.3068	-281.858329	-1	0.0	0.811492191675
27.5536	283.9926	-281.016893	16	0.52777178431	0.47222821569
25.385	277.7948	-279.228583	27	0.437569665036	0.562430334964
29.1039	281.4611	-277.760188	23	1.0	0.0
28.9985	280.7786	-275.706053	29	0.670897158101	0.329102841899
22.2899	277.1877	-275.376041	20	0.753845122898	0.246154877102
26.2067	279.7344	-273.541081	18	0.178129310105	0.821870689895
18.2998	285.69	-270.407518	11	1.0	0.0
22.0564	280.2501	-268.09383	24	0.705301961048	0.294698038952
22.0464	280.2443	-268.070607	24	0.624259765639	0.375740234361
10.2374	291.7104	-264.774696	5	0.406392279231	0.593607720769
29.0561	280.4429	-261.312873	28	0.4691120517	0.5308879483
29.0697	280.4282	-261.156481	28	0.505291500055	0.494708499945
29.1062	280.3696	-260.833791	28	0.49970121004	0.50029878996
18.4265	289.7727	-259.886506	32	1.0	0.0
11.7351	281.1699	-256.175097	6	0.569292628872	0.430707371128
11.7281	281.1689	-256.128913	6	0.511771216184	0.488228783816
11.7722	281.3539	-255.761361	6	0.151817212879	0.848182787121
11.8168	281.2844	-255.733292	6	0.198351254941	0.801648745059
12.4909	280.9619	-254.109386	2	1.0	0.0
18.8836	285.1025	-248.294513	12	0.886401654016	0.113598345984
10.3371	295.6795	-246.473876	0	0.564366982604	0.435633017396
10.3323	295.6837	-246.385855	0	0.550750682129	0.449249317871
22.3053	277.2201	-245.102344	20	0.299982465891	0.700017534109
20.0696	282.5701	-235.694532	14	1.0	0.0
20.1322	282.53	-235.58135	14	0.500942244234	0.499057755766
21.4096	282.9254	-228.657215	15	1.0	0.0
18.3951	289.7669	-226.750757	32	0.866419382098	0.133580617902
29.1192	280.4039	-222.502319	28	0.660711393404	0.339288606596
29.0854	280.3994	-222.123156	28	1.0	0.0
29.0892	280.4368	-221.964992	28	0.517516040586	0.482483959414
29.3133	277.1563	-217.876788	-1	0.0	0.0901185783768
29.3002	277.04	-217.828295	-1	0.0	0.0152972569211
22.0645	279.721	-212.031198	25	0.248651435737	0.751348564263
22.0662	279.7471	-211.986922	25	0.248651435737	0.751348564263
11.7798	280.776	-210.699471	7	1.0	0.0
11.7172	280.8175	-210.619244	7	1.0	0.0
19.4231	277.7332	-203.373034	17	1.0	0.0
17.4616	289.5063	-203.350875	31	0.795912765849	0.204087234151
19.418	277.7697	-203.300849	17	0.870326790027	0.129673209973
22.0647	280.2721	-201.641254	24	1.0	0.0
12.0856	280.4438	-200.990561	1	1.0	0.0
18.8725	285.0585	-196.535026	12	1.0	0.0
27.69	284.0246	-193.194089	16	1.0	0.0
27.6665	284.0105	-193.153616	16	1.0	0.0
22.2643	277.17	-190.28443	20	0.853710895915	0.146289104085
22.2804	277.1344	-190.196183	20	0.490631557525	0.509368442475
26.1177	279.6826	-189.359236	18	0.956094203336	0.0439057966639
26.0969	279.6732	-189.224208	18	0.660821614323	0.339178385677
11.7475	281.1544	-175.263308	6	0.614104518542	0.385895481458
10.3346	295.6477	-174.801641	0	1.0	0.0
20.0984	282.5895	-166.490668	14	1.0	0.0
22.4824	277.6788	-164.89714	19	1.0	0.0
22.486	277.6639	-164.837385	19	1.0	0.0
22.4162	277.5987	-164.581509	19	0.594760600611	0.405239399389
22.4684	277.701	-164.468351	19	1.0	0.0
17.5439	289.5746	-164.330012	31	0.646413698788	0.353586301212
29.1084	280.4026	-158.882259	28	1.0	0.0
29.1111	280.4258	-158.806794	28	0.517516040586	0.482483959414
29.1033	280.4264	-158.730605	28	0.501808966512	0.498191033488
12.4313	281.0067	-158.580891	2	1.0	0.037243079774
20.8902	278.9338	-157.197225	21	1.0	0.0
15.8818	296.2219	-152.507931	-1	0.0	0.0985013753785
29.4828	284.5935	-149.688232	16	0.0520489415356	0.947951058464
25.4908	277.832	-147.926861	27	1.0	0.0
21.4117	282.8566	-141.277525	15	1.0	0.0
26.0747	279.6795	-141.011254	18	0.445327785193	0.554672214807
21.4163	282.8914	-140.986977	15	1.0	0.0
12.09	281.2945	-138.937509	-1	0.0	0.182622397395
22.0524	280.262	-136.620985	24	1.0	0.0
14.4166	288.2913	-135.787145	13	0.638271705536	0.361728294464
14.3995	288.2368	-135.6755	13	1.0	0.0
14.3984	288.2213	-135.601545	13	1.0	0.0
29.1196	281.4797	-135.444534	23	1.0	0.0
25.3166	278.4345	-134.703643	22	1.0	0.0
22.0876	279.8407	-134.405691	25	0.378624852924	0.621375147076
18.3192	285.4943	-127.757614	11	0.586816210825	0.413183789175
28.9998	280.9302	-109.175824	30	1.0	0.0
18.3683	286.6682	-107.552938	8	0.359503553861	0.640496446139
22.084	279.7626	-105.452957	25	0.248651435737	0.751348564263
12.1036	280.5104	-98.80355	1	1.0	0.0
12.1025	280.5149	-98.73128	1	1.0	0.0
10.281	291.4303	-98.385019	4	0.325045885689	0.674954114311
18.3332	285.6438	-84.167796	11	1.0	0.0
20.0947	282.5615	-80.987739	14	1.0	0.0
25.4701	277.8442	-77.685726	27	1.0	0.0
25.4565	277.8285	-77.640062	27	1.0	0.0
17.6551	291.8333	-76.909438	-1	0.0	0.551792347523
10.2174	291.4035	-74.748452	4	0.675544159123	0.324455840877
10.274	291.3595	-74.205208	4	0.418099331775	0.581900668225
25.342	278.4268	-72.986504	22	0.973419259655	0.0265807403451
19.4711	277.7107	-71.130732	17	1.0	0.0
19.4655	277.6999	-71.017245	17	0.95712764288	0.0428723571199
20.8829	278.924	-69.885381	21	1.0	0.0
20.8757	278.9146	-69.70224	21	1.0	0.0
19.1583	295.0262	-69.501268	9	1.0	0.0
12.3886	280.985	-66.373423	2	1.0	0.0827005273116
12.4199	281.0203	-65.940815	2	1.0	0.0
12.4073	281.0191	-65.905429	2	1.0	0.0
12.3994	280.9687	-65.83414	2	0.738430464524	0.261569535476
12.3913	280.9675	-65.834106	2	0.703611601246	0.296388398754
12.3728	281.0134	-65.64204	2	1.0	0.0827005273116
22.4295	277.1385	-61.938472	20	0.186569497444	0.813430502556
29.004	280.7901	-60.563101	29	0.541150353985	0.458849646015
29.0028	280.7662	-60.462926	29	0.994954444048	0.00504555595156
19.1991	281.4979	-57.698342	10	1.0	0.0
17.5176	289.5471	-56.370557	31	1.0	0.0
29.006	280.9423	-48.81875	30	1.0	0.0
22.0135	280.2935	-47.628074	24	0.610863295223	0.389136704777
22.049	280.2994	-47.518783	24	0.610863295223	0.389136704777
18.5683	285.6121	-46.776732	11	0.640756642186	0.359243357814
15.9518	278.3617	-46.034614	-1	0.0	0.0232363775131
16.0169	278.2902	-45.702478	-1	0.0	0.0866512572097
26.1246	279.668	-43.050817	18	1.0	0.0
14.4319	288.2421	-40.121924	13	1.0	0.0
14.3751	288.2548	-39.74996	13	0.957042888546	0.0429571114543
11.7567	281.1072	-33.08187	6	0.606102304563	0.393897695437
11.8251	281.1103	-32.959177	6	1.0	0.501653614806
11.8432	281.0434	-32.833714	6	0.483276844288	0.516723155712
11.7945	281.079	-32.45858	6	1.0	0.0
22.1505	279.8343	-25.259374	25	0.494863445063	0.505136554937
10.3624	295.6554	-20.284039	0	0.597854193159	0.402145806841
29.015	280.8159	-20.088598	29	0.380524479607	0.619475520393
29.0604	280.3832	-18.430977	28	0.693106644145	0.306893355855
29.0956	280.4005	-18.387457	28	1.0	0.0
29.0567	280.3897	-18.314159	28	0.766905817261	0.233094182739
16.3958	294.1098	-12.918081	-1	0.0	0.0360846661506
26.0085	279.1775	-8.491686	18	0.0225476477141	0.977452352286
22.0185	279.7666	-7.189172	25	0.196365722812	0.803634277188
22.0652	279.7368	-6.708936	25	0.248651435737	0.751348564263
18.4723	290.2113	-3.960156	34	1.0	0.0
18.8942	285.073	-3.020547	12	1.0	0.0
18.9168	285.0168	-2.902325	12	1.0	0.0
18.4121	289.7911	-3.5e-05	32	1.0	0.0
22.2758	277.1584	3.270635	20	1.0	0.0
22.2603	277.1857	3.328625	20	0.579249739418	0.420750260582
29.0146	280.6925	19.859902	29	0.448135329611	0.551864670389
19.4389	290.9375	31.720548	-1	0.0	0.229223798806
28.9563	280.8766	36.817124	30	0.690539816963	0.309460183037
28.9543	280.8578	36.841787	30	0.43141408654	0.56858591346
28.9376	280.8519	36.859306	30	0.356331872879	0.643668127121
28.9629	280.8686	37.092646	30	0.62782153239	0.37217846761
28.981	280.8978	37.107463	30	0.642204162415	0.357795837585
12.1046	281.4436	37.857204	-1	0.0	0.182622397395
10.3402	295.6441	37.957166	0	0.812389918234	0.187610081766
10.2218	295.505	38.973607	0	0.177772742233	0.822227257767
25.5199	277.9306	42.073555	27	0.344826397315	0.655173602685
26.6742	279.6399	45.758019	18	0.0409219940388	0.959078005961
11.7745	280.7987	47.873125	7	1.0	0.0
26.1451	279.685	48.317556	18	1.0	0.0
26.12	279.6501	48.363092	18	0.625322498019	0.374677501981
26.1693	279.6673	48.407145	18	0.576028200099	0.423971799901
26.1274	279.6612	48.538209	18	1.0	0.0
26.1351	279.6651	48.666863	18	1.0	0.0
19.1287	295.0389	50.998792	9	1.0	0.0
22.0407	280.2631	55.740996	24	0.829104070202	0.170895929798
18.3831	289.7891	56.055604	32	0.916545956047	0.0834540439532
10.2848	291.721	60.822711	5	0.544162104007	0.455837895993
20.1113	282.5903	64.438125	14	0.935126379761	0.0648736202388
11.7911	281.0639	64.518712	6	1.0	0.0
11.7674	281.0681	64.574655	6	1.0	0.0
11.7753	281.07	64.621932	6	1.0	0.0
14.3826	288.2092	64.734406	13	0.989635281688	0.0103647183125
14.3509	288.1781	64.804579	13	0.877260171522	0.122739828478
14.3865	288.2163	64.880429	13	0.992014639901	0.00798536009911
14.3533	288.1628	65.128051	13	0.663045031765	0.336954968235
11.8026	281.0306	65.30646	6	0.497483029511	0.502516970489
18.3533	287.5949	67.77356	8	1.0	0.0
17.4949	289.5089	72.573715	31	1.0	0.0
17.5028	289.5247	72.683341	31	1.0	0.0
20.1083	283.1396	75.273528	14	0.0510256196853	0.948974380315
21.7859	280.358	75.623624	24	0.107016893006	0.892983106994
10.3502	295.5836	77.244169	0	0.302242068264	0.697757931736
22.1438	279.7775	82.042911	25	0.292114757427	0.707885242573
25.9816	277.9028	82.813244	26	0.140032626214	0.859967373786
19.4842	277.7202	86.591507	17	0.973141676896	0.026858323104
12.512	280.8959	87.06693	2	1.0	0.0
11.8233	281.0665	89.446318	6	0.751708916003	0.248291083997
10.2798	295.6529	89.864265	0	1.0	0.0
20.9369	278.9035	94.37521	21	0.853361413245	0.146638586755
20.9216	278.9133	94.722861	21	1.0	0.0
10.2581	291.6517	99.124913	5	0.20398262386	0.79601737614
12.1142	280.4242	100.190067	1	1.0	0.0
21.9981	280.3154	106.709958	24	0.41134365985	0.58865634015
18.8871	290.1117	109.176351	-1	0.0	0.0871220173051
26.1646	279.6772	110.436228	18	0.586340134609	0.413659865391
26.1394	279.6614	110.552198	18	1.0	0.0
18.2026	293.5768	113.373285	-1	0.0	0.576595573308
10.2794	291.6945	116.998734	5	1.0	0.0
16.4309	294.0891	117.583717	-1	0.0	0.0187937595947
22.1687	279.7983	118.093462	25	0.357397476274	0.642602523726
25.5142	277.8883	118.872707	27	0.620346518632	0.379653481368
18.3265	289.742	127.22907	32	0.341127259295	0.658872740705
10.3471	295.975	133.423429	0	0.062728260797	0.937271739203
15.961	296.0943	137.070024	-1	0.0	0.050267405281
26.1242	279.6674	140.414072	18	1.0	0.0
29.0539	280.4053	141.92985	28	0.634360850024	0.365639149976
12.4884	280.9933	145.812926	2	1.0	0.420939892405
19.2022	281.493	147.213123	10	1.0	0.0
16.8711	288.9017	151.174234	-1	0.0	0.34878617116
18.4747	290.1628	157.53943	34	0.482026735446	0.517973264554
18.4468	290.2226	157.595239	34	1.0	0.0
18.4486	290.235	157.644643	34	1.0	0.0
20.9202	278.9215	169.245454	21	1.0	0.0
21.7777	280.3588	170.476738	24	0.103273665903	0.896726334097
28.9989	280.6733	171.196589	-1	0.0	0.00663560880464
28.9623	280.6805	171.331785	29	0.403829768299	0.596170231701
29.0337	280.7552	171.403191	29	1.0	0.0
10.2746	295.6363	172.529739	0	0.72196073817	0.27803926183
10.2437	295.6061	172.658047	0	0.520393845766	0.479606154234
10.2795	295.6675	172.854348	0	1.0	0.0
10.2698	295.6019	173.112528	0	0.513644147892	0.486355852108
26.2588	279.5929	173.825208	18	0.112675434218	0.887324565782
22.2927	277.1691	175.422991	20	1.0	0.0
22.2948	277.1577	175.485677	20	1.0	0.0
10.2158	291.705	175.524286	5	0.308354169657	0.691645830343
25.364	278.0182	177.396672	27	0.202671948884	0.797328051116
25.3584	277.9751	177.618804	27	0.255442626777	0.744557373223
12.2123	280.3205	178.518243	1	0.638956251578	0.361043748422
22.5148	277.6441	179.383692	19	0.862991071976	0.137008928024
14.3886	288.2512	183.343002	13	1.0	0.0
14.3804	288.2501	183.397095	13	1.0	0.0
18.9197	290.0798	187.994622	-1	0.0	0.187620402035
18.432	290.627	191.337005	33	1.0	0.0
19.449	277.7343	193.986288	17	1.0	0.0
19.4499	277.487	193.986374	17	0.145251802245	0.854748197755
22.1573	279.8168	201.553732	25	0.505922395343	0.494077604657
25.5553	279.6083	203.110937	18	0.0360925525167	0.963907447483
10.2031	291.4145	203.718516	4	0.606500532752	0.393499467248
12.5311	281.0525	204.707986	2	0.954354712175	0.0456452878246
12.5784	281.0612	204.810171	2	0.646673990957	0.353326009043
12.517	281.0403	204.900782	2	1.0	0.0430093359611
11.799	280.7417	207.617195	7	0.741068681961	0.258931318039
11.7631	280.7416	207.650197	7	0.950752535027	0.0492474649729
16.4598	294.086	207.845303	-1	0.0	0.0110292365856
11.7155	281.3627	211.818928	-1	0.0	0.00995288134163
21.5095	282.6763	212.099155	15	1.0	0.0
18.5179	290.4769	212.517393	33	0.509130865055	0.490869134945
17.5016	289.4871	220.481871	31	0.7084034006	0.2915965994
17.5194	289.5416	220.522556	31	1.0	0.0
10.2365	291.375	222.618429	4	1.0	0.0
22.0668	280.3043	228.086695	24	0.485400588493	0.514599411507
22.0786	280.3069	228.272907	24	0.444230602554	0.555769397446
19.2276	281.5472	238.806826	10	0.869739260407	0.130260739593
18.4685	290.2037	239.878782	34	0.899208804151	0.100791195849
26.1189	279.6619	244.233057	18	1.0	0.0
26.1226	279.6963	244.474962	18	0.948005431926	0.0519945680735
18.3427	285.597	250.644169	11	1.0	0.0
10.2468	291.3795	257.447396	4	1.0	0.0
22.3056	277.1732	259.489505	20	0.849435098368	0.150564901632
22.3041	277.1691	259.56174	20	1.0	0.0
22.1243	279.8134	261.045091	25	1.0	0.0
22.1262	279.8119	261.20941	25	1.0	0.0
10.284	291.7248	264.289997	5	0.457362921785	0.542637078215
10.2766	291.7022	264.516031	5	1.0	0.0
27.7389	284.0522	271.023373	16	1.0	0.0
18.6067	290.9771	278.131675	-1	0.0	0.144442303537
22.0917	279.6958	279.177413	25	0.218442359648	0.781557640352
22.1077	279.6973	279.484707	25	0.193638767254	0.806361232746
12.4502	281.0737	285.352091	2	0.645417638049	0.354582361951
22.1706	279.8163	286.174678	25	0.490847478471	0.509152521529
10.2268	291.3865	287.195158	4	0.823670722154	0.176329277846
21.801	280.4065	289.706171	24	0.0933262365193	0.906673763481
19.1414	295.0134	294.703587	9	0.97975438025	0.0202456197501
19.1562	295.0475	294.782213	9	1.0	0.0
22.3048	277.1823	309.466157	20	0.955041166791	0.0449588332089
22.2042	279.6918	311.172874	25	0.109411239071	0.890588760929
29.0648	280.3617	313.298999	28	0.555622715472	0.444377284528
15.8117	296.052	314.010391	-1	0.0	0.0574396131392
22.0758	280.2654	314.750636	24	1.0	0.0
16.8914	288.9181	319.280369	-1	0.0	0.32956824987
29.0284	280.7522	327.545439	29	1.0	0.0
18.3978	287.4695	331.165732	8	1.0	0.0
14.3838	288.1514	334.605128	13	0.481928339965	0.518071660035
11.2352	290.0224	338.116579	3	1.0	0.0
18.5435	290.5326	341.800574	33	0.717840844552	0.282159155448
18.3993	290.6305	342.259653	33	1.0	0.0
19.221	281.5047	347.711408	10	1.0	0.0
19.2257	281.5197	347.783795	10	1.0	0.0
11.2461	290.0241	357.767028	3	1.0	0.0
10.297	295.5988	365.521588	0	0.520393845766	0.479606154234
10.2347	291.4097	371.83697	4	0.675544159123	0.324455840877
21.153	278.6692	373.448201	21	0.101527047768	0.898472952232
20.9669	278.8769	373.448215	21	0.606212044351	0.393787955649
20.9018	278.8675	373.517792	21	0.563911886469	0.436088113531
22.1248	279.8333	375.514018	25	0.632180314696	0.367819685304
28.9964	280.9359	379.580561	30	1.0	0.0
28.9833	280.8919	379.615747	30	0.690539816963	0.309460183037
10.2837	291.7322	380.302626	5	0.346784544934	0.653215455066
22.2878	277.1595	382.758299	20	1.0	0.0
18.5442	290.4518	385.509774	33	0.431701647448	0.568298352552
12.5001	280.9679	387.340122	2	1.0	0.0
12.467	281.1477	387.34016	2	0.298293165493	0.701706834507
12.4779	280.9285	387.385162	2	1.0	0.321157819367
12.5019	280.969	387.423926	2	1.0	0.0
12.497	280.9593	387.452886	2	1.0	0.0
29.076	280.396	388.976405	28	0.995596639976	0.00440336002378
26.188	279.6518	392.182258	18	0.376800043215	0.623199956785
24.7598	281.5969	397.888544	-1	0.0	0.0723565221121
22.1278	279.8095	400.072962	25	1.0	0.0
22.139	279.814	400.174963	25	1.0	0.0
22.1407	279.8228	400.274496	25	0.685189999149	0.314810000851
22.1306	279.838	400.357203	25	0.457266157038	0.542733842962
11.6435	281.2661	400.42126	6	0.19898408166	0.80101591834
11.6524	281.1727	400.676254	6	0.358635448928	0.641364551072
11.7866	281.2315	400.987655	6	0.268358394874	0.731641605126
14.5303	288.3552	402.019277	13	0.223991530819	0.776008469181
14.3845	288.1724	402.019292	13	0.754099371457	0.245900628543
18.4214	289.7808	404.107455	32	1.0	0.0
21.8138	280.3773	405.736461	24	0.111592695432	0.888407304568
10.2215	291.3767	411.708322	4	1.0	0.0
10.2397	291.3729	411.754058	4	1.0	0.0
10.2302	291.3642	411.792514	4	0.766546497214	0.233453502786
10.2457	291.3949	412.089932	4	0.789536689331	0.210463310669
20.1259	283.1914	415.633952	14	0.0466252988486	0.953374701151
18.3307	292.9038	416.850883	-1	0.0	0.584752349082
10.2966	291.6999	417.595996	5	1.0	0.0
10.2656	291.6891	417.704475	5	0.563319781434	0.436680218566
10.2867	291.7043	417.770563	5	1.0	0.0
10.2932	291.6987	417.988227	5	1.0	0.0
10.3638	295.9648	421.157499	0	0.0641690955661	0.935830904434
18.813	289.8004	429.385317	32	0.094787013013	0.905212986987
25.0965	278.7116	434.483024	22	1.0	0.0
19.5122	277.6825	444.732447	17	0.550714173037	0.449285826963
18.6204	290.946	447.463297	-1	0.0	0.0647626118269
22.1034	279.8254	449.165443	25	0.53713042642	0.46286957358
27.7426	284.0474	453.765266	16	1.0	0.0
18.3292	292.8825	458.795425	-1	0.0	0.576792853917
19.1591	295.0637	460.853357	9	0.689042794181	0.310957205819
19.1386	295.0136	460.91104	9	1.0	0.0
18.4634	290.6533	462.34046	33	1.0	0.0
22.1271	279.6936	463.718099	25	0.203350196677	0.796649803323
18.4044	287.285	465.450479	8	1.0	0.0
10.2642	291.3986	465.644262	4	0.553925623688	0.446074376312
11.7825	280.9799	466.176206	6	0.221321947252	0.778678052748
10.3043	295.6529	466.247126	0	0.918483220783	0.0815167792174
25.322	278.0557	466.740942	-1	0.0	0.0677379117143
10.3027	295.6547	467.103854	0	1.0	0.0
29.099	280.3765	470.613606	28	0.74529721131	0.25470278869
29.0968	280.4664	470.691681	28	0.4691120517	0.5308879483
16.8706	288.972	486.279214	-1	0.0	0.283770195894
12.6341	281.061	491.758178	2	0.417562579877	0.582437420123
12.4451	280.9349	491.801341	2	1.0	0.519205721816
12.4764	280.9603	491.849204	2	1.0	0.0
26.6401	279.6234	493.630326	18	0.0440885079882	0.955911492012
21.5502	282.6139	495.561161	15	1.0	0.0
25.048	278.7272	495.830448	22	1.0	0.0
25.4799	277.8432	498.504357	27	1.0	0.0
18.4807	290.5246	498.973081	33	0.756038862922	0.243961137078
22.1226	279.8019	504.220938	25	0.766840183595	0.233159816405
22.1204	279.8103	504.477293	25	1.0	0.0
15.9218	296.1344	508.710004	-1	0.0	0.0687375211907
10.2434	291.4099	514.327837	4	0.675544159123	0.324455840877
10.2546	291.4099	514.327864	4	0.648761644573	0.351238355427
10.2322	291.3842	514.508004	4	1.0	0.0
26.3492	279.2695	515.759282	18	0.0288750301427	0.971124969857
11.7355	281.1232	521.659127	6	0.54715975209	0.45284024791
19.1459	295.0144	522.180981	9	0.98855675063	0.0114432493704
19.1299	295.0438	522.200946	9	1.0	0.0
20.9325	278.8822	526.030867	21	0.837867398746	0.162132601254
22.0734	280.2776	529.705432	24	1.0	0.0
27.7494	283.9968	531.607143	16	1.0	0.0
27.7371	283.9793	531.842407	16	0.856970526833	0.143029473167
22.0895	279.8163	536.508856	25	0.465480235182	0.534519764818
18.3877	289.7	541.056662	32	0.264849370515	0.735150629485
18.4299	289.6475	541.540424	32	0.159759890531	0.840240109469
20.0505	283.2267	542.22913	14	0.0440095377957	0.955990462204
25.0636	278.7361	546.785074	22	1.0	0.0
22.3479	279.7709	554.091678	25	0.0835380523888	0.916461947611
22.1598	279.7694	554.18702	25	0.231598140425	0.768401859575
22.1998	279.7756	554.375491	25	0.202774206295	0.797225793705
18.3033	292.8335	557.698449	-1	0.0	0.555400725935
22.3132	277.0925	558.222323	20	0.205708710432	0.794291289568
22.3309	277.1432	558.534681	20	0.474147101521	0.525852898479
11.6151	281.1208	559.774105	6	0.247739825404	0.752260174596
12.5253	280.8958	562.781288	2	1.0	0.0
10.2484	291.3821	563.068705	4	0.995783921171	0.00421607882908
10.247	291.3557	563.210258	4	0.507585101984	0.492414898016
10.1679	295.5424	564.015419	0	0.242433206575	0.757566793425
10.156	295.536	564.099499	0	0.216717915735	0.783282084265
28.8945	283.9164	569.221042	16	0.0880282519487	0.911971748051
29.0037	283.9632	569.283603	16	0.0816251710648	0.918374828935
26.2025	279.6333	576.080342	18	0.239027037535	0.760972962465
11.6045	281.2023	579.036367	6	0.251014677216	0.748985322784
9.9517	295.785	581.620633	0	0.0938367469678	0.906163253032
22.1048	279.8214	582.770242	25	0.634952221406	0.365047778594
10.2051	291.4185	588.203119	4	0.583276888438	0.416723111562
10.2076	291.4115	588.327261	4	0.675544159123	0.324455840877
25.0639	278.72	590.50845	22	1.0	0.0
19.2568	281.474	590.550772	10	1.0	0.0
11.8058	281.0967	591.38397	6	1.0	0.0536045240294
11.8027	281.0759	591.412747	6	1.0	0.0
11.2746	290.0028	594.300092	3	1.0	0.0
11.2712	290.0402	594.429631	3	1.0	0.0
