-8.7878	149.1816	2.9e-05	6	0.183922150499	0.816077849501
-8.3367	148.2397	-597.210925	4	0.216726198875	0.783273801125
-8.9701	149.7051	-564.166107	5	0.954815926877	0.0451840731229
-8.9377	149.6706	-564.0958	5	1.0	0.0
-8.9878	149.7082	-564.073188	5	1.0	0.0
-8.9575	149.6389	-564.037414	5	0.894698766943	0.105301233057
-8.9626	149.6943	-564.003858	5	1.0	0.0
-8.6932	149.3619	-559.963388	6	0.487016045301	0.512983954699
-8.71	149.296	-559.921721	6	0.542408546744	0.457591453256
-8.7678	149.4003	-559.795249	6	0.293428368237	0.706571631763
-8.7133	149.3029	-559.472853	6	0.655166976844	0.344833023156
-8.2819	148.4957	-547.223707	4	0.0746115239088	0.925388476091
-6.9844	147.947	-522.684041	9	1.0	0.0
-8.6522	148.998	-500.149938	7	1.0	0.0
-6.9215	147.936	-475.793241	9	1.0	0.0
-6.9264	147.9503	-475.725314	9	1.0	0.0
-6.9651	147.8746	-475.661351	9	1.0	0.0
-6.9472	147.996	-475.6094	9	1.0	0.0
-6.9649	147.8745	-475.563653	9	1.0	0.0
-6.3621	152.4171	-474.624997	0	0.0478423106915	0.952157689308
-8.68	149.3821	-468.36392	6	0.362427268316	0.637572731684
-8.7523	149.2656	-468.30291	6	0.412272029364	0.587727970636
-6.021	152.6303	-449.817386	0	0.555430212325	0.444569787675
-5.9818	152.6334	-449.776575	0	1.0	0.0
-5.9869	152.7058	-449.682568	0	0.211733082303	0.788266917697
-6.0113	152.5884	-449.650355	0	0.289080436827	0.710919563173
-8.6228	149.0317	-447.253942	7	1.0	0.0
-8.486	148.3949	-444.888659	4	0.230392459714	0.769607540286
-8.7454	149.226	-429.59463	6	0.240761554129	0.759238445871
-8.7574	149.3173	-429.514922	6	1.0	0.0
-8.7622	149.3145	-429.401659	6	1.0	0.0
-6.847	148.048	-425.175875	-1	0.0	0.155515251825
-6.9766	147.9792	-425.028479	9	1.0	0.0
-11.2527	146.1875	-409.119505	3	1.0	0.0
-8.3997	148.4229	-408.102819	4	0.203960578894	0.796039421106
-8.3797	148.3737	-408.044195	4	0.445944533506	0.554055466494
-8.423	148.3762	-404.013154	4	0.4997129387	0.5002870613
-8.3437	148.3043	-387.438941	4	0.402187258637	0.597812741363
-8.3945	148.3343	-362.139766	4	0.888445211437	0.111554788563
-8.3852	148.3567	-342.47825	4	0.564928188664	0.435071811336
-5.9829	152.6463	-306.046395	0	1.0	0.0
-8.8501	149.871	-296.375236	5	0.431016336599	0.568983663401
-8.7513	149.3416	-293.957154	6	0.831851777001	0.168148222999
-8.7254	149.3579	-293.763826	6	0.552527241773	0.447472758227
-8.7106	149.3408	-293.702852	6	0.76086102221	0.23913897779
-8.3994	148.3214	-290.758383	4	1.0	0.0
-8.4052	148.3153	-290.643632	4	0.951793765135	0.0482062348648
-6.9296	147.9565	-289.820092	9	1.0	0.0
-8.4341	148.3919	-242.905782	4	0.341829796409	0.658170203591
-8.4151	148.3481	-242.86061	4	0.579665357681	0.420334642319
-8.4096	148.2785	-242.815993	4	0.455443558738	0.544556441262
-1.4502	142.1581	-231.611247	1	1.0	0.0
-8.7621	149.3276	-231.224603	6	1.0	0.0
-8.7154	149.3081	-231.134394	6	0.751373999614	0.248626000386
-8.7539	149.3112	-230.91053	6	1.0	0.0
-6.8757	147.8078	-219.751047	9	1.0	0.0
-8.3819	148.3206	-198.134493	4	1.0	0.0
-7.1737	147.8203	-178.259613	8	1.0	0.0
-6.9535	147.9199	-173.280322	9	1.0	0.0
-6.9474	147.8726	-173.246309	9	1.0	0.0
-8.8376	149.5134	-168.397407	-1	0.0	0.427075709253
-8.3906	148.2589	-152.871742	4	0.45005176946	0.54994823054
-8.384	148.3005	-152.790822	4	0.537599067593	0.462400932407
-8.3892	148.3402	-152.691683	4	0.642458480863	0.357541519137
-8.4043	148.3784	-152.585492	4	0.432598848743	0.567401151257
-5.9875	152.6328	-143.443912	0	1.0	0.0
-5.9771	152.6413	-143.393637	0	1.0	0.0
-5.9832	152.6467	-143.343593	0	1.0	0.0
-8.4184	148.2302	-125.919953	4	0.307401061005	0.692598938995
-1.8068	140.4126	-111.86736	2	1.0	0.0
-1.5835	142.3923	-105.719235	1	1.0	0.0
-8.4325	148.2603	-71.412949	4	0.315867771353	0.684132228647
-8.6209	149.0134	-48.210418	7	1.0	0.0
-7.1553	147.8077	-45.246675	8	1.0	0.0
-8.3595	148.3801	-32.22888	4	0.30382756253	0.69617243747
-1.8219	140.5692	-17.765642	2	1.0	0.0
-8.7878	149.1816	2.9e-05	6	0.183922150499	0.816077849501
-9.0191	149.7697	19.09295	5	1.0	0.0
-9.2229	149.7547	28.13932	5	0.656106881409	0.343893118591
-9.2783	149.7757	28.468046	5	0.509870455309	0.490129544691
-8.6829	149.057	41.970538	7	0.864682060505	0.135317939495
-8.7334	149.0911	41.992913	7	0.473987271643	0.526012728357
-1.5013	142.1691	42.157134	1	1.0	0.0
-8.7552	149.0897	42.341032	7	0.453982926925	0.546017073075
-8.3863	148.3421	67.592918	4	0.672287118959	0.327712881041
-8.3887	148.3132	67.62285	4	1.0	0.0
-8.4144	148.3259	67.679601	4	0.749597558859	0.250402441141
-8.444	148.3636	67.760136	4	0.461228967334	0.538771032666
-7.192	147.78	69.032305	8	1.0	0.0
-7.1735	147.8456	69.099604	8	1.0	0.0
-7.2001	147.8471	69.147729	8	0.940808116783	0.0591918832168
-7.2026	147.8615	69.221399	8	0.916635279966	0.0833647200341
-6.9699	147.9526	80.779053	9	1.0	0.0
-11.2427	146.3653	86.656914	3	1.0	0.0
-8.723	148.9608	110.135099	7	0.591278556147	0.408721443853
-6.4734	152.9237	110.924614	0	0.0369514607038	0.963048539296
-5.9956	152.6295	127.124372	0	0.911607067041	0.0883929329592
-8.636	149.0413	133.251941	7	1.0	0.0
-6.4265	153.1098	135.803185	0	0.0266594022701	0.97334059773
-1.8948	140.4085	136.28198	2	1.0	0.0
-11.3898	158.3299	144.261974	-1	0.0	0.444556118345
-8.3817	148.2789	145.732414	4	0.479156865096	0.520843134904
-8.3405	148.3061	145.776179	4	0.387106971698	0.612893028302
-8.4411	148.3588	145.922509	4	0.4997129387	0.5002870613
-9.1019	149.7971	189.404948	5	0.852611483663	0.147388516337
-7.1708	147.8029	193.364576	8	1.0	0.0
-7.2017	147.7095	194.041054	-1	0.0	0.116299814471
-8.7438	148.9619	197.854506	7	0.558527634219	0.441472365781
-1.6328	142.5323	200.046117	1	1.0	0.0
-5.989	152.6497	213.074695	0	0.82030227344	0.17969772656
-8.743	149.3277	224.306211	6	1.0	0.0
-6.9501	147.917	226.885051	9	1.0	0.0
-8.4329	148.2292	231.520861	4	0.268429087891	0.731570912109
-8.3868	148.3144	231.560477	4	1.0	0.0
-5.749	152.5704	257.925171	0	0.102911030787	0.897088969213
-5.7912	152.5236	258.101886	0	0.0939753222267	0.906024677773
-8.68	148.99	260.394143	7	0.97037476957	0.0296252304295
-11.8959	147.6607	269.715769	3	1.0	0.0
-8.4308	148.2197	301.876655	4	0.222479774302	0.777520225698
-8.572	148.5729	301.906381	4	0.0506567244136	0.949343275586
-8.431	148.3557	301.92854	4	0.470138733395	0.529861266605
-6.9591	147.8496	302.24964	9	1.0	0.0
1.6048	155.438	317.99745	-1	0.0	0.29952498992
-1.6075	142.1622	321.887079	1	1.0	0.0
-1.8358	140.5524	347.373602	2	1.0	0.0
-1.8295	140.56	347.552179	2	1.0	0.0
-3.7356	144.9298	349.742685	-1	0.0	0.463626188851
-7.1402	147.8959	375.367585	8	0.551500141313	0.448499858687
-8.37	148.2765	383.427077	4	0.480340173425	0.519659826575
-8.3832	148.3279	383.455382	4	0.939599795302	0.0604002046985
-8.3923	148.3233	383.491491	4	1.0	0.0
-8.4411	148.3062	383.556166	4	0.358583668852	0.641416331148
-5.7524	152.5792	402.902621	0	0.106244669473	0.893755330527
-5.7064	152.2439	402.94909	0	0.0367823347168	0.963217665283
-11.3657	158.185	402.997693	-1	0.0	0.431535162317
-11.3813	158.1826	403.138508	-1	0.0	0.431641376998
-11.909	147.6757	403.318635	3	1.0	0.0
1.6641	155.3345	405.35871	-1	0.0	0.293609227302
-7.6101	151.8116	413.149059	0	0.0119837624078	0.988016237592
-11.696	148.2954	421.929137	-1	0.0	0.653959143867
-9.0494	149.7718	424.636458	5	0.896615121555	0.103384878445
-11.2463	144.5698	440.341484	-1	0.0	0.0995574885
-7.3244	148.0258	486.345102	-1	0.0	0.508139039189
-7.3067	147.9527	486.541291	-1	0.0	0.246978208333
-8.8025	149.2882	488.975164	6	0.470496951147	0.529503048853
-7.2159	147.7601	504.058348	8	0.755425811031	0.244574188969
-6.9635	147.9012	504.15517	9	1.0	0.0
-11.2121	146.1921	517.678747	3	0.999821909338	0.000178090661774
-11.8474	147.5787	518.26843	3	1.0	0.0
-9.033	149.766	560.611674	5	1.0	0.0
-11.2922	144.6685	568.385867	-1	0.0	0.0472097613904
-8.6775	149.0187	581.157994	7	1.0	0.0
-8.3853	148.2904	595.327144	4	0.537599067593	0.462400932407
