-12.49	21.7546	2.4e-05	16	1.0	0.0
-17.8515	16.9701	-598.513337	9	0.572254387531	0.427745612469
-12.4711	21.8109	-591.192288	16	1.0	0.0
-11.9176	20.8778	-578.061214	15	0.980523531039	0.0194764689608
-18.8951	17.0586	-577.970304	10	1.0	0.0
-6.4831	22.1528	-573.16808	4	0.475413828508	0.524586171492
-23.4219	27.1517	-571.818521	1	0.67992539851	0.32007460149
-13.6277	21.445	-541.477586	13	1.0	0.0
-17.861	16.9268	-536.589602	9	0.787974498385	0.212025501615
-17.8809	16.9559	-536.544322	9	0.679131239549	0.320868760451
-12.0398	21.1833	-527.399176	15	1.0	0.305297506817
-25.2508	29.3357	-525.615153	0	1.0	0.0
-25.2316	29.3913	-525.492729	0	0.690937217717	0.309062782283
-12.2182	21.6419	-522.681128	16	0.913390257694	0.0866097423057
-12.2558	21.7248	-522.644983	16	0.913390257694	0.0866097423057
-12.1151	25.3565	-520.080042	6	1.0	0.0
-12.5029	21.8696	-518.613941	16	1.0	0.0
-15.7141	18.7889	-511.62551	5	0.12095644098	0.87904355902
-12.9501	21.9465	-505.169441	16	1.0	0.184234234523
-11.542	20.8538	-501.014607	15	1.0	0.0
-12.8554	21.8941	-495.580618	16	1.0	0.0
-12.8521	21.923	-495.451893	16	1.0	0.0
-11.503	21.043	-495.249114	15	0.750627724461	0.249372275539
-11.5213	21.1493	-495.249071	-1	0.0	0.0191119625639
-11.9396	20.9554	-485.288209	15	1.0	0.27943967584
-12.77	21.825	-484.136421	16	1.0	0.14023437303
-12.2079	21.1194	-446.765967	15	1.0	0.0
-13.4475	21.4124	-434.884761	13	1.0	0.0
-14.4767	21.3918	-422.179613	-1	0.0	0.00966679352594
-24.0807	27.8502	-415.505809	1	0.61012259422	0.38987740578
-18.9594	16.9292	-412.519801	10	1.0	0.0425234461874
-18.948	16.9228	-412.333961	10	1.0	0.0
-25.2417	29.3006	-409.794523	0	0.86181410342	0.13818589658
-6.4309	22.0306	-393.646829	4	0.449753067709	0.550246932291
-11.4562	20.7654	-393.115977	15	1.0	0.0
-25.3999	29.6076	-392.899839	0	0.19834935518	0.80165064482
-12.0737	21.1692	-383.579601	15	1.0	0.122418828583
-10.1163	26.026	-380.982098	7	1.0	0.0
-10.1234	26.0987	-380.616083	7	0.746128253351	0.253871746649
-25.3233	29.2342	-375.166341	0	0.574698353642	0.425301646358
-26.3943	21.5577	-371.944211	-1	0.0	0.165869549263
-12.2459	21.1162	-367.039554	15	1.0	0.0
-18.9414	16.9459	-345.029137	10	1.0	0.0
-12.798	21.8401	-340.142958	16	1.0	0.0
-15.2006	14.9686	-321.276822	3	0.236579654917	0.763420345083
-12.189	25.3821	-315.904883	6	0.594068486252	0.405931513748
-16.355	21.3961	-310.8601	12	1.0	0.0
-16.6537	20.6136	-307.465417	11	1.0	0.0
-16.7264	20.5242	-307.417952	11	1.0	0.0
-18.9324	17.0729	-300.182223	10	1.0	0.290815035453
-18.8872	17.0023	-300.106471	10	1.0	0.127725049398
-18.9002	17.042	-299.945909	10	1.0	0.0572109679749
-18.894	17.0091	-299.753631	10	1.0	0.0
-12.9175	21.8587	-294.793709	16	1.0	0.0185687227757
-18.9047	16.9436	-294.580057	10	1.0	0.0
-13.457	21.4086	-293.662007	13	1.0	0.0
-19.6692	23.8957	-287.679255	2	1.0	0.0
-16.862	20.6668	-273.091749	11	1.0	0.0
-11.9572	25.3649	-257.124953	6	0.301618714851	0.698381285149
-12.0972	25.3579	-254.007128	6	1.0	0.0
-15.9046	14.0725	-251.159474	3	1.0	0.0
-10.7822	19.8315	-246.281571	-1	0.0	0.508958330485
-12.1763	25.3692	-238.339458	6	0.775069026994	0.224930973006
-26.3328	21.639	-234.57533	-1	0.0	0.151126539605
-11.8257	20.8449	-228.246875	15	1.0	0.175010807679
-25.3332	29.3471	-216.926567	0	1.0	0.0
-17.7609	16.9931	-205.733678	9	0.380015223418	0.619984776582
-19.8707	23.7682	-205.221164	2	0.356208985305	0.643791014695
-15.7479	21.6591	-199.821094	12	1.0	0.0
-12.2087	21.657	-198.821251	16	0.806327824836	0.193672175164
-25.3107	29.3394	-198.707745	0	1.0	0.0
-16.0254	21.8989	-195.541227	12	0.776949098575	0.223050901425
-18.9525	16.6926	-194.156568	-1	0.0	0.0907522055127
-20.0463	24.1096	-185.869958	2	0.208786923312	0.791213076688
-12.5925	21.8523	-174.535222	16	1.0	0.0
-18.8939	16.9393	-168.783152	10	1.0	0.0
-18.9777	16.9914	-168.017145	10	1.0	0.380495494161
-18.9464	16.7791	-150.338222	10	0.309215743225	0.690784256775
-11.8824	20.9686	-146.51107	15	0.887272693226	0.112727306774
-25.3415	29.3732	-143.741055	0	0.810163794224	0.189836205776
-16.0482	21.5063	-142.55186	12	1.0	0.0
-16.1361	21.0159	-127.457596	12	0.598167454392	0.401832545608
-12.023	21.4453	-114.218799	16	0.391972212984	0.608027787016
-19.6595	23.8982	-107.195788	2	1.0	0.0
-18.1944	16.8089	-105.241328	9	0.119919791782	0.880080208218
-11.5558	22.0027	-99.455664	14	1.0	0.0
-18.8452	16.9314	-99.150215	10	0.94411726908	0.0558827309205
-18.8871	17.1004	-95.10423	10	1.0	0.213067992372
-18.8341	17.0607	-95.032982	10	1.0	0.0
-16.103	19.0487	-89.711241	5	1.0	0.0
-12.8892	21.8661	-77.173678	16	1.0	0.0
-12.5893	21.8779	-75.723487	16	1.0	0.0
-24.6735	28.5778	-71.536054	0	0.0584119934719	0.941588006528
-12.5743	21.745	-51.889598	16	1.0	0.0
-12.5959	21.8436	-51.817817	16	1.0	0.0
-17.8145	16.9444	-35.538218	9	0.774022435529	0.225977564471
-12.7622	21.6901	-31.527666	16	0.675574692785	0.324425307215
-19.6811	23.9047	-21.879342	2	1.0	0.0
-13.4817	21.4095	-12.355899	13	1.0	0.0
-6.5832	22.293	-0.060044	4	0.204354384928	0.795645615072
-12.49	21.7546	2.4e-05	16	1.0	0.0
-12.1209	25.342	5.051975	6	1.0	0.0
-25.3656	29.2444	6.184686	0	0.529284785699	0.470715214301
-16.9392	20.8258	10.76087	11	1.0	0.0
-23.8234	27.7374	16.49574	1	1.0	0.0
-16.2962	21.2265	17.838595	12	0.873871471894	0.126128528106
-12.4249	21.7742	19.271774	16	1.0	0.0
-12.2141	21.6457	26.473557	16	0.897260421871	0.102739578129
-10.085	25.9657	31.404796	7	0.886361096907	0.113638903093
-18.7332	16.6547	33.059422	-1	0.0	0.260938146869
-11.5128	23.4325	33.780641	8	0.315211407146	0.684788592854
-11.5018	23.3702	33.825363	8	1.0	0.0
-11.5162	23.3898	33.872584	8	0.879430297018	0.120569702982
-18.3807	19.8532	39.204405	-1	0.0	0.532500181772
-18.3715	19.8444	39.248054	-1	0.0	0.533714609335
-18.3788	19.8411	39.35188	-1	0.0	0.53575641959
-12.1992	25.3844	51.537609	6	0.533364004935	0.466635995065
-12.8043	21.7893	63.712318	16	1.0	0.222510598478
-12.4964	21.0971	77.895857	15	0.95913711657	0.0408628834297
-16.1079	19.0435	82.155866	5	1.0	0.0
-16.1893	21.7698	89.248827	12	1.0	0.0
-12.2352	21.0774	92.933246	15	1.0	0.0
-23.5867	27.4949	93.573251	1	1.0	0.0
-12.728	21.6418	100.370599	16	0.548536209336	0.451463790664
-18.9223	16.9474	101.395922	10	1.0	0.0
-17.8073	16.8859	104.974092	9	1.0	0.0
-17.7946	16.9175	105.048783	9	0.864051946002	0.135948053998
-17.8055	16.8518	105.097983	9	0.683162837196	0.316837162804
-17.8668	16.9274	105.098009	9	0.717666803673	0.282333196327
-17.8124	16.8864	105.144515	9	1.0	0.0
-17.8057	16.8883	105.185544	9	1.0	0.0
-11.7677	24.7388	107.129329	6	0.0428331734664	0.957166826534
-15.8908	13.9713	108.742899	3	0.955165895434	0.0448341045665
-6.5455	22.3622	109.33715	4	0.148988538146	0.851011461854
-6.567	22.1068	109.417522	4	1.0	0.0
-11.5237	20.9909	109.635947	15	0.901502373885	0.0984976261147
-10.5954	21.0204	116.288931	-1	0.0	0.0679004527431
-18.8883	17.0075	118.390935	10	1.0	0.0551566261431
-10.1391	26.0243	118.772416	7	1.0	0.0
-10.0982	25.9048	118.85166	7	0.789640337471	0.210359662529
-10.1054	25.9174	118.90627	7	0.945897157675	0.0541028423249
-18.2691	16.86	119.456564	10	0.244828216859	0.755171783141
-12.5107	21.7896	128.880152	16	1.0	0.0
-12.5096	21.8246	129.678684	16	1.0	0.0
-14.3033	21.8709	136.803932	-1	0.0	0.0244465246736
-12.2409	25.3505	143.377768	6	0.497003590125	0.502996409875
-23.4388	27.251	146.842434	1	0.916314958225	0.0836850417749
-10.1709	26.0727	155.208243	7	1.0	0.0
-10.1808	26.0646	155.354099	7	1.0	0.0
-10.6943	21.0843	159.901855	-1	0.0	0.36910042963
-23.6109	27.5152	162.039145	1	1.0	0.0
-23.592	27.5309	162.201819	1	1.0	0.0
-16.2745	21.3092	173.935121	12	0.995678606559	0.00432139344103
-17.8205	16.8774	175.54839	9	1.0	0.0
-17.8026	16.919	175.611963	9	0.92393291818	0.0760670818197
-11.5145	23.3491	178.520243	8	0.893287575605	0.106712424395
-11.4971	23.3735	178.574048	8	1.0	0.0
-6.5939	22.0712	179.231957	4	1.0	0.0
-12.5437	21.78	181.573152	16	1.0	0.0
-15.8837	14.0033	182.672827	3	1.0	0.0
-25.2678	29.397	194.889036	0	0.756086662461	0.243913337539
-16.5529	21.6716	205.796946	12	0.867646875659	0.132353124341
-18.857	17.0487	211.866415	10	1.0	0.0
-18.8352	17.0284	211.926829	10	1.0	0.0551566261431
-11.6201	20.8235	212.557494	15	1.0	0.0
-12.5796	21.8886	214.985804	16	1.0	0.0
-16.166	19.0404	229.283825	5	1.0	0.0
-16.1569	19.0208	229.3493	5	1.0	0.0
-16.1592	19.0562	229.40254	5	1.0	0.0
-25.3276	29.3158	236.50538	0	1.0	0.0
-25.2868	29.3119	236.556604	0	1.0	0.0
-23.4574	27.3916	242.01324	1	1.0	0.0
-19.7022	23.9303	247.491491	2	1.0	0.0
-19.6436	23.9553	247.491549	2	1.0	0.0
-11.4588	23.1752	249.120078	8	0.101288029221	0.898711970779
-12.4939	21.7802	249.996889	16	1.0	0.0
-19.613	23.8594	253.202182	2	0.716965353096	0.283034646904
-10.1543	25.9674	256.916665	7	0.945897157675	0.0541028423249
-12.165	21.0402	258.776487	15	1.0	0.0943424150015
-11.8948	20.7099	259.38396	15	0.829520548546	0.170479451454
-17.7672	16.9807	266.193326	9	0.462781109815	0.537218890185
-15.8734	18.2614	271.295367	5	0.0511166502857	0.948883349714
-11.5022	21.9637	272.215003	14	1.0	0.0
-12.1495	25.3176	273.210684	6	0.868314680118	0.131685319882
-18.105	17.4692	277.199656	-1	0.0	0.591418876011
-17.6305	17.08	277.1998	9	0.203422525543	0.796577474457
-25.3384	29.5006	284.257469	0	0.36826278748	0.63173721252
-17.7849	16.8939	294.71317	9	1.0	0.0
-15.8127	21.433	295.20546	12	0.995678606559	0.00432139344103
-18.8516	17.0177	303.96825	10	1.0	0.0
-12.0976	25.3319	314.03268	6	1.0	0.0
-12.123	25.3155	314.073993	6	0.909149944096	0.0908500559035
-24.9491	29.5758	323.183001	0	0.186623333397	0.813376666603
-18.8493	17.0943	341.303017	10	1.0	0.233526165124
-15.9016	18.7872	342.04063	5	0.142306610004	0.857693389996
-15.9363	18.7712	342.192845	5	0.137997631864	0.862002368136
-11.4644	21.8755	344.25764	14	0.883296307289	0.116703692711
-12.3679	21.0242	346.561526	15	1.0	0.291233067166
-12.1058	21.0961	350.915104	15	1.0	0.0
-12.2229	21.5444	352.225378	16	0.638785108283	0.361214891717
-17.637	17.0704	355.390634	9	0.221001403524	0.778998596476
-16.9017	20.7864	365.558863	11	1.0	0.0
-10.1417	25.9337	368.545972	7	0.945897157675	0.0541028423249
-10.184	26.0335	368.617242	7	1.0	0.0
-11.6008	20.7944	370.303019	15	1.0	0.0
-13.789	21.4049	373.481788	13	1.0	0.0
-11.5147	23.3815	377.272764	8	1.0	0.0
-6.5468	22.0811	386.255518	4	1.0	0.0
-6.6035	22.113	386.567722	4	0.905193597663	0.0948064023368
-12.206	25.2344	400.799658	6	0.233429145622	0.766570854378
-6.4629	22.0137	408.971805	4	0.447265231706	0.552734768294
-12.0984	25.2896	426.368929	6	0.487945939795	0.512054060205
-15.8847	13.9585	430.238856	3	0.90573283405	0.0942671659505
-24.0461	27.7308	432.795596	1	0.802099612395	0.197900387605
-6.5612	22.083	448.897144	4	1.0	0.0
-11.5247	23.3597	456.733026	8	1.0	0.0
-11.8351	20.7382	462.820946	15	1.0	0.259362991094
-6.5684	22.0794	475.048836	4	1.0	0.0
-12.1827	21.0621	476.473548	15	1.0	0.0
-12.0826	21.1774	476.47355	15	1.0	0.139006323912
-18.6521	16.8357	476.716458	10	0.29070557806	0.70929442194
-18.3019	16.8551	485.319246	10	0.268214798091	0.731785201909
-17.6567	17.084	485.557499	9	0.21037223356	0.78962776644
-13.7646	21.5001	493.154624	13	0.961981529498	0.0380184705016
-16.0065	21.5951	497.550124	12	1.0	0.0
-10.0252	20.983	507.779359	-1	0.0	0.315517184564
-11.4919	23.3348	523.047087	8	0.551377449697	0.448622550303
-11.5019	23.3686	523.431181	8	1.0	0.0
-14.9902	21.4849	536.390036	-1	0.0	0.165321309146
-26.3788	23.2405	546.76393	-1	0.0	0.215305124668
-12.1382	25.3465	551.753877	6	1.0	0.0
-12.9555	21.9277	557.506366	16	1.0	0.0
-11.5037	21.9287	565.797321	14	1.0	0.0
-11.5013	21.9182	565.851447	14	1.0	0.0
-11.5181	21.9724	565.912826	14	1.0	0.0
-17.7392	16.9285	566.450506	9	0.592073803548	0.407926196452
-17.7537	16.9273	566.527792	9	0.688425680364	0.311574319636
-18.2907	16.8457	569.692041	10	0.26097442314	0.73902557686
-11.4975	20.8661	582.3155	15	1.0	0.0
-10.0703	20.977	596.054868	-1	0.0	0.294610512059
-15.4606	22.082	597.477169	-1	0.0	0.06448810008
-18.8282	17.0748	597.720647	10	1.0	0.149877741753
-16.0524	14.1963	598.161132	3	1.0	0.0
-16.0532	14.2151	598.185776	3	1.0	0.0
-16.049	14.207	598.237123	3	1.0	0.0
