-10.1688	126.7332	-1.2e-05	9	1.0	0.0
-18.7601	128.9248	-590.622761	5	1.0	0.155134018272
-10.8759	125.1542	-589.49024	7	1.0	0.0
-5.0999	133.3101	-589.393167	1	1.0	0.0
-15.1736	130.3442	-578.427783	14	0.881848061629	0.118151938371
-15.0458	130.3291	-578.405599	-1	0.0	0.0563916600502
-7.3437	116.499	-562.873206	0	1.0	0.0
-7.411	116.2892	-562.80735	0	0.236011545126	0.763988454874
-11.3408	125.928	-560.372644	8	0.202293868288	0.797706131712
-10.7866	122.5914	-559.273418	-1	0.0	0.0727545160935
-15.1332	130.4303	-555.312634	-1	0.0	0.201339927562
-18.896	128.6963	-554.769101	5	1.0	0.0
-18.912	128.7062	-554.653222	5	1.0	0.0
-18.9005	128.7212	-554.141581	5	1.0	0.0
-4.1444	113.622	-536.259283	0	0.0194401440515	0.980559855948
-19.096	129.0817	-526.604323	5	0.845768259068	0.154231740932
-14.9906	130.3084	-524.238753	-1	0.0	0.0056473992835
-18.9329	128.9951	-522.295305	5	1.0	0.0
-21.594	128.2399	-509.144109	4	0.194115711813	0.805884288187
-22.3417	127.8643	-491.730813	4	0.392723507744	0.607276492256
-5.0947	120.7324	-475.697636	3	0.0189896593545	0.981010340646
-7.0554	115.0891	-467.17155	0	0.0430734852318	0.956926514768
-5.0508	133.3433	-460.205811	1	0.756892293691	0.243107706309
-14.9711	130.4032	-455.441737	13	0.590156535876	0.409843464124
-12.3599	124.3355	-446.5423	-1	0.0	0.6217057009
-10.1216	126.7128	-446.498897	9	1.0	0.0
-14.915	130.3843	-444.51576	13	1.0	0.0
-9.5138	116.7221	-435.993696	0	0.0549198470754	0.945080152925
-14.9388	130.4469	-435.261024	13	0.484625189427	0.515374810573
-14.9345	130.4566	-435.115731	13	0.380752142948	0.619247857052
-15.1076	130.3258	-426.500911	14	1.0	0.0
-5.0939	133.2974	-424.468644	1	1.0	0.0
-5.0818	133.3274	-424.413462	1	1.0	0.0
-5.0604	133.299	-424.338512	1	1.0	0.0
-15.1674	130.2937	-423.620792	15	1.0	0.0
-15.1064	130.2904	-423.530395	14	0.85441225036	0.14558774964
-15.1795	130.3583	-423.456316	-1	0.0	0.139217217387
-21.8176	127.8597	-404.136426	4	0.716525139364	0.283474860636
-11.6226	125.9407	-403.242606	8	0.939961518422	0.060038481578
-15.1549	129.5909	-402.824728	11	0.947342219952	0.0526577800482
-11.331	124.7995	-396.434879	-1	0.0	0.156197358315
-10.0131	126.5962	-396.433585	9	0.46446228071	0.53553771929
-10.0769	126.1061	-396.259648	9	0.269472660597	0.730527339403
-9.9472	126.4959	-396.259409	9	0.46446228071	0.53553771929
-15.1651	130.261	-394.124388	16	1.0	0.0
-14.9235	130.3886	-393.218749	13	1.0	0.0
-2.892	132.571	-385.946733	2	0.20840483672	0.79159516328
-9.1721	122.3123	-385.179714	3	0.0180073821546	0.981992617845
-7.3302	116.541	-373.359965	0	1.0	0.0
-7.3429	116.5473	-373.085849	0	1.0	0.0
-14.9184	130.3684	-365.646507	13	0.729092257903	0.270907742097
-14.8695	130.7918	-361.804813	-1	0.0	0.514605340726
-5.045	132.8884	-354.095617	1	0.0712257375273	0.928774262473
-14.9845	130.4274	-349.176988	13	0.499214227466	0.500785772534
-14.9342	130.4418	-349.08704	13	0.503966127835	0.496033872165
-15.1189	130.3744	-344.838637	-1	0.0	0.0728405904309
-15.1168	130.3441	-344.662805	14	1.0	0.0
-15.0586	130.3389	-344.494273	14	0.908321067851	0.0916789321488
-11.5951	125.9286	-323.687615	8	1.0	0.367715456433
-11.5464	125.9289	-323.600835	8	1.0	0.310257622843
-16.7517	130.4979	-318.957445	6	0.940766964356	0.0592330356438
-14.9283	130.3869	-315.145495	13	1.0	0.0
-15.0502	130.2571	-313.279411	-1	0.0	0.353408294761
-15.1083	130.3968	-302.433868	-1	0.0	0.0142023994
-21.7554	127.9944	-301.265136	4	0.408244188005	0.591755811995
-21.4025	128.3212	-299.054435	4	0.14622684753	0.85377315247
-14.9648	130.3576	-294.724713	13	0.400288811331	0.599711188669
-7.3538	116.6009	-288.000403	0	1.0	0.0
-16.7644	130.4688	-287.58108	6	0.782139504781	0.217860495219
-16.8331	130.6992	-283.159531	6	0.313212662113	0.686787337887
-14.2775	130.3751	-281.25922	-1	0.0	0.496843992947
-2.6163	122.8516	-270.853245	3	1.0	0.0
-2.5865	122.887	-270.800729	3	0.829485593914	0.170514406086
-15.2176	129.5912	-255.979305	11	1.0	0.0
-15.1876	129.5756	-255.879698	11	1.0	0.0
-15.147	130.2919	-255.526034	15	0.80399314666	0.19600685334
-15.2023	130.0692	-241.144641	10	1.0	0.0
-11.7015	128.1921	-236.886057	-1	0.0	0.724381518226
-15.0308	130.2808	-236.85744	-1	0.0	0.379571484263
-15.0761	130.3422	-236.580152	14	1.0	0.0
-16.5732	130.5749	-236.561116	6	0.434522994839	0.565477005161
-5.0848	133.3278	-234.431574	1	1.0	0.0
-15.2004	130.7368	-234.327791	-1	0.0	0.453684715089
-5.1068	133.3615	-234.144929	1	0.607526912615	0.392473087385
-14.9353	130.4428	-220.935505	13	0.499214227466	0.500785772534
-4.125	113.6961	-217.157026	0	0.019804324139	0.980195675861
-14.889	130.5228	-216.906651	-1	0.0	0.238069733361
-11.5416	125.9673	-216.270089	8	1.0	0.449443710135
-11.5567	125.929	-216.225572	8	1.0	0.0581473239207
-11.5643	125.9644	-215.886199	8	1.0	0.124293922777
-11.5771	125.9362	-215.781852	8	1.0	0.0
-15.1816	130.296	-214.341646	15	1.0	0.0
-10.18	126.8389	-197.421141	9	0.854767295931	0.145232704069
-9.2152	122.3083	-193.632336	-1	0.0	0.00567177912334
-16.8158	130.526	-180.421785	6	1.0	0.0
-16.8284	130.5696	-180.207897	6	1.0	0.0
-2.673	122.9744	-169.97391	3	0.475265033151	0.524734966849
-2.6592	122.8897	-169.912609	3	1.0	0.0
-2.6724	122.9227	-169.852814	3	0.829485593914	0.170514406086
-15.0099	130.3897	-167.47983	13	0.373228183653	0.626771816347
-15.0991	130.3433	-164.750393	14	1.0	0.0
-15.1456	130.2369	-164.500381	16	1.0	0.0
-10.8465	125.2333	-155.24786	7	1.0	0.0
-10.9495	124.8452	-155.100163	7	0.358672184983	0.641327815017
-2.8179	121.3248	-151.867625	3	0.0302972540043	0.969702745996
-16.7726	130.5548	-151.094515	6	1.0	0.0
-14.9334	130.3957	-149.026318	13	1.0	0.0
-22.0085	127.8432	-148.026282	4	1.0	0.0
-21.9683	127.8338	-147.931427	4	1.0	0.0
-9.9082	126.1259	-140.556733	9	0.39130481311	0.60869518689
-15.5178	120.0902	-132.496138	-1	0.0	0.0364083030356
-11.5639	125.9387	-132.334675	8	1.0	0.0
-11.5713	125.9758	-132.086537	8	1.0	0.383718214909
-21.8935	128.0443	-113.632365	4	0.386022370095	0.613977629905
-7.3521	116.6093	-111.587677	0	0.882685944333	0.117314055667
-7.342	116.4674	-111.371412	0	0.764320574912	0.235679425088
-16.8512	130.5184	-111.197654	6	1.0	0.0
-16.589	130.4973	-111.101318	6	0.553318186716	0.446681813284
-15.241	129.733	-104.464738	12	1.0	0.0
-22.0497	127.8701	-102.933476	4	1.0	0.0
-15.1629	130.2985	-86.880231	15	1.0	0.0
-15.1407	130.3669	-86.723457	14	1.0	0.0
-18.9879	128.9105	-86.339854	5	1.0	0.154892613199
-18.8813	129.0274	-86.339826	5	1.0	0.0
-18.9888	128.9424	-86.276983	5	1.0	0.0
-19.1264	128.6738	-86.184719	5	1.0	0.607336713258
-15.1823	130.2715	-76.373661	16	1.0	0.0
-19.0166	128.716	-69.042286	5	1.0	0.248545558116
-14.6123	129.5308	-60.751954	-1	0.0	0.37602507646
-7.336	116.5452	-53.45671	0	1.0	0.0
-10.1033	126.8585	-51.061411	9	0.715116258931	0.284883741069
-10.1879	127.0254	-50.936381	9	0.284167041353	0.715832958647
-9.7577	127.0298	-50.936237	9	0.216026770856	0.783973229144
-10.1376	126.8597	-50.842711	9	0.73390007116	0.26609992884
-10.1822	126.915	-50.78639	9	0.479994372481	0.520005627519
-11.3493	125.9136	-47.761723	8	0.205959457953	0.794040542047
-15.2091	130.2584	-42.998672	16	1.0	0.0
-15.1735	130.2291	-37.499836	16	1.0	0.0
-11.5984	125.9514	-28.018383	8	1.0	0.270353456155
-11.6341	125.9822	-27.973699	8	1.0	0.0
-11.6786	126.2113	-27.973556	8	0.158504710276	0.841495289724
-11.7574	125.7207	-27.730173	8	0.0949120317122	0.905087968288
-15.2046	130.2249	-24.154696	16	1.0	0.0
-15.2423	130.1259	-16.14195	10	0.973733739176	0.0262662608244
-14.9566	130.4147	-13.80626	13	0.513574806037	0.486425193963
-15.6279	129.2169	-9.330584	-1	0.0	0.592716221175
-10.1688	126.7332	-1.2e-05	9	1.0	0.0
-15.2883	129.6004	4.041857	11	0.695890757028	0.304109242972
-16.8048	130.5176	5.279664	6	1.0	0.0
-16.8611	130.532	5.337389	6	1.0	0.0
-14.9453	130.3681	8.536635	13	0.658832950154	0.341167049846
-15.202	130.2406	18.704302	16	1.0	0.0
-15.2494	130.2979	18.763619	-1	0.0	0.136597626681
-16.4495	130.4936	33.745195	6	0.332854383644	0.667145616356
-2.6591	133.2608	42.696694	2	1.0	0.0
-18.689	129.4011	46.37938	5	0.306457303329	0.693542696671
-11.639	125.9769	51.974442	8	1.0	0.0
-11.6314	126.0517	52.154433	8	0.58032460037	0.41967539963
-18.9532	128.7047	52.917356	5	1.0	0.0
-18.9569	128.6858	53.130202	5	1.0	0.0
-14.9574	131.2176	62.059941	-1	0.0	0.192668859601
-9.8216	126.2539	72.827507	9	0.39130481311	0.60869518689
-9.869	126.1276	72.869375	9	0.39130481311	0.60869518689
-9.8901	126.3721	72.999602	9	0.41657105018	0.58342894982
-9.847	126.1216	73.032313	9	0.39130481311	0.60869518689
-15.1032	130.3147	90.056075	14	0.858082168796	0.141917831204
-2.5897	123.3427	91.885775	3	0.109838064013	0.890161935987
-18.8887	129.0003	100.421878	5	1.0	0.0
-15.1912	130.3004	106.472967	15	1.0	0.0
-15.1598	130.3024	106.509101	15	1.0	0.0
-14.9608	130.2328	106.558833	-1	0.0	0.254977203794
-15.2047	130.2647	106.647339	16	1.0	0.0
-10.2061	126.7439	110.174747	9	1.0	0.0
-10.0928	126.6926	110.298432	9	0.848679790582	0.151320209418
-10.1384	126.6909	110.324096	9	0.974709185679	0.0252908143213
-9.3681	127.2759	110.484278	-1	0.0	0.235400027862
-10.1632	126.7438	110.976582	9	1.0	0.0
-2.6469	133.2413	111.293133	2	1.0	0.0
-15.1752	129.8239	116.834266	-1	0.0	0.171678354721
-21.8467	127.8184	127.120135	4	0.82354415285	0.17645584715
-11.6123	125.9885	129.368652	8	1.0	0.0
-11.6322	126.073	129.571331	8	0.564086465007	0.435913534993
-11.5749	126.1711	129.623673	8	0.217220938293	0.782779061707
-11.5895	125.9692	129.6609	8	1.0	0.131500872455
-15.1473	129.5879	139.295891	11	0.804211356029	0.195788643971
-11.5945	125.9605	144.146056	8	1.0	0.250100008109
-15.2249	130.2283	144.983048	16	1.0	0.0
-14.9138	130.3961	166.723658	13	1.0	0.0
-22.0221	127.7985	179.887671	4	1.0	0.0
-16.7994	130.6644	189.161854	6	0.385747776996	0.614252223004
-2.8677	122.8038	190.091372	3	0.345124658829	0.654875341171
-15.2251	129.7468	190.569676	12	1.0	0.0
-15.3714	129.5435	190.684813	-1	0.0	0.171038063423
-15.2633	129.7442	197.503858	12	1.0	0.0
-12.4323	124.5717	199.194293	-1	0.0	0.571670324641
-11.6083	126.0303	199.195097	8	0.58032460037	0.41967539963
-10.263	129.7957	203.016283	-1	0.0	0.117819834433
-15.2153	130.2371	220.093573	16	1.0	0.0
-15.1588	130.2422	220.231266	16	1.0	0.0
-15.2188	130.2447	220.830951	16	1.0	0.0
-11.6437	125.9739	221.329099	8	1.0	0.0
-11.6493	125.9982	221.468402	8	0.938573090527	0.061426909473
-11.5586	125.9511	221.554513	8	1.0	0.0770328798024
-10.9046	125.2939	234.987378	7	1.0	0.0
-10.8613	125.203	235.031006	7	1.0	0.0
-18.9147	128.7894	239.883018	5	1.0	0.491583108841
-15.2434	130.2358	241.209403	16	1.0	0.0
-15.2201	130.0892	250.601589	10	1.0	0.0
-15.1713	130.1039	250.642284	10	0.973733739176	0.0262662608244
-15.2246	130.1015	250.707802	10	1.0	0.0
-15.1691	130.2516	256.665838	16	1.0	0.0
-15.1384	130.2257	256.736352	16	1.0	0.0
-15.2063	130.2289	256.803959	16	1.0	0.0
-15.1882	130.1838	257.575225	-1	0.0	0.186657621328
-2.7433	133.3609	257.864124	2	1.0	0.0
-2.6782	133.2188	258.007299	2	1.0	0.0
-9.9312	126.4258	273.396396	9	0.46446228071	0.53553771929
-10.6318	125.9895	273.654062	8	0.0594473973858	0.940552602614
-10.1773	126.7769	273.723047	9	1.0	0.0
-10.2305	125.8084	274.047209	9	0.143901679346	0.856098320654
-9.8624	126.9217	274.04778	9	0.326015681391	0.673984318609
-9.8957	126.3999	274.071675	9	0.379713061255	0.620286938745
-15.1951	130.2407	277.564794	16	1.0	0.0
-17.0029	130.2618	288.43349	6	0.190557203818	0.809442796182
-11.6205	126.0845	304.427541	8	0.445515476989	0.554484523011
-15.1741	129.6318	309.274637	11	0.634208759522	0.365791240478
-22.0915	127.73	320.02367	4	0.606268385104	0.393731614896
-21.9742	127.9147	320.144423	4	0.741114745687	0.258885254313
-15.2293	129.7349	328.876321	12	1.0	0.0
-11.5786	125.9567	332.816417	8	1.0	0.0
-11.6139	126.0347	332.894954	8	0.564086465007	0.435913534993
-11.578	125.9449	332.927664	8	1.0	0.0
-11.5552	125.9383	333.063228	8	1.0	0.0
-11.6059	125.9898	333.083993	8	1.0	0.0
-11.6443	125.9673	333.147099	8	0.845061479021	0.154938520979
-11.5478	126.0187	333.147144	8	0.499109764574	0.500890235426
-2.7679	123.2274	334.528568	3	0.150307341191	0.849692658809
-2.7762	123.1288	334.56489	3	0.19863208269	0.80136791731
-15.2927	130.0792	336.002995	10	1.0	0.0
-15.3043	130.0451	336.19068	10	0.672927518002	0.327072481998
-2.6863	122.8579	338.153613	3	1.0	0.0
-2.6733	122.8964	338.18873	3	1.0	0.0
-2.6591	133.2829	339.8686	2	1.0	0.0
-2.75	132.8604	340.033218	2	0.361776882187	0.638223117813
-15.2138	130.2711	342.13047	16	1.0	0.0
-15.2096	130.2023	342.2206	16	1.0	0.0
-15.1668	130.1951	343.076253	-1	0.0	0.183019986843
-15.2085	130.2141	343.183807	16	1.0	0.0
-15.1819	130.221	361.625539	16	1.0	0.0
-15.2184	130.2548	387.669818	16	1.0	0.0
-15.1325	130.2374	387.683548	16	1.0	0.0
-15.2456	130.0734	394.048692	10	1.0	0.0
-15.1936	130.2413	396.896655	16	1.0	0.0
-15.1852	130.2545	396.960696	16	1.0	0.0
-15.3618	129.8791	397.51083	-1	0.0	0.473481592396
-15.1505	129.7067	408.465001	12	0.359642885319	0.640357114681
-6.8881	114.7249	411.836072	0	0.0347320955859	0.965267904414
-16.4403	130.4427	412.506338	6	0.30684477863	0.69315522137
-15.1272	130.2374	420.681046	16	1.0	0.0
-15.1296	129.5406	424.508508	11	0.596208340994	0.403791659006
-10.1458	126.7876	427.046632	9	0.978659563708	0.021340436292
-15.1728	129.6191	429.359723	11	0.885224607962	0.114775392038
-15.1948	129.6094	429.405215	11	1.0	0.0
-15.1494	129.7204	429.486013	12	0.419287908893	0.580712091107
-15.2742	130.1266	431.055337	10	0.863392096639	0.136607903361
-15.1679	130.3459	431.771107	14	0.977961628299	0.0220383717009
-15.198	130.3092	431.823476	15	0.700706902199	0.299293097801
-5.5267	124.3231	438.271413	3	0.0254527598727	0.974547240127
-5.445	124.2194	438.326841	3	0.0268983614138	0.973101638586
-15.173	129.5576	449.533772	11	0.83416966004	0.16583033996
-4.5187	129.7225	454.828836	-1	0.0	0.209715394653
-10.5612	125.4233	458.043544	7	0.523696403795	0.476303596205
-21.9811	127.8003	468.388899	4	1.0	0.0
-15.1057	129.5241	470.543009	11	0.408167208867	0.591832791133
-15.1649	129.5807	474.758619	11	1.0	0.0
-15.2381	129.596	494.631742	11	0.996343832552	0.00365616744753
-15.279	129.6216	509.831126	11	0.661129521742	0.338870478258
-15.245	129.8327	510.185675	-1	0.0	0.122512720271
-11.5812	126.0817	519.983587	8	0.445825010521	0.554174989479
-15.0915	129.9046	520.140629	-1	0.0	0.0179641767836
-15.1488	129.5287	533.425847	11	0.515010906312	0.484989093688
-14.6669	129.5531	534.107424	-1	0.0	0.297899304491
-2.7042	122.8662	534.745518	3	1.0	0.0
-2.7239	122.7651	535.14638	3	0.454939655933	0.545060344067
-15.253	130.4383	538.215252	-1	0.0	0.301631671416
-11.7027	125.9881	544.421005	8	0.626216117934	0.373783882066
-15.2252	129.7476	547.192876	12	1.0	0.0
-15.2167	129.624	556.581976	11	0.872832093801	0.127167906199
-15.2251	129.5933	556.651207	11	1.0	0.0
-18.8593	128.659	583.964051	5	1.0	0.297916178963
-15.0942	129.6337	584.104563	11	0.491791512149	0.508208487851
-9.9504	126.5366	597.044939	9	0.379713061255	0.620286938745
-10.8328	125.2374	598.404697	7	1.0	0.0
-9.6275	126.0272	598.405504	9	0.219434696447	0.780565303553
-18.8281	128.9971	599.374152	5	1.0	0.0
