-12.1769	124.3227	-7.2e-05	28	1.0	0.639380241709
-21.0625	118.37	-599.833076	20	0.619554963374	0.380445036626
-21.08	118.3897	-599.635187	-1	0.0	0.0253955856912
-11.0924	123.1302	-597.280657	-1	0.0	0.132543463676
-10.8419	123.7878	-597.280418	-1	0.0	0.0177052068784
-13.2395	123.7345	-597.216094	25	0.458774069408	0.541225930592
-12.8054	124.8303	-597.109913	27	0.191478336624	0.808521663376
-12.3305	124.8104	-596.928039	-1	0.0	0.0438246404227
-12.6516	124.6881	-596.668545	27	1.0	0.0
-19.9064	121.8586	-589.971601	7	1.0	0.0
-20.3469	121.3954	-589.723737	7	0.187889459906	0.812110540094
-19.9517	121.8266	-589.723694	7	1.0	0.0334739138178
-6.011	127.6516	-588.315645	17	0.703789017074	0.296210982926
-21.1676	118.0006	-588.272325	-1	0.0	0.675047752579
-12.7643	124.6397	-587.737257	27	1.0	0.30704761087
-12.7753	124.5945	-587.658612	27	1.0	0.16287682804
-2.0807	113.6961	-584.532367	-1	0.0	0.0832517003954
-11.3197	119.9921	-583.038282	11	0.284243613532	0.715756386468
-11.1458	120.5726	-583.038208	11	1.0	0.0
-11.1392	120.4612	-582.981199	11	0.634051378493	0.365948621507
-11.0236	120.608	-582.981131	11	1.0	0.0
-12.7494	124.6096	-582.670667	27	1.0	0.268046304936
-15.2869	125.7038	-579.755001	15	0.856208292289	0.143791707711
-14.4188	133.4137	-579.133188	2	0.419172533257	0.580827466743
-14.7478	132.6038	-578.94085	2	0.69022585094	0.30977414906
-14.4196	133.3792	-578.940313	2	0.443853298026	0.556146701974
-12.0501	124.2834	-577.239754	28	0.682716025287	0.317283974713
-11.2512	124.7005	-577.134467	-1	0.0	0.141169943652
-13.362	123.8996	-570.037365	-1	0.0	0.115767281126
-11.3744	117.0205	-569.611291	13	1.0	0.0
-12.6892	124.575	-568.880525	27	1.0	0.0
-12.6812	124.6814	-568.880478	27	1.0	0.0393924784102
-12.6751	124.7157	-568.832801	27	1.0	0.251996889901
-12.6619	124.6703	-568.744624	27	1.0	0.263042534322
-11.8288	116.5806	-566.080036	12	1.0	0.197457013374
-19.849	121.5246	-560.859978	7	1.0	0.0
-11.2236	123.8027	-560.689764	31	1.0	0.0348726840778
-19.8734	121.5304	-560.647388	7	1.0	0.0
-12.9699	123.9386	-559.316075	25	1.0	0.0
-12.5753	124.994	-559.315663	27	0.191478336624	0.808521663376
-12.7964	124.5626	-559.246823	27	1.0	0.00973600988302
-12.7528	124.6837	-559.23018	27	0.906689658643	0.0933103413568
-12.753	124.6462	-559.078725	27	1.0	0.164522960891
-7.3021	127.2162	-558.554659	18	0.442908350361	0.557091649639
-6.0131	127.7819	-557.185878	17	1.0	0.0
-6.0394	127.5774	-557.102669	17	0.503600733397	0.496399266603
-6.0332	127.6807	-557.102608	17	0.749973910975	0.250026089025
-12.2038	124.2355	-556.841469	28	1.0	0.371837598666
-12.1454	124.3189	-555.991437	28	1.0	0.665709112994
-21.0753	118.2882	-555.686117	20	1.0	0.0803857158149
-21.1108	118.1162	-555.68611	19	1.0	0.0
-12.1371	124.2578	-555.625875	28	1.0	0.599768241353
-12.0666	124.2454	-554.452282	28	0.840785517689	0.159214482311
-19.8902	121.8662	-553.958187	7	1.0	0.186299269858
-21.3711	119.8675	-550.787351	-1	0.0	0.0193048862246
-7.9501	125.7639	-550.483242	21	0.219320624444	0.780679375556
-21.0262	118.2049	-548.322013	20	0.581917290126	0.418082709874
-7.7893	125.7249	-547.052101	21	0.567268771306	0.432731228694
-8.3295	124.8991	-545.529579	22	1.0	0.0
-8.3132	124.9147	-545.25183	22	1.0	0.0
-11.3671	123.9478	-541.523306	-1	0.0	0.060151240144
-12.2981	123.6482	-541.026999	-1	0.0	0.247013765922
-12.0581	124.3123	-541.026767	28	0.538224927426	0.461775072574
-10.8726	123.7272	-539.30074	32	1.0	0.0
-10.8486	124.1604	-538.281936	-1	0.0	0.196915412457
-11.1853	124.3418	-538.036434	-1	0.0	0.00643470174527
-11.194	124.4653	-538.036351	-1	0.0	0.250896790202
-11.2915	124.1802	-537.111329	-1	0.0	0.216634010769
-12.7689	124.6124	-535.55575	27	1.0	0.381070491208
-19.9425	121.8469	-532.730211	7	1.0	0.0334739138178
-21.0562	118.2852	-529.563648	20	1.0	0.0
-12.7983	124.6264	-529.374436	27	0.988610826918	0.0113891730816
-21.0615	118.3135	-529.237816	20	1.0	0.224950539763
-14.6919	132.3305	-526.557721	2	1.0	0.0
-14.6649	132.331	-526.517885	2	1.0	0.0
-21.0642	118.2771	-524.005698	20	1.0	0.052205993385
-11.1302	123.7481	-523.215977	31	1.0	0.0
-11.2207	123.9466	-523.215897	31	0.381458162944	0.618541837056
-11.2591	123.5418	-522.77317	26	1.0	0.0
-11.3425	123.4971	-522.737427	26	1.0	0.0
-17.021	133.3734	-521.843673	0	0.614008408566	0.385991591434
-17.0356	133.3326	-521.767356	0	0.784506415684	0.215493584316
-12.2013	124.2406	-519.039056	28	1.0	0.396482834711
-11.9731	124.2716	-519.038992	28	0.607192556148	0.392807443852
-12.1648	124.2792	-518.81896	28	1.0	0.606030378654
-12.9979	123.9814	-516.424493	25	1.0	0.0
-13.2652	123.6711	-516.118782	-1	0.0	0.044011424539
-12.6399	124.7519	-516.118354	27	0.798763068263	0.201236931737
-7.8193	125.6849	-510.996165	21	0.685726360609	0.314273639391
-7.7684	125.6944	-510.822783	21	0.780899908859	0.219100091141
-21.0712	118.328	-509.195375	20	0.877531328092	0.122468671908
-19.9133	121.606	-508.955168	7	1.0	0.437085661805
-12.9923	123.8475	-508.368067	25	0.731048765548	0.268951234452
-12.7065	124.5122	-508.367834	27	1.0	0.0
-12.7993	124.6762	-506.405361	27	1.0	0.226042767185
-5.9971	127.7723	-502.861935	17	1.0	0.0
-6.0343	127.7298	-502.789993	17	1.0	0.0
-11.8556	116.6425	-502.215259	12	1.0	0.591995538711
-17.0897	133.4321	-501.928543	0	0.258090341855	0.741909658145
-21.1681	118.1948	-501.0891	-1	0.0	0.0619871476344
-16.3165	131.3827	-491.644848	5	1.0	0.0
-7.6693	125.4555	-488.68317	21	0.197838921836	0.802161078164
-11.8792	116.9509	-488.12397	14	1.0	0.0
-21.0334	118.337	-487.075018	20	0.719012528165	0.280987471835
-12.9056	124.1499	-484.679386	27	0.3623507255	0.6376492745
-12.7361	124.6288	-483.87551	27	1.0	0.0
-12.1954	124.3073	-482.028185	28	1.0	0.643429444122
-21.0077	118.4766	-480.916894	-1	0.0	0.549025331885
-7.6951	124.1002	-479.711133	16	1.0	0.0
-21.9726	115.58	-479.593281	8	1.0	0.0
-14.6953	132.3309	-478.325482	2	1.0	0.0
-14.624	132.4366	-478.325417	2	1.0	0.0
-14.7184	132.014	-477.129934	2	1.0	0.0
-14.8551	132.1601	-477.129852	2	1.0	0.0
-14.8031	132.0889	-477.088981	2	1.0	0.0
-12.7573	124.3968	-475.479742	27	0.887544849224	0.112455150776
-12.5517	129.8547	-475.446036	1	1.0	0.0
-7.7168	125.646	-471.518541	21	0.851146800274	0.148853199726
-11.4599	123.4182	-470.473009	26	1.0	0.0
-11.2279	123.7802	-470.377423	31	1.0	0.0
-11.221	123.7829	-470.361019	31	1.0	0.0
-11.2388	123.7313	-470.032746	31	0.639984359324	0.360015640676
-9.3545	125.5094	-466.885307	-1	0.0	0.0660778879695
-11.3601	117.0426	-466.640807	13	1.0	0.0
-11.1986	117.1153	-466.640749	13	0.577555596506	0.422444403494
-15.2483	125.7388	-465.901188	15	0.650815401756	0.349184598244
-14.0488	122.9232	-465.609666	23	0.462705652978	0.537294347022
-12.7163	124.6672	-465.609	27	1.0	0.251470422293
-10.1479	125.7818	-465.506944	-1	0.0	0.102518243617
-11.8288	116.5951	-461.180602	12	1.0	0.0
-20.0128	120.9741	-460.528399	7	0.109032225514	0.890967774486
-14.5407	133.1027	-459.504008	2	0.597161542969	0.402838457031
-17.0482	133.3452	-459.046936	0	0.806962976886	0.193037023114
-8.3644	124.9438	-457.460134	22	1.0	0.0
-8.3461	124.8934	-457.349363	22	1.0	0.0
-8.4429	124.5394	-457.31332	-1	0.0	0.163943244125
-8.3548	124.8465	-457.313183	22	0.716076599931	0.283923400069
-12.7161	124.5291	-455.125535	27	1.0	0.128619775406
-12.921	123.9271	-455.048345	25	1.0	0.0
-12.6879	124.5355	-455.048135	27	1.0	0.109050004374
-21.0594	118.1173	-451.782241	19	0.81592252466	0.18407747534
-14.2203	124.7267	-451.358937	-1	0.0	0.408745015845
-7.3648	127.2396	-450.133675	18	0.392386860277	0.607613139723
-12.7613	124.6465	-449.396447	27	1.0	0.360014765633
-14.343	122.6336	-448.711688	23	0.462705652978	0.537294347022
-12.7709	124.5666	-448.710956	27	1.0	0.0743983207868
-10.9576	123.7921	-446.630319	-1	0.0	0.0843993080798
-8.3309	125.0528	-446.335819	22	0.356199915284	0.643800084716
-12.7098	124.4848	-444.100428	27	1.0	0.108873088135
-7.7783	125.64	-443.946299	21	0.94155191834	0.0584480816602
-7.8125	125.5438	-443.737905	21	0.233769777315	0.766230222685
-12.6274	123.4188	-443.082972	24	1.0	0.0
-11.9444	124.3966	-443.011889	28	0.404549518042	0.595450481958
-12.2299	124.1365	-442.903078	28	0.695503012824	0.304496987176
-12.0456	124.1624	-440.163498	28	1.0	0.0
-11.6744	123.9694	-435.042094	-1	0.0	0.146134922971
-12.6603	124.7356	-434.56152	27	1.0	0.178912767443
-12.6339	124.7351	-434.511688	27	0.970319817987	0.0296801820128
-14.1421	132.6987	-434.050502	2	0.579691968222	0.420308031778
-14.2217	132.9053	-434.050434	2	0.604163177098	0.395836822902
-7.4662	124.2194	-431.052827	16	0.123516173675	0.876483826325
-12.7963	125.0049	-429.286417	27	0.191478336624	0.808521663376
-12.7647	124.6733	-427.520717	27	1.0	0.14305754883
-12.7384	124.638	-427.065103	27	1.0	0.0
-19.9171	121.8562	-425.705252	7	1.0	0.0
-19.9307	121.7925	-425.603579	7	1.0	0.322371021868
-19.9418	121.8218	-425.441006	7	1.0	0.196029378627
-16.7934	130.5148	-424.82941	4	1.0	0.0
-16.36	131.3422	-424.82892	5	0.644142498902	0.355857501098
-21.0901	118.308	-424.100046	20	1.0	0.0
-21.1173	118.4238	-423.883373	-1	0.0	0.188684824173
-12.7272	124.5501	-419.86748	27	1.0	0.342208171657
-15.3847	125.2429	-416.773562	15	0.15986600657	0.84013399343
-21.0585	118.2875	-416.177086	20	1.0	0.0
-7.8212	125.672	-415.420582	21	0.677207948875	0.322792051125
-7.2832	127.247	-415.212796	18	0.499564421475	0.500435578525
-10.8211	123.6971	-415.077592	32	1.0	0.0
-6.0897	127.615	-414.973554	17	0.73462944964	0.26537055036
-17.5108	118.4194	-413.428397	-1	0.0	0.0892747149545
-7.857	123.3126	-409.779095	-1	0.0	0.067883006672
-11.1334	123.8827	-407.568684	31	0.646091677947	0.353908322053
-11.5155	119.0998	-407.425927	-1	0.0	0.34490317027
-12.3315	123.9577	-400.2662	28	0.355138805199	0.644861194801
-12.2068	124.2217	-400.266097	28	1.0	0.475898120327
-12.1934	124.1513	-400.222657	28	0.695503012824	0.304496987176
-14.8074	132.0944	-397.57747	2	1.0	0.0
-12.7407	124.6588	-396.431422	27	1.0	0.384394152485
-13.7361	123.2582	-396.387804	23	0.406443642901	0.593556357099
-12.7328	124.637	-396.387228	27	1.0	0.0
-12.732	124.6377	-396.236405	27	1.0	0.0
-11.1993	123.8026	-396.064472	31	1.0	0.0
-11.2023	123.7967	-395.979028	31	1.0	0.0
-11.9135	122.7467	-395.937274	-1	0.0	0.12659225849
-11.2028	123.7711	-395.936821	31	1.0	0.0255559130489
-11.285	123.6239	-395.908586	-1	0.0	0.075455727192
-14.9568	131.7416	-395.830409	2	0.525607641471	0.474392358529
-15.0873	131.592	-395.726131	-1	0.0	0.67457886569
-7.7499	125.6666	-395.52793	21	1.0	0.0
-15.1899	125.6844	-387.285901	15	1.0	0.0270730705538
-15.2955	125.3911	-387.247372	15	0.15986600657	0.84013399343
-15.6053	124.9243	-387.213281	15	0.0785926201972	0.921407379803
-15.2194	125.645	-387.213012	15	1.0	0.0
-21.9761	115.5547	-387.113524	8	1.0	0.0
-19.9041	121.5334	-386.876845	7	1.0	0.0
-19.8614	121.4702	-386.814558	7	1.0	0.0706180073695
-16.9962	133.2723	-384.398236	0	1.0	0.0
-11.2233	114.2098	-383.459072	6	1.0	0.0
-12.7786	124.6704	-381.334155	27	1.0	0.14305754883
-7.7036	124.1097	-379.236466	16	1.0	0.0
-12.7787	124.3256	-378.716201	27	0.45559022656	0.54440977344
-12.7272	124.56	-378.716136	27	1.0	0.0693963579267
-12.7634	124.5245	-378.621478	27	1.0	0.0640476270362
-7.6634	125.4709	-378.456986	21	0.215470052633	0.784529947367
-14.4398	122.3513	-378.136758	23	1.0	0.0
-12.7193	124.4473	-378.135993	27	1.0	0.0851749185046
-12.2256	123.8681	-375.441637	29	0.913195676945	0.0868043230553
-21.0513	118.2926	-374.583013	20	1.0	0.0
-12.7432	124.513	-374.298783	27	1.0	0.000166860443924
-12.6552	124.7247	-374.298702	27	1.0	0.178912767443
-12.7935	124.5736	-374.216011	27	1.0	0.00973600988302
-12.6226	124.707	-374.215956	27	1.0	0.160911976584
-12.6605	124.7162	-374.068886	27	1.0	0.178912767443
-12.6501	124.6982	-373.817711	27	1.0	0.0
-11.5784	123.8831	-373.635368	-1	0.0	0.0615992204275
-11.5599	123.8843	-373.592796	-1	0.0	0.105147931936
-11.5798	123.8781	-373.502399	-1	0.0	0.0602888645818
-11.5651	123.7351	-370.531119	30	1.0	0.0
-19.8618	121.5279	-369.926822	7	1.0	0.0
-17.0125	133.261	-366.928472	0	0.578415084274	0.421584915726
-12.7047	124.5873	-364.934234	27	1.0	0.00190723949414
-12.741	124.5187	-364.67994	27	1.0	0.0
-11.1248	123.9401	-362.451833	31	0.454725005676	0.545274994324
-10.0236	125.7745	-362.39482	-1	0.0	0.145931380708
-11.1487	123.8127	-362.280836	31	0.865837245188	0.134162754812
-14.1895	124.7973	-361.410685	-1	0.0	0.00919014855466
-11.9942	124.2301	-361.148956	28	1.0	0.0
-12.6582	129.8503	-360.141766	1	1.0	0.0
-12.3146	115.8546	-357.937663	10	0.0584212123145	0.941578787686
-11.3753	116.994	-357.93748	13	1.0	0.0
-11.1214	117.0718	-354.502225	13	0.560966431754	0.439033568246
-12.8569	124.3549	-354.472513	27	0.4529611061	0.5470388939
-12.9912	123.9799	-354.245886	25	1.0	0.0
-12.7488	124.5274	-354.245666	27	1.0	0.0389444303398
-12.7236	124.5417	-353.730941	27	1.0	0.00579554654212
-15.4206	125.2705	-349.012613	15	0.15986600657	0.84013399343
-12.8597	124.2514	-347.85896	27	0.356726219097	0.643273780903
-12.7695	124.5042	-347.858866	27	1.0	0.0205079534215
-12.7304	124.5055	-347.731169	27	1.0	0.0668451160028
-12.7379	124.5376	-347.67077	27	1.0	0.0
-12.7524	124.534	-347.464772	27	1.0	0.0303378784407
-21.0673	118.3756	-346.302061	20	0.551897830454	0.448102169546
-17.0191	133.3266	-345.317525	0	0.902043038275	0.0979569617251
-17.0597	133.3882	-345.002136	0	0.524469720774	0.475530279226
-7.7753	125.7377	-338.470877	21	0.519674143409	0.480325856591
-7.7748	125.6474	-338.36493	21	1.0	0.0
-7.2791	127.2498	-336.538574	18	0.490008534838	0.509991465162
-16.3371	131.3917	-335.075984	5	0.87486122774	0.12513877226
-7.1876	114.792	-333.873002	3	1.0	0.0
-21.419	119.6131	-333.542796	-1	0.0	0.958426018552
-20.978	119.991	-333.542777	7	0.0400664988688	0.959933501131
-13.9178	121.2011	-329.551128	-1	0.0	0.010963006825
-11.1121	124.8384	-329.543087	-1	0.0	0.0203726077207
-12.1759	124.2251	-329.490316	28	1.0	0.181569339752
-12.1668	118.0067	-329.40619	9	0.482551641872	0.517448358128
-12.0599	116.6847	-324.404297	12	0.288091667922	0.711908332078
-21.9611	115.5534	-321.486137	8	1.0	0.0
-19.8818	121.4996	-321.299878	7	1.0	0.0
-19.8503	121.2686	-321.137163	7	0.286913269065	0.713086730935
-19.8411	121.5374	-321.137127	7	1.0	0.0774160748578
-20.9898	118.4906	-320.83834	-1	0.0	0.627274647755
-21.0592	118.2986	-320.838309	20	1.0	0.0
-16.9473	133.2565	-319.265734	0	0.64509757422	0.35490242578
-14.3286	132.8308	-314.538208	2	0.604163177098	0.395836822902
-12.8202	124.565	-311.347492	27	0.8932334087	0.1067665913
-21.1441	118.3823	-311.152946	-1	0.0	0.0651417278644
-12.7581	124.5199	-309.530465	27	1.0	0.094566187586
-12.7551	124.6476	-309.329583	27	1.0	0.278880243913
-12.7478	124.6818	-308.551054	27	1.0	0.251470422293
-21.061	118.3149	-305.912842	20	1.0	0.252679004416
-14.6473	132.5082	-304.517981	2	1.0	0.0
-21.1617	117.6475	-304.361111	-1	0.0	0.745346188306
-7.7541	125.686	-304.053898	21	0.922465742548	0.0775342574523
-15.2288	125.6421	-303.408519	15	1.0	0.0
-17.0152	133.3052	-297.666743	0	1.0	0.0
-21.0978	118.2784	-296.52142	20	1.0	0.0407359498941
-13.283	121.5733	-296.054607	-1	0.0	0.355245867441
-11.5891	123.7254	-296.0538	30	0.699830113912	0.300169886088
-7.7834	125.6665	-287.68862	21	1.0	0.0
-7.5063	125.8025	-287.570668	21	0.150067753437	0.849932246563
-14.4201	133.4173	-283.559979	2	0.416262016956	0.583737983044
-11.171	123.7094	-281.35369	31	1.0	0.115384985408
-11.1313	123.9084	-275.373215	31	0.697168288496	0.302831711504
-11.3726	123.3536	-275.317795	-1	0.0	0.229882804895
-19.9677	121.7978	-272.694588	7	1.0	0.270650153799
-19.7552	121.7949	-272.613611	7	0.437738830744	0.562261169256
-19.9544	121.9564	-272.613601	7	0.438366436713	0.561633563287
-19.949	121.2322	-270.231285	7	0.240681331047	0.759318668953
-15.1856	125.6563	-269.053664	15	1.0	0.30586715708
-15.2414	125.6896	-269.008901	15	1.0	0.0
-15.1946	125.7056	-268.964233	15	1.0	0.00167007325116
-12.1517	123.8814	-267.606247	29	1.0	0.0
-12.1592	124.1771	-267.606163	28	1.0	0.025471699436
-12.237	123.8828	-267.39841	29	1.0	0.0
-12.1663	123.9259	-267.321412	29	1.0	0.0
-12.1813	124.2052	-267.208978	28	1.0	0.561785958717
-12.5656	123.3473	-266.881894	24	1.0	0.0
-11.6888	123.7817	-265.521124	30	0.278788532518	0.721211467482
-11.8179	116.6246	-265.208753	12	1.0	0.37680018992
-7.6856	124.0994	-261.699314	16	1.0	0.0
-21.0687	118.3524	-261.028766	20	0.757222182617	0.242777817383
-12.042	124.1763	-259.736679	28	1.0	0.0
-17.0644	133.3513	-257.055979	0	0.727647166792	0.272352833208
-18.1808	132.3896	-256.77016	0	0.0230970620433	0.976902937957
-21.0735	118.3036	-256.664211	20	1.0	0.0452670910412
-11.7666	123.9003	-253.322708	-1	0.0	0.0615992204275
-21.0411	118.2394	-251.736397	20	1.0	0.0
-12.7632	124.5977	-250.456272	27	1.0	0.381070491208
-21.1057	118.2128	-247.426381	20	0.764018078701	0.235981921299
-7.8108	123.8223	-245.075871	16	0.0655409886799	0.93445901132
-7.6821	124.182	-245.07573	16	0.290540195784	0.709459804216
-21.2286	117.7828	-243.318766	-1	0.0	0.747500959691
-21.0928	118.2888	-243.318738	20	1.0	0.0262532431963
-21.0594	118.2527	-243.231991	20	1.0	0.299546421977
-11.3718	117.009	-243.141068	13	1.0	0.0
-15.4465	122.7212	-242.189819	-1	0.0	0.0108691990341
-12.908	125.5426	-242.18872	-1	0.0	0.31025847471
-7.2772	127.2677	-241.177613	18	0.499564421475	0.500435578525
-7.9205	125.1696	-239.88401	21	0.0814836891669	0.918516310833
-7.779	125.7129	-239.883746	21	0.760331682328	0.239668317672
-14.0272	122.9252	-238.843267	23	0.452906913784	0.547093086216
-12.7644	124.5846	-238.842624	27	1.0	0.408785534395
-15.433	125.4512	-235.944535	15	0.186746310063	0.813253689937
-15.2313	125.6301	-235.85165	15	1.0	0.0
-16.339	131.1798	-235.654534	5	0.152847448922	0.847152551078
-16.3069	131.3406	-235.654462	5	0.97901785518	0.0209821448197
-16.3098	131.3855	-235.497416	5	0.897749879581	0.102250120419
-21.0946	118.2951	-233.795891	20	1.0	0.0
-21.0785	118.2998	-233.670089	20	1.0	0.0686438334241
-10.8938	123.6783	-231.509933	32	1.0	0.0
-11.0015	123.273	-231.423567	-1	0.0	0.132543463676
-17.0316	133.3717	-230.424201	0	0.727647166792	0.272352833208
-11.509	123.1146	-229.362297	-1	0.0	0.166225454025
-11.1357	123.8422	-229.362021	31	0.646091677947	0.353908322053
-2.1593	113.6464	-229.036855	-1	0.0	0.078624788604
-21.198	118.1184	-228.918389	-1	0.0	0.298440958101
-21.0712	118.2075	-228.918378	20	0.702905566922	0.297094433078
-11.5607	124.58	-227.654105	-1	0.0	0.190350498208
-12.8587	124.4833	-226.269384	27	0.527562908276	0.472437091724
-12.7608	124.6183	-226.269347	27	1.0	0.407470209596
-21.1513	118.2219	-220.528982	20	0.640889130635	0.359110869365
-16.592	130.9654	-220.182092	5	0.112237581036	0.887762418964
-21.0325	118.3094	-216.517783	20	0.850207300368	0.149792699632
-21.0313	118.293	-216.459101	20	0.874593442527	0.125406557473
-21.1207	117.9186	-216.459099	-1	0.0	0.741791372533
-12.7282	124.6059	-216.321449	27	1.0	0.340365730714
-21.0978	118.1605	-215.914079	19	1.0	0.0
-12.7226	124.6181	-215.797338	27	1.0	0.272138709989
-19.889	121.4401	-212.391085	7	1.0	0.119290645461
-10.6911	122.3591	-210.057702	-1	0.0	0.378495051764
-8.297	124.9751	-210.055972	22	0.649989260892	0.350010739108
-11.1334	123.7621	-209.130782	31	0.819662735	0.180337265
-16.4555	130.8285	-207.817322	5	0.088061821189	0.911938178811
-16.3182	131.3527	-207.817024	5	1.0	0.0
-12.0044	117.9728	-207.089399	9	1.0	0.0
-12.4332	116.1648	-205.29148	10	1.0	0.0
-21.084	118.3528	-204.828472	20	0.680830864598	0.319169135402
-7.6095	125.3979	-204.19103	21	0.12661737984	0.87338262016
-13.2297	124.2712	-202.977564	-1	0.0	0.0637619553027
-14.4932	122.3153	-201.884472	23	1.0	0.0
-12.7271	124.5504	-201.88367	27	1.0	0.335301144417
-12.7082	124.5575	-201.42269	27	1.0	0.0
-11.5842	125.406	-201.422093	-1	0.0	0.403082796901
-11.3006	123.4326	-198.004061	26	1.0	0.0
-11.1677	123.8835	-198.003898	31	0.697168288496	0.302831711504
-21.0457	118.308	-196.364756	20	1.0	0.105401292962
-12.0501	124.2163	-193.378449	28	1.0	0.170837405646
-21.0995	118.2988	-189.048438	20	1.0	0.127560200598
-21.0937	118.3406	-188.959487	20	0.775162711298	0.224837288702
-17.0599	133.2118	-188.699427	0	0.352017246851	0.647982753149
-17.0438	133.3044	-188.612343	0	0.695654060307	0.304345939693
-16.6225	123.8098	-185.364466	-1	0.0	0.266663782924
-16.4727	124.2784	-185.364359	-1	0.0	0.123996915391
-12.7934	124.4968	-183.90853	27	1.0	0.21948042976
-12.1618	124.236	-182.227518	28	1.0	0.0
-11.234	123.6117	-180.96595	-1	0.0	0.139164640798
-12.8227	124.6856	-179.31273	27	0.659517229353	0.340482770647
-12.8186	124.4026	-173.234754	27	0.707860825338	0.292139174662
-12.7643	124.5627	-173.234686	27	1.0	0.337812175335
-13.5098	123.8108	-173.086164	-1	0.0	0.0948284130537
-12.7271	124.5607	-172.826543	27	1.0	0.0583360066194
-16.9837	133.188	-172.411855	0	0.313730924376	0.686269075624
-12.7412	124.5516	-172.071491	27	1.0	0.341769494515
-11.3438	116.9632	-170.540941	13	1.0	0.0
-16.2862	131.3108	-170.021314	5	0.595740181009	0.404259818991
-16.2943	131.3674	-169.747307	5	0.707693169638	0.292306830362
-11.1754	123.8477	-167.302638	31	0.697168288496	0.302831711504
-11.1136	123.7553	-167.09215	31	0.873279648007	0.126720351993
-7.7656	125.654	-166.749373	21	1.0	0.0
-11.0173	123.0392	-166.562824	-1	0.0	0.217064972051
-12.952	125.4305	-162.10714	-1	0.0	0.292671460614
-12.915	129.1147	-160.417869	1	0.163821277528	0.836178722472
-12.6097	129.6911	-160.175849	1	0.735659635756	0.264340364244
-11.9488	117.0304	-157.829689	14	1.0	0.0
-11.7485	123.5499	-157.35225	-1	0.0	0.172884259604
-12.1696	124.2336	-157.157446	28	1.0	0.0
-11.6111	124.4721	-157.157204	-1	0.0	0.0447692060357
-12.1313	124.1808	-156.969953	28	1.0	0.0
-21.7555	117.9246	-156.925643	-1	0.0	0.890076884325
-12.1292	124.2426	-156.866765	28	1.0	0.507742458654
-12.4694	124.6808	-156.866531	27	0.258142584719	0.741857415281
-4.2856	127.4806	-150.261185	-1	0.0	0.0132883653436
-16.379	130.9662	-149.576296	5	0.119918813122	0.880081186878
-11.7943	123.8801	-148.987642	-1	0.0	0.21705769531
-13.5593	122.1342	-148.986678	-1	0.0	0.223086416538
-11.9996	124.3226	-148.883771	28	0.443049893509	0.556950106491
-16.8614	133.2783	-148.592641	0	0.414343168648	0.585656831352
-12.7545	124.622	-147.618304	27	1.0	0.234029114801
-12.7958	124.4784	-146.898216	27	1.0	0.116174103582
-12.0714	124.426	-145.516664	28	0.390176149782	0.609823850218
-11.3271	113.8962	-144.97324	6	1.0	0.0
-14.1971	124.7201	-138.162165	-1	0.0	0.396067475239
-21.0337	118.3129	-137.591143	20	0.915545675289	0.0844543247113
-16.9911	133.3002	-135.413122	0	1.0	0.0
-14.5442	122.3532	-135.120853	23	1.0	0.0
-19.929	121.7676	-134.950811	7	1.0	0.36854459437
-12.7751	124.4846	-134.2205	27	1.0	0.104306186724
-5.9882	127.7479	-134.139173	17	1.0	0.0
-6.0403	127.683	-134.091755	17	0.759832683662	0.240167316338
-6.0238	127.7784	-134.043949	17	1.0	0.0
-5.7669	127.832	-134.043782	17	0.380264266061	0.619735733939
-16.9813	133.3017	-130.590604	0	1.0	0.0
-11.851	116.5167	-129.794875	12	1.0	0.371351116296
-10.9166	121.4456	-128.066722	11	0.252467161442	0.747532838558
-10.5309	122.1583	-128.066494	-1	0.0	0.00229986774535
-11.1633	123.8975	-125.634353	31	0.558165756403	0.441834243597
-10.803	124.0865	-125.634207	-1	0.0	0.13522471337
-14.2873	120.1421	-125.553218	-1	0.0	0.156636266297
-13.1608	124.9271	-118.613245	-1	0.0	0.140574301816
-13.0558	125.1835	-118.613129	-1	0.0	0.19790510486
-15.3247	121.3851	-117.916932	-1	0.0	0.00134901464056
-12.7193	124.6595	-117.91593	27	1.0	0.181064546512
-12.6561	124.7568	-117.915867	27	0.70433944989	0.29566055011
-19.9987	121.6469	-117.124391	7	0.833597777813	0.166402222187
-19.9999	121.4601	-117.094421	7	0.653365830008	0.346634169992
-21.0693	118.2612	-116.595024	20	1.0	0.192108200568
-21.0641	118.3279	-116.499827	20	0.934289852819	0.0657101471812
-7.271	127.4183	-115.076298	18	0.29889651755	0.70110348245
-10.5322	124.4282	-112.780443	-1	0.0	0.00340235309745
-10.9341	124.1004	-112.643694	-1	0.0	0.0534476505934
-21.1088	118.1467	-109.469011	19	1.0	0.0
-11.8508	116.658	-109.09258	12	0.753588409864	0.246411590136
-16.3205	131.3644	-108.446913	5	0.988855015592	0.011144984408
-21.0838	118.3141	-105.488774	20	1.0	0.228649151983
-21.0512	118.3347	-105.096917	20	0.934289852819	0.0657101471812
-19.7874	121.6609	-103.657063	7	0.705403413911	0.294596586089
-14.4405	122.2856	-101.270723	23	1.0	0.0
-12.7688	124.4285	-101.269953	27	0.965779972554	0.0342200274458
-12.6151	124.7026	-100.383132	27	1.0	0.137464827077
-12.6623	124.6858	-100.161791	27	1.0	0.0
-12.6933	124.706	-99.453505	27	0.963360531793	0.0366394682074
-12.8417	124.5328	-99.259211	27	0.534675997332	0.465324002668
-7.8363	123.607	-97.002819	16	0.0378908988139	0.962109101186
-7.6937	124.0929	-96.904288	16	1.0	0.0
-7.7821	125.6005	-95.981922	21	0.551465281035	0.448534718965
-21.0765	118.2542	-94.951843	20	1.0	0.198829449762
-12.7341	124.5344	-93.975369	27	1.0	0.0
-19.8936	121.6201	-93.198421	7	1.0	0.397652377783
-10.7613	123.3716	-82.300164	-1	0.0	0.106937487288
-12.0777	124.4401	-81.585247	-1	0.0	0.0239934491401
-13.8717	122.0431	-81.411081	23	0.40854625412	0.59145374588
-12.159	124.225	-81.410276	28	1.0	0.0973420088089
-13.826	122.0767	-81.164457	-1	0.0	0.0177976478016
-12.1624	124.2352	-81.163658	28	1.0	0.0
-19.829	121.4553	-79.765525	7	0.879522216771	0.120477783229
-12.8716	124.29	-76.205224	27	0.38046791367	0.61953208633
-12.7408	124.545	-76.205125	27	1.0	0.127389921821
-10.8702	123.6675	-75.132145	32	1.0	0.0
-11.4127	123.1431	-75.094792	-1	0.0	0.160045089593
-10.5319	122.1671	-72.219154	-1	0.0	0.0134477272913
-21.1388	118.5729	-70.694726	-1	0.0	0.761748687623
-16.9718	133.2869	-64.843167	0	1.0	0.0
-17.0155	133.309	-64.566088	0	1.0	0.0
-12.5655	129.8967	-62.49771	1	1.0	0.0
-16.3664	131.3481	-62.329281	5	0.622764826627	0.377235173373
-12.2988	124.1631	-62.275884	28	0.580976063259	0.419023936741
-7.3477	126.8483	-57.209213	18	0.0435419931133	0.956458006887
-7.2971	127.346	-57.208981	18	1.0	0.0
-11.539	123.744	-54.960285	30	1.0	0.0
-11.5815	123.7623	-54.921561	30	0.735741713213	0.264258286787
-13.6118	121.5465	-53.441037	-1	0.0	0.282598056939
-11.7219	123.9479	-53.440147	-1	0.0	0.0615992204275
-11.9601	123.188	-53.389705	-1	0.0	0.0867947152933
-11.7371	123.923	-53.376148	-1	0.0	0.0615992204275
-21.0654	118.2222	-51.923671	20	1.0	0.286411274626
-11.2573	123.4307	-51.666646	26	1.0	0.0
-11.1231	123.7145	-51.666545	31	1.0	0.107576917074
-19.9359	121.6005	-49.195354	7	1.0	0.0403925749538
-19.8987	121.7268	-49.195339	7	1.0	0.308806700378
-14.2161	122.6391	-47.924739	23	0.488138674933	0.511861325067
-12.7287	124.5407	-47.924011	27	1.0	0.0
-12.8158	124.9841	-46.381596	27	0.182881099847	0.817118900153
-12.4219	123.3879	-44.528432	24	1.0	0.0
-11.9312	124.3859	-44.528019	28	0.390176149782	0.609823850218
-11.8152	124.6101	-44.527922	-1	0.0	0.178060545805
-11.9611	124.3987	-44.408216	28	0.407613413937	0.592386586063
-11.4936	116.6864	-44.03344	12	0.224862737951	0.775137262049
-16.3508	131.4183	-42.497001	5	0.346799544414	0.653200455586
-16.2935	131.4518	-42.496961	5	0.280854174608	0.719145825392
-21.1152	118.2491	-41.68838	20	0.633003297137	0.366996702863
-19.3355	122.0465	-40.915159	7	0.127739078155	0.872260921845
-12.0399	118.0113	-39.304787	9	1.0	0.0
-12.4491	116.2042	-37.581146	10	0.514403061956	0.485596938044
-12.753	124.5049	-34.947026	27	1.0	0.0753235846129
-12.0011	124.2126	-34.929724	28	1.0	0.0
-12.0072	124.2118	-34.57378	28	1.0	0.0
-19.9522	121.82	-32.695071	7	1.0	0.147690955181
-19.9015	121.8745	-32.268708	7	1.0	0.0
-14.3074	121.1721	-30.603665	-1	0.0	0.342444826467
-12.1758	124.2425	-30.602709	28	1.0	0.0
-12.744	124.5554	-29.944476	27	1.0	0.0245083589854
-5.9632	114.7136	-21.928843	3	0.599583240691	0.400416759309
-16.305	131.3755	-21.020219	5	1.0	0.0
-7.6733	124.1372	-20.976348	16	0.549382060996	0.450617939004
-7.2628	127.3481	-17.692615	18	0.736018362928	0.263981637072
-21.1256	117.865	-17.341103	-1	0.0	0.736808802409
-21.0551	118.2991	-17.23172	20	1.0	0.105401292962
-2.1548	113.9739	-16.085319	-1	0.0	0.0166359336261
-15.2869	125.153	-13.588502	15	0.118425480242	0.881574519758
-11.6105	123.6645	-11.485578	30	0.605825370762	0.394174629238
-8.4395	124.9513	-11.093365	22	0.649989260892	0.350010739108
-16.242	131.0973	-7.359272	5	0.11403734136	0.88596265864
-16.3089	131.2163	-7.359264	5	0.266037787937	0.733962212063
-7.7734	125.6412	-6.503143	21	1.0	0.0
-12.0442	118.0533	-3.354751	9	0.976259229695	0.0237407703047
-12.8066	124.5711	-3.287501	27	1.0	0.135325555721
-12.1769	124.3227	-7.2e-05	28	1.0	0.639380241709
-12.078	124.1876	0.535603	28	1.0	0.0
-21.1276	118.2955	15.151219	20	0.764259182961	0.235740817039
-3.4784	128.5975	19.009823	-1	0.0	0.066662631971
-17.0145	133.2791	19.342547	0	0.819883672378	0.180116327622
-12.1137	117.9536	20.976058	9	0.570824067474	0.429175932526
-11.9969	117.983	21.115467	9	1.0	0.0
-12.12	117.8962	21.260277	9	0.351449226954	0.648550773046
-21.0786	118.2676	22.174006	20	1.0	0.192108200568
-20.5872	118.5243	22.17401	-1	0.0	0.836888208435
-10.7764	123.3603	24.571192	-1	0.0	0.0915432174622
-16.1877	131.3999	29.720517	5	0.314754040697	0.685245959303
-16.305	131.068	29.961144	5	0.119918813122	0.880081186878
-12.6077	129.7763	33.510213	1	1.0	0.0
-11.8051	116.4915	35.501616	12	1.0	0.0
-11.8099	116.4934	35.699276	12	1.0	0.0
-21.0898	118.2961	38.189671	20	1.0	0.0
-12.7483	124.4869	39.55451	27	1.0	0.325816784311
-19.9087	121.4459	39.804312	7	1.0	0.282980423051
-19.8481	121.6007	40.155942	7	0.948852643372	0.0511473566281
-21.0656	118.2927	44.366599	20	1.0	0.0
-21.0828	118.2787	44.44325	20	1.0	0.0935731004724
-16.3575	131.2606	47.203824	5	0.293598606373	0.706401393627
-19.9032	121.6289	50.094671	7	1.0	0.244468501548
-7.8217	125.6507	50.748142	21	0.904315445354	0.0956845546464
-7.3521	125.8734	50.748489	21	0.089205077323	0.910794922677
-8.2719	124.8598	50.776482	22	0.97907586621	0.0209241337898
-12.426	123.3045	52.162816	24	0.926125684897	0.0738743151027
-12.0594	124.0332	52.312112	-1	0.0	0.203341443077
-12.0483	124.0396	52.402579	-1	0.0	0.218967797527
-11.5414	123.7901	56.190683	30	0.606520415108	0.393479584892
-11.3916	123.6328	56.190709	30	0.247134509862	0.752865490138
-11.6073	123.6661	56.213784	30	0.619907142219	0.380092857781
-12.9649	125.388	59.979388	-1	0.0	0.19790510486
-15.2237	125.6261	62.123063	15	1.0	0.0
-15.3117	125.5873	62.469388	15	0.542872907492	0.457127092508
-16.1437	131.4364	63.955199	5	0.189537326107	0.810462673893
-16.641	130.5198	64.027953	4	1.0	0.0
-19.9468	121.7603	64.329515	7	1.0	0.097960620516
-21.0739	118.2632	65.752197	20	1.0	0.268774396133
-13.8431	133.0737	70.888082	2	0.466372252854	0.533627747146
-11.1596	123.7164	71.35601	31	1.0	0.0
-11.1439	123.6805	71.452765	31	0.711763118143	0.288236881857
-10.8839	123.6472	72.837889	-1	0.0	0.109594558842
-11.2668	122.8727	72.893052	-1	0.0	0.0769395982904
-11.9103	116.5697	75.566128	12	0.815345088818	0.184654911182
-7.6959	124.1214	76.374304	16	0.877620205944	0.122379794056
-12.0056	117.0874	76.719314	14	1.0	0.0
-16.5951	130.8443	76.800503	5	0.0875070932585	0.912492906742
-16.3285	131.3043	76.943321	5	0.696428034188	0.303571965812
-16.0536	131.4984	76.943421	5	0.102046584569	0.897953415431
-12.796	124.4128	78.377409	27	0.965779972554	0.0342200274458
-19.9254	121.7387	79.92325	7	1.0	0.308806700378
-7.2505	114.9367	81.189695	3	1.0	0.0
-17.0048	133.2242	81.912624	0	0.512340175947	0.487659824053
-7.6232	125.4504	81.976369	21	0.173725858014	0.826274141986
-7.6449	125.5904	82.073264	21	0.328311826947	0.671688173053
-11.8308	116.6002	82.923393	12	1.0	0.0
-19.9119	121.6839	84.937569	7	1.0	0.0
-19.8942	121.6877	85.057023	7	1.0	0.0139183869003
-12.7381	124.5389	85.18791	27	1.0	0.0
-7.299	127.3168	87.481094	18	0.734543289935	0.265456710065
-7.3426	127.3079	87.63416	18	0.510498416731	0.489501583269
-11.7887	117.0828	87.947325	14	1.0	0.0
-12.6381	124.6949	88.310036	27	1.0	0.0
-12.1894	124.2322	88.722153	28	1.0	0.0346510353743
-12.2934	124.3184	89.071763	28	0.515376341085	0.484623658915
-12.4327	124.5799	89.071804	27	0.220135945388	0.779864054612
-16.3364	131.3401	93.81826	5	0.882725595326	0.117274404674
-21.048	118.3481	95.089105	20	0.807543357424	0.192456642576
-14.4805	132.2661	97.535795	2	1.0	0.0375805802529
-11.183	114.0653	100.483183	6	1.0	0.0
-11.2447	114.0192	100.648103	6	1.0	0.0
-12.7178	124.5149	104.543519	27	1.0	0.0
-9.3449	128.499	104.546419	-1	0.0	0.0701085110122
-12.7701	124.4114	104.760365	27	0.965779972554	0.0342200274458
-19.9376	121.855	110.270797	7	1.0	0.0
-19.9877	121.4934	110.607253	7	0.740886916657	0.259113083343
-19.9368	121.8671	110.607303	7	1.0	0.0
-11.3465	116.9043	114.69971	13	0.756796114334	0.243203885666
-20.9356	118.3738	116.329343	-1	0.0	0.443913472124
-21.0552	118.2538	116.331654	20	1.0	0.31481791759
-12.0208	117.9787	118.146785	9	1.0	0.0
-12.3307	124.7407	119.007038	-1	0.0	0.0607878949942
-12.9156	123.9622	119.108005	25	1.0	0.0
-12.717	124.5233	119.108209	27	1.0	0.0610963701884
-12.7208	124.6315	119.178732	27	1.0	0.16587876634
-12.7157	124.5547	119.726393	27	1.0	0.0
-19.9105	121.6719	120.973944	7	1.0	0.0
-19.8717	121.7075	121.359134	7	1.0	0.308806700378
-16.3222	131.3497	122.026041	5	1.0	0.0
-11.7674	116.7267	122.144946	12	0.36017144315	0.63982855685
-16.3476	131.263	122.181843	5	0.319552822605	0.680447177395
-15.303	125.5864	123.411433	15	0.580254327755	0.419745672245
-15.2278	125.7159	123.411476	15	1.0	0.155908979394
-15.3297	125.6765	123.448051	15	0.552960301323	0.447039698677
-15.2674	125.5669	123.478266	15	0.538974707302	0.461025292698
-15.2286	125.6932	123.478314	15	1.0	0.0
-15.2562	125.688	123.535404	15	1.0	0.0
-12.7063	124.5545	126.426492	27	1.0	0.134412178302
-21.1379	118.2045	129.132113	20	0.529016498284	0.470983501716
-19.9072	121.6461	130.219065	7	1.0	0.162139531429
-3.4981	128.6845	130.369991	-1	0.0	0.0914968690504
-12.3596	118.8996	132.63309	-1	0.0	0.276856105262
-11.18	120.7447	132.645412	11	1.0	0.0
-8.2932	124.9079	137.699338	22	1.0	0.0
-11.5548	123.7289	139.237383	30	1.0	0.0
-11.7961	123.2085	139.529619	-1	0.0	0.348963018273
-11.5609	123.7591	139.529831	30	1.0	0.0
-12.1039	124.1383	140.228001	28	0.673733456211	0.326266543789
-13.6832	122.113	140.29643	-1	0.0	0.128451972881
-12.1006	124.1877	140.297217	28	0.999768453917	0.000231546082748
-7.2605	127.3847	141.019843	18	0.602927489628	0.397072510372
-4.2379	132.3633	142.229098	-1	0.0	0.564209671987
-21.9833	115.6282	142.379617	8	1.0	0.0
-5.9788	114.7292	143.382942	3	0.610732187628	0.389267812372
-21.0326	118.2296	145.800298	20	1.0	0.131811505696
-12.8022	124.4461	147.471797	27	0.711317063163	0.288682936837
-12.7432	124.5841	147.525311	27	1.0	0.16287682804
-12.7171	124.6092	147.635615	27	1.0	0.272138709989
-12.2043	124.889	147.635846	-1	0.0	0.0571520697711
-12.755	124.5507	148.137421	27	1.0	0.0752231711261
-21.3247	117.6249	150.17313	-1	0.0	0.785287585919
-21.1143	118.2291	150.246152	20	0.675868963951	0.324131036049
-11.8266	116.577	151.647205	12	1.0	0.323956588472
-11.8388	116.5955	151.991648	12	1.0	0.0
-12.7511	125.0469	152.960183	27	0.191478336624	0.808521663376
-11.7634	117.0276	153.577106	14	1.0	0.0
-12.7418	124.5239	153.999611	27	1.0	0.0
-7.687	124.118	155.471116	16	1.0	0.0
-7.6634	124.1037	155.530731	16	0.994173738034	0.00582626196586
-7.7091	124.079	155.669838	16	0.603707882153	0.396292117847
-21.8666	116.7142	156.407227	-1	0.0	0.967066664615
-16.9885	133.3305	156.940772	0	0.671014348824	0.328985651176
-21.0751	118.3058	159.005454	20	1.0	0.0
-21.0953	118.286	159.032789	20	1.0	0.0407359498941
-12.4457	116.1451	159.180511	10	0.973893010586	0.0261069894135
-12.4481	116.1202	159.234595	10	0.491412315599	0.508587684401
-12.4489	116.1575	159.292227	10	1.0	0.0
-12.1842	124.2558	161.534597	28	1.0	0.428972592771
-12.3702	123.6608	161.614692	-1	0.0	0.232497558486
-12.1807	124.295	161.614901	28	1.0	0.606030378654
-12.1889	124.2712	161.688551	28	1.0	0.660223148073
-19.9149	121.6662	162.889185	7	1.0	0.0
-11.9652	124.2145	163.240284	28	1.0	0.0
-14.8149	132.109	164.599361	2	1.0	0.0
-12.7075	124.5442	169.001796	27	1.0	0.085737309327
-12.7405	124.5748	169.439673	27	1.0	0.154172904504
-13.1865	120.4063	171.704483	-1	0.0	0.115047827185
-7.9264	126.263	171.707835	-1	0.0	0.0388049432812
-8.0414	126.5903	171.707932	18	0.0400929340871	0.959907065913
-11.8283	116.6065	177.846625	12	1.0	0.0
-11.9821	115.9796	177.940637	10	0.0541123753294	0.945887624671
-11.8112	116.493	178.01656	12	1.0	0.0
-11.7854	116.469	178.264604	12	1.0	0.143970059848
-12.8669	124.1229	178.57425	27	0.294896190129	0.705103809871
-12.3291	124.0105	180.878763	28	0.365868425115	0.634131574885
-11.6859	123.3528	181.629103	-1	0.0	0.304407969366
-11.852	123.0399	181.674583	-1	0.0	0.0660072568621
-11.5359	123.7425	181.674819	30	1.0	0.0
-11.5424	123.7741	181.732024	30	0.855296466179	0.144703533821
-21.1263	118.108	181.763483	19	0.895431398563	0.104568601437
-21.0576	118.2369	181.85945	20	1.0	0.0
-12.4331	116.1729	182.529023	10	0.980858255459	0.019141744541
-12.4086	116.1015	182.632737	10	0.392898935536	0.607101064464
-20.082	121.1755	185.223353	7	0.214360722772	0.785639277228
-15.2168	125.5706	188.942625	15	0.584833176625	0.415166823375
-11.8357	116.5294	190.222655	12	1.0	0.437832347327
-12.1787	124.303	192.490049	28	1.0	0.606030378654
-12.7189	124.5515	192.924891	27	1.0	0.0
-12.7435	124.6312	193.245163	27	1.0	0.0
-21.1245	118.2637	193.745772	20	0.643789549213	0.356210450787
-21.1055	118.3255	193.821005	20	0.698748758952	0.301251241048
-12.7082	124.5627	193.836013	27	1.0	0.0726584490635
-21.0819	118.2789	193.93659	20	1.0	0.0803857158149
-12.031	118.0191	196.133711	9	0.976259229695	0.0237407703047
-12.0165	118.0779	196.235997	9	0.976259229695	0.0237407703047
-11.1681	122.9559	197.911722	-1	0.0	0.210540966321
-12.7441	124.4739	202.031241	27	1.0	0.219615947937
-12.6453	124.5926	203.356154	27	1.0	0.0754532869933
-12.6448	124.5777	203.388094	27	1.0	0.0754532869933
-12.6817	124.6008	203.45261	27	1.0	0.0231538743409
-12.6817	124.5328	203.626778	27	1.0	0.0956276594408
-16.3327	131.3372	205.518672	5	0.900365812651	0.0996341873489
-11.1857	123.7392	206.000786	31	0.991832180061	0.00816781993929
-12.1421	123.8895	206.17933	29	1.0	0.0
-12.4161	124.0949	206.628499	28	0.394598669836	0.605401330164
-12.7431	124.5297	208.345059	27	1.0	0.0
-11.8826	116.4159	208.411652	12	0.523781993433	0.476218006567
-16.1651	131.3058	211.304149	5	0.235120579085	0.764879420915
-7.3529	127.3506	213.328933	18	0.569814215462	0.430185784538
-7.3503	127.3759	213.404432	18	0.533604693368	0.466395306632
-12.7298	124.5238	214.682165	27	1.0	0.156943441973
-15.2205	125.6529	215.063815	15	1.0	0.0
-16.9126	133.2682	216.587913	0	0.677623736597	0.322376263403
-16.9666	133.3031	217.388845	0	0.760459501617	0.239540498383
-12.4332	116.1591	220.145284	10	1.0	0.0
-12.8456	124.1667	231.042923	27	0.3623507255	0.6376492745
-12.7958	124.3501	231.208044	27	0.53962600807	0.46037399193
-12.7713	124.4737	231.331801	27	1.0	0.0116015422939
-19.9111	121.7224	232.664123	7	1.0	0.312119791789
-17.9743	118.3019	232.853383	-1	0.0	0.370035196175
-12.5617	124.778	232.854744	27	0.342780479616	0.657219520384
-12.9215	125.3316	237.64128	-1	0.0	0.19790510486
-12.5447	116.0743	238.092196	10	0.180954524427	0.819045475573
-16.8388	119.6397	240.400197	-1	0.0	0.370035196175
-12.7077	124.565	240.401418	27	1.0	0.318924110398
-12.1689	124.2414	240.587159	28	1.0	0.0
-12.6046	123.2801	240.66578	24	1.0	0.0
-15.1708	120.6619	240.732636	-1	0.0	0.0774372605651
-12.6857	124.5634	245.087214	27	1.0	0.260089542448
-17.0985	132.8078	248.069233	0	0.0503848362541	0.949615163746
-7.2951	127.2893	248.259866	18	0.574463019555	0.425536980445
-11.1976	120.3943	248.963618	11	0.514256616836	0.485743383164
-21.1487	118.2294	254.868908	20	0.529016498284	0.470983501716
-21.1078	118.2827	255.268906	20	0.966907224215	0.0330927757846
-21.1132	118.2546	255.385806	20	0.597001530558	0.402998469442
-2.1212	113.7376	255.622215	-1	0.0	0.067519414428
-21.0996	118.3009	255.673687	20	1.0	0.0
-21.1367	118.1325	255.673695	19	0.897145144305	0.102854855695
-12.7092	124.5586	257.047581	27	1.0	0.0
-13.0624	124.3209	257.290448	27	0.180989838092	0.819010161908
-12.4471	116.215	257.503473	10	0.369928856593	0.630071143407
-11.8078	116.4857	257.890409	12	1.0	0.0
-11.8855	116.3334	258.039909	12	0.274383156582	0.725616843418
-11.7892	116.4438	258.278836	12	0.821687952845	0.178312047155
-12.229	119.4811	258.625207	-1	0.0	0.119382138699
-16.3019	131.2759	260.423421	5	0.461748637675	0.538251362325
-12.3668	117.3199	262.768097	-1	0.0	0.269217368741
-11.9727	117.9659	262.8751	9	0.972109588207	0.0278904117931
-19.934	121.5608	266.367289	7	1.0	0.278731647469
-12.7573	124.5103	269.469498	27	1.0	0.0218082716504
-16.8534	130.4229	269.495404	4	1.0	0.0
-16.3178	131.3093	269.495922	5	0.696428034188	0.303571965812
-8.4979	124.5309	271.83152	-1	0.0	0.203074319967
-16.5319	130.949	274.223093	5	0.119918813122	0.880081186878
-12.6322	124.5749	274.47984	27	1.0	0.0640355123544
-12.7009	124.6188	274.546161	27	1.0	0.272138709989
-20.989	118.1918	277.194128	-1	0.0	0.142556729944
-19.9604	121.8105	277.557716	7	1.0	0.0334739138178
-19.9695	121.7178	277.661601	7	1.0	0.276536944225
-7.6173	124.1945	282.305233	16	0.223745118766	0.776254881234
-22.0591	115.6169	283.49599	8	1.0	0.0
-10.6091	114.7053	284.396228	6	0.418733048595	0.581266951405
-12.6742	124.592	286.224726	27	1.0	0.0
-7.2882	127.3282	287.832812	18	0.948807578522	0.0511924214776
-16.922	130.2754	288.114721	-1	0.0	0.159558699293
-15.2504	125.758	288.531474	15	0.491215184801	0.508784815199
-15.2777	125.6332	288.607131	15	0.869284959944	0.130715040056
-15.2179	125.689	288.656392	15	1.0	0.0
-15.2273	125.6592	288.72236	15	1.0	0.155972626588
-15.4168	125.1674	288.777221	15	0.121402793861	0.878597206139
-15.2175	125.6952	288.77741	15	1.0	0.0
-12.023	124.1672	291.247899	28	0.922509062476	0.0774909375244
-11.9528	124.2388	291.290273	28	0.890012030678	0.109987969322
-12.0352	124.2191	291.454945	28	1.0	0.0
-14.205	115.7701	293.028734	-1	0.0	0.0658973873852
-12.0619	118.0982	293.029116	9	0.743049663701	0.256950336299
-12.2434	124.0987	295.215081	28	0.695503012824	0.304496987176
-12.2581	124.1834	295.371566	28	0.690717672898	0.309282327102
-11.805	116.618	298.141594	12	1.0	0.288852730735
-11.5545	123.6491	298.795144	30	0.619907142219	0.380092857781
-11.588	123.6224	298.948552	30	0.467448635824	0.532551364176
-12.7515	124.5177	302.345313	27	1.0	0.0
-15.2128	125.6109	303.880671	15	0.873301282025	0.126698717975
-21.0728	118.2143	306.201418	20	0.906715597264	0.0932844027357
-9.4912	124.7524	308.284022	-1	0.0	0.0426706477464
-9.3553	124.9456	308.28416	-1	0.0	0.0664442682818
-12.4231	116.114	309.935098	10	0.407920439663	0.592079560337
-10.948	123.7721	310.420372	32	1.0	0.0
-16.331	131.3798	313.428903	5	1.0	0.0
-16.3546	131.3178	313.454041	5	0.603170353079	0.396829646921
-16.3077	131.362	313.468843	5	1.0	0.0
-12.4213	124.1497	315.42039	28	0.442196968352	0.557803031648
-16.9704	133.2209	321.301363	0	0.428292116173	0.571707883827
-16.9428	133.2638	321.350244	0	0.70159609967	0.29840390033
-17.0117	133.2641	321.483775	0	0.62739651879	0.37260348121
-7.7092	125.7058	321.967674	21	0.628255379894	0.371744620106
-7.8197	125.6175	321.974356	21	0.678330135886	0.321669864114
-19.8933	121.6496	321.988448	7	1.0	0.1680259019
-7.7115	125.7184	322.129339	21	0.601377097588	0.398622902412
-19.8994	121.6669	322.233169	7	1.0	0.0
-12.7899	124.6557	322.79262	27	1.0	0.21247046748
-7.3093	127.3604	323.715812	18	1.0	0.0
-7.3212	127.2408	323.845557	18	0.499564421475	0.500435578525
-12.7413	124.5206	324.795861	27	1.0	0.0
-12.8136	124.4628	324.895926	27	0.769277799106	0.230722200894
-12.7191	124.5526	325.196266	27	1.0	0.00496269033739
-11.1741	120.7948	325.688145	11	0.892393744016	0.107606255984
-11.0995	120.7834	325.878637	11	1.0	0.0
-16.6464	124.2387	327.735683	-1	0.0	0.187953763007
-7.5986	125.5797	328.881918	21	0.265659503438	0.734340496562
-21.1072	118.1729	328.902356	19	0.653823032666	0.346176967334
-21.0842	118.3512	328.902361	20	0.688145025859	0.311854974141
-21.1153	118.1548	328.943737	19	0.938406384557	0.0615936154432
-21.0038	118.4194	329.037456	-1	0.0	0.390774320683
-21.0872	118.3085	329.39395	20	1.0	0.0102540980722
-12.7103	124.6644	333.042815	27	1.0	0.246488317369
-12.6938	124.6445	333.233585	27	1.0	0.2368648967
-12.6801	124.6898	333.245697	27	1.0	0.0907341193643
-12.7039	124.5615	333.302038	27	1.0	0.0
-11.2461	125.5033	333.302737	-1	0.0	0.0288265080468
-16.2039	131.3539	334.297972	5	0.260010744615	0.739989255385
-7.9723	126.2308	334.345242	-1	0.0	0.0262289309335
-21.0439	118.2657	338.282758	20	0.876156895372	0.123843104628
-12.0641	118.0085	340.439191	9	0.916756513891	0.0832434861087
-16.5584	130.3457	351.312347	-1	0.0	0.159558699293
-16.41	131.2857	353.292218	5	0.292832782467	0.707167217533
-16.3134	131.305	353.292238	5	0.696428034188	0.303571965812
-16.8832	130.1439	353.345564	-1	0.0	0.396523522447
-16.303	131.3272	353.346237	5	0.696428034188	0.303571965812
-16.3316	131.3602	353.401048	5	1.0	0.0
-19.8869	121.7448	355.613325	7	1.0	0.36854459437
-10.5798	122.163	358.798263	-1	0.0	0.106312054576
-12.7308	124.5094	364.111263	27	1.0	0.044247144334
-11.8354	124.8792	364.289914	-1	0.0	0.126064803487
-7.3096	127.372	366.377395	18	0.932456828692	0.0675431713076
-7.1341	127.358	366.377474	18	0.2301905693	0.7698094307
-15.1444	121.2743	367.074064	-1	0.0	0.010963006825
-12.6892	124.5974	367.075077	27	1.0	0.0
-16.3299	131.3117	367.880245	5	0.696428034188	0.303571965812
-11.6042	123.5631	372.710501	-1	0.0	0.0550606047586
-11.605	123.6966	372.710535	30	0.649882618452	0.350117381548
-20.6444	118.4944	375.885133	-1	0.0	0.80760219281
-21.1495	117.5963	375.969625	-1	0.0	0.813639170413
-12.2911	123.6179	376.176539	-1	0.0	0.294050622197
-12.1424	124.1024	376.229631	28	0.56984610985	0.43015389015
-15.3098	125.7792	381.594227	15	0.369494072232	0.630505927768
-15.2182	125.6188	381.944409	15	1.0	0.231306577364
-7.1646	115.1742	384.413001	3	1.0	0.0
-17.0572	132.9913	384.551975	0	0.0954052132316	0.904594786768
-16.8979	133.321	384.940236	0	0.401323569213	0.598676430787
-19.9054	121.6721	386.590565	7	1.0	0.0
-12.1608	123.9279	387.587403	29	1.0	0.0
-12.7162	115.6829	390.346494	-1	0.0	0.224093572934
-12.4329	116.1475	390.376038	10	1.0	0.0
-11.8041	116.604	391.589955	12	1.0	0.0
-11.6584	116.5868	391.591319	12	0.459785124842	0.540214875158
-11.794	116.3678	391.677082	12	0.392491033527	0.607508966473
-21.0198	118.3409	392.698461	20	0.544915017921	0.455084982079
-12.7341	124.4866	393.996958	27	1.0	0.079460343745
-16.2586	131.2581	394.226462	5	0.415917793149	0.584082206851
-12.7431	124.4645	394.602779	27	1.0	0.213070156275
-12.6863	124.5849	401.672734	27	1.0	0.0
-11.2469	114.119	404.286629	6	1.0	0.0
-21.149	117.7302	405.587881	-1	0.0	0.736808802409
-21.0077	118.2967	405.587895	20	0.632518368555	0.367481631445
-21.0004	118.2526	405.623847	20	0.505516171673	0.494483828327
-12.2711	124.093	408.276465	28	0.663489947968	0.336510052032
-12.3326	124.0002	408.481254	-1	0.0	0.0782237762349
-12.711	124.5039	415.710247	27	1.0	0.2146851807
-11.8808	123.0099	415.872498	-1	0.0	0.179724105774
-11.5577	123.7973	415.872773	30	0.54759494376	0.45240505624
-11.5772	123.7164	416.000099	30	0.859612797651	0.140387202349
-11.1215	120.781	422.44576	11	1.0	0.0
-12.7338	124.5245	422.742558	27	1.0	0.018071950274
-12.7801	124.2748	422.811461	27	0.458763533763	0.541236466237
-12.7196	124.5128	422.811543	27	1.0	0.0
-7.2864	127.3598	423.361421	18	1.0	0.0
-16.5082	130.9971	424.761111	5	0.10654942406	0.89345057594
-7.5512	125.6403	424.821897	21	0.269508276722	0.730491723278
-12.1694	124.2041	424.991862	28	1.0	0.614775673671
-21.0511	118.2812	425.839484	20	1.0	0.0107917237545
-12.0194	117.9915	426.819264	9	1.0	0.0
-13.0373	124.5721	429.515303	27	0.182626511357	0.817373488643
-12.8459	124.7962	429.515418	27	0.20052265241	0.79947734759
-21.3681	119.7978	429.833308	-1	0.0	0.965685251658
-12.7421	124.9439	430.165917	27	0.191478336624	0.808521663376
-12.7224	124.4763	432.954821	27	1.0	0.213070156275
-21.1008	118.1136	433.411969	19	1.0	0.0
-12.7251	124.4693	433.429673	27	1.0	0.213070156275
-12.713	124.5134	436.289391	27	1.0	0.0
-11.1612	123.7176	437.829907	31	1.0	0.0
-11.1243	123.7279	437.951127	31	1.0	0.0
-11.1592	123.8114	438.401729	31	0.990545941727	0.00945405827263
-11.1844	124.0206	438.401802	-1	0.0	0.060151240144
-11.1895	123.7889	438.456127	31	1.0	0.0
-8.4924	124.5441	438.908272	-1	0.0	0.171237377873
-12.7445	124.4308	439.028005	27	0.965779972554	0.0342200274458
-16.337	131.436	439.61214	5	0.306437909756	0.693562090244
-16.3334	131.3767	440.106021	5	0.914398407559	0.0856015924407
-20.8508	118.4058	445.34446	-1	0.0	0.676090669678
-20.8101	118.2567	445.473468	-1	0.0	0.685371642743
-21.0612	118.2737	445.473481	20	1.0	0.225203466564
-15.5759	117.219	447.324325	-1	0.0	0.126746695137
-7.2859	127.3725	447.328821	18	1.0	0.0
-12.526	124.3132	448.713198	-1	0.0	0.360724204847
-12.402	124.5683	448.713286	27	0.191379506839	0.808620493161
-12.0782	124.5708	448.877839	-1	0.0	0.0575270261318
-7.732	125.6651	449.003411	21	0.952887791529	0.0471122084713
-7.8835	125.2519	449.054468	21	0.094837402413	0.905162597587
-7.7374	125.6278	449.054683	21	0.829636122295	0.170363877705
-12.6536	124.5682	449.239058	27	1.0	0.049358863161
-12.4328	116.1891	449.383343	10	0.784580042247	0.215419957753
-12.4226	116.1524	449.409825	10	1.0	0.0
-12.5531	115.7416	449.538461	-1	0.0	0.064848636316
-12.6817	124.6237	449.543108	27	1.0	0.249116438094
-22.0395	118.82	453.067143	-1	0.0	0.943691270269
-19.8857	121.6878	453.161973	7	1.0	0.139760109351
-21.1885	118.3555	453.363648	-1	0.0	0.363506981296
-21.1698	118.2377	453.506055	20	0.430531857389	0.569468142611
-21.1415	118.4055	453.50607	-1	0.0	0.0253955856912
-21.1169	118.5056	453.692377	-1	0.0	0.56446853506
-10.9572	123.8912	453.967155	-1	0.0	0.146893691716
-10.5181	124.056	453.967384	-1	0.0	0.0957420160187
-21.1263	118.4192	454.00559	-1	0.0	0.0758873157299
-10.9736	123.7597	454.0275	31	0.36623100131	0.63376899869
-11.81	116.5505	456.392002	12	1.0	0.455799825178
-11.7886	116.4747	456.452206	12	1.0	0.0
-12.1459	115.9037	456.543937	10	0.0565655244095	0.943434475591
-12.7186	124.4651	457.67562	27	1.0	0.247971340632
-21.0157	118.3162	460.884005	20	0.676773881399	0.323226118601
-12.8645	124.1586	463.510119	27	0.3623507255	0.6376492745
-12.7544	124.4643	463.572285	27	1.0	0.219615947937
-12.7154	124.4924	463.646516	27	1.0	0.0
-16.251	131.0867	464.683064	5	0.103915433566	0.896084566434
-16.2338	131.4138	464.683216	5	0.332950145364	0.667049854636
-16.3112	131.4078	464.917938	5	0.58636998196	0.41363001804
-21.099	118.2209	467.342982	20	0.824876088325	0.175123911675
-21.0516	118.2395	467.568735	20	1.0	0.0
-6.9797	127.545	468.33972	18	0.0814279156329	0.918572084367
-17.3654	132.3859	473.359869	0	0.0309827143389	0.969017285661
-16.8923	133.4089	473.525529	0	0.220113389439	0.779886610561
-17.0355	133.3625	473.599416	0	0.806962976886	0.193037023114
-21.1636	117.9196	473.676105	-1	0.0	0.729374168918
-16.9743	133.1264	473.707396	0	0.1956608632	0.8043391368
-16.9041	133.2689	473.917437	0	0.70159609967	0.29840390033
-8.1781	116.9959	473.962849	-1	0.0	0.115319234514
-11.5905	123.5593	474.627237	-1	0.0	0.0756748962817
-12.826	124.3598	477.817264	27	0.53962600807	0.46037399193
-12.6291	124.6444	484.926036	27	0.511292569335	0.488707430665
-12.6328	124.5923	485.181427	27	1.0	0.0640355123544
-17.2987	132.8319	485.744405	0	0.0494505476162	0.950549452384
-12.0562	118.0602	486.627886	9	0.893024235568	0.106975764432
-21.105	118.1281	487.427569	19	1.0	0.0
-21.0499	118.2353	487.492514	20	1.0	0.0
-21.0732	118.2121	487.775844	20	0.824876088325	0.175123911675
-12.6102	124.5553	491.931085	27	0.626157845763	0.373842154237
-20.0313	121.3806	491.992581	7	0.460282825638	0.539717174362
-21.0416	118.2223	496.844528	20	1.0	0.294771096814
-20.7902	118.3453	496.844542	-1	0.0	0.710689493651
-19.8798	121.4978	497.149999	7	1.0	0.0146868232313
-7.2592	127.319	497.688561	18	0.59731772155	0.40268227845
-12.4204	116.1835	503.233252	10	0.68309495625	0.31690504375
-12.4189	116.08	503.311541	10	0.244684245396	0.755315754604
-12.7154	124.5096	507.120835	27	1.0	0.0
-12.693	124.4546	507.354264	27	1.0	0.03048507927
-12.7398	124.4919	507.860046	27	1.0	0.0860447036045
-21.0334	118.2278	507.981531	20	1.0	0.131811505696
-21.0181	118.2266	508.464138	20	1.0	0.131811505696
-19.9353	121.552	512.325356	7	0.964792275129	0.035207724871
-12.0409	117.9003	513.248027	9	0.45456517872	0.54543482128
-11.1549	123.7321	514.236897	31	1.0	0.0
-11.1775	123.7889	514.612146	31	1.0	0.0255559130489
-11.1716	123.7503	514.739192	31	1.0	0.0620727077757
-11.1759	123.7081	515.252936	31	0.996279095283	0.00372090471691
-11.3484	116.8922	520.204094	13	0.679989297458	0.320010702542
-12.7498	124.514	520.374301	27	1.0	0.148393787506
-12.693	123.3692	524.04861	24	1.0	0.0
-12.4084	124.1637	524.048874	28	0.459000128088	0.540999871912
-12.7354	124.4183	527.458283	27	0.932592272188	0.0674077278122
-12.7181	124.4838	527.517805	27	1.0	0.14115082299
-12.7178	124.499	527.548163	27	1.0	0.0
-12.7263	124.4927	527.592698	27	1.0	0.0154534580291
-7.967	126.3238	528.267079	-1	0.0	0.0414603645411
-12.6329	118.4788	529.428341	9	0.0665190370127	0.933480962987
-12.451	124.9611	530.530739	-1	0.0	0.0404911597575
-19.9647	121.6218	532.109352	7	1.0	0.0451793908113
-7.4646	127.3356	532.719375	18	0.212101441148	0.787898558852
-21.0429	118.242	532.993356	20	1.0	0.0
-12.6189	129.8304	539.160494	1	1.0	0.0
-11.6899	123.3255	542.603735	-1	0.0	0.323283201782
-11.5485	123.6506	542.603835	30	0.604011156064	0.395988843936
-12.7152	124.5389	543.244251	27	1.0	0.0364268116375
-13.0382	123.8382	543.300554	25	0.625421261309	0.374578738691
-12.7455	124.459	543.300803	27	1.0	0.0609993819735
-13.9074	123.0334	543.336374	-1	0.0	0.125154751493
-12.7547	124.523	543.37155	27	1.0	0.0
-12.8021	124.3136	543.392158	27	0.529354380818	0.470645619182
-12.0193	118.064	543.967706	9	0.839350558638	0.160649441362
-14.5172	122.2052	544.845974	23	1.0	0.0
-12.0424	124.1741	547.80295	28	1.0	0.0
-7.0767	127.4457	551.799653	18	0.156998759764	0.843001240236
-12.7269	124.4887	552.441161	27	1.0	0.0
-12.7356	124.4678	552.590162	27	1.0	0.213070156275
-16.2682	131.3469	553.632389	5	0.508625462182	0.491374537818
-13.1122	123.815	558.032638	25	0.647828464982	0.352171535018
-12.6976	124.452	558.059071	27	1.0	0.0404497959335
-12.7008	124.4689	558.162509	27	1.0	0.0719083045763
-12.7103	124.499	558.240643	27	1.0	0.128642341069
-13.3821	123.569	558.691286	-1	0.0	0.285378939033
-12.714	124.4882	558.691668	27	1.0	0.0
-16.6361	130.6624	558.879206	-1	0.0	0.0716478613909
-7.6364	125.6622	559.535492	21	0.395892578084	0.604107421916
-6.5242	113.9539	560.814114	3	0.423520581847	0.576479418153
-6.011	114.7626	560.814311	3	0.634424593694	0.365575406306
-12.4731	116.1736	562.02764	10	0.608532562079	0.391467437921
-12.4343	116.179	562.091745	10	0.952488309353	0.0475116906469
-12.4216	116.1353	562.167412	10	0.791187078613	0.208812921387
-12.4293	116.1482	562.517983	10	1.0	0.0
-16.8421	130.4252	565.277672	4	1.0	0.0
-16.2358	131.4053	566.44896	5	0.344848195908	0.655151804092
-16.615	130.6893	566.514771	4	1.0	0.0
-12.7551	124.5039	567.709799	27	1.0	0.182506590214
-21.0175	118.2269	568.084196	20	1.0	0.131811505696
-21.0656	118.2287	568.203604	20	1.0	0.286411274626
-12.7102	124.5493	574.461148	27	1.0	0.143513965111
-12.7255	124.4956	574.565343	27	1.0	0.0
-12.6942	124.5635	574.599709	27	1.0	0.332131134887
-12.8028	124.3981	574.64537	27	0.965779972554	0.0342200274458
-13.1485	123.7428	574.69653	25	0.60535646446	0.39464353554
-12.7043	124.6128	574.696852	27	1.0	0.340365730714
-12.7151	124.5288	574.78378	27	1.0	0.153578691651
-12.7473	124.5468	574.880129	27	1.0	0.0245083589854
-12.7253	124.4995	574.977984	27	1.0	0.0154534580291
-12.7304	124.5381	575.232973	27	1.0	0.0
-21.2006	118.0498	575.560108	-1	0.0	0.56550923796
-19.905	121.4148	576.658952	7	0.737587575777	0.262412424223
-9.4229	124.9694	578.903416	-1	0.0	0.0194612337488
-12.8223	124.2344	581.263487	27	0.3623507255	0.6376492745
-21.0164	118.235	583.43779	20	1.0	0.191898100482
-21.0768	118.1426	583.498401	19	0.938406384557	0.0615936154432
-16.2689	131.2856	584.224108	5	0.484329556015	0.515670443985
-16.2676	131.4054	584.224184	5	0.457706425629	0.542293574371
-12.6591	124.5813	591.690703	27	1.0	0.0
-7.2842	127.3584	592.223902	18	1.0	0.0
-7.3029	127.3141	592.254043	18	0.771800629021	0.228199370979
-16.1961	131.2603	592.406154	5	0.28096676107	0.71903323893
-16.1505	131.2063	592.406163	5	0.163287928867	0.836712071133
-16.246	131.2719	592.812833	5	0.461748637675	0.538251362325
-12.9171	124.1952	593.303034	27	0.3623507255	0.6376492745
-12.7344	124.5178	593.415015	27	1.0	0.000166860443924
-12.7415	124.5575	594.09325	27	1.0	0.0184744413808
-12.6317	124.6886	594.236729	27	1.0	0.0
-7.2091	114.951	594.310527	3	1.0	0.0
-7.182	114.885	594.35128	3	1.0	0.0
-13.1244	122.8803	595.113958	-1	0.0	0.229761469136
-12.2545	124.0869	595.114446	28	0.606074677172	0.393925322828
-12.2814	124.138	595.226988	28	0.695503012824	0.304496987176
