-14.22	132.8789	-3.7e-05	28	1.0	0.288587055578
-14.1585	130.0011	-587.869948	27	0.356419270976	0.643580729024
-13.5612	131.1434	-587.869344	35	0.636513598323	0.363486401677
-15.6666	124.6507	-587.843718	20	1.0	0.0
-13.6852	130.6795	-587.813507	-1	0.0	0.20329552645
-13.2921	131.1998	-587.81315	35	1.0	0.0342090516173
-13.5939	131.0837	-587.683636	-1	0.0	0.0103274872699
-13.6183	130.726	-587.432293	-1	0.0	0.0693456201248
-13.3041	131.1721	-587.279454	35	1.0	0.126824148574
-11.9923	119.8236	-586.699596	3	0.727713457731	0.272286542269
-14.2779	132.789	-585.649894	28	1.0	0.0
-14.3002	132.7754	-585.538466	28	0.917131813615	0.0828681863851
-19.6571	121.4133	-582.740686	-1	0.0	0.278365738201
-17.0295	123.0756	-582.609149	17	0.34760262451	0.65239737549
-13.767	130.0382	-580.102127	27	1.0	0.0
-13.7508	130.0258	-579.077154	27	1.0	0.0
-17.1858	124.5278	-578.459514	-1	0.0	0.632992425614
-17.0686	128.1938	-576.896291	14	1.0	0.0
-17.1163	123.6377	-576.774394	-1	0.0	0.126051133707
-17.0751	128.2168	-576.672902	14	0.998649474893	0.00135052510666
-13.1457	132.0868	-575.705089	31	0.477943816236	0.522056183764
-12.5559	132.5866	-575.668868	-1	0.0	0.0994554089852
-13.0855	132.2228	-575.65286	31	0.804225790547	0.195774209453
-13.891	120.1466	-573.172448	7	1.0	0.0
-15.6679	124.7158	-573.032364	20	1.0	0.0
-15.598	124.481	-572.840837	-1	0.0	0.0266236983436
-13.8994	120.1616	-572.669379	7	1.0	0.0
-13.2801	120.3122	-572.329668	8	1.0	0.120886297035
-15.4152	119.7436	-569.238461	4	0.596245168424	0.403754831576
-15.3774	119.7184	-569.069034	4	0.596245168424	0.403754831576
-15.4076	119.7019	-568.931963	4	0.580537782746	0.419462217254
-15.3772	119.755	-568.73206	4	0.596245168424	0.403754831576
-9.7669	120.1313	-564.249066	2	1.0	0.0
-13.5117	131.5521	-562.274811	34	1.0	0.0
-12.5178	132.784	-562.149424	-1	0.0	0.134810628909
-14.6586	126.4208	-557.624881	-1	0.0	0.425351830916
-16.9589	123.0471	-555.264655	17	0.545730622641	0.454269377359
-16.8191	122.9091	-555.26459	17	0.430912061959	0.569087938041
-14.133	133.1266	-554.91789	28	0.237642746304	0.762357253696
-13.3671	120.4069	-554.750117	8	0.574263245267	0.425736754733
-13.3797	120.4384	-554.683258	8	0.341314595455	0.658685404545
-14.4158	132.8465	-554.240038	28	0.269569611572	0.730430388428
-14.1242	132.9638	-554.239852	28	0.389924532803	0.610075467197
-13.2818	120.3333	-553.21365	8	1.0	0.0
-13.4192	119.7658	-553.067105	-1	0.0	0.223124030536
-13.2607	120.3835	-553.067094	8	0.519828716684	0.480171283316
-14.1694	132.8775	-545.89713	28	0.905829184096	0.0941708159043
-14.1555	132.9531	-545.832261	28	0.462675988041	0.537324011959
-14.2348	132.7961	-545.751007	28	1.0	0.0457693123582
-13.7133	130.155	-544.080887	27	1.0	0.0
-13.7557	130.0177	-543.848999	27	1.0	0.0
-16.806	123.1973	-542.426253	17	0.156556629043	0.843443370957
-13.2819	131.1915	-540.741188	35	1.0	0.0
-13.2987	131.3858	-540.741131	35	0.585820833053	0.414179166947
-13.2476	131.2727	-540.631811	35	1.0	0.0
-17.0428	123.0027	-540.149442	17	0.681038862149	0.318961137851
-13.269	120.3311	-538.244358	8	1.0	0.0
-13.3186	120.2362	-538.199516	8	0.757176438006	0.242823561994
-15.204	130.2835	-534.581502	25	1.0	0.0
-15.2517	130.4226	-534.581462	25	0.446877124458	0.553122875542
-11.9914	133.4187	-534.578784	-1	0.0	0.13024072109
-15.917	129.3947	-534.503223	-1	0.0	0.00102115016238
-15.1812	130.325	-534.502699	25	1.0	0.0
-12.8024	133.7488	-530.582741	26	0.821537730825	0.178462269175
-15.5793	124.531	-529.367902	19	0.184263927981	0.815736072019
-8.8465	133.6917	-528.737878	-1	0.0	0.390475888716
-13.283	120.3304	-526.866889	8	1.0	0.0
-13.4053	119.8957	-526.866883	9	1.0	0.0
-12.2668	135.1726	-526.768369	-1	0.0	0.125642617854
-18.4812	128.1181	-526.572476	-1	0.0	0.648436600228
-13.3838	131.6674	-524.316923	34	1.0	0.0
-13.2452	130.673	-522.771085	30	1.0	0.0
-13.3231	131.4375	-515.507102	35	0.578776934581	0.421223065419
-13.5228	131.2629	-515.455152	-1	0.0	0.103618673586
-13.3489	131.7894	-515.37102	-1	0.0	0.226345532553
-15.376	120.003	-515.320251	4	0.145327279414	0.854672720586
-13.2596	120.3239	-514.779374	8	1.0	0.0
-13.0518	120.3531	-514.779279	8	0.213312018118	0.786687981882
-15.2157	119.7941	-514.754609	4	0.313055606457	0.686944393543
-17.0078	128.6657	-514.401685	13	1.0	0.0
-14.4722	132.1343	-513.180377	-1	0.0	0.336086680671
-14.29	132.6891	-513.180065	28	0.983213108747	0.0167868912532
-14.4492	132.4315	-513.147731	28	0.160183017983	0.839816982017
-14.0449	132.7233	-513.091457	28	0.236973362019	0.763026637981
-13.6492	131.2414	-508.317141	-1	0.0	0.152142850172
-13.3171	120.2433	-503.794981	8	0.805624557744	0.194375442256
-16.7848	124.6667	-494.485489	-1	0.0	0.080812729555
-13.2469	120.247	-491.902679	8	0.92761257965	0.0723874203504
-17.0833	128.2289	-491.758964	14	1.0	0.0
-11.4291	123.5276	-487.74341	0	0.568444859032	0.431555140968
-13.6822	133.8035	-486.968828	29	0.827531614606	0.172468385394
-13.6154	133.9567	-486.968722	29	1.0	0.0
-15.681	124.7199	-486.076796	20	1.0	0.0
-15.7151	124.4101	-486.076771	19	0.189847434051	0.810152565949
-15.5726	124.6592	-485.830118	20	0.412646918967	0.587353081033
-12.047	119.7029	-484.912495	3	0.143669055583	0.856330944417
-11.9745	119.8629	-484.912476	3	1.0	0.0
-16.9509	122.9037	-482.891625	17	1.0	0.00750194798112
-17.1496	128.2344	-481.065595	14	0.832652338758	0.167347661242
-17.0709	128.7099	-481.065515	13	0.859456053858	0.140543946142
-13.0511	130.9063	-481.030711	-1	0.0	0.267902931699
-13.2404	131.29	-479.26637	35	1.0	0.0
-13.3362	130.8713	-479.138083	-1	0.0	0.0538389164797
-13.2142	131.3236	-479.137882	35	0.889173382194	0.110826617806
-13.3386	130.8864	-478.959516	-1	0.0	0.036548625181
-13.3992	131.376	-478.959286	35	0.742207963194	0.257792036806
-16.9821	123.0634	-475.679222	17	0.399895851114	0.600104148886
-14.4727	126.2339	-473.174891	16	1.0	0.0
-14.1845	132.8885	-465.934874	28	1.0	0.288587055578
-13.5875	133.9415	-462.938816	29	1.0	0.0
-13.2427	120.2358	-462.18341	8	0.731067462433	0.268932537567
-15.5262	119.8365	-462.049387	4	0.329894021526	0.670105978474
-13.2459	120.3065	-462.044382	8	0.999607827718	0.000392172281509
-15.1842	130.2299	-458.036319	25	0.707284162792	0.292715837208
-15.2029	130.3139	-457.963228	25	1.0	0.0
-15.1659	130.3474	-457.885936	25	1.0	0.0
-13.9915	119.9791	-457.722906	-1	0.0	0.17996897232
-13.8932	120.227	-457.511465	7	0.316506550309	0.683493449691
-13.7415	120.0953	-457.511364	7	0.20994201717	0.79005798283
-13.6568	131.6585	-449.272842	-1	0.0	0.183592331961
-13.2469	120.3487	-448.349904	8	0.956246229274	0.0437537707263
-13.2607	120.1804	-448.349902	8	0.61684316044	0.38315683956
-13.2719	131.5731	-448.13281	-1	0.0	0.0245448730045
-17.6449	122.6587	-440.956767	17	0.16155023721	0.83844976279
-13.257	131.3376	-438.899843	35	0.757846749881	0.242153250119
-13.3552	120.3231	-437.39226	8	1.0	0.112910583873
-13.3097	120.2207	-437.26716	8	0.805624557744	0.194375442256
-17.6863	124.8008	-434.459906	23	1.0	0.190563256408
-14.3522	132.7925	-433.426018	28	0.607986965019	0.392013034981
-13.6664	130.1852	-430.197774	27	1.0	0.0
-13.7197	130.2131	-430.14726	27	1.0	0.0964253291872
-13.7425	130.1467	-429.961774	27	1.0	0.0
-20.8802	124.2686	-429.254474	-1	0.0	0.24479020073
-16.0231	130.6427	-429.252756	24	1.0	0.0
-13.2756	120.3303	-429.220952	8	1.0	0.0
-12.0106	119.8142	-427.570942	3	0.567731818772	0.432268181228
-11.9867	119.8054	-427.518041	3	0.727713457731	0.272286542269
-11.9644	119.8141	-427.404248	3	0.567731818772	0.432268181228
-9.755	120.1316	-425.336206	2	1.0	0.0
-15.5362	119.6957	-424.823716	4	1.0	0.0
-15.3657	119.9933	-424.823713	4	0.151192228828	0.848807771172
-15.6779	124.7096	-424.127182	20	1.0	0.0
-15.4677	124.6343	-424.127087	20	0.221333222161	0.778666777839
-17.1074	128.1881	-423.638721	14	1.0	0.0
-13.3935	131.58	-419.981164	34	1.0	0.0
-13.3697	131.6927	-419.925578	34	1.0	0.0
-13.5094	131.2498	-419.889379	-1	0.0	0.152142850172
-13.436	131.5724	-419.843352	34	1.0	0.0
-16.5563	127.8696	-419.728706	-1	0.0	0.351867085869
-17.719	124.7955	-418.794395	23	1.0	0.14051808475
-14.7237	126.2506	-417.726635	15	1.0	0.0
-13.255	120.3319	-415.77336	8	1.0	0.0
-13.1393	120.19	-415.773275	8	0.273904109169	0.726095890831
-13.2701	120.3611	-415.633479	8	1.0	0.067458803319
-15.8904	124.4339	-412.905361	19	0.733458970635	0.266541029365
-15.1635	130.3493	-410.58024	25	1.0	0.0
-15.157	130.409	-410.454086	25	0.632217942351	0.367782057649
-13.3702	131.6473	-404.934968	34	1.0	0.0301628927543
-17.071	128.1509	-404.535633	14	0.994854080953	0.00514591904742
-13.3772	120.326	-404.164182	8	1.0	0.106626836208
-13.3506	120.3052	-404.003215	8	1.0	0.0
-13.2819	120.3497	-402.40329	8	1.0	0.067458803319
-15.24	124.9073	-402.297783	-1	0.0	0.682608469397
-15.4637	124.6277	-402.017706	-1	0.0	0.00202557510087
-17.7321	124.6579	-401.741713	23	1.0	0.0
-17.6328	121.7079	-401.698648	12	1.0	0.0
-13.3519	130.9638	-399.507941	-1	0.0	0.036548625181
-13.7746	130.0505	-397.861026	27	1.0	0.0
-17.7663	122.1309	-397.176143	12	0.427494082594	0.572505917406
-14.4517	126.2916	-397.175123	16	0.376066825571	0.623933174429
-14.6039	129.99	-395.411399	-1	0.0	0.00915867680364
-16.2669	123.4239	-394.509067	18	0.172878851431	0.827121148569
-15.6582	124.7489	-394.508906	20	0.569720337043	0.430279662957
-14.2318	132.8459	-392.67371	28	1.0	0.129918105566
-14.199	132.8438	-392.571792	28	1.0	0.134793543102
-14.2398	132.7916	-392.416451	28	1.0	0.0
-13.0199	132.1617	-392.296102	31	1.0	0.265918273133
-13.0503	132.1978	-392.200588	31	1.0	0.0
-13.1108	131.9911	-391.543003	31	0.297155888369	0.702844111631
-13.0386	132.219	-391.542904	31	1.0	0.0
-13.6846	130.9679	-387.328102	32	0.79622557724	0.20377442276
-13.6201	131.1145	-387.328029	35	0.636513598323	0.363486401677
-13.615	131.1531	-387.269608	35	0.509055710538	0.490944289462
-12.9784	133.4487	-384.30616	26	0.242044262286	0.757955737714
-11.9728	119.8638	-383.28232	3	0.929190281552	0.0708097184481
-11.6461	119.9715	-382.885195	3	0.0740308685151	0.925969131485
-12.9442	133.6235	-379.205771	26	0.565416376137	0.434583623863
-14.2532	132.7873	-376.799975	28	1.0	0.0
-13.7974	133.2161	-376.719647	28	0.117043310886	0.882956689114
-13.3672	120.2382	-376.349307	8	0.737014645574	0.262985354426
-13.672	130.1575	-374.759243	27	1.0	0.0
-13.6993	130.1521	-374.651308	27	1.0	0.0
-13.2539	131.2904	-374.539058	35	1.0	0.0
-17.6875	124.7689	-374.154324	23	1.0	0.0
-12.1149	119.708	-373.916055	3	0.122669960676	0.877330039324
-17.6643	124.7453	-371.371915	23	1.0	0.158457048912
-11.5868	123.1922	-370.404007	0	0.134967253182	0.865032746818
-11.4325	123.5813	-370.31727	0	1.0	0.0
-15.663	124.7131	-369.743754	20	1.0	0.0
-12.1805	134.9846	-368.228584	-1	0.0	0.0338365026167
-12.2192	135.0959	-368.14194	-1	0.0	0.0681069782223
-16.6781	123.0405	-367.614025	17	0.16207065504	0.83792934496
-16.0539	123.5425	-367.613832	18	0.334200954439	0.665799045561
-15.0	130.3412	-366.99604	25	0.405146354579	0.594853645421
-15.2078	130.0475	-366.841013	25	0.21114278731	0.78885721269
-15.1856	130.2521	-366.840961	25	0.618104786526	0.381895213474
-16.6996	124.1665	-364.249538	-1	0.0	0.684255577969
-13.8612	119.9929	-362.393195	-1	0.0	0.0739234924847
-13.4064	120.329	-362.300312	8	0.909069263793	0.0909307362073
-13.5478	131.1174	-361.103612	35	0.636513598323	0.363486401677
-13.5285	131.5099	-361.103487	-1	0.0	0.199884420514
-13.2458	120.2732	-358.730259	8	1.0	0.0760217328146
-13.2241	120.1454	-358.595304	8	0.381359662342	0.618640337658
-13.2374	120.2609	-358.595298	8	0.92761257965	0.0723874203504
-14.8715	131.8304	-356.855037	-1	0.0	0.38625244243
-13.2604	131.2392	-356.839714	35	0.90546680613	0.0945331938702
-12.0672	132.1586	-356.838767	-1	0.0	0.0958977615598
-12.9485	131.3832	-356.641801	-1	0.0	0.219934392279
-14.0245	132.9947	-356.4854	28	0.294821160917	0.705178839083
-14.2749	132.75	-356.056269	28	1.0	0.0
-18.4251	123.9082	-355.284147	-1	0.0	0.28291671934
-15.6703	124.6112	-353.864094	20	0.6829498967	0.3170501033
-15.706	124.661	-353.749901	20	0.892602382596	0.107397617404
-14.7734	126.2724	-351.142917	15	0.84172926143	0.15827073857
-18.7621	132.4797	-350.952488	5	1.0	0.0
-18.7947	132.5355	-350.666898	5	0.850005758948	0.149994241052
-17.4846	124.7934	-348.660445	-1	0.0	0.111517794713
-17.3954	125.0252	-348.56824	-1	0.0	0.555788498072
-15.4765	126.8935	-348.567545	-1	0.0	0.87219761918
-14.2598	132.8728	-346.635804	28	1.0	0.188229409707
-12.4843	134.105	-346.634442	-1	0.0	0.010228963987
-14.257	132.7327	-346.52667	28	1.0	0.0
-16.4406	123.817	-344.606629	-1	0.0	0.00239710662229
-17.0138	122.981	-344.467369	17	0.749065283714	0.250934716286
-13.085	131.137	-343.769591	-1	0.0	0.26791811129
-13.366	120.3622	-343.377189	8	1.0	0.0825521765788
-15.6915	124.6527	-343.271761	20	0.96936748578	0.03063251422
-13.0839	132.1351	-341.076633	31	0.897070252822	0.102929747178
-13.077	132.1729	-341.005742	31	1.0	0.212174246692
-13.0535	132.1873	-340.951695	31	1.0	0.0
-13.0755	132.0859	-340.836981	31	0.920115399582	0.0798846004183
-13.0723	132.134	-340.308039	31	1.0	0.252635150202
-17.0226	122.843	-338.887636	17	0.809442420064	0.190557579936
-13.6662	133.89	-336.130573	29	0.963019776911	0.0369802230893
-13.7138	129.9634	-333.994718	27	1.0	0.178653939569
-13.7552	129.8474	-333.357154	27	0.464236244708	0.535763755292
-14.1755	132.8903	-332.498797	28	1.0	0.288587055578
-13.3228	131.2979	-331.701877	35	1.0	0.0
-13.3073	119.9304	-330.642844	-1	0.0	0.00877555559311
-13.4943	131.4301	-330.45641	35	0.72329014657	0.27670985343
-15.6713	124.671	-330.28764	20	1.0	0.0
-17.1411	122.7957	-329.991499	17	0.280013461103	0.719986538897
-15.1893	130.366	-328.417358	25	0.92217952778	0.0778204722196
-15.1888	130.1801	-328.296942	25	0.535931135192	0.464068864808
-16.252	128.8351	-328.249071	-1	0.0	0.518781836926
-13.6394	133.811	-325.184125	29	1.0	0.0663452048653
-17.2503	125.188	-323.817447	-1	0.0	0.195241045869
-15.5421	119.7326	-322.576644	4	1.0	0.0
-17.058	128.1644	-321.607782	14	1.0	0.0
-13.8645	120.1829	-320.390913	7	0.534347036486	0.465652963514
-17.3227	122.8941	-320.228264	17	0.195310407572	0.804689592428
-13.2602	120.2898	-319.618099	8	1.0	0.0406654630543
-13.2283	120.2904	-319.501324	8	0.84598016951	0.15401983049
-16.9462	123.0026	-318.425768	17	0.685762996644	0.314237003356
-16.9729	123.0105	-318.106	17	0.681743574461	0.318256425539
-15.6685	124.7237	-316.902014	20	1.0	0.0
-13.3693	120.4376	-316.681433	8	0.316688725145	0.683311274855
-12.9484	120.5834	-316.68122	11	0.745254164456	0.254745835544
-8.0407	126.3351	-314.840994	1	1.0	0.0
-13.2533	120.1761	-312.145347	8	0.563910058754	0.436089941246
-17.7017	124.772	-306.048859	23	1.0	0.0
-17.7339	124.6387	-302.915147	23	1.0	0.0
-13.5707	131.2786	-302.435183	-1	0.0	0.0354958181344
-14.2417	132.8728	-301.124371	28	1.0	0.0
-13.055	134.4375	-300.336578	-1	0.0	0.0557900291518
-15.978	123.8155	-298.155013	18	1.0	0.0
-13.3577	120.3088	-297.901085	8	1.0	0.0
-14.0789	132.9106	-297.880628	28	0.408813944985	0.591186055015
-16.115	130.1558	-297.514337	-1	0.0	0.196693817071
-16.0786	130.6075	-297.385048	24	1.0	0.0
-14.4792	126.1886	-296.878944	16	0.779616551645	0.220383448355
-16.9691	128.6188	-296.385232	13	1.0	0.0
-14.4567	126.3036	-295.277257	16	0.314571971975	0.685428028025
-15.9068	124.4693	-295.181503	19	0.67065141897	0.32934858103
-14.2364	132.8695	-292.036257	28	1.0	0.0
-14.2584	132.5395	-292.008433	28	0.365394940897	0.634605059103
-14.2798	132.519	-291.973962	28	0.308004807895	0.691995192105
-13.1963	131.7053	-288.476158	-1	0.0	0.242596546126
-17.9347	121.9545	-285.684789	12	0.642204036141	0.357795963859
-15.5983	119.7119	-283.548822	4	1.0	0.0
-13.3483	120.3033	-283.50771	8	1.0	0.0
-15.5501	119.7224	-283.014119	4	1.0	0.0
-17.6724	124.7191	-281.946036	23	1.0	0.141519493708
-13.2872	120.3545	-270.950897	8	0.863430220364	0.136569779636
-13.342	120.0317	-270.950887	9	1.0	0.0
-15.7433	124.501	-270.898667	19	0.208876341456	0.791123658544
-13.3984	130.7821	-270.59719	30	1.0	0.0
-13.2399	131.2916	-270.59694	35	1.0	0.0
-14.7499	126.2797	-269.075166	15	0.79368187735	0.20631812265
-13.355	131.1313	-268.016107	35	1.0	0.0
-15.8448	124.2179	-265.186458	-1	0.0	0.48421726588
-13.3406	120.2637	-263.566159	8	1.0	0.0
-11.9941	119.8411	-262.985274	3	0.769303535105	0.230696464895
-11.983	119.8559	-262.943289	3	1.0	0.0
-11.9793	119.8568	-262.800031	3	1.0	0.0
-11.9762	119.8474	-262.73719	3	1.0	0.0
-11.9325	119.7538	-262.59865	3	0.234179663686	0.765820336314
-13.456	120.3028	-262.487994	8	0.505266697217	0.494733302783
-13.0321	131.8421	-259.017928	33	1.0	0.0
-14.2169	132.8482	-258.282794	28	1.0	0.0
-12.9923	132.1408	-258.197773	31	0.65291736039	0.34708263961
-14.3117	132.9227	-257.570106	28	0.362986885282	0.637013114718
-15.7824	124.3956	-255.795231	19	0.248199620631	0.751800379369
-15.1973	130.1314	-254.245198	25	0.390930104772	0.609069895228
-15.3196	129.8355	-254.15913	-1	0.0	0.0447671861489
-16.9868	122.9152	-251.119123	17	1.0	0.0
-16.9152	122.7141	-251.06955	17	0.323745313491	0.676254686509
-13.2612	120.2766	-250.882831	8	1.0	0.0468041098419
-14.2579	132.6344	-250.267201	28	0.537753279219	0.462246720781
-16.911	131.3735	-249.641597	-1	0.0	0.0747403801833
-14.2233	120.135	-248.129855	-1	0.0	0.171270873814
-17.6008	122.7953	-246.808457	17	0.239653134385	0.760346865615
-17.0603	122.7347	-245.200699	17	0.323745313491	0.676254686509
-14.2845	132.7996	-244.499067	28	0.958741439318	0.0412585606822
-17.676	124.7765	-240.940647	23	1.0	0.0441190282787
-13.2281	131.2944	-239.838537	35	1.0	0.0
-10.2076	126.2157	-239.036365	1	0.690113888404	0.309886111596
-17.1343	127.9601	-238.719165	14	0.282563155833	0.717436844167
-13.423	130.8298	-237.454472	-1	0.0	0.0456152864438
-14.4348	125.5782	-237.359191	-1	0.0	0.804031962176
-16.586	122.8581	-237.214937	17	0.148579110384	0.851420889616
-13.4482	120.0933	-235.615997	8	0.200280167139	0.799719832861
-17.6902	121.6994	-232.923026	12	1.0	0.0
-17.4966	122.7099	-232.918736	17	0.233350373236	0.766649626764
-13.3402	120.2292	-228.896066	8	0.805624557744	0.194375442256
-13.919	120.1435	-228.748879	7	1.0	0.0
-9.7286	120.1092	-224.477429	2	1.0	0.0
-9.8118	120.2608	-224.241732	2	0.272557219519	0.727442780481
-13.2426	131.338	-223.795302	35	0.695892047542	0.304107952458
-17.3632	125.0357	-222.448365	-1	0.0	0.548514856828
-17.7646	124.4072	-222.165402	22	1.0	0.0
-13.6417	133.6999	-221.941736	29	1.0	0.01674181266
-13.4703	133.6876	-221.839441	29	1.0	0.0
-13.3321	134.2594	-221.824627	-1	0.0	0.236357629785
-13.5858	133.791	-221.694254	29	1.0	0.0
-13.3531	120.2657	-220.393408	8	1.0	0.0
-16.9601	122.8247	-220.364812	17	1.0	0.0
-16.9725	122.8802	-220.280973	17	1.0	0.532019682475
-13.7915	130.8749	-218.921552	32	1.0	0.0
-13.5828	131.5831	-218.921211	-1	0.0	0.216585070162
-15.2522	130.2728	-214.49388	25	0.797736755457	0.202263244543
-15.3741	130.4428	-214.493791	25	0.268655284895	0.731344715105
-11.9803	119.7902	-213.622982	3	0.727713457731	0.272286542269
-14.1483	133.0469	-208.618698	28	0.292040244739	0.707959755261
-16.0255	130.6129	-207.503834	24	1.0	0.0
-22.2771	133.6625	-206.339792	-1	0.0	0.0690578035877
-15.5286	119.7296	-206.045014	4	1.0	0.0
-15.5308	119.7059	-205.561419	4	1.0	0.0
-14.0772	119.7188	-204.671073	-1	0.0	0.519271810509
-13.3543	120.3633	-204.466937	8	1.0	0.143340202645
-13.0341	120.6988	-204.095852	10	0.538317019777	0.461682980223
-13.0095	120.5752	-204.031015	11	1.0	0.0
-12.8322	133.575	-203.073467	26	0.565416376137	0.434583623863
-15.6379	131.4858	-199.197964	21	1.0	0.0
-13.4159	120.375	-199.108977	8	0.668560697443	0.331439302557
-17.6838	124.7254	-195.176883	23	1.0	0.127968307572
-13.3753	120.2761	-191.496205	8	1.0	0.0
-13.3901	120.2627	-191.440529	8	0.959312677378	0.0406873226223
-13.1266	120.2852	-191.440412	8	0.295825675317	0.704174324683
-16.9465	128.6206	-189.147553	13	1.0	0.0
-13.715	130.4282	-187.13307	-1	0.0	0.458822361398
-14.6353	125.7762	-186.846327	-1	0.0	0.629825435401
-14.5105	126.236	-186.846266	16	0.977574021555	0.0224259784449
-13.3115	131.5953	-184.806747	34	1.0	0.0
-13.4062	131.2659	-184.568722	35	0.627367049953	0.372632950047
-13.5088	131.1034	-184.214287	35	0.636513598323	0.363486401677
-13.3074	120.267	-180.54975	8	1.0	0.0223105240597
-14.1591	132.7451	-179.710777	28	0.449973618017	0.550026381983
-14.2363	132.7219	-179.632378	28	0.993634253794	0.00636574620622
-13.2423	131.1979	-178.68712	35	1.0	0.00566664683338
-14.1333	133.0364	-178.650842	28	0.334576770404	0.665423229596
-13.2546	131.0779	-178.599099	-1	0.0	0.0934649268891
-13.0779	132.0134	-177.302582	31	0.297407957324	0.702592042676
-17.7024	124.8005	-175.260273	23	1.0	0.0842477148961
-13.6918	130.0063	-175.152961	27	1.0	0.0
-16.9747	122.9427	-173.661643	17	1.0	0.431538452257
-16.9488	122.9051	-173.585573	17	1.0	0.0
-15.6598	124.6736	-168.671031	20	0.882393279346	0.117606720654
-17.7184	124.768	-167.590443	23	1.0	0.00828377591128
-13.4742	120.3524	-167.171431	8	0.492126469579	0.507873530421
-15.9192	123.7514	-163.194104	18	0.836762065163	0.163237934837
-15.9603	123.8017	-163.134309	18	1.0	0.0
-14.4127	132.4217	-162.658349	28	0.164636990652	0.835363009348
-11.9753	119.8067	-161.344954	3	0.705514177869	0.294485822131
-11.9547	119.7804	-160.896321	3	0.463540256108	0.536459743892
-13.3434	120.3273	-157.354827	8	1.0	0.0
-13.3365	120.3054	-157.058706	8	1.0	0.0
-14.506	126.1602	-153.580586	16	0.610686449977	0.389313550023
-14.4843	126.1604	-153.323458	16	0.608205821364	0.391794178636
-13.9648	119.9292	-150.131917	-1	0.0	0.340440002302
-13.9051	120.1467	-150.083207	7	1.0	0.0
-17.7374	126.3806	-148.276236	-1	0.0	0.0234302971414
-13.5975	133.9725	-145.924094	29	1.0	8.2760672569e-05
-13.5696	133.8346	-145.807463	29	1.0	0.0
-17.0046	122.9386	-145.702232	17	1.0	0.465705101737
-17.6948	124.7827	-141.297419	23	1.0	0.0651699438889
-17.7103	124.7468	-140.980353	23	1.0	0.0
-15.1129	130.3524	-140.159553	25	0.862370808111	0.137629191889
-13.3262	131.711	-133.696528	34	1.0	0.0
-13.3519	131.7767	-133.576665	-1	0.0	0.0849311916219
-13.1542	131.8002	-133.576547	33	1.0	0.0
-14.4963	126.2082	-127.824015	16	1.0	0.0
-14.2511	132.8643	-124.604366	28	1.0	0.0
-14.3215	133.1111	-124.567505	28	0.191020027792	0.808979972208
-14.2664	132.6955	-124.540478	28	1.0	0.0358949284759
-14.2353	132.8596	-124.445899	28	1.0	0.0
-17.8719	124.2749	-123.710081	-1	0.0	0.443484765603
-17.7102	124.805	-123.710063	23	1.0	0.190563256408
-13.4508	131.4023	-122.315516	35	0.757444335892	0.242555664108
-14.1645	132.9032	-121.802468	28	0.908739272166	0.091260727834
-11.4312	123.5756	-116.733479	0	1.0	0.0
-13.7183	131.001	-115.478299	-1	0.0	0.0573252343587
-17.7389	124.7671	-111.762997	23	1.0	0.124125828762
-13.5265	133.788	-109.974153	29	1.0	0.0
-13.7477	133.5323	-109.206068	29	0.619247921113	0.380752078887
-13.349	131.1754	-105.512865	35	1.0	0.0
-16.9196	122.9282	-105.443888	17	1.0	0.531632362721
-16.5228	123.4677	-105.364299	17	0.0992601949134	0.900739805087
-13.4776	120.455	-103.215512	8	0.214657823997	0.785342176003
-13.3141	120.1859	-103.16897	8	0.61684316044	0.38315683956
-17.2581	128.2188	-101.556539	14	0.725505561579	0.274494438421
-16.7766	128.247	-101.556474	14	0.268493618343	0.731506381657
-11.932	119.9	-99.547262	3	0.438001143977	0.561998856023
-17.7537	124.6337	-99.183131	23	0.938021618128	0.0619783818719
-17.7199	124.7415	-99.095493	23	1.0	0.0
-17.7078	124.7735	-98.855461	23	1.0	0.0651699438889
-17.0757	122.9115	-98.336717	17	0.602282941533	0.397717058467
-16.9392	124.0098	-98.120716	-1	0.0	0.684255577969
-17.0645	122.9267	-97.877798	17	0.687417306629	0.312582693371
-16.9814	122.7414	-97.566341	17	0.411812333627	0.588187666373
-13.0367	132.214	-95.86706	31	1.0	0.00281711912409
-16.0992	130.6661	-95.2407	24	0.945789796105	0.0542102038954
-15.7141	130.5954	-95.240598	24	0.400408291065	0.599591708935
-16.0618	130.315	-95.112095	-1	0.0	0.15443169803
-16.0629	130.5916	-95.057502	24	1.0	0.0
-18.6809	132.4605	-91.188764	5	1.0	0.0
-17.7478	124.5796	-88.058662	23	0.353759392102	0.646240607898
-21.3371	120.3649	-87.933368	6	1.0	0.0
-21.4165	119.9919	-87.933349	6	1.0	0.0
-13.2764	120.2744	-86.59428	8	1.0	0.0406654630543
-12.9337	120.3011	-86.594141	-1	0.0	0.0654134757913
-13.2463	120.368	-86.385239	8	0.739146043796	0.260853956204
-13.0478	132.1917	-83.308645	31	1.0	0.0584158588525
-15.7405	124.6453	-80.863347	20	0.527588575744	0.472411424256
-13.6983	131.1959	-80.751252	-1	0.0	0.0312110631911
-14.7546	126.0165	-80.408167	-1	0.0	0.40623176519
-14.7073	126.2068	-80.408152	15	0.841870134511	0.158129865489
-14.2699	132.6875	-73.688744	28	1.0	0.0358949284759
-14.2954	132.5344	-73.63565	28	0.365394940897	0.634605059103
-17.6216	124.6085	-71.233287	23	0.281571853366	0.718428146634
-15.6473	124.6419	-70.218346	20	1.0	0.0
-13.637	119.7723	-60.060027	-1	0.0	0.251001253243
-11.9721	119.8893	-58.93751	3	0.507270371437	0.492729628563
-16.0373	130.4405	-56.67964	24	0.431665368106	0.568334631894
-17.4819	124.6727	-52.842798	-1	0.0	0.09547097309
-17.7088	124.7893	-50.912632	23	1.0	0.0842477148961
-17.6887	124.8465	-50.807981	23	0.357807961214	0.642192038786
-13.271	120.3125	-50.438753	8	1.0	0.0269597544533
-13.4628	131.3907	-49.211597	35	0.757444335892	0.242555664108
-13.4033	131.4556	-49.211541	35	0.578207477671	0.421792522329
-14.0768	130.5925	-49.175979	-1	0.0	0.133477452374
-14.7703	126.171	-45.462771	15	0.546646046024	0.453353953976
-13.2899	120.0499	-44.550081	-1	0.0	0.00780458965253
-13.5332	133.9453	-44.294573	29	1.0	8.2760672569e-05
-13.5516	133.7224	-43.522034	29	1.0	0.0
-16.9958	122.9188	-42.206922	17	1.0	0.0
-17.0422	122.9905	-41.957513	17	0.614949228425	0.385050771575
-13.2145	131.2748	-41.596226	35	1.0	0.0
-13.3123	131.1416	-41.10445	35	1.0	0.0429433080291
-14.4754	130.4105	-40.499718	-1	0.0	0.354332546353
-13.0504	132.1744	-40.262904	31	1.0	0.0
-16.7936	124.2637	-39.654066	-1	0.0	0.684255577969
-17.4014	124.872	-35.157083	-1	0.0	0.478947835482
-15.9705	123.7446	-29.954299	18	0.764478065658	0.235521934342
-15.9501	123.8001	-29.881402	18	1.0	0.0
-15.9402	123.815	-29.851767	18	1.0	0.0
-15.7791	123.799	-29.851702	18	0.492929215834	0.507070784166
-13.9469	129.66	-26.223976	-1	0.0	0.340389564383
-13.5884	129.9257	-26.223731	27	0.648040528311	0.351959471689
-13.6451	129.8331	-26.137026	27	0.430569009447	0.569430990553
-16.9091	122.8864	-22.147853	17	1.0	0.442728845098
-13.486	119.9452	-21.55933	9	1.0	0.0
-14.296	132.7695	-20.531998	28	1.0	0.0
-15.8877	124.466	-19.655074	19	1.0	0.0
-11.9517	119.7825	-17.891512	3	0.461344159167	0.538655840833
-13.3865	120.3344	-17.100984	8	1.0	0.216241656345
-17.6581	124.7561	-17.000803	23	1.0	0.284182782363
-9.7643	120.1404	-15.422723	2	1.0	0.0
-9.6948	120.0158	-15.361437	2	0.289349825268	0.710650174732
-10.6993	134.9839	-13.81232	-1	0.0	0.0839535143193
-16.5394	129.4089	-12.531249	-1	0.0	0.105182598176
-16.0016	130.5709	-12.53076	24	1.0	0.0
-14.7514	126.2436	-10.820862	15	1.0	0.0
-13.0688	132.1083	-8.276138	31	1.0	0.0
-14.8955	129.107	-8.20549	-1	0.0	0.0158465651058
-13.2483	131.2848	-8.204084	35	1.0	0.0
-13.3267	130.9946	-7.78386	-1	0.0	0.036548625181
-13.5656	131.3715	-1.583582	35	0.547914300493	0.452085699507
-14.22	132.8789	-3.7e-05	28	1.0	0.288587055578
-13.2791	120.1847	0.315169	8	0.61684316044	0.38315683956
-16.9298	122.9041	0.351533	17	1.0	0.407445634644
-13.3854	134.4441	0.642525	-1	0.0	0.133504560153
-20.7317	120.1063	0.994536	6	1.0	0.0
-20.7373	120.2144	1.215426	6	1.0	0.0
-13.04	120.638	4.306801	11	1.0	0.0
-17.7261	124.724	4.768059	23	1.0	0.127968307572
-17.7376	124.6624	4.846943	23	1.0	0.0
-17.5999	122.815	4.861939	17	0.215886444418	0.784113555582
-17.7424	124.7225	9.298053	23	1.0	0.127968307572
-16.9879	122.9797	9.758971	17	0.837871432434	0.162128567566
-16.9351	122.8751	12.868866	17	1.0	0.436635313195
-13.2151	131.2088	13.249768	35	0.804034408679	0.195965591321
-15.4893	131.8272	14.090569	21	1.0	0.0
-17.0917	128.7291	15.386791	13	0.71564728299	0.28435271701
-13.3816	120.3843	16.033076	8	0.926605763993	0.0733942360072
-13.3482	120.3445	16.154633	8	1.0	0.20144251925
-13.8761	120.2417	21.656291	7	0.255863697433	0.744136302567
-14.2779	132.7122	23.192361	28	1.0	0.0358949284759
-13.6583	133.935	23.193161	29	1.0	0.0
-14.2674	132.5684	30.749885	28	0.365394940897	0.634605059103
-14.1099	133.098	30.750167	28	0.218667950549	0.781332049451
-13.906	132.9519	30.879521	28	0.181800760786	0.818199239214
-13.4514	120.3488	33.243976	8	0.606645207573	0.393354792427
-13.3824	120.3796	33.627293	8	1.0	0.057259326967
-13.5297	119.9404	33.627299	9	0.934028915408	0.0659710845921
-13.3044	131.2962	34.710012	35	1.0	0.0
-13.3225	131.1876	34.774819	35	1.0	0.0
-13.3641	131.1681	34.901119	35	1.0	0.143475653652
-11.9778	119.8496	35.020232	3	1.0	0.0
-17.6948	124.7143	35.428541	23	1.0	0.144240173419
-17.6939	124.7665	35.524088	23	1.0	0.0
-17.6676	124.742	35.560352	23	1.0	0.158457048912
-17.5558	124.7005	35.560393	23	0.305273146859	0.694726853141
-12.8657	120.7752	35.818133	10	0.606068741967	0.393931258033
-13.3869	131.7173	36.683212	34	1.0	0.00568083212597
-13.3646	131.8	36.920943	-1	0.0	0.265401714121
-13.9221	130.834	36.923847	-1	0.0	0.0438069394336
-15.9122	123.7881	38.778781	18	1.0	0.0
-12.8135	133.7039	39.301772	26	1.0	0.0
-13.2236	133.2015	39.365638	-1	0.0	0.0617617058419
-13.6822	130.225	41.604089	27	1.0	0.235195572322
-13.0644	131.245	41.604698	-1	0.0	0.282735935735
-12.7761	131.155	41.759517	-1	0.0	0.329784894388
-13.3582	130.5608	41.98542	-1	0.0	0.13980921514
-18.7127	132.4983	45.018959	5	1.0	0.0
-20.4	134.7525	46.141899	-1	0.0	0.0777035140207
-17.7329	124.7854	48.920681	23	0.89733966576	0.10266033424
-15.1261	131.815	52.010234	-1	0.0	0.0571349954525
-17.014	122.8842	52.44915	17	0.929594328597	0.0704056714025
-16.8796	122.7508	52.809479	17	0.411812333627	0.588187666373
-17.746	124.742	55.753908	23	0.912715169576	0.0872848304242
-13.2316	131.1736	56.514351	35	0.979320738575	0.0206792614245
-13.2445	131.1647	56.611133	35	0.926614060984	0.0733859390164
-13.2392	131.2616	56.912457	35	1.0	0.0
-13.0691	131.337	57.004052	-1	0.0	0.046496785129
-13.3623	120.3436	57.546171	8	1.0	0.20144251925
-13.6592	130.8892	65.75195	32	1.0	0.0
-17.7015	124.6917	67.160131	23	1.0	0.260450074351
-16.9988	122.9104	70.591202	17	1.0	0.0
-17.2225	122.7884	71.27077	17	0.25360123593	0.74639876407
-14.1926	132.9999	77.4665	28	0.447633212917	0.552366787083
-14.6669	126.3727	79.359988	-1	0.0	0.268712152089
-17.7564	124.7399	80.119483	23	0.882225085988	0.117774914012
-17.7796	124.5751	80.227245	23	0.306077961139	0.693922038861
-16.9454	122.8483	83.139938	17	1.0	0.0108839898703
-17.7306	124.6999	84.406396	23	1.0	0.332489019111
-13.0505	120.2805	85.022483	8	0.20092314032	0.79907685968
-15.7161	124.772	87.509539	20	0.332371276658	0.667628723342
-13.3432	120.3331	90.368603	8	1.0	0.0
-15.2523	130.194	90.398042	25	0.561250075235	0.438749924765
-13.094	131.164	93.276258	-1	0.0	0.140625760744
-13.0219	131.1695	93.27631	-1	0.0	0.038279250559
-17.6705	124.7972	99.591821	23	0.873150117575	0.126849882425
-17.6504	124.7755	100.055349	23	0.840481577053	0.159518422947
-16.9638	122.9132	100.825157	17	1.0	0.0
-12.9846	120.6087	101.838106	11	1.0	0.0
-17.6913	124.7629	102.592206	23	1.0	0.0
-17.7872	124.3241	102.900287	-1	0.0	0.275440252169
-16.8999	126.9706	103.146573	-1	0.0	0.0178959105572
-15.9242	124.4919	103.858999	19	0.35722512256	0.64277487744
-11.5494	123.0614	108.306664	0	0.101240731873	0.898759268127
-11.3363	123.6582	108.306742	0	0.996928427523	0.00307157247691
-13.3682	120.3517	108.568336	8	1.0	0.2577206561
-13.3626	120.3496	108.875764	8	1.0	0.20144251925
-18.616	127.4927	113.526885	-1	0.0	0.169880981103
-13.7283	133.5795	113.530343	29	0.94896869469	0.0510313053103
-17.7079	124.7552	113.659873	23	1.0	0.0320479094653
-13.6129	133.9709	119.080217	29	1.0	0.0
-17.7549	124.459	119.902899	22	1.0	0.0
-13.3906	120.3689	121.516697	8	1.0	0.227657326692
-13.8817	120.1498	121.575276	7	1.0	0.0
-15.3369	119.752	121.81935	4	0.580537782746	0.419462217254
-13.8712	120.1867	121.987121	7	0.500837126927	0.499162873073
-8.3879	127.1877	123.404881	1	1.0	0.0
-8.3768	127.1058	123.404924	1	1.0	0.0
-8.3341	127.2203	123.450429	1	1.0	0.0
-17.1253	123.8948	125.32316	-1	0.0	0.0687040811074
-16.9217	124.5159	126.24344	-1	0.0	0.69489724783
-17.1765	128.4421	127.645031	14	0.204803599629	0.795196400371
-17.0669	128.6426	127.893071	13	1.0	0.0
-15.6728	124.6118	129.400456	20	0.678365927075	0.321634072925
-15.6614	124.6844	129.498048	20	1.0	0.247865921983
-15.658	124.6336	129.645547	20	1.0	0.0
-15.6716	124.6504	129.815306	20	1.0	0.0
-15.8888	124.4435	131.507781	19	1.0	0.0
-13.0443	130.8897	132.09481	-1	0.0	0.231619073113
-16.9738	122.9049	133.92273	17	1.0	0.0629025504879
-17.6917	124.6905	134.08226	23	1.0	0.317460604259
-13.3486	131.1378	136.073293	35	1.0	0.0
-13.3236	131.3157	136.281842	35	0.897452871092	0.102547128908
-13.3453	131.1324	136.409072	35	1.0	0.0
-13.3318	120.3335	138.167999	8	1.0	0.0
-13.6578	130.0799	148.528905	27	1.0	0.18469874089
-20.4751	121.2194	149.928451	6	0.426772960765	0.573227039235
-17.7176	124.7548	149.928823	23	1.0	0.00894689049349
-17.6939	124.7826	150.075828	23	1.0	0.0577062015188
-13.8737	133.1131	150.586167	28	0.165024946719	0.834975053281
-13.7159	133.6562	150.586449	29	0.860949136945	0.139050863055
-13.322	131.35	151.54575	35	0.757444335892	0.242555664108
-13.3404	131.2915	151.602586	35	1.0	0.0
-17.7368	124.7622	160.729845	23	1.0	0.0494563161698
-16.9698	122.7109	163.894407	17	0.411812333627	0.588187666373
-12.9009	133.6633	164.32995	26	0.925490183118	0.0745098168822
-13.0273	133.1907	164.451259	-1	0.0	0.0658579434537
-12.8696	133.6448	164.451524	26	0.970710599577	0.0292894004228
-12.8849	133.7147	164.649016	26	0.816704189836	0.183295810164
-12.8941	120.7192	165.31397	10	1.0	0.0
-18.7249	132.425	166.034234	5	1.0	0.0
-17.6552	124.7496	166.347107	23	0.887581082141	0.112418917859
-20.7025	120.0119	169.384645	6	0.985588185619	0.0144118143812
-17.7115	124.7443	170.630642	23	1.0	0.0
-17.8014	124.5351	170.689961	22	0.676561501166	0.323438498834
-11.9254	119.8276	170.843541	3	0.410559448696	0.589440551304
-11.9389	119.8696	170.894068	3	0.73371002546	0.26628997454
-13.6867	130.846	173.303737	32	1.0	0.0
-13.6848	130.8256	173.798657	32	1.0	0.0
-17.7031	124.7069	176.925958	23	1.0	0.260450074351
-13.4048	131.4174	177.326867	35	0.757444335892	0.242555664108
-13.0068	132.1497	177.329836	31	0.864390815722	0.135609184278
-13.2374	131.7235	177.760291	-1	0.0	0.178394648757
-13.5025	131.8255	177.760311	-1	0.0	0.0580449575749
-13.3003	131.5531	177.949129	34	0.903989588857	0.0960104111434
-13.0468	132.1637	177.949473	31	1.0	0.0826509565678
-13.136	132.2555	177.949512	31	0.357436108191	0.642563891809
-12.9267	132.1029	177.982712	31	0.349885929924	0.650114070076
-13.0282	132.2309	178.011384	31	0.937914327415	0.0620856725851
-12.9666	132.1951	178.048496	31	0.528508883793	0.471491116207
-13.5146	131.5151	178.065343	-1	0.0	0.124935551776
-13.5273	131.4332	178.165957	35	0.571581261748	0.428418738252
-13.9521	130.9142	178.206434	-1	0.0	0.0735315826818
-11.3683	123.6123	183.955437	0	1.0	0.0
-11.4842	123.4414	184.055429	0	0.354443715617	0.645556284383
-17.6155	122.7311	184.848387	17	0.239653134385	0.760346865615
-14.7322	126.2347	184.849299	15	1.0	0.0
-14.8451	126.0413	184.94066	-1	0.0	0.433402531994
-17.7254	124.4443	185.166983	22	1.0	0.0
-16.9439	122.8951	186.931167	17	1.0	0.373230313787
-14.4659	126.244	188.61894	16	0.90563860208	0.0943613979196
-13.2059	131.1923	189.62979	35	0.905729016087	0.0942709839125
-13.5829	133.9209	191.013582	29	1.0	0.0
-13.5663	133.9083	191.036467	29	1.0	0.0
-14.3414	132.1896	191.832438	-1	0.0	0.264217330136
-17.7124	124.6977	193.755691	23	1.0	0.260450074351
-9.749	120.1374	194.584865	2	1.0	0.0
-16.8552	131.6189	197.758916	-1	0.0	0.0935046196772
-13.4092	120.0031	198.567791	9	1.0	0.0
-17.7597	124.7217	200.733494	23	0.93676059861	0.0632394013896
-17.0429	130.889	201.976387	-1	0.0	0.261829200739
-15.6401	124.6367	202.497779	20	0.95822244442	0.0417775555804
-15.6417	124.6151	203.031305	20	0.945754138293	0.054245861707
-13.0452	132.1036	204.876815	31	1.0	0.0
-13.0281	132.2538	204.934795	31	0.502278151796	0.497721848204
-13.0298	132.1097	205.10024	31	1.0	0.0
-15.9118	124.4118	208.232896	19	0.378110326598	0.621889673402
-15.8697	124.4516	208.335692	19	1.0	0.0
-15.8817	124.1468	208.335716	-1	0.0	0.633301363108
-17.6974	124.7563	208.494141	23	1.0	0.00894689049349
-15.9111	124.4431	208.607659	19	0.7421768973	0.2578231027
-13.7734	133.5337	210.24458	29	0.628957289559	0.371042710441
-17.0253	129.8117	210.487141	-1	0.0	0.105182598176
-13.3361	120.3289	213.511129	8	1.0	0.0
-17.2933	122.2785	215.534458	12	0.423724515445	0.576275484555
-16.9286	122.9236	215.589236	17	1.0	0.457231991155
-16.9563	122.9402	215.774975	17	1.0	0.475114288129
-16.9455	122.9655	215.985419	17	0.927374014807	0.0726259851929
-15.2342	130.315	219.368422	25	0.893306435638	0.106693564362
-13.2678	120.3008	221.455464	8	1.0	0.0269597544533
-13.2378	120.2345	221.518103	8	0.699116061644	0.300883938356
-17.1173	127.9403	221.858919	14	0.254504882773	0.745495117227
-17.0102	128.1671	221.858954	14	1.0	0.0
-17.1087	128.0108	221.992747	14	0.432036012068	0.567963987932
-17.2004	128.2289	221.992833	14	0.672651153763	0.327348846237
-17.1645	127.6617	222.177251	-1	0.0	0.451585346855
-16.9889	128.1466	222.325819	14	0.826068950508	0.173931049492
-17.7268	124.7642	224.561363	23	1.0	0.0
-13.3635	131.1159	228.69756	35	1.0	0.0
-13.3189	131.2233	228.697614	35	1.0	0.174342093699
-17.9078	124.2336	232.992641	-1	0.0	0.576962839542
-15.8673	124.454	234.621894	19	1.0	0.0
-15.78	124.4663	234.621945	19	0.306732688365	0.693267311635
-15.6672	124.688	250.442982	20	1.0	0.160320532535
-17.3065	122.7549	252.428952	17	0.220231667551	0.779768332449
-13.7748	130.831	252.629397	32	0.972644131604	0.0273558683962
-12.7977	132.1635	252.832645	-1	0.0	0.024078397061
-17.7478	124.7558	256.334563	23	1.0	0.227275457594
-17.7853	124.7912	256.401068	23	0.431819965406	0.568180034594
-13.9946	133.443	264.345367	29	0.32637098365	0.67362901635
-15.6857	123.7032	266.34874	18	0.301838707991	0.698161292009
-13.3673	120.3444	267.232446	8	1.0	0.20144251925
-13.3329	120.3092	267.29912	8	1.0	0.0229663853765
-17.0437	128.1036	268.233639	14	0.696937712556	0.303062287444
-17.749	124.7152	268.717724	23	1.0	0.262880401457
-17.7296	124.6755	268.829273	23	1.0	0.0702960623314
-17.6695	124.7324	268.932163	23	1.0	0.188082782226
-17.6941	124.4783	268.932173	22	1.0	0.0
-13.3669	130.9235	269.504268	-1	0.0	0.036548625181
-12.9077	120.6924	271.646135	10	0.69656056596	0.30343943404
-12.9129	120.7424	271.887481	10	1.0	0.0
-13.2848	131.432	273.493766	-1	0.0	0.0322839109153
-14.4349	126.2137	275.576572	16	0.644267482766	0.355732517234
-14.5554	126.0963	275.671969	16	0.266883520254	0.733116479746
-13.6145	130.5701	277.585073	-1	0.0	0.229365080462
-13.3427	131.2723	277.585424	35	1.0	0.0
-13.0878	120.6329	277.675953	11	0.707913502761	0.292086497239
-13.0455	120.6074	277.722466	11	1.0	0.0
-13.3786	131.0568	277.804792	-1	0.0	0.0934778299169
-13.3703	131.3822	278.167695	35	0.757444335892	0.242555664108
-16.6701	129.9238	280.144769	-1	0.0	0.196693817071
-17.5849	124.7426	280.216034	23	0.409086401534	0.590913598466
-17.7294	124.6519	286.002283	23	1.0	0.0
-13.8419	130.38	286.988154	27	0.350751393408	0.649248606592
-13.1759	130.7612	287.119794	30	1.0	0.0
-13.1731	130.7109	287.259711	30	1.0	0.0
-13.1893	131.9604	287.755622	-1	0.0	0.0746715198078
-13.1068	132.1318	288.38912	31	0.686881031737	0.313118968263
-15.6498	124.7033	291.464732	20	1.0	0.160320532535
-13.2925	120.2838	291.655557	8	1.0	0.0223105240597
-16.971	122.8411	301.311642	17	1.0	0.0
-16.9533	122.9686	301.407553	17	0.894561817145	0.105438182855
-12.9441	133.3161	305.100155	26	0.231684353523	0.768315646477
-13.3973	120.3047	306.313612	8	0.889543138483	0.110456861517
-16.879	122.839	309.74841	17	0.624679941428	0.375320058572
-13.3043	131.1129	309.787129	35	1.0	0.241095638733
-13.2938	131.2504	309.787183	35	1.0	0.174342093699
-13.5261	131.3339	309.84191	-1	0.0	0.062669232239
-12.8979	131.4042	309.842143	-1	0.0	0.35762995009
-13.3122	131.2344	309.952319	35	1.0	0.0837261179591
-13.0647	132.2103	313.982845	31	1.0	0.0735689124658
-13.0662	132.1064	314.122726	31	1.0	0.0
-12.5019	132.4173	314.347094	-1	0.0	0.30166482691
-13.0779	132.0592	314.708014	31	0.483669059851	0.516330940149
-11.3797	123.6127	315.73078	0	1.0	0.0
-17.702	124.7381	315.83733	23	1.0	0.236891097874
-17.7014	124.6605	315.933188	23	0.872488929998	0.127511070002
-14.2518	132.76	316.558611	28	0.856876333287	0.143123666713
-14.4972	126.227	317.924074	16	1.0	0.0
-17.2508	122.8669	318.400644	17	0.249956776433	0.750043223567
-13.3617	120.3267	320.143972	8	1.0	0.230107043972
-8.2634	124.9643	320.146544	1	0.565202878207	0.434797121793
-17.7271	124.7266	322.020762	23	1.0	0.127968307572
-17.7314	124.6219	322.142102	23	0.988801212572	0.0111987874279
-17.7079	124.631	322.215142	23	0.701456498399	0.298543501601
-13.5384	133.7851	329.152248	29	1.0	0.0
-14.4877	126.1713	330.291033	16	0.69141172415	0.30858827585
-17.7307	124.7043	331.730103	23	1.0	0.262880401457
-17.7508	124.6514	331.858671	23	1.0	0.0
-17.7091	124.7264	334.917408	23	1.0	0.127968307572
-13.3612	120.3691	335.397658	8	1.0	0.228701138279
-13.3415	120.32	335.5222	8	1.0	0.159235079507
-13.364	120.3087	335.578205	8	1.0	0.0
-13.7095	130.9001	335.654975	32	1.0	0.0
-13.4101	131.5652	335.655329	34	0.969146468705	0.0308535312951
-13.3326	120.2595	335.711038	8	1.0	0.0
-16.9772	122.9224	338.972209	17	1.0	0.0
-16.9636	122.9356	339.140462	17	1.0	0.465705101737
-17.7073	124.7403	347.073938	23	1.0	0.0
-13.0467	132.205	347.248671	31	1.0	0.0
-13.0189	132.2087	347.397992	31	1.0	0.0
-14.7529	126.2225	350.321802	15	1.0	0.0
-19.5621	125.0418	350.870883	-1	0.0	0.244469335219
-17.3974	128.1224	350.871457	14	0.542743905517	0.457256094483
-17.371	128.2276	350.988293	14	0.478455683031	0.521544316969
-12.7702	133.6941	353.233109	26	1.0	0.0
-13.1608	132.7813	353.336525	-1	0.0	0.206417403988
-12.7701	133.6998	353.337109	26	1.0	0.0
-17.7378	124.6708	354.807465	23	0.912553813776	0.087446186224
-17.6235	124.6576	354.905568	23	0.392790427179	0.607209572821
-14.1382	132.6689	356.051951	28	0.350317427076	0.649682572924
-13.8992	133.457	356.052411	29	0.418609963901	0.581390036099
-13.3123	131.2749	359.746428	35	1.0	0.0
-13.3245	120.312	360.09861	8	1.0	0.0288285009641
-13.3053	131.4924	360.140433	35	0.502156902475	0.497843097525
-20.5091	120.4391	362.978478	6	0.941066180889	0.0589338191105
-17.031	128.3731	363.161808	14	0.281041525945	0.718958474055
-14.5085	126.2459	364.83251	16	1.0	0.0
-17.0074	122.9048	365.376053	17	1.0	0.341689119736
-16.9894	122.8401	365.460492	17	1.0	0.0
-17.0136	129.8023	366.01288	-1	0.0	0.0836240909726
-17.0291	126.9423	366.851519	-1	0.0	0.0799412675129
-9.1047	126.2149	367.532458	1	0.918621033014	0.0813789669865
-8.3401	127.1136	367.533028	1	1.0	0.0
-13.3312	131.2101	371.052238	35	1.0	0.0
-13.5671	130.6366	371.098419	-1	0.0	0.115371421107
-13.0534	132.2981	374.09568	31	0.313873351339	0.686126648661
-13.0548	132.1481	374.239142	31	1.0	0.252635150202
-13.3909	131.1614	376.160356	35	0.875836651915	0.124163348085
-13.1889	120.5252	377.121977	-1	0.0	0.435329704795
-13.0403	120.5472	377.122036	11	0.684114465703	0.315885534297
-13.0113	120.5995	377.176254	11	1.0	0.0
-13.5053	130.9765	381.343996	-1	0.0	0.0608523804709
-18.7392	132.2857	382.125612	5	0.509360048598	0.490639951402
-17.3754	134.5044	382.126921	-1	0.0	0.413791700177
-18.7401	132.3847	382.273189	5	1.0	0.0
-17.7276	124.717	383.010464	23	1.0	0.127968307572
-17.5665	124.7733	383.010514	23	0.326253515879	0.673746484121
-13.4099	131.4925	383.860003	-1	0.0	0.0324137174266
-12.1293	133.5714	383.861497	-1	0.0	0.314253492618
-13.4134	119.9661	384.045761	9	1.0	0.0
-13.2875	120.1594	384.045802	8	0.61684316044	0.38315683956
-13.594	120.1193	384.235368	-1	0.0	0.185070873463
-14.0161	133.8179	385.132752	29	0.325317700855	0.674682299145
-8.5086	125.0299	388.942435	1	0.614429335322	0.385570664678
-12.8104	133.773	391.295961	26	0.609760460141	0.390239539859
-12.8201	133.6435	391.686808	26	0.925490183118	0.0745098168822
-14.5356	126.0153	394.824062	-1	0.0	0.377907763558
-14.4226	126.1778	394.824087	16	0.605518805209	0.394481194791
-16.9755	128.2598	396.565773	14	0.451837666781	0.548162333219
-16.9099	128.6603	396.565821	13	1.0	0.0
-11.9249	119.8569	398.342735	3	0.527052114363	0.472947885637
-11.9235	119.8784	399.398441	3	0.608381561502	0.391618438498
-21.2889	120.2919	402.19226	6	1.0	0.0
-17.6991	124.803	402.192676	23	1.0	0.167258797622
-17.1963	121.85	402.680054	12	0.598759747737	0.401240252263
-17.7042	121.6997	402.885302	12	1.0	0.0
-17.6761	121.365	402.885349	12	0.533236979371	0.466763020629
-17.9758	121.6734	403.190427	12	1.0	0.0
-17.657	121.7037	403.190509	12	1.0	0.0
-12.884	120.6387	403.993424	-1	0.0	0.144512953173
-15.8464	123.7152	408.43785	18	0.544184021019	0.455815978981
-14.7507	119.8431	415.173407	4	0.103521495359	0.896478504641
-13.3601	131.1928	415.530075	35	1.0	0.0
-13.3527	131.2618	416.089993	35	1.0	0.0114640455247
-8.6537	121.3745	417.500348	-1	0.0	0.291610665838
-17.3508	128.2232	417.671317	14	0.541357678194	0.458642321806
-20.5125	120.6576	421.769916	6	0.748666672791	0.251333327209
-13.0453	132.0551	422.180121	31	0.478082863099	0.521917136901
-13.0416	132.125	422.254879	31	1.0	0.0658429692038
-14.9648	129.7189	422.338506	-1	0.0	0.0170197177615
-13.0599	132.3238	422.40977	31	0.227746564588	0.772253435412
-13.0295	132.1791	422.533243	31	1.0	0.167579978986
-13.2256	131.6225	422.695552	-1	0.0	0.217178740299
-16.6746	124.0478	431.231279	-1	0.0	0.684255577969
-17.7207	124.6867	434.321569	23	1.0	0.260450074351
-13.1685	131.8079	439.378119	33	1.0	0.0
-13.1674	130.734	440.948873	30	1.0	0.0
-17.694	124.7139	441.887104	23	1.0	0.141519493708
-17.6471	124.6744	443.27816	23	0.557137041581	0.442862958419
-15.784	131.1171	449.820859	-1	0.0	0.116070191041
-11.9164	119.8823	455.195009	3	0.520156793524	0.479843206476
-11.9108	119.847	455.253642	3	0.418031081798	0.581968918202
-13.3692	120.3136	457.378133	8	1.0	0.0629472224038
-13.334	120.362	457.565512	8	1.0	0.290400490924
-17.6668	125.113	459.628232	-1	0.0	0.0153016387226
-17.7023	124.667	459.781239	23	0.876098347835	0.123901652165
-13.4321	120.3237	464.427376	8	0.716854542935	0.283145457065
-13.4515	120.3543	464.715456	8	0.573971387836	0.426028612164
-13.0581	131.8413	465.54477	33	1.0	0.0
-16.9787	122.9147	465.992008	17	1.0	0.0
-15.6877	119.7751	466.645927	4	0.382630221789	0.617369778211
-15.9631	123.6754	469.757725	18	0.632548090284	0.367451909716
-16.9336	124.505	471.239227	-1	0.0	0.684255577969
-13.5	131.4153	473.206867	35	0.757444335892	0.242555664108
-17.6992	124.4279	474.488178	22	1.0	0.0
-12.9747	133.3839	480.77629	26	0.207779057888	0.792220942112
-13.5198	131.3366	481.733266	-1	0.0	0.0354958181344
-16.9022	123.2692	482.173632	17	0.124296810593	0.875703189407
-17.0128	122.8601	482.255403	17	0.878817512447	0.121182487553
-12.7971	133.7143	482.734827	26	1.0	0.0
-12.8374	133.675	482.830019	26	1.0	0.0
-12.7875	133.6166	483.081279	26	0.666516895807	0.333483104193
-13.2881	120.2107	483.353967	8	0.61684316044	0.38315683956
-13.3448	120.3376	483.49433	8	1.0	0.0978083411648
-13.3013	120.3135	483.679444	8	1.0	0.175934117476
-13.5791	133.6766	483.882043	29	1.0	0.0
-13.0799	134.1069	484.013666	-1	0.0	0.196252111451
-15.1017	131.4507	484.201234	21	1.0	0.0
-14.226	132.8403	484.202157	28	1.0	0.0
-14.2791	132.7182	484.215736	28	1.0	0.00257267388879
-14.2495	132.6777	484.303445	28	1.0	0.0358949284759
-13.6468	133.3088	484.490149	28	0.102458032585	0.897541967415
-14.202	132.8173	485.43974	28	0.881348941365	0.118651058635
-14.2045	132.9186	485.803115	28	0.577740395408	0.422259604592
-14.2132	132.8283	486.190045	28	1.0	0.134793543102
-17.3484	128.1969	488.23369	14	0.725505561579	0.274494438421
-13.6475	133.6202	490.181533	29	0.94896869469	0.0510313053103
-12.8657	131.5173	491.388764	-1	0.0	0.45388123256
-12.9155	120.7593	496.221539	10	1.0	0.0
-15.973	123.6605	498.145351	18	0.521234397671	0.478765602329
-15.9829	123.6302	498.246535	18	0.460816713019	0.539183286981
-17.3481	128.1386	498.758413	14	0.725505561579	0.274494438421
-17.3128	128.1379	498.976617	14	0.691017780051	0.308982219949
-17.4539	122.8681	500.701795	17	0.239653134385	0.760346865615
-17.6688	124.7685	503.421714	23	1.0	0.102343308872
-15.8179	124.3691	503.739705	19	0.229066805567	0.770933194433
-15.8896	124.4587	504.059084	19	1.0	0.0
-13.3147	131.6519	504.903309	34	1.0	0.0
-13.3156	131.6901	504.905834	34	1.0	0.0
-13.9976	133.7368	505.786795	29	0.337768722804	0.662231277196
-16.8959	131.2659	511.058848	-1	0.0	0.00885196931845
-14.529	126.2093	511.448584	16	0.914593256563	0.0854067434369
-14.5186	126.2138	511.484541	16	1.0	0.0
-14.5314	126.1939	511.492016	16	0.803745365577	0.196254634423
-16.9255	122.8369	513.493924	17	1.0	0.0
-16.9026	122.6149	513.493959	17	0.186436836482	0.813563163518
-16.9262	122.8714	513.708728	17	1.0	0.545580784928
-16.9642	122.8355	513.799111	17	1.0	0.0
-16.8311	124.0758	514.474054	-1	0.0	0.684255577969
-13.3081	131.126	520.950214	35	1.0	0.0303391896275
-13.3691	120.2672	522.606852	8	1.0	0.0
-13.3258	120.3586	522.698193	8	0.911644756006	0.0883552439936
-13.4027	120.2773	522.809252	8	0.670641402406	0.329358597594
-13.3924	120.31	522.903571	8	1.0	0.0564041216973
-13.179	120.4098	522.903667	8	0.262330278607	0.737669721393
-14.1654	132.654	532.992603	28	0.453606468115	0.546393531885
-14.2289	132.6693	533.213104	28	0.71851059716	0.28148940284
-17.7465	124.6267	533.7276	23	0.804406827866	0.195593172134
-17.7058	124.7421	533.72762	23	1.0	0.0
-17.666	124.5723	533.770936	23	0.276188397335	0.723811602665
-17.6768	124.7344	533.811671	23	1.0	0.158457048912
-17.5911	124.4806	533.866296	-1	0.0	0.0977798478957
-17.6503	124.6769	533.903869	23	0.60123070586	0.39876929414
-13.0885	131.8861	543.176997	-1	0.0	0.00629483773433
-13.0463	132.1038	543.177095	31	1.0	0.0
-13.0111	132.197	543.294673	31	1.0	0.265079440631
-13.095	132.0851	544.206436	31	0.801114461832	0.198885538168
-13.0698	132.1647	544.206503	31	1.0	0.191262493326
-11.3303	123.6564	544.706082	0	1.0	0.0
-11.404	123.5543	544.909469	0	0.845021844101	0.154978155899
-11.3544	123.6886	545.289715	0	0.655211023707	0.344788976293
-13.3724	120.2257	545.478513	8	0.624394509065	0.375605490935
-14.9309	125.6173	546.463901	-1	0.0	0.784392797079
-14.7454	126.2051	546.463988	15	1.0	0.0
-12.9589	120.5006	548.653284	-1	0.0	0.364096785668
-13.3792	120.2417	552.160545	8	0.781787533453	0.218212466547
-13.3363	120.1397	552.409354	8	0.333805529529	0.666194470471
-17.354	128.1319	556.038019	14	0.657215861617	0.342784138383
-16.8905	122.8123	556.323865	17	0.565772896869	0.434227103131
-17.6757	124.7703	559.932582	23	1.0	0.0
-17.6922	124.7202	560.096027	23	1.0	0.127968307572
-15.9869	123.669	561.832875	18	0.576272018688	0.423727981312
-16.0485	123.4202	561.877614	18	0.180089305225	0.819910694775
-15.8832	124.2589	563.041488	-1	0.0	0.363520994867
-13.2584	120.2499	563.131727	8	0.92761257965	0.0723874203504
-13.1254	130.6236	567.819632	-1	0.0	0.13980921514
-17.6689	124.7127	569.033358	23	1.0	0.25362852179
-17.6391	124.7209	569.454121	23	0.697384536406	0.302615463594
-14.2668	132.6767	569.80075	28	1.0	0.0358949284759
-14.244	132.5927	570.376567	28	0.365394940897	0.634605059103
-14.2662	132.7777	570.376636	28	1.0	0.0
-14.1522	132.8862	570.445346	28	1.0	0.288587055578
-17.6934	124.6929	570.521437	23	1.0	0.281236505431
-17.688	124.372	570.521449	22	0.722262071286	0.277737928714
-14.2549	132.7317	570.621534	28	1.0	0.0
-14.2199	132.8182	570.784653	28	1.0	0.0457693123582
-13.4654	120.2449	572.989595	8	0.362741056726	0.637258943274
-13.3424	120.329	573.499813	8	1.0	0.0
-17.0116	128.0602	577.971872	14	0.445291215274	0.554708784726
-16.8844	123.3238	581.735842	17	0.107055221955	0.892944778045
-16.9026	123.2431	582.011176	17	0.141241594288	0.858758405712
-13.7209	133.6019	587.718633	29	0.889550853359	0.110449146641
-13.3389	120.195	588.436018	8	0.56973511854	0.43026488146
-13.4919	133.8712	588.756911	29	1.0	0.0397976463882
-13.4857	133.8197	588.795455	29	1.0	0.0
-13.5701	133.6787	588.815263	29	1.0	0.0
-13.4948	133.8935	588.815372	29	1.0	0.0225933570278
-13.066	131.8299	588.964289	33	1.0	0.0
-13.5195	133.7195	589.046034	29	1.0	0.0
-13.4056	131.5984	589.356323	34	1.0	0.0
-12.9457	120.7352	589.806753	10	1.0	0.0
-12.7115	120.8002	589.806834	-1	0.0	0.0683997855156
-12.9529	120.7371	589.981535	10	1.0	0.0
-15.6463	131.443	593.185591	21	1.0	0.0
-15.6773	131.3854	593.401101	21	1.0	0.0
-13.4148	131.1061	596.471925	35	0.694332791511	0.305667208489
-13.3876	131.1243	597.057753	35	1.0	0.0
-17.0285	129.7377	599.975175	-1	0.0	0.196693817071
