-2.0113	110.7757	5.4e-05	23	0.610721725417	0.389278274583
-2.244	110.9188	-590.56571	20	1.0	0.0
-2.6217	115.9546	-590.136478	6	0.498259713472	0.501740286528
3.3285	114.4714	-586.317079	10	1.0	0.0
1.6138	101.1229	-585.576435	14	1.0	0.0
1.5688	101.1079	-585.518712	14	0.580983792993	0.419016207007
-6.6411	108.025	-577.333336	-1	0.0	0.246618233221
-2.5417	102.7586	-576.631283	-1	0.0	0.359219201492
0.6727	117.0308	-574.853493	12	0.700333954032	0.299666045968
0.7255	116.945	-574.665646	12	1.0	0.0
0.7482	116.9467	-574.623761	12	1.0	0.0
3.2704	103.2904	-568.640449	3	1.0	0.0
-1.8348	110.493	-564.729937	24	1.0	0.0724572261861
-1.8163	110.5036	-564.098464	24	0.797934829014	0.202065170986
-3.3293	115.4136	-563.829678	6	0.171984729719	0.828015270281
-2.9761	115.5397	-563.829531	6	0.171984729719	0.828015270281
-3.3554	115.4507	-563.733268	6	0.168582346976	0.831417653024
6.3592	101.4736	-562.67606	1	0.301003896581	0.698996103419
-2.3367	111.0314	-560.071471	20	1.0	0.0452555732703
-0.2408	101.9833	-551.999717	16	0.736868124112	0.263131875888
-2.2216	114.1569	-551.606344	5	1.0	0.0
-2.2204	114.1566	-551.498997	5	1.0	0.0
-2.2153	114.1869	-551.227926	5	0.900033815617	0.0999661843828
-2.272	114.3624	-551.227822	5	0.263616469309	0.736383530691
3.7596	116.852	-549.052274	17	1.0	0.172861087946
3.8179	116.7846	-548.952116	17	1.0	0.0
2.3511	100.3871	-546.101591	13	0.721850270048	0.278149729952
3.818	116.5767	-542.377468	17	0.449080457858	0.550919542142
3.3235	103.2792	-542.127641	3	0.6297508835	0.3702491165
2.1778	116.5594	-541.489836	21	0.715010830883	0.284989169117
2.1749	116.5528	-541.361625	21	0.683834594031	0.316165405969
2.0272	113.1332	-535.778257	9	0.535104874936	0.464895125064
0.2855	116.8966	-534.857136	12	0.144057278497	0.855942721503
-2.3051	113.2777	-534.473081	-1	0.0	0.488080660252
-1.8983	110.5411	-528.786973	24	1.0	0.0799814885052
-1.8792	110.5317	-528.695412	24	1.0	0.0
-2.2432	110.9454	-522.632514	20	1.0	0.0
5.8638	101.7274	-514.694182	1	0.759952732317	0.240047267683
1.9894	116.5075	-507.111183	21	0.486758267852	0.513241732148
3.7721	116.7288	-503.456163	17	1.0	0.23461782421
3.9385	116.5795	-494.833241	17	0.474537319077	0.525462680923
2.319	100.6416	-494.705224	13	0.185581645142	0.814418354858
2.3357	116.6998	-493.982184	22	1.0	0.232826527143
0.5903	116.8537	-491.600653	12	0.314819707125	0.685180292875
3.4106	103.1536	-487.377902	3	0.217043827239	0.782956172761
2.3658	100.4315	-484.529598	13	1.0	0.0
-0.9405	102.0311	-482.431474	15	0.539486870085	0.460513129915
-1.0685	101.8142	-482.431454	15	1.0	0.0
-1.0559	101.9339	-482.185076	15	1.0	0.0
2.961	99.6159	-464.865947	2	0.385778660472	0.614221339528
2.9611	99.57	-464.855921	2	0.401572959084	0.598427040916
-2.8468	116.0852	-463.593534	6	1.0	0.0
-2.8324	116.2703	-463.593471	6	0.31305894126	0.68694105874
2.0427	113.0644	-460.956138	9	1.0	0.0
2.033	113.0758	-460.695268	9	1.0	0.0
1.1417	115.5428	-460.533	8	1.0	0.0
2.2894	100.5018	-455.274249	13	0.488712818905	0.511287181095
2.3485	100.578	-455.274221	13	0.293442415245	0.706557584755
2.3795	116.8999	-454.647999	22	1.0	0.0
2.4034	116.9062	-454.634588	22	1.0	0.123506177751
3.4381	114.4445	-450.255729	10	1.0	0.0787193146626
3.7459	116.8976	-448.590954	17	1.0	0.392133804085
3.2623	114.7522	-441.223176	10	1.0	0.0
6.0845	101.7766	-440.180274	1	1.0	0.0
-2.0741	110.8076	-434.602633	23	1.0	0.0
-1.7452	110.4661	-426.075661	24	0.312681341746	0.687318658254
-1.8322	110.4725	-426.058834	24	0.750951007778	0.249048992222
2.3635	116.7811	-422.873865	22	1.0	0.0
2.3064	116.7741	-422.746231	22	1.0	0.0174074901022
2.3805	116.7334	-422.66452	22	1.0	0.0
2.3742	116.7321	-422.552521	22	1.0	0.0
2.3345	116.7657	-422.473837	22	1.0	0.0
1.6025	101.1402	-421.004553	14	0.769729414932	0.230270585068
3.3664	103.4636	-418.885305	3	0.270343140779	0.729656859221
-2.7585	115.9004	-409.687187	6	0.676328290808	0.323671709192
-2.8293	115.9691	-409.561242	6	1.0	0.0
-2.6736	115.8072	-409.363013	6	0.365896170899	0.634103829101
2.2811	100.4525	-406.986783	13	0.85119618856	0.14880381144
-1.0042	102.0688	-400.305336	15	0.436498377684	0.563501622316
2.2089	100.3199	-396.362226	13	0.308213485566	0.691786514434
2.3917	116.714	-392.060676	22	1.0	0.0
-3.3756	115.3631	-391.568843	6	0.171984729719	0.828015270281
2.4242	116.7329	-391.476152	22	1.0	0.0
0.4176	111.8703	-390.753405	7	0.121196928462	0.878803071538
2.0505	112.8704	-390.247842	9	0.108539192717	0.891460807283
0.7441	116.9657	-389.198279	12	1.0	0.152012062897
-0.1947	102.0654	-387.186587	16	1.0	0.0
2.1657	116.484	-377.860743	21	0.52951802831	0.47048197169
2.0724	116.4809	-377.810958	21	0.492940651351	0.507059348649
-2.3375	111.0728	-373.505735	20	1.0	0.19530636792
-2.3063	111.2959	-373.505592	-1	0.0	0.385093102291
-2.3044	111.0538	-373.389059	20	1.0	0.0
-2.3559	111.1373	-373.366836	20	1.0	0.464529993756
-2.2098	111.0258	-373.273477	20	0.613905291693	0.386094708307
3.2498	114.7711	-369.612594	10	1.0	0.0
1.5684	101.1078	-362.371652	14	0.574587348684	0.425412651316
3.5082	98.8276	-362.274538	2	0.918685192653	0.0813148073471
-1.0738	101.8563	-361.833181	15	1.0	0.0
2.039	113.0492	-353.237109	9	0.807930686243	0.192069313757
2.0426	113.0585	-353.181469	9	1.0	0.0
3.9205	116.5876	-352.453038	17	0.502681074676	0.497318925324
3.9277	116.725	-351.876375	17	0.953460651689	0.0465393483111
4.0662	102.64	-349.586307	4	0.531338823526	0.468661176474
1.586	101.1042	-344.123554	14	0.825939796576	0.174060203424
2.3609	116.8414	-336.734678	22	1.0	0.413235503551
-2.7346	115.8415	-332.047792	6	0.497416371217	0.502583628783
3.9653	116.7557	-331.09717	17	0.870996877687	0.129003122313
0.3915	116.9296	-314.105909	12	0.197147418851	0.802852581149
-2.2929	110.9446	-313.35593	20	1.0	0.126686254507
-0.1852	102.0708	-311.915339	16	1.0	0.0
-1.8675	110.4869	-310.697296	24	1.0	0.0
2.0804	113.0691	-306.448886	9	0.997577514026	0.00242248597408
3.3725	102.5133	-304.334498	-1	0.0	0.0990990521254
3.2058	103.3121	-299.671708	3	0.881359550513	0.118640449487
3.7866	116.7689	-298.640636	17	1.0	0.0
3.7872	116.7511	-298.505333	17	1.0	0.0
0.1865	110.5545	-292.932357	7	0.180432772997	0.819567227003
0.7364	110.9867	-292.931958	7	1.0	0.0
2.3188	116.7952	-290.219503	22	1.0	0.0548926562144
-2.3066	112.0733	-289.448594	11	0.0919787843229	0.908021215677
-1.2094	116.4926	-289.032589	6	0.0620667476331	0.937933252367
0.7049	116.9482	-280.444749	12	1.0	0.25770152656
2.0065	116.6274	-277.383294	21	0.91077484755	0.08922515245
2.0516	116.6265	-277.380325	21	1.0	0.0
5.9684	101.8332	-276.451497	1	1.0	0.0
1.5892	101.2083	-272.569037	14	0.193581623978	0.806418376022
3.9328	98.8521	-265.877159	2	1.0	0.0
-1.2518	116.3892	-261.303299	6	0.0650318005503	0.93496819945
2.3514	100.4673	-259.440876	13	0.85119618856	0.14880381144
-1.0268	101.8528	-259.093534	15	1.0	0.0
1.6597	101.3537	-256.837042	14	0.062282189732	0.937717810268
-2.3013	114.1011	-253.671521	5	0.809847178229	0.190152821771
-2.3895	111.1156	-250.498427	20	1.0	0.377208485446
1.0615	115.7431	-247.212997	8	1.0	0.0
-1.876	110.482	-242.56916	24	1.0	0.0
3.4319	117.0132	-242.377081	17	0.559581459752	0.440418540248
-1.864	110.4897	-242.245315	24	1.0	0.0205657657467
-1.8356	110.4942	-242.147361	24	1.0	0.0
-1.8335	110.6757	-242.147261	24	0.275621372793	0.724378627207
0.8035	116.9168	-239.439022	12	0.960510711141	0.0394892888587
0.7208	116.8333	-238.638288	12	0.370691377423	0.629308622577
0.8129	116.9507	-238.638208	12	0.971616373211	0.0283836267886
2.4395	116.6696	-237.605478	22	0.845096992699	0.154903007301
-2.2473	110.9329	-236.281323	20	1.0	0.0
-2.3559	111.0561	-235.065098	20	1.0	0.0777502591942
3.2613	103.2948	-224.204175	3	1.0	0.0
3.9949	102.6094	-222.224999	4	0.524303396247	0.475696603753
3.5282	114.7195	-219.022625	10	1.0	0.422723295017
-0.2158	102.0778	-216.414099	16	1.0	0.0
-0.2287	102.0919	-216.19429	16	1.0	0.0
0.7543	117.0148	-209.45618	12	1.0	0.0
0.7351	117.004	-209.343676	12	1.0	0.0
0.7618	117.0052	-209.251978	12	1.0	0.0
0.7715	117.0189	-209.16842	12	1.0	0.147729214205
0.7557	116.9989	-209.06758	12	1.0	0.0
6.3412	101.543	-200.544655	1	0.345734117913	0.654265882087
6.2917	100.4145	-200.209577	-1	0.0	0.238729465879
-2.2345	111.834	-196.555771	11	0.630009436753	0.369990563247
-2.2926	111.7875	-196.454107	11	0.23248584886	0.76751415114
-1.9119	110.4917	-194.738182	24	0.980978518577	0.0190214814231
3.7979	116.899	-194.545451	17	0.853145082085	0.146854917915
-1.8834	110.8177	-194.505874	-1	0.0	0.153531404395
1.6123	101.1028	-192.158412	14	0.86974531852	0.13025468148
-2.8418	116.0758	-191.761088	6	1.0	0.094251132324
-2.8425	116.1099	-191.679378	6	1.0	0.289616485004
-2.9684	116.0017	-191.534648	6	0.919076916481	0.0809230835191
4.3289	102.5686	-188.083059	4	1.0	0.0
-2.2144	110.9189	-182.234862	20	1.0	0.0
2.0131	113.1066	-181.414028	9	0.711001951882	0.288998048118
2.0406	113.1334	-181.367234	9	0.469682492303	0.530317507697
2.0595	113.0697	-181.066708	9	1.0	0.0
-2.3252	111.0322	-177.874683	20	1.0	0.000844429110721
-2.337	111.0493	-177.812341	20	1.0	0.0
-2.3624	111.1037	-177.79763	20	1.0	0.407031300622
-2.3245	111.0513	-177.741789	20	1.0	0.0
-2.3785	111.1331	-177.741737	20	1.0	0.407031300622
2.3552	116.7616	-170.387234	22	1.0	0.0
5.9485	101.7882	-168.455917	1	1.0	0.0
5.9381	101.9684	-168.455917	1	0.560718308733	0.439281691267
1.6194	101.1678	-159.314183	14	0.482532997478	0.517467002522
-0.9436	101.862	-153.676583	15	1.0	0.0
-2.0988	110.783	-151.835865	23	0.668808379376	0.331191620624
0.7429	116.9165	-148.364006	12	1.0	0.345427873061
0.7302	117.0191	-148.235586	12	1.0	0.151810882264
-1.8619	110.5066	-147.060924	24	1.0	0.0
-1.8482	110.5364	-146.949382	24	0.978208070074	0.0217919299261
-1.7999	110.7002	-146.796097	24	0.231414727668	0.768585272332
-2.0913	109.9407	-146.649115	-1	0.0	0.166250455088
-1.9022	110.397	-146.648805	24	0.62618295943	0.37381704057
-2.2353	110.9279	-132.540435	20	1.0	0.0
-7.4138	112.4292	-132.267779	0	0.268215117268	0.731784882732
2.3649	116.8829	-131.959768	22	1.0	0.0
2.0866	100.2674	-131.045326	13	0.182033685286	0.817966314714
4.0146	102.5873	-126.413351	4	0.531338823526	0.468661176474
-2.4767	113.4248	-126.288489	18	1.0	0.0
-2.4377	113.4363	-125.977677	18	1.0	0.0
3.2486	114.8232	-124.183429	10	1.0	0.137456325208
-2.8513	116.317	-123.396141	6	0.245602814792	0.754397185208
-0.1375	102.053	-123.260223	16	1.0	0.0
-0.1911	101.9762	-123.084293	16	0.736868124112	0.263131875888
-3.7284	115.2029	-122.834434	6	0.103506530482	0.896493469518
1.9754	113.0938	-122.040518	9	0.591029903091	0.408970096909
0.7269	116.9956	-117.886464	12	1.0	0.252833779017
0.7655	116.9423	-117.838867	12	1.0	0.0335809462896
0.752	116.9606	-117.786848	12	1.0	0.0
-2.3487	111.1082	-117.773434	20	1.0	0.377208485446
-2.3466	111.0844	-117.561103	20	1.0	0.241253794994
0.9569	115.8374	-116.119062	8	1.0	0.0
-2.3504	111.0226	-115.036869	20	1.0	0.0
2.1635	100.3513	-113.7933	13	0.31414579257	0.68585420743
2.1456	100.1804	-113.718794	13	0.14070796356	0.85929203644
3.7849	116.7694	-112.371301	17	1.0	0.0
-2.2987	114.163	-111.026123	5	1.0	0.0
-1.8559	110.5107	-106.19916	24	0.999051894567	0.000948105433241
4.0011	99.0812	-96.454906	2	1.0	0.0
1.6058	101.1156	-93.859129	14	1.0	0.0
1.558	101.1502	-93.725316	14	0.367159590452	0.632840409548
2.3457	116.7592	-90.183391	22	1.0	0.0
1.9322	116.4084	-90.127473	-1	0.0	0.298938096333
2.3497	116.729	-90.12714	22	1.0	0.0304944217436
-0.2164	101.93	-88.420349	16	0.736868124112	0.263131875888
-1.8748	110.4788	-83.524608	24	1.0	0.0
-1.8432	110.5423	-83.289336	24	0.799059258249	0.200940741751
-1.888	110.5044	-82.577322	24	1.0	0.0
1.5082	101.1626	-75.847573	14	0.208467958049	0.791532041951
1.6425	101.1285	-75.535128	14	0.758943101711	0.241056898289
-2.3438	113.3149	-73.172969	-1	0.0	0.303064639772
-2.9858	115.966	-66.73798	6	0.720287494183	0.279712505817
-2.8809	116.038	-66.737906	6	1.0	0.662699127689
-2.8691	116.1043	-66.568723	6	1.0	0.0674876797908
-2.8801	116.087	-66.392631	6	1.0	0.0
3.7691	116.7839	-64.734364	17	1.0	0.0834341172118
-2.2937	110.8666	-49.140661	20	0.50864422788	0.49135577212
2.3594	116.8851	-47.45366	22	1.0	0.0
1.6097	101.1215	-43.153567	14	1.0	0.0
3.9417	102.6574	-40.3711	4	0.531338823526	0.468661176474
3.933	103.0626	-40.268456	3	0.0866862699558	0.913313730044
-1.9333	110.3761	-40.118985	24	0.363572818769	0.636427181231
-1.8535	110.6204	-40.11888	24	0.275621372793	0.724378627207
-1.8743	110.4674	-40.016612	24	1.0	0.0
-1.811	110.6001	-40.01655	24	0.259935014792	0.740064985208
0.789	116.9607	-38.087235	12	1.0	0.152012062897
1.5688	101.0657	-32.848852	14	0.307240879376	0.692759120624
4.2775	102.5934	-28.941124	4	1.0	0.0
3.2418	103.289	-28.072101	3	1.0	0.0
-1.9693	110.582	-26.903858	24	0.626313135411	0.373686864589
-1.9659	110.5511	-25.460409	24	1.0	0.0
6.2723	102.0317	-23.46557	1	0.368292318801	0.631707681199
-1.2295	116.3894	-22.175089	6	0.0641432748768	0.935856725123
-2.8192	115.8334	-18.9688	6	0.433571315302	0.566428684698
-2.7362	115.9466	-18.729389	6	0.911429255742	0.0885707442582
-2.2246	114.0457	-16.835353	5	0.456200836224	0.543799163776
3.5291	116.896	-13.125466	17	1.0	0.0
-0.2275	101.8962	-11.613548	16	0.730561683167	0.269438316833
-2.3097	111.0787	-11.416884	20	1.0	0.317444270398
2.4292	116.7538	-8.071164	22	1.0	0.176764214683
-2.6977	102.9004	-6.573194	-1	0.0	0.00414587883849
-2.3048	110.9957	-0.610016	20	1.0	0.205901497775
-2.262	111.1362	-0.557372	20	0.59169042646	0.40830957354
-2.3045	111.0512	-0.389148	20	1.0	0.0
-2.0113	110.7757	5.4e-05	23	0.610721725417	0.389278274583
2.1235	116.5978	1.954855	21	1.0	0.0
2.0433	113.0802	4.130399	9	1.0	0.0
0.3799	116.8717	7.052303	12	0.178053866649	0.821946133351
-7.3919	112.4878	10.60191	0	0.467089591507	0.532910408493
-1.8572	110.5026	10.62434	24	1.0	0.0
3.6702	116.8074	14.190582	17	1.0	0.0
-2.4396	113.5556	28.134537	19	0.909469156853	0.0905308431465
0.7425	116.9059	30.22612	12	0.815025172516	0.184974827484
3.2935	103.3243	30.405754	3	0.805584290866	0.194415709134
-2.8569	116.0902	30.474761	6	1.0	0.0
-2.8525	116.0866	30.550057	6	1.0	0.0
-1.9386	110.5362	31.866385	24	1.0	0.0
2.4431	116.6202	38.001755	22	0.522085497152	0.477914502848
-1.9564	110.5297	45.799936	24	1.0	0.155603694647
-1.9139	110.5228	45.886903	24	1.0	0.0
3.9702	102.73	46.97194	4	0.425381594466	0.574618405534
0.8563	110.4955	47.476466	7	0.183604693482	0.816395306518
1.0384	101.9525	50.398597	-1	0.0	0.0895088017995
-2.2231	111.867	55.624763	11	1.0	0.0
-1.8961	110.4722	57.398745	24	1.0	0.0493599386896
-2.3799	111.0289	57.590833	20	1.0	0.16939737117
-2.2986	110.9865	57.692597	20	1.0	0.338109797014
-2.2564	111.1842	57.692704	20	0.388406373151	0.611593626849
-2.2938	111.0299	57.998968	20	1.0	0.261682842536
3.7997	116.6913	64.530807	17	0.953460651689	0.0465393483111
3.7427	116.8266	65.258067	17	1.0	0.0
-2.2417	111.9066	67.933393	11	0.444149775574	0.555850224426
3.2265	114.7969	68.001194	10	1.0	0.0
-2.8494	116.0941	71.865229	6	1.0	0.0
-2.8853	116.0655	72.008793	6	1.0	0.385716952519
3.4451	116.877	73.363378	17	1.0	0.0
3.5285	116.8605	73.903143	17	1.0	0.0
3.5367	116.8207	74.092907	17	0.950822395259	0.0491776047408
-7.298	112.7719	77.795989	0	0.179514465936	0.820485534064
-7.3364	112.5718	77.980251	0	1.0	0.0
-2.0327	110.8715	83.661424	23	0.476507182181	0.523492817819
-1.6109	111.6828	83.661983	11	0.0455122296807	0.954487770319
-2.333	111.0077	84.106477	20	1.0	0.0
3.557	99.111	87.281668	2	0.952750549438	0.0472494505623
1.6208	101.1458	87.743071	14	0.769729414932	0.230270585068
1.6241	101.1228	87.832483	14	1.0	0.0
-1.1765	101.81	88.148374	15	0.715277739404	0.284722260596
5.6328	101.9029	88.818288	1	0.438173613427	0.561826386573
2.3458	100.4	92.067042	13	1.0	0.0
3.2335	103.3146	92.256229	3	1.0	0.0
3.2176	103.2693	92.337774	3	0.807634973068	0.192365026932
3.1932	103.3702	92.62665	3	0.487811984658	0.512188015342
-0.3129	101.9656	93.630902	16	0.735584560401	0.264415439599
-0.3382	101.7531	93.630941	16	0.281566878062	0.718433121938
0.8128	111.0807	97.687129	7	1.0	0.0
0.84	111.0602	97.745331	7	1.0	0.0
0.8223	111.0689	97.794902	7	1.0	0.0
0.8773	111.2264	97.838203	7	0.521353307905	0.478646692095
-2.3405	110.89	100.593232	20	0.545110360718	0.454889639282
-2.1958	111.8934	102.13821	11	0.525502566319	0.474497433681
-2.2187	111.8575	106.466477	11	1.0	0.0
2.3425	100.4046	108.195457	13	1.0	0.0
-1.9152	110.4257	110.389703	24	0.62618295943	0.37381704057
-1.9158	110.4202	110.579399	24	0.62618295943	0.37381704057
-1.9148	110.4463	110.757098	24	0.62618295943	0.37381704057
2.2064	100.6089	115.102435	13	0.207869719858	0.792130280142
1.6225	101.2427	116.886265	14	0.123484908415	0.876515091585
2.921	114.6322	121.476348	10	0.740195271383	0.259804728617
-1.9197	110.5079	124.872771	24	1.0	0.0
3.2236	103.3049	126.333248	3	1.0	0.0
3.3302	103.3249	136.392738	3	0.6297508835	0.3702491165
0.7231	116.945	139.366988	12	1.0	0.0
2.0406	112.4148	140.272908	9	0.0340911260773	0.965908873923
-7.348	112.6724	141.876181	0	0.399045923413	0.600954076587
2.2584	116.7755	143.578891	22	1.0	0.266255071723
3.6282	116.922	144.436657	17	1.0	0.120785945825
1.1537	101.9805	144.986798	-1	0.0	0.081859839573
1.3139	115.5287	145.116616	8	0.983035791031	0.0169642089691
1.6588	101.1415	145.454354	14	0.672778347206	0.327221652794
1.6245	101.1438	145.576988	14	0.769729414932	0.230270585068
1.6366	101.362	145.577003	14	0.0599106681176	0.940089331882
-1.8886	110.511	149.402196	24	1.0	0.0
-1.8987	110.5236	149.508651	24	1.0	0.0
-2.3334	111.0134	152.676976	20	1.0	0.0
-2.3404	110.9807	152.718769	20	1.0	0.33674186126
3.3171	103.2295	157.31043	3	0.442329153167	0.557670846833
-2.3523	114.1665	159.545481	5	0.825699234249	0.174300765751
-2.338	114.1525	159.809685	5	1.0	0.0
3.5426	98.2078	162.559875	-1	0.0	0.171356380195
3.5412	116.9026	163.436056	17	1.0	0.0
2.1324	116.5693	169.583459	21	1.0	0.0
-2.2175	111.8399	172.62495	11	0.887013218296	0.112986781704
0.7368	111.0449	181.376836	7	1.0	0.0
-1.9256	110.4106	183.738569	24	0.573362084576	0.426637915424
-1.8828	110.5474	183.901811	24	1.0	0.133908815382
3.7108	116.8308	184.220048	17	1.0	0.0
-2.3778	113.5955	184.233459	19	1.0	0.0
3.6943	116.804	184.413226	17	1.0	0.0
3.6976	116.8058	185.00988	17	1.0	0.0
4.2465	102.5914	185.129499	4	1.0	0.0
-7.3224	112.5591	199.844319	0	1.0	0.0
-7.3053	112.5562	200.023083	0	0.990068517296	0.0099314827041
-7.2464	112.7164	200.023154	0	0.24852705905	0.75147294095
-2.3174	111.0525	200.451907	20	1.0	0.0
-1.8661	110.5299	207.4565	24	0.968242154297	0.0317578457031
-2.191	111.8621	208.910565	11	0.9301892829	0.0698107171003
-2.2363	111.8485	209.373686	11	1.0	0.0
2.3573	100.4187	215.044744	13	1.0	0.0
2.2814	100.4572	215.125343	13	0.843512699638	0.156487300362
2.3014	100.4356	216.214851	13	1.0	0.0
4.0219	116.7708	221.529114	17	0.651409189256	0.348590810744
1.6471	101.0925	224.215263	14	0.616477557725	0.383522442275
-7.3876	112.5546	235.76095	0	0.935855266857	0.064144733143
-7.3332	112.5994	235.901349	0	0.763461899228	0.236538100772
-2.3191	114.1556	237.980311	5	1.0	0.0
3.611	116.9784	239.498663	17	0.827350149879	0.172649850121
-1.9318	110.4489	242.016749	24	0.615356312654	0.384643687346
-1.8746	110.7207	248.730402	24	0.275621372793	0.724378627207
-2.038	110.2706	248.793342	-1	0.0	0.285602899204
-1.8985	110.5235	248.793475	24	1.0	0.0
-1.8152	110.4928	248.94085	24	0.742661398574	0.257338601426
6.1529	101.7512	249.024274	1	0.758342798754	0.241657201246
6.1115	101.6297	249.141797	1	0.582755791381	0.417244208619
-1.8733	110.4791	249.24169	24	1.0	0.0
2.3895	116.7619	250.743714	22	1.0	0.0
3.5159	116.9481	254.029729	17	1.0	0.120785945825
-2.1888	112.0201	256.210272	11	0.12550609189	0.87449390811
-2.2432	111.8717	256.300524	11	0.832666031584	0.167333968416
-2.2551	111.8111	256.460355	11	0.405051892308	0.594948107692
3.8131	116.7535	259.150558	17	1.0	0.0
-7.3672	112.5531	264.201639	0	1.0	0.0
1.6353	101.0751	271.072707	14	0.616477557725	0.383522442275
-0.5559	102.2216	280.911177	16	0.25102221545	0.74897778455
-0.5893	102.2826	281.251716	-1	0.0	0.0753014014202
3.1602	103.3762	281.795336	3	0.424021663675	0.575978336325
1.5861	101.1183	282.327107	14	0.86078825433	0.13921174567
3.3586	114.6928	284.250721	10	1.0	0.0
4.0957	102.6938	284.70282	4	0.524303396247	0.475696603753
-2.3068	113.5508	288.456581	19	0.54848448307	0.45151551693
-2.4512	113.4198	296.866255	18	1.0	0.0
-2.3591	111.0118	297.456846	20	1.0	0.0
-2.362	111.0094	297.549567	20	1.0	0.0
-2.3221	110.9759	298.285029	20	1.0	0.439769679068
3.6211	99.0483	302.940087	2	1.0	0.0
-1.8904	110.4626	305.872627	24	0.879492616826	0.120507383174
3.2448	103.3944	310.202667	3	0.469969150601	0.530030849399
-7.3643	112.5182	311.96033	0	0.811804199852	0.188195800148
-7.2808	112.6744	311.960387	0	0.340751892008	0.659248107992
-1.8475	110.2878	312.290065	-1	0.0	0.0295790556939
0.7708	117.0148	315.003106	12	1.0	0.0
-1.931	110.5544	319.093744	24	1.0	0.15543010925
-1.884	110.5107	319.159192	24	1.0	0.0
-1.8901	110.5554	319.442155	24	0.797934909133	0.202065090867
4.0191	98.9461	322.961005	2	1.0	0.0
-1.975	110.5605	329.92449	24	0.852793795068	0.147206204932
-0.9857	101.9539	332.228343	15	0.884312723437	0.115687276563
-1.9072	110.4944	337.044245	24	1.0	0.023666286697
-2.4164	113.5711	338.58423	19	1.0	0.0
-2.4748	113.7639	338.584339	-1	0.0	0.505247678397
-7.2299	112.5836	338.878868	0	0.57050818848	0.42949181152
-2.3769	113.7337	338.882892	-1	0.0	0.412657980859
-7.3416	112.5886	338.987706	0	1.0	0.0
2.1051	116.6125	340.265109	21	1.0	0.0
1.6374	101.0859	341.597721	14	0.616477557725	0.383522442275
-2.8143	115.9836	341.758788	6	1.0	0.0
2.4118	116.6153	346.913224	22	0.511827687324	0.488172312676
4.3349	102.565	348.186976	4	1.0	0.0
-1.931	110.5018	351.342137	24	1.0	0.0155826660247
-1.9659	110.4959	351.513891	24	0.61683711479	0.38316288521
-1.9296	110.5152	351.569136	24	1.0	0.0
-1.9157	110.6349	351.569195	24	0.275621372793	0.724378627207
-2.4126	113.4015	355.494936	18	1.0	0.0
-2.4231	113.4232	355.52513	18	1.0	0.0
-1.7724	111.7416	356.009898	11	0.0641628577366	0.935837142263
-2.2466	111.9136	356.068337	11	0.36681646686	0.63318353314
-2.2102	111.8509	356.166124	11	1.0	0.0
3.3502	103.1662	357.830716	3	0.253605445393	0.746394554607
6.0909	101.8688	358.36143	1	1.0	0.0
6.008	101.8077	358.518103	1	1.0	0.0
6.0724	101.9088	358.858684	1	0.868963816916	0.131036183084
1.986	116.7613	359.608762	-1	0.0	0.0339911607334
1.972	116.6689	360.384642	21	0.791085627539	0.208914372461
1.9584	116.7102	360.464094	21	0.533674625319	0.466325374681
2.6132	116.5098	360.579317	-1	0.0	0.419316530748
0.7454	116.8533	365.051401	12	0.445545519733	0.554454480267
1.6339	101.1102	365.439017	14	0.718982201619	0.281017798381
1.6254	101.158	365.588113	14	0.769729414932	0.230270585068
-7.3263	112.562	366.114772	0	1.0	0.0
-1.9326	110.5185	366.981023	24	1.0	0.0
3.2866	114.3852	373.063071	10	1.0	0.0
3.2759	114.3884	373.145314	10	1.0	0.0
3.2871	114.3869	373.379066	10	1.0	0.0
3.2773	114.6288	373.446458	10	1.0	0.374282976125
-2.8749	115.9858	373.911576	6	1.0	0.0
-2.8912	115.97	373.994839	6	1.0	0.0542889486821
-2.8312	115.9815	374.454675	6	1.0	0.0
-2.841	115.9698	374.487982	6	1.0	0.0
2.0133	113.1924	378.145213	9	0.252063602189	0.747936397811
2.0072	113.1496	378.405327	9	0.501773329413	0.498226670587
-2.2482	111.8671	391.962174	11	0.887118454045	0.112881545955
-2.3454	112.1168	393.532974	11	0.0721504560307	0.927849543969
-1.9536	110.5446	398.142394	24	1.0	0.0
-1.9073	110.6508	398.225977	24	0.24515727548	0.75484272452
-1.9517	110.5444	399.014322	24	1.0	0.0
-2.4016	113.3697	404.423163	18	0.639809572172	0.360190427828
-2.3799	113.6793	404.429068	-1	0.0	0.0649933523953
-1.9905	110.5751	414.372864	24	0.606080116691	0.393919883309
-6.9021	107.8863	420.94207	-1	0.0	0.287627565073
-1.8981	110.495	421.525121	24	0.979344394997	0.0206556050034
-1.8816	110.5366	421.574292	24	1.0	0.0
-1.9271	110.3821	421.623826	24	0.424394052643	0.575605947357
-1.8973	110.5137	421.66087	24	1.0	0.0
1.6557	101.1288	421.906536	14	0.688837407534	0.311162592466
1.6072	101.1487	422.029127	14	0.769729414932	0.230270585068
2.2837	116.7322	427.221061	22	1.0	0.313911383473
5.7683	101.3984	434.397755	1	0.277339489359	0.722660510641
3.1129	103.4792	434.753941	3	0.292129099719	0.707870900281
0.9083	110.5421	436.574375	7	0.198932976387	0.801067023613
1.9015	112.4915	436.674176	9	0.0384863707908	0.961513629209
1.8822	112.5001	436.676135	9	0.0389892862774	0.961010713723
1.4565	101.5745	436.770923	14	0.0340482868878	0.965951713112
3.1909	114.7236	437.69006	10	1.0	0.0
-2.2203	111.8731	452.847202	11	1.0	0.0
-2.1834	111.8718	452.937402	11	0.695051834667	0.304948165333
-1.915	110.5196	453.342955	24	1.0	0.0
-1.8731	110.7606	453.343065	24	0.231414727668	0.768585272332
4.285	102.5809	459.991845	4	1.0	0.0
-2.402	113.5733	460.091453	19	1.0	0.0
-2.4447	113.5868	460.394555	19	1.0	0.0
-2.4497	113.6019	460.444146	19	1.0	0.0
-2.4606	113.6034	460.747942	19	0.869665427391	0.130334572609
-7.2436	112.5069	464.231835	0	0.449311353731	0.550688646269
-7.4621	112.62	464.74639	0	0.399045923413	0.600954076587
1.6402	101.0784	467.926217	14	0.616477557725	0.383522442275
0.7321	115.6864	480.438859	8	1.0	0.0
0.9951	115.8856	480.43905	8	1.0	0.0
2.0547	116.583	482.355952	21	1.0	0.0
2.325	116.8895	484.711322	22	1.0	0.0
-1.92	110.4748	485.756729	24	0.79276043264	0.20723956736
1.6092	101.0895	486.325558	14	0.610709524018	0.389290475982
-2.0504	110.8208	486.885036	23	1.0	0.0
0.7582	116.9395	489.634387	12	1.0	0.0
4.1408	102.5161	496.79685	4	0.531338823526	0.468661176474
-2.5335	111.433	498.315606	-1	0.0	0.668944355262
-1.9137	110.7174	498.40545	24	0.274851708457	0.725148291543
-1.9432	110.5405	498.524481	24	1.0	0.00174281456619
-1.9329	110.564	499.036013	24	0.765617322221	0.234382677779
3.2043	103.4778	504.697411	3	0.350125062334	0.649874937666
2.3396	100.432	508.739668	13	1.0	0.0
-1.7702	110.3861	511.369409	-1	0.0	0.1260877308
2.3676	116.7282	515.481144	22	1.0	0.0
3.0051	103.3965	520.165232	3	0.295024550713	0.704975449287
3.1593	103.4384	520.165296	3	0.469969150601	0.530030849399
3.1437	103.4467	520.297492	3	0.406467799083	0.593532200917
-7.3907	112.5076	522.687191	0	0.660301295765	0.339698704235
2.2879	116.9361	528.14684	22	0.780292325825	0.219707674175
1.6498	101.1309	530.828332	14	0.766478238435	0.233521761565
1.6301	101.0695	530.874426	14	0.516053672554	0.483946327446
1.6006	101.1251	530.924859	14	1.0	0.0
1.4349	101.65	532.266344	14	0.0324194400235	0.967580559977
4.1219	116.2372	533.412214	-1	0.0	0.0999908641648
-2.9092	116.1588	538.041146	6	0.713689634384	0.286310365616
3.5029	117.0269	539.591371	17	0.564954901249	0.435045098751
-2.0713	110.8307	544.471204	23	1.0	0.0
-2.0522	110.8336	544.553236	23	1.0	0.0
-2.0309	110.8085	544.590479	23	1.0	0.0
2.108	114.0449	546.512405	10	0.223049556001	0.776950443999
4.1672	102.4649	547.792517	4	0.391915075167	0.608084924833
1.9411	116.6442	548.948251	21	0.691289900272	0.308710099728
-2.0752	110.6228	549.923856	-1	0.0	0.123142150098
-1.9602	110.5563	549.967285	24	1.0	0.0
-1.9319	110.5092	550.018112	24	1.0	0.0
4.0975	99.1548	554.990221	2	1.0	0.0
3.3166	103.3983	555.701372	3	0.391465100191	0.608534899809
3.4091	103.2247	556.309889	3	0.405878274156	0.594121725844
3.3363	114.4409	562.418283	10	1.0	0.0
2.2823	116.7814	564.712366	22	1.0	0.0532947948457
3.4248	116.5243	567.606034	17	0.262400708601	0.737599291399
-2.4554	113.5162	579.941886	19	0.516189428221	0.483810571779
3.4648	116.8696	587.441311	17	1.0	0.0
1.9628	113.1088	589.215717	9	0.469682492303	0.530317507697
2.3769	116.8749	594.506285	22	1.0	0.0
-0.1549	101.9436	595.636134	16	0.736868124112	0.263131875888
4.0407	99.2081	596.358476	2	0.997134431014	0.00286556898637
