16.7894	115.8862	1.7e-05	17	0.0962681699306	0.903731830069
23.3685	124.3354	-586.113467	0	0.4593616495	0.5406383505
23.3938	124.2549	-585.683958	0	0.306503160908	0.693496839092
17.7644	117.1685	-581.03215	14	1.0	0.0
17.864	117.2949	-580.990621	14	1.0	0.0
18.2002	121.909	-579.81394	12	1.0	0.0
19.9225	116.3865	-576.364398	3	1.0	0.0
19.957	116.5087	-576.281789	3	1.0	0.677344702253
18.22	121.8963	-576.160902	12	1.0	0.0
16.9433	120.8265	-572.282016	25	1.0	0.0
16.9419	120.8314	-572.204484	25	1.0	0.0
16.9262	120.7898	-572.085304	25	1.0	0.0
16.9324	120.8338	-571.952128	25	1.0	0.0
22.7951	111.3985	-570.197235	-1	0.0	0.785138374392
19.9738	120.6207	-561.715574	4	0.370013536361	0.629986463639
14.2611	108.9535	-558.277592	2	1.0	0.0
11.9574	107.3246	-557.764653	2	0.0518837149927	0.948116285007
19.5109	109.6838	-554.727303	7	0.76805225512	0.23194774488
19.4982	109.5134	-554.641249	7	0.484299474838	0.515700525162
19.516	109.6465	-554.571415	7	1.0	0.150327035413
19.5285	109.6097	-554.279743	7	1.0	0.097297292203
18.2522	121.9319	-549.623151	12	1.0	0.368979898202
18.2846	117.7184	-548.769815	15	1.0	0.0
17.0313	121.0743	-548.411639	-1	0.0	0.151765153059
19.4282	118.5922	-546.738512	23	0.404944383944	0.595055616056
16.9748	120.8333	-542.734319	25	0.939144347487	0.0608556525132
22.5805	110.974	-541.659802	-1	0.0	0.178706547175
23.542	114.1697	-534.216021	1	1.0	0.0
23.5527	114.1807	-533.907234	1	1.0	0.0
18.3073	121.8	-532.207216	12	1.0	0.118383325005
23.4255	124.5563	-531.784689	0	0.175974168318	0.824025831682
19.5633	109.8215	-531.670638	6	1.0	0.0
16.6393	120.6165	-530.637946	26	0.895244688974	0.104755311026
17.5323	121.3895	-520.894981	-1	0.0	0.0302526907455
14.2976	109.0254	-517.873727	2	1.0	0.0
19.7667	116.3518	-516.71766	3	0.819974036204	0.180025963796
18.1798	121.8927	-515.390592	12	1.0	0.000172942507222
19.4163	119.5729	-511.175334	9	1.0	0.0
19.3939	119.6282	-511.02273	9	1.0	0.0
19.4986	109.6347	-504.313362	7	1.0	0.206607071771
15.4915	116.04	-499.318115	8	1.0	0.0
19.9911	116.3713	-495.90698	3	0.70305130525	0.29694869475
19.9935	116.4654	-495.857695	3	1.0	0.677344702253
23.3667	124.2213	-495.116995	0	0.213791934446	0.786208065554
20.5661	120.6698	-487.293494	4	1.0	0.0
20.1398	119.3379	-480.71547	-1	0.0	0.799080988032
19.8336	117.8363	-475.718265	5	0.568985526856	0.431014473144
19.8754	117.8132	-475.607981	5	0.5500827835	0.4499172165
19.5427	109.6818	-473.135978	7	1.0	0.312173107489
20.9783	120.7219	-463.436027	4	0.517202816721	0.482797183279
16.7042	116.1603	-463.319106	17	1.0	0.268703223726
16.5249	106.2747	-458.430744	-1	0.0	0.154413688492
19.5019	109.8628	-456.82766	-1	0.0	0.176553921373
23.2373	116.2914	-452.272725	-1	0.0	0.56948653556
17.7966	117.1242	-450.438518	14	0.882285851699	0.117714148301
18.2899	121.7469	-450.251646	12	1.0	0.0
18.9169	121.099	-444.803196	11	1.0	0.0
17.315	120.8881	-443.788305	24	0.22016371297	0.77983628703
19.4342	118.5741	-434.421584	23	0.456686864577	0.543313135423
19.4476	118.568	-434.362494	23	0.456686864577	0.543313135423
19.4355	118.6131	-434.209853	23	0.39130860899	0.60869139101
18.8377	121.3095	-433.183713	11	0.139096864175	0.860903135825
23.3247	124.3746	-424.646988	0	0.782383788709	0.217616211291
23.3648	124.2792	-424.606591	0	0.371278674669	0.628721325331
23.183	124.3265	-424.272537	0	0.23627939219	0.76372060781
18.9039	121.2702	-420.449724	11	0.251681839271	0.748318160729
15.9954	115.2939	-413.798666	-1	0.0	0.109045670328
19.5178	109.5881	-411.902955	7	1.0	0.0
16.0566	115.7209	-411.517729	13	1.0	0.0
16.0677	115.7339	-411.290036	13	1.0	0.0
21.8745	109.7874	-403.725663	21	1.0	0.0
23.5509	114.1927	-401.536673	1	1.0	0.0
18.3524	117.6501	-400.329061	15	0.614544056983	0.385455943017
22.115	109.5122	-399.839962	20	1.0	0.0
19.9197	116.4066	-393.851758	3	1.0	0.0
20.0121	116.4631	-393.817139	3	1.0	0.677344702253
21.8791	109.7722	-390.43543	21	1.0	0.0
21.9715	109.2957	-389.781064	-1	0.0	0.426265343042
22.489	110.7044	-389.193075	19	1.0	0.0
18.8943	121.0834	-372.07802	11	0.512791813302	0.487208186698
18.9048	121.0899	-371.904523	11	0.720473602384	0.279526397616
18.9198	121.1087	-371.774497	11	1.0	0.0
15.475	116.0875	-371.671719	8	1.0	0.0
18.2625	121.6355	-366.494594	12	1.0	0.0537319906192
19.3933	109.1863	-356.715154	-1	0.0	0.812623985895
18.2866	121.6593	-355.748973	12	1.0	0.0
16.0984	115.8261	-352.142559	13	0.314912897411	0.685087102589
18.1936	121.914	-351.752791	12	1.0	0.0
18.2216	121.9157	-351.70302	12	1.0	0.0
18.2579	122.0191	-351.604954	12	0.451195469983	0.548804530017
21.889	109.8953	-351.58468	21	0.635457289941	0.364542710059
18.2893	121.6583	-340.922509	12	1.0	0.0
14.6709	116.1296	-339.469383	-1	0.0	0.103606375845
19.4186	119.6403	-337.235232	9	0.896379437712	0.103620562288
19.4628	119.5817	-337.235215	9	1.0	0.0
19.2775	119.6151	-337.133895	9	0.545133040905	0.454866959095
16.7421	116.147	-331.701832	17	1.0	0.0
19.5336	109.5189	-329.264901	7	0.698627683272	0.301372316728
19.8801	117.8586	-324.290641	5	0.645351565797	0.354648434203
19.9828	116.441	-320.298708	3	0.915961083667	0.0840389163332
20.0172	116.4914	-320.23561	3	1.0	0.677344702253
18.9027	121.2637	-318.823843	11	0.256715022763	0.743284977237
23.34	124.3536	-317.77199	0	0.542669286588	0.457330713412
22.4652	110.6851	-306.95249	19	1.0	0.0
22.4959	110.6969	-306.816079	19	1.0	0.0
22.1884	109.5046	-291.770698	20	1.0	0.0
12.3812	123.3821	-286.987662	-1	0.0	0.219831920611
16.0795	115.7169	-286.122211	13	1.0	0.0
16.0875	115.7127	-286.000011	13	1.0	0.0
16.1044	115.7367	-285.792145	13	1.0	0.0
23.5442	114.1851	-283.053203	1	1.0	0.0
23.6199	114.1914	-283.001583	1	1.0	0.0
16.4784	106.3695	-281.320533	-1	0.0	0.120797604433
18.3096	121.6801	-277.501029	12	1.0	0.0
18.3085	121.7135	-277.390596	12	1.0	0.0
18.8959	121.1153	-276.604016	11	0.742483365565	0.257516634435
18.9262	121.1398	-276.508916	11	0.63188650358	0.36811349642
18.3255	117.7147	-274.597376	15	1.0	0.0
18.3066	117.7655	-274.551738	15	1.0	0.0
18.3874	117.7662	-274.522672	15	1.0	0.0
19.5875	109.5865	-267.483435	7	1.0	0.299610240183
19.6079	109.5921	-266.939205	7	0.716719897129	0.283280102871
20.4982	120.7104	-260.519676	4	1.0	0.0
16.9548	120.8613	-251.703647	25	0.697342709768	0.302657290232
23.9874	116.6226	-251.458148	-1	0.0	0.186347307453
18.3461	121.6897	-246.44469	12	1.0	0.0
18.3567	121.7289	-246.170014	12	1.0	0.0107220497615
23.3382	124.4174	-243.996507	0	0.997272356693	0.00272764330717
23.3454	124.3918	-243.925389	0	1.0	0.0
23.3747	124.4551	-243.319793	0	0.496991936826	0.503008063174
23.3434	124.406	-243.127255	0	1.0	0.0
23.4404	124.3353	-242.7786	0	0.353597748281	0.646402251719
19.5538	109.6301	-241.487979	7	1.0	0.097297292203
16.7091	116.1453	-238.654828	17	1.0	0.0
20.291	119.9036	-238.119113	-1	0.0	0.184803118057
18.3318	121.7494	-230.400257	12	1.0	0.0
19.3606	109.1944	-228.323792	-1	0.0	0.810032246648
18.2964	121.6908	-227.652243	12	1.0	0.0
15.485	116.0391	-216.992844	8	1.0	0.0
18.0059	120.9295	-216.420011	-1	0.0	0.297159592046
18.1199	121.8597	-213.230923	12	0.605973452237	0.394026547763
18.2258	121.9117	-212.653631	12	1.0	0.0
19.5261	109.5884	-204.439349	7	1.0	0.0
19.5201	109.5869	-204.332129	7	1.0	0.0
19.5391	109.5392	-204.250746	7	1.0	0.0
19.5425	109.5509	-204.119757	7	1.0	0.0
19.5489	109.5872	-203.701266	7	1.0	0.0609161541092
17.2703	120.9425	-199.664893	24	0.253308529234	0.746691470766
18.3287	121.7498	-198.610368	12	1.0	0.0
17.9829	122.0041	-192.482723	12	0.295165487361	0.704834512639
21.8715	108.7354	-189.12064	-1	0.0	0.793686477499
18.2825	121.7543	-188.794103	12	1.0	0.0463795410258
17.4961	121.0018	-185.189719	24	1.0	0.0
19.4748	119.5356	-183.98216	9	0.682539577875	0.317460422125
19.4886	119.6139	-183.928471	9	1.0	0.0
19.4937	119.6179	-183.899478	9	1.0	0.0
19.0206	115.1516	-182.202554	-1	0.0	0.422971238267
16.7151	116.0935	-181.645831	17	0.579264976154	0.420735023846
22.5033	110.8329	-179.411742	18	1.0	0.0
14.293	108.818	-175.406453	2	0.543992195185	0.456007804815
11.9153	108.7969	-165.900707	2	0.0762117308288	0.923788269171
19.7715	116.4004	-165.693342	3	1.0	0.0082468444545
16.9366	120.7653	-159.872369	25	0.776512218256	0.223487781744
21.88	109.4283	-150.097993	-1	0.0	0.235483198212
15.7452	108.128	-147.828872	2	0.0764835758608	0.923516424139
18.9164	121.0912	-144.637639	11	0.855357220487	0.144642779513
23.3252	124.4036	-136.718739	0	1.0	0.0
23.3715	124.398	-136.624912	0	1.0	0.0
23.3425	124.414	-136.553461	0	1.0	0.0
17.5147	120.9815	-136.285891	24	1.0	0.0
18.6298	116.9665	-133.857482	10	1.0	0.0
17.3428	120.8609	-130.501578	24	0.202071179575	0.797928820425
17.2143	121.009	-130.501531	24	0.200046483765	0.799953516235
17.1024	116.6154	-124.916617	16	1.0	0.0
16.944	120.8126	-123.717938	25	1.0	0.0
16.967	120.7881	-123.651877	25	0.902415966393	0.0975840336075
18.912	121.1984	-123.307338	11	0.25216745291	0.74783254709
12.4101	108.8849	-120.102549	2	0.0997382495738	0.900261750426
18.2835	121.6471	-119.960983	12	1.0	0.0
19.8321	117.91	-118.119287	5	0.847278532108	0.152721467892
19.8232	116.2019	-114.888274	3	0.25633639581	0.74366360419
15.5037	116.1024	-113.937513	8	1.0	0.0
17.6349	117.2335	-104.953796	14	1.0	0.0
17.8568	117.276	-104.846902	14	1.0	0.0
19.5437	109.6536	-95.942307	7	1.0	0.150327035413
18.1777	120.9644	-93.798536	-1	0.0	0.462566359595
16.7146	116.0868	-90.471449	17	0.499677608749	0.500322391251
16.7531	116.1849	-90.417016	17	1.0	0.0
16.7918	116.2003	-90.370626	17	0.852183542247	0.147816457753
18.2597	122.0115	-88.408156	12	0.493962202054	0.506037797946
21.8572	109.4885	-88.239005	-1	0.0	0.176092830661
18.2763	121.7884	-81.584764	12	1.0	0.277812973934
22.3094	109.4329	-79.148097	20	0.703837904973	0.296162095027
18.3014	121.5704	-75.504432	12	0.509543430358	0.490456569642
19.5314	118.6461	-75.038623	23	1.0	0.0
19.867	117.8117	-71.003628	5	0.601127513807	0.398872486193
19.6273	109.7505	-71.001113	6	1.0	0.0
16.9399	120.7711	-69.602923	25	0.940936460195	0.0590635398049
18.4319	117.836	-68.058416	15	0.540655796479	0.459344203521
21.8916	109.8935	-64.508567	21	0.647994929382	0.352005070618
21.9772	109.6864	-64.508566	21	0.360743709858	0.639256290142
19.8638	117.932	-63.748923	5	1.0	0.0
20.0838	116.4999	-61.81265	3	0.830396727424	0.169603272576
20.0455	116.4916	-61.785506	3	1.0	0.677344702253
22.3214	110.7223	-53.839514	19	0.823482127744	0.176517872256
21.9026	109.7638	-49.896696	21	0.807672833385	0.192327166615
18.1722	121.892	-46.245643	12	1.0	0.118379681136
18.2146	121.9734	-46.245591	12	0.770778172037	0.229221827963
17.5148	120.9989	-45.735319	24	1.0	0.0
18.9749	121.0571	-35.001641	11	0.289588705093	0.710411294907
21.8869	109.6097	-34.716343	21	0.318013916187	0.681986083813
21.8901	109.5681	-34.458205	-1	0.0	0.0874850160675
21.9009	109.6515	-34.310378	21	0.391871407295	0.608128592705
14.0659	108.9985	-32.363406	2	0.701533014346	0.298466985654
21.7586	108.7093	-32.024976	-1	0.0	0.805719296446
21.709	108.8371	-31.835322	-1	0.0	0.758149532378
16.1174	115.7821	-28.203982	13	0.538732301061	0.461267698939
19.8143	118.7018	-19.667798	22	1.0	0.0
19.5751	109.5756	-19.648169	7	0.893987150819	0.106012849181
19.5637	109.5451	-19.468379	7	1.0	0.0
19.5636	109.5603	-19.361975	7	1.0	0.0
19.6081	109.6336	-19.167645	7	0.74177383924	0.25822616076
19.5561	109.6039	-18.925364	7	1.0	0.162176721801
19.533	118.6163	-18.219015	23	0.761288519508	0.238711480492
22.5134	110.8567	-18.04439	18	1.0	0.0
18.3527	121.7512	-16.156731	12	1.0	0.149187490742
18.6457	116.8796	-13.953464	10	0.566923569278	0.433076430722
18.6497	116.8099	-13.615009	10	0.285522228341	0.714477771659
16.2254	120.4956	-12.757459	26	1.0	0.0
16.2242	120.4654	-12.531982	26	1.0	0.0
17.5295	121.0463	-6.547036	24	0.550213830862	0.449786169138
16.7894	115.8862	1.7e-05	17	0.0962681699306	0.903731830069
16.058	118.9312	3.75326	-1	0.0	0.55901326813
17.8823	117.2692	10.236627	14	1.0	0.0
19.5158	109.6071	10.78667	7	1.0	0.252594112848
18.3513	121.5354	11.165125	12	0.338274742214	0.661725257786
18.293	121.6477	11.242101	12	1.0	0.0
17.4857	120.968	13.479534	24	0.667001112562	0.332998887438
15.3742	115.9921	14.952724	8	0.565084644038	0.434915355962
19.8209	118.694	16.262167	22	1.0	0.0
19.5405	109.5208	27.578898	7	0.78696761536	0.21303238464
19.5635	109.6841	27.750194	7	1.0	0.312882194104
19.5931	109.6747	27.815651	7	0.937009039466	0.0629909605337
12.0158	107.4693	30.666682	2	0.0569744832087	0.943025516791
16.1403	115.6908	31.074525	13	0.556598845143	0.443401154857
18.2053	121.9403	31.189269	12	1.0	0.263803663915
23.3087	124.4536	33.11362	0	0.508321151492	0.491678848508
19.7971	116.5348	34.497614	3	1.0	0.617745266387
18.2819	121.7011	39.66562	12	1.0	0.0
16.7098	116.2497	41.674007	17	0.364749584272	0.635250415728
16.7447	116.1359	41.772859	17	1.0	0.0161201553254
16.7582	116.1785	41.865123	17	1.0	0.0
18.3416	121.6914	43.679812	12	1.0	0.0
19.5286	118.6793	45.396747	23	0.512224529209	0.487775470791
18.039	120.6476	46.529557	-1	0.0	0.122472749594
19.827	116.467	52.859974	3	1.0	0.0
19.8477	116.5123	52.939104	3	1.0	0.37564814053
19.8394	116.491	53.107071	3	1.0	0.296676265572
18.3042	121.6913	53.92812	12	1.0	0.0
21.8703	109.8563	55.571611	21	1.0	0.0
13.0179	109.0124	55.849989	2	0.141176011696	0.858823988304
19.8028	118.6931	61.500907	22	1.0	0.0
19.8234	118.7497	61.500951	22	0.50327032363	0.49672967637
22.2346	109.4901	64.06942	20	1.0	0.0
19.993	124.2615	68.142836	0	0.0142071694307	0.985792830569
21.836	109.7827	68.484913	21	1.0	0.0
19.5262	109.5809	69.732537	7	1.0	0.0
18.2809	121.846	70.380646	12	1.0	0.141346610586
18.2377	121.6919	74.921804	12	1.0	0.226083754784
16.7359	116.1332	76.214748	17	1.0	0.0
16.7355	116.0599	76.339552	17	0.325277213299	0.674722786701
19.8491	117.9037	78.556923	5	1.0	0.0
18.3534	117.76	80.899178	15	1.0	0.0
19.5267	109.5596	87.311518	7	1.0	0.0
19.6036	109.5463	87.375343	7	0.654686120022	0.345313879978
19.5561	109.6422	87.442	7	1.0	0.150327035413
22.2377	109.6254	94.337942	-1	0.0	0.113002130362
19.7864	118.6684	99.201438	22	0.769396291262	0.230603708738
19.7277	118.6923	99.472856	22	0.515548929553	0.484451070447
18.3083	121.7008	105.348017	12	1.0	0.0
18.6476	117.0524	106.218277	10	0.46269321961	0.53730678039
19.7875	116.4363	109.277698	3	1.0	0.335473259326
19.8189	116.4646	109.392921	3	1.0	0.0
19.7834	116.456	109.634241	3	1.0	0.327129914295
15.1104	108.7157	113.644763	2	0.167220575776	0.832779424224
14.3188	109.0285	115.556907	2	1.0	0.0
18.271	121.7298	125.001191	12	1.0	0.0
18.6851	117.9891	135.274024	15	0.265234030733	0.734765969267
19.9828	116.6503	136.687191	3	0.362980860704	0.637019139296
19.8231	116.5315	136.734609	3	1.0	0.552440898152
19.5153	118.5729	137.237046	23	0.456686864577	0.543313135423
19.5213	118.6399	137.534551	23	1.0	0.0
23.2184	116.0185	139.902844	1	0.028771256615	0.971228743385
18.9233	121.1288	141.88766	11	1.0	0.0
18.8812	121.0036	142.012711	11	0.164134592936	0.835865407064
16.5309	106.4044	145.312289	-1	0.0	0.111553118729
19.8237	118.9826	145.775377	-1	0.0	0.625028859391
19.8666	118.7573	146.153161	22	0.390385205183	0.609614794817
18.2704	121.7874	150.092453	12	1.0	0.246795307985
21.8387	109.7899	151.708123	21	1.0	0.0
19.6118	109.7408	155.252955	6	0.969565701003	0.0304342989967
18.8103	121.5012	161.554969	11	0.0599989212136	0.940001078786
18.3469	121.671	163.066517	12	1.0	0.162284665136
18.3512	121.7077	163.219186	12	1.0	0.0
18.3394	121.7222	163.487241	12	1.0	0.0
22.3879	110.6926	163.78362	19	1.0	0.0
17.289	120.9836	167.613378	24	0.253308529234	0.746691470766
12.9484	108.8887	167.774912	2	0.146445246505	0.853554753495
19.8641	117.9011	173.87833	5	1.0	0.0
19.9212	117.9681	174.062727	5	1.0	0.0
19.8885	117.9407	174.157143	5	1.0	0.00978324019489
19.8581	117.8935	174.338741	5	1.0	0.0
18.6729	116.9086	178.231919	10	0.840788227129	0.159211772871
19.8262	118.6931	180.482742	22	1.0	0.0
20.5385	120.7614	181.707429	4	1.0	0.0
18.8126	121.2521	189.151691	11	0.218130365014	0.781869634986
18.9735	121.15	189.211777	11	0.432875878147	0.567124121853
19.5427	118.6215	192.869262	23	0.937976736021	0.0620232639787
19.9061	118.771	192.896053	22	0.286208800023	0.713791199977
18.2418	121.8707	194.67028	12	1.0	0.428231070435
21.8455	109.7723	196.409587	21	1.0	0.0
18.311	121.6957	203.58523	12	1.0	0.0
19.8198	116.4422	204.601592	3	1.0	0.157341513561
19.8353	116.4887	204.722824	3	1.0	0.204901499917
19.8235	116.4495	205.125069	3	1.0	0.0
19.8167	117.8244	209.037048	5	0.438967521907	0.561032478093
18.2487	121.8218	211.06737	12	1.0	0.0440809111672
19.7236	109.6977	211.464662	-1	0.0	0.227962617156
22.2004	109.4656	212.865994	20	1.0	0.0
19.5828	109.6564	217.887431	7	1.0	0.284400003321
19.5148	109.678	217.975837	7	0.807411167348	0.192588832652
19.5838	109.6662	218.074253	7	1.0	0.285777701918
19.5787	109.6013	218.16519	7	1.0	0.309358988838
19.5412	109.5953	218.388557	7	1.0	0.0
19.5599	109.6893	218.867183	7	0.813567789768	0.186432210232
17.5279	121.007	219.816743	24	1.0	0.0
14.2228	108.9718	221.177173	2	1.0	0.0
19.8296	116.4697	228.745542	3	1.0	0.0
19.81	116.4738	228.813484	3	1.0	0.0
19.8525	116.5619	228.813522	3	1.0	0.617745266387
16.3667	120.6253	229.444494	26	0.977479998228	0.0225200017719
16.3336	120.5825	229.475129	26	1.0	0.0
19.092	121.0988	235.318517	11	0.176178649665	0.823821350335
18.9381	121.104	235.360736	11	0.855357220487	0.144642779513
19.8716	117.8865	236.850955	5	1.0	0.0
23.6073	114.0673	239.53681	1	0.384022096356	0.615977903644
19.8493	116.4766	252.825974	3	1.0	0.0
20.0206	116.5654	253.291172	3	0.66359187885	0.33640812115
19.7871	118.7084	256.111293	22	0.938884137214	0.0611158627855
19.7773	118.652	256.255859	22	0.505060038374	0.494939961626
18.281	121.6521	257.109112	12	1.0	0.0
18.2744	121.7269	257.175173	12	1.0	0.0
18.2715	121.6855	257.248863	12	1.0	0.0
21.8485	109.8486	261.783166	21	1.0	0.0
21.8652	109.8414	261.842564	21	1.0	0.0
21.847	109.845	261.873381	21	1.0	0.0
19.5106	109.6261	263.436273	7	1.0	0.242764122962
19.8968	117.9584	270.668108	5	1.0	0.0
20.1353	118.759	270.668518	-1	0.0	0.47401762252
19.9053	117.9609	270.957694	5	1.0	0.0
19.5246	109.6464	273.969321	7	1.0	0.167140913657
19.5227	109.6436	274.021748	7	1.0	0.150327035413
18.6461	116.9505	274.113276	10	1.0	0.0
16.9355	120.6523	284.581367	25	0.178975584786	0.821024415214
16.7038	116.1495	285.714076	17	1.0	0.0
16.7316	116.1864	285.810428	17	1.0	0.0
19.4576	109.1264	286.37071	-1	0.0	0.839568878959
19.8464	118.712	291.140481	22	1.0	0.0
19.8488	118.6878	291.620985	22	1.0	0.0
19.5593	118.6421	293.338756	23	1.0	0.0
19.519	118.5715	293.4295	23	0.450021824057	0.549978175943
19.5739	118.6488	293.516701	23	0.89304671665	0.10695328335
18.9222	121.1237	296.321374	11	0.976565625335	0.0234343746651
18.2586	121.8263	299.259861	12	1.0	0.184123177722
18.2552	121.7913	299.47093	12	1.0	0.0
19.8718	117.9223	310.969076	5	1.0	0.0
22.1225	109.5153	311.128087	20	1.0	0.0
19.7962	116.4792	313.895095	3	1.0	0.250766677813
19.8672	116.3944	313.998697	3	1.0	0.0
19.8654	116.457	314.436199	3	1.0	0.331299260342
20.5477	120.7496	326.399912	4	1.0	0.0
20.5744	120.7929	326.399954	4	1.0	0.0
16.7451	116.2013	328.211508	17	1.0	0.267445679417
19.9325	116.5177	329.971325	3	1.0	0.667050361494
19.5847	109.4375	330.186008	-1	0.0	0.359943592225
14.347	108.8737	333.339397	2	0.719580096056	0.280419903944
20.0385	118.9598	337.687742	-1	0.0	0.606629490674
22.6091	110.9899	338.378415	-1	0.0	0.284008917711
18.3102	121.7201	339.567951	12	1.0	0.0
19.8999	117.8635	339.622818	5	0.653048462538	0.346951537462
19.8926	117.9099	339.760083	5	1.0	0.113934931594
22.2479	109.3054	341.605741	-1	0.0	0.282674907885
18.646	116.9336	352.443853	10	1.0	0.0
19.8857	117.9953	358.718651	5	0.507516981878	0.492483018122
19.5469	109.6219	361.107197	7	1.0	0.097297292203
19.8245	116.4406	361.37362	3	1.0	0.240098540652
21.771	109.809	363.654173	21	0.602145947317	0.397854052683
16.9315	120.7969	364.321155	25	0.940936460195	0.0590635398049
19.5691	118.6695	365.800915	23	0.673260959904	0.326739040096
19.5544	118.6404	365.858539	23	1.0	0.0
19.5337	118.6386	365.975525	23	1.0	0.0
18.0824	121.0096	366.192585	-1	0.0	0.36696352805
18.9381	121.1174	366.564584	11	1.0	0.0
18.9699	121.2078	366.608513	11	0.25427809151	0.74572190849
18.1943	121.7154	370.360329	12	1.0	0.346477873626
15.4662	116.0303	370.935854	8	0.848265117022	0.151734882978
15.5074	116.1334	371.076108	8	0.671271374382	0.328728625618
15.5089	116.1124	371.47723	8	0.913914081687	0.0860859183134
18.5943	117.9641	374.932381	15	0.3199240506	0.6800759494
19.4727	119.7428	375.415837	9	0.438061873214	0.561938126786
16.6662	116.6513	379.843684	16	1.0	0.0
16.6859	116.6891	379.872836	16	1.0	0.0
16.6927	116.7363	379.943971	16	1.0	0.0
16.6947	116.7494	379.956839	16	1.0	0.0
16.7322	116.1713	385.770438	17	1.0	0.0
18.625	116.9889	386.321245	10	1.0	0.0
19.607	109.534	395.855323	7	0.588919252815	0.411080747185
19.8272	116.4455	397.956258	3	1.0	0.219662158769
19.8889	116.503	398.005594	3	1.0	0.520086617391
19.8807	116.5545	398.052313	3	1.0	0.666046537393
19.5874	109.807	404.205978	6	1.0	0.0
19.603	109.8275	404.263275	-1	0.0	0.0312149850049
19.6009	109.8085	404.351611	6	1.0	0.0
17.5748	121.3667	405.748192	-1	0.0	0.488573711085
18.3053	121.716	407.229611	12	1.0	0.0
18.232	121.7447	415.865464	12	1.0	0.0514903849889
18.6711	117.9942	421.626374	15	0.265162375364	0.734837624636
19.6879	117.8172	422.13021	5	0.182822889086	0.817177110914
19.8918	117.8359	422.130248	5	0.653048462538	0.346951537462
19.8777	117.9351	422.209072	5	1.0	0.0
19.8689	117.9224	422.264448	5	1.0	0.0
19.8606	117.8769	422.503089	5	0.751436224625	0.248563775375
18.2077	121.7626	431.725055	12	1.0	0.254244533522
22.5162	110.8303	436.114045	18	1.0	0.0
16.7229	116.2281	441.785274	17	0.524460683416	0.475539316584
16.8038	116.3288	441.785315	17	0.181859026033	0.818140973967
16.7222	116.1314	441.86477	17	1.0	0.0
18.2118	121.7531	443.937285	12	1.0	0.202833340323
18.2237	121.7849	446.094069	12	1.0	0.0
21.7615	108.8715	446.279076	-1	0.0	0.73558406431
17.9815	121.9796	447.740927	12	0.316910650079	0.683089349921
22.1426	109.6119	448.785393	20	0.619809879146	0.380190120854
18.6648	117.0187	452.018913	10	0.722113601277	0.277886398723
18.296	121.7493	452.712827	12	1.0	0.0
19.5906	109.7539	454.196311	6	1.0	0.0
19.5393	109.6225	454.383037	7	1.0	0.097297292203
22.5751	110.4607	459.16985	-1	0.0	0.499990208199
18.2314	121.7908	468.491084	12	1.0	0.0
19.5875	118.5741	471.922223	23	0.382518865942	0.617481134058
19.5567	109.6623	473.892333	7	1.0	0.285988672083
16.7841	116.1417	483.287751	17	0.899707202314	0.100292797686
14.2024	108.967	484.803456	2	1.0	0.0
19.814	116.3548	486.40494	3	1.0	0.0
22.3415	110.9171	486.444406	-1	0.0	0.0448668833186
19.8477	116.4717	486.461116	3	1.0	0.0934309337982
19.8289	116.3483	486.846164	3	0.9736442881	0.0263557118997
15.4644	116.0644	489.036417	8	1.0	0.0
22.579	110.4865	494.616414	-1	0.0	0.441747670731
18.2442	121.774	495.8995	12	1.0	0.0574099367469
22.855	111.2164	498.977316	-1	0.0	0.712720658486
23.6466	114.3783	503.065373	1	0.237293502909	0.762706497091
17.5272	121.0011	508.670499	24	1.0	0.0
18.007	122.0071	508.683985	12	0.317540433088	0.682459566912
22.4941	110.838	509.778302	18	1.0	0.0
22.5311	110.7145	509.809799	19	1.0	0.0
22.5329	110.84	509.858958	18	1.0	0.0
19.7753	118.6526	512.02733	22	0.514533922335	0.485466077665
18.2522	121.7779	513.411694	12	1.0	0.122014097695
19.8394	117.9326	516.058446	5	0.908759696389	0.0912403036115
19.9063	117.9747	516.158829	5	1.0	0.0
19.712	117.9396	516.20295	5	0.224457287354	0.775542712646
19.8641	117.9035	516.249918	5	1.0	0.0
19.9178	117.9726	516.299666	5	1.0	0.0
17.3945	121.3452	517.065442	-1	0.0	0.443882945424
16.2757	120.4787	519.015066	26	1.0	0.0
22.6024	110.5006	528.401327	-1	0.0	0.416308330895
18.2571	121.8083	529.808366	12	1.0	0.0440809111672
21.8485	109.7106	529.898586	21	0.500123996989	0.499876003011
18.6266	116.9494	535.522607	10	1.0	0.0
18.6478	117.0252	535.587499	10	0.67238353916	0.32761646084
19.0629	115.1893	538.513282	-1	0.0	0.402687166657
18.1819	121.6019	540.932216	12	0.543683522957	0.456316477043
21.8522	109.8736	542.713925	21	1.0	0.0
23.0829	124.4359	544.474908	0	0.184147744111	0.815852255889
16.7545	116.1829	544.885409	17	1.0	0.0
16.7829	116.1682	544.998837	17	1.0	0.236015232015
16.7881	116.1667	545.069727	17	0.950656198216	0.0493438017843
18.2032	121.8024	548.33176	12	1.0	0.296846962796
18.2266	121.8208	549.140825	12	1.0	0.184123177722
23.4782	124.4358	552.439495	0	0.32932626786	0.67067373214
19.5838	109.6461	553.422095	7	1.0	0.285777701918
19.5609	109.6255	553.515849	7	1.0	0.150327035413
19.8701	117.938	554.184951	5	1.0	0.0
19.9198	118.048	554.185017	5	0.228339633107	0.771660366893
18.2472	121.8225	558.424804	12	1.0	0.0440809111672
18.2155	121.8084	558.645593	12	1.0	0.236198862937
21.8393	109.8154	562.459855	21	1.0	0.099062298863
18.2353	121.7926	563.516395	12	1.0	0.0345017861982
18.2523	121.8047	563.600146	12	1.0	0.0392923098797
22.6101	110.5452	565.082813	-1	0.0	0.276187241038
18.9427	121.1319	579.987703	11	1.0	0.0
18.9152	121.2121	580.734958	11	0.282571577236	0.717428422764
18.9669	121.1687	580.793693	11	0.375776599014	0.624223400986
22.3399	110.9158	581.384837	-1	0.0	0.0427577030996
18.248	121.806	584.143699	12	1.0	0.0475162693034
18.2566	121.8398	584.14374	12	1.0	0.217310326058
18.2181	121.7785	584.746535	12	1.0	0.0
22.1989	109.4166	587.243372	20	0.774103920398	0.225896079602
23.5968	114.4214	590.724303	1	0.200451257788	0.799548742212
16.1733	115.7609	591.778783	13	0.448567352562	0.551432647438
18.2193	121.7708	592.232778	12	1.0	0.0
16.3429	120.5974	592.706914	26	1.0	0.0
19.8485	116.3929	594.021595	3	1.0	0.0
19.8048	116.5328	594.380368	3	1.0	0.603646469149
18.215	121.7436	599.247791	12	1.0	0.0706923172347
