4.6872	116.2062	-3.3e-05	31	1.0	0.0824265407316
-2.0503	110.5014	-597.123983	35	1.0	0.0
-2.101	110.4359	-592.702524	35	0.441673842916	0.558326157084
-2.3063	110.0716	-592.5796	36	0.370395075487	0.629604924513
11.0056	121.9209	-591.036461	33	1.0	0.0
11.0719	122.0001	-590.117743	33	0.529614636836	0.470385363164
-2.315	114.2408	-588.988266	16	0.855454816793	0.144545183207
-2.2605	114.0942	-588.921957	16	0.575269526521	0.424730473479
-2.2149	114.485	-588.921915	15	1.0	0.0
10.4447	122.8595	-587.901086	29	1.0	0.0
10.426	122.9449	-587.834226	29	1.0	0.0
13.0085	120.3407	-585.965695	25	0.300182146872	0.699817853128
-4.5814	105.9781	-583.989804	10	0.438471331375	0.561528668625
11.0326	122.0674	-580.886651	33	0.289968955809	0.710031044191
3.1778	113.8216	-574.958768	13	0.41559055468	0.58440944532
-1.4418	110.4392	-573.740015	-1	0.0	0.371450798845
11.2971	122.5438	-572.91267	32	1.0	0.0
-1.9698	110.7381	-572.226453	-1	0.0	0.0390225467302
-2.0292	110.8082	-572.051105	-1	0.0	0.322262012857
-4.7642	106.121	-571.625241	11	1.0	0.502341286437
-4.7144	106.0999	-571.538206	11	0.733517260793	0.266482739207
3.3116	116.8392	-568.288383	27	0.20721696615	0.79278303385
-2.2784	109.9985	-566.05547	36	1.0	0.199129535929
-2.3214	114.2894	-563.941283	16	0.381487402766	0.618512597234
7.0783	124.9147	-560.880073	20	1.0	0.0
5.3416	116.8582	-560.044084	30	0.0833282264107	0.916671773589
5.3437	116.8754	-559.669441	30	0.0874859471109	0.912514052889
5.3698	116.9329	-559.669396	30	0.105212097637	0.894787902363
1.0492	121.1222	-556.4398	2	0.163686632342	0.836313367658
1.0712	121.2222	-556.439736	2	0.125912202116	0.874087797884
-2.3111	114.2441	-555.680233	16	0.854896527704	0.145103472296
1.144	121.2891	-551.356889	2	0.163686632342	0.836313367658
-0.4637	109.8981	-549.997532	12	1.0	0.0
-2.7577	109.9566	-546.975189	39	0.720070715543	0.279929284457
-2.7501	110.0011	-546.764252	39	1.0	0.0
-2.7824	109.9857	-546.74989	39	0.682811402704	0.317188597296
-2.7725	109.9841	-546.73486	39	0.734017398688	0.265982601312
7.5994	124.7952	-543.9985	21	0.726727103467	0.273272896533
7.5897	124.8405	-543.940376	21	0.470826284051	0.529173715949
-5.0146	107.27	-543.935156	4	1.0	0.0375354066539
-4.9835	107.2031	-543.845215	4	0.867174176906	0.132825823094
-4.9736	107.2154	-543.818769	4	1.0	0.0
5.1278	115.5085	-539.905853	19	1.0	0.0
5.1655	115.4746	-539.785173	19	1.0	0.0
5.1675	115.4249	-539.721493	19	0.603486411202	0.396513588798
12.4284	120.0893	-536.391027	24	1.0	0.0
0.3226	117.6357	-535.719028	14	0.216697052126	0.783302947874
0.3118	117.5536	-535.627092	14	0.391683326863	0.608316673137
9.5552	118.104	-531.929779	22	1.0	0.0
9.57	106.058	-531.807134	0	1.0	0.0
-2.3373	114.2389	-531.011531	16	0.855454816793	0.144545183207
-2.2406	114.1247	-523.999936	16	0.607825742657	0.392174257343
-2.2329	109.9725	-521.839239	36	1.0	0.394580986397
11.2156	122.528	-521.81622	32	0.894289094799	0.105710905201
-2.2404	109.9983	-521.789114	36	1.0	0.0708871048198
-2.2634	110.0123	-521.707616	36	1.0	0.0
7.5556	124.7151	-520.678614	21	0.626861205222	0.373138794778
-1.4954	110.4616	-516.465195	-1	0.0	0.301357528124
-2.7344	110.0073	-513.275341	39	1.0	0.0
-2.7366	109.982	-513.203983	39	0.977679580396	0.0223204196044
-2.741	110.006	-513.118049	39	1.0	0.0
-2.3094	110.0765	-512.825257	36	0.351818097929	0.648181902071
-2.3522	110.4438	-509.264745	35	0.178456158438	0.821543841562
-2.476	109.8914	-508.5052	36	0.266553713034	0.733446286966
11.0313	121.8949	-501.259919	33	0.878459959963	0.121540040037
12.378	121.1948	-496.509098	-1	0.0	0.726730697011
9.5119	118.0753	-490.328094	22	1.0	0.0
-2.0373	110.5041	-487.585288	35	1.0	0.0
9.4856	118.2351	-484.911532	22	0.759255508604	0.240744491396
13.3941	123.488	-484.88769	18	0.280282115296	0.719717884704
-4.7824	106.1366	-482.118992	11	0.71051092378	0.28948907622
-4.7065	106.0505	-481.955067	11	0.749137554254	0.250862445746
-4.7607	106.0555	-481.779507	11	1.0	0.392449322769
-2.7334	109.9652	-478.173265	39	0.93440956235	0.0655904376502
-2.2365	110.0101	-476.949833	36	1.0	0.0
0.9531	121.8432	-474.956241	2	0.292682820117	0.707317179883
-4.9789	107.3952	-472.742574	4	0.382958942626	0.617041057374
-5.011	107.2469	-472.661222	4	0.955385746868	0.0446142531319
-5.0424	107.2606	-472.617362	4	1.0	0.0230483626421
-5.0068	107.2449	-472.580055	4	1.0	0.155862919872
-2.2961	114.2097	-460.128998	16	1.0	0.0
-2.2973	114.203	-459.795479	16	1.0	0.132514906032
-2.0139	120.5776	-459.290062	5	1.0	0.0
-2.7485	110.0323	-456.07899	39	0.762513425999	0.237486574001
-2.661	110.2308	-456.078984	-1	0.0	0.191999172049
3.2142	116.5317	-455.921309	27	0.973922381572	0.0260776184276
12.8748	120.3459	-455.429306	25	0.534483955461	0.465516044539
7.7588	124.9556	-454.054353	21	0.211218024549	0.788781975451
-1.4004	115.3151	-451.985462	6	1.0	0.0
1.1332	122.2394	-450.338632	2	0.377822784253	0.622177215747
3.2082	113.8588	-442.669469	13	1.0	0.0
12.3295	109.0004	-437.945683	1	1.0	0.0
12.3849	120.1983	-437.273038	24	1.0	0.0
11.0198	121.8896	-434.839057	33	0.833227536895	0.166772463105
10.9955	121.9092	-434.770305	33	0.90983471038	0.0901652896203
10.9868	121.9653	-434.20388	33	0.450584522821	0.549415477179
-2.3209	114.1351	-433.352855	16	0.631591107407	0.368408892593
11.276	122.4989	-433.153762	32	1.0	0.0
11.362	122.4707	-433.015153	32	0.855000167865	0.144999832135
-4.9573	107.2257	-432.697133	4	1.0	0.0
1.2035	122.1431	-432.318087	2	0.906526157402	0.0934738425982
-2.3774	110.0247	-430.995551	36	1.0	0.332555871209
-2.3733	110.0343	-430.674377	36	0.871565184359	0.128434815641
-2.0323	110.5143	-427.177744	35	1.0	0.0
-2.035	110.4964	-427.008773	35	1.0	0.0
-4.779	105.9804	-425.25774	11	0.526018021988	0.473981978012
2.6048	117.1563	-424.072609	26	1.0	0.0
-0.4725	109.855	-419.849897	12	1.0	0.0
-2.6014	109.6575	-414.531996	-1	0.0	0.0828666807588
7.8394	123.3831	-412.596397	-1	0.0	0.826087248204
12.4479	120.2015	-411.602073	24	1.0	0.0
-2.2855	114.1118	-410.937747	16	0.752749027869	0.247250972131
-2.7049	109.982	-404.002681	39	0.764657036993	0.235342963007
-2.7163	110.0114	-403.943222	39	1.0	0.0
-2.6693	110.0008	-403.885829	-1	0.0	0.0120750866943
-2.6916	109.9618	-403.838234	39	0.931284402079	0.0687155979205
-2.6991	109.9341	-403.729249	39	0.770511953836	0.229488046164
-2.7513	110.0418	-403.113298	39	0.564533132592	0.435466867408
-2.2832	114.1068	-402.241715	16	0.700613837598	0.299386162402
-2.3284	114.1941	-402.138261	16	0.822222800203	0.177777199797
9.5064	106.0236	-399.028075	0	1.0	0.0
3.1941	113.8987	-391.179827	13	0.581460718689	0.418539281311
3.1742	113.8816	-388.954545	13	0.755180834719	0.244819165281
10.938	117.0147	-388.519619	-1	0.0	0.163220991953
4.7563	116.3192	-387.490424	31	1.0	0.0714602103143
4.7198	116.3534	-387.311543	31	0.747294389901	0.252705610099
1.2858	122.2415	-385.987693	2	0.36315182483	0.63684817517
-4.3915	105.9965	-379.339221	-1	0.0	0.271337918143
-2.3525	114.1988	-369.218663	16	0.644612385565	0.355387614435
-2.5041	110.3384	-368.80021	34	1.0	0.0
-4.961	107.223	-366.765652	4	1.0	0.0
-4.9906	107.2268	-366.688805	4	1.0	0.0
7.5016	124.7577	-358.255322	21	1.0	0.0
7.5158	124.9516	-358.196761	21	0.258160821109	0.741839178891
7.4886	124.7542	-358.019709	21	0.970071218937	0.0299287810628
-2.0007	110.47	-356.480814	35	0.535571598756	0.464428401244
11.169	122.1299	-354.52102	33	0.152202579795	0.847797420205
0.7824	110.7869	-349.372402	7	1.0	0.0
11.2725	122.6478	-349.204962	32	0.547459904363	0.452540095637
9.5386	118.0135	-346.471508	22	0.787387574728	0.212612425272
9.5501	117.8735	-346.357272	22	0.266531214165	0.733468785835
-1.3888	120.6097	-342.733367	8	1.0	0.0
-1.3842	120.641	-342.646924	8	1.0	0.0
11.0062	121.9309	-341.597991	33	1.0	0.0
-0.445	109.8884	-337.334848	12	1.0	0.0
2.6433	117.0307	-336.157024	26	1.0	0.0
-2.0895	110.5328	-331.97455	35	0.862046307249	0.137953692751
-2.3567	114.231	-331.935172	16	0.741218409159	0.258781590841
11.0556	121.9674	-322.388644	33	0.529614636836	0.470385363164
4.8045	116.1262	-319.344299	31	0.826896794746	0.173103205254
-5.068	106.8561	-318.942977	3	1.0	0.0
-5.0892	106.8271	-318.814862	3	1.0	0.0
11.2833	122.4942	-315.071367	32	1.0	0.0
-1.9531	110.4386	-305.396624	35	0.287673243353	0.712326756647
12.9196	120.2959	-301.818845	25	0.555024790764	0.444975209236
12.9428	120.3511	-301.48268	25	0.834501542377	0.165498457623
7.4895	124.7791	-301.077891	21	0.904981204709	0.0950187952908
7.5522	124.9574	-301.034831	21	0.258241445711	0.741758554289
7.5351	124.7691	-300.937669	21	1.0	0.0
7.5293	124.7151	-300.871982	21	0.677926291608	0.322073708392
7.5674	124.8405	-300.68732	21	0.47345625391	0.52654374609
-4.7606	106.1063	-298.572301	11	1.0	0.522942850435
-4.756	106.0713	-298.533077	11	1.0	0.270721232353
-2.3925	110.0112	-297.268763	36	1.0	0.0
-2.3362	109.9741	-297.158561	36	1.0	0.376790418677
5.155	115.4748	-297.008158	19	1.0	0.0
11.2678	122.6899	-296.72751	32	0.347231821166	0.652768178834
11.1278	121.9749	-295.550946	33	0.529614636836	0.470385363164
0.1426	117.5051	-292.203901	14	1.0	0.0
0.1652	117.4876	-292.031887	14	0.941844824423	0.0581551755768
-4.3456	105.9387	-291.752287	-1	0.0	0.305911726326
-2.7096	109.7187	-291.274988	-1	0.0	0.344907498647
-2.6937	109.8101	-291.096451	38	0.706150767263	0.293849232737
1.0147	120.8623	-289.102187	2	0.119738777144	0.880261222856
-5.0614	107.3584	-285.718275	4	0.960211045391	0.0397889546088
-1.975	115.5195	-283.985673	6	0.902284615594	0.0977153844063
0.2234	117.2638	-277.490823	14	0.120746974766	0.879253025234
-2.7192	109.8713	-273.100312	38	0.823919759921	0.176080240079
-5.0538	107.2303	-272.261957	4	0.730907665164	0.269092334836
12.5205	108.8018	-272.152752	1	0.823533486817	0.176466513183
-5.0638	107.2577	-271.874987	4	0.915707022286	0.0842929777144
-5.0249	107.2483	-271.802905	4	1.0	0.0230483626421
-2.246	113.7129	-271.735387	-1	0.0	0.536024013209
-0.4561	109.9764	-271.303289	12	1.0	0.0
10.9999	122.5738	-267.711331	32	0.258496702628	0.741503297372
10.9718	122.4663	-267.56104	32	0.276554120803	0.723445879197
-2.2833	109.9644	-265.167927	36	1.0	0.358175452109
7.5836	124.7869	-262.766723	21	1.0	0.0
7.5478	124.7632	-262.681356	21	1.0	0.0
12.4197	120.0521	-260.233506	24	1.0	0.0
-2.187	110.4731	-256.946866	35	0.767828525629	0.232171474371
-2.1742	110.5049	-256.893234	35	1.0	0.0
-2.2295	110.4676	-256.8644	35	0.482033520646	0.517966479354
-2.1827	110.4855	-256.745984	35	0.943471118222	0.0565288817782
-1.6818	120.4096	-256.663591	5	0.528769109018	0.471230890982
11.3577	122.6438	-248.027504	32	0.544970103434	0.455029896566
11.2766	122.4573	-247.980221	32	1.0	0.0217797040851
1.1595	121.9549	-247.706649	2	1.0	0.0
-2.7068	109.9532	-247.166712	39	0.93440956235	0.0655904376502
6.6659	123.7404	-247.153341	-1	0.0	0.77728994466
-2.3223	109.984	-244.391232	36	1.0	0.419026232367
-2.1354	110.4721	-240.230151	35	1.0	0.0
-1.4004	115.2611	-238.937957	6	1.0	0.0
12.412	120.1029	-233.875196	24	1.0	0.0
-2.2731	114.2175	-232.424659	16	1.0	0.0
10.4671	123.1452	-226.485556	29	1.0	0.0
-0.764	111.22	-225.68382	-1	0.0	0.358282808187
-2.2982	109.9767	-221.024087	36	1.0	0.229498594635
6.7529	116.7831	-215.264091	28	0.752821337334	0.247178662666
6.7162	116.8507	-215.123953	28	1.0	0.0
6.7343	116.8667	-215.070469	28	1.0	0.0
11.0614	121.7833	-214.898649	33	0.23713719144	0.76286280856
6.7741	116.9397	-214.831982	28	1.0	0.0
11.0793	121.9309	-214.776089	33	0.724212991679	0.275787008321
11.0578	121.9262	-214.71572	33	0.810100990785	0.189899009215
7.5093	124.5727	-214.683439	21	0.209639337128	0.790360662872
11.0433	121.9109	-214.147724	33	1.0	0.0
-5.0211	107.3402	-209.604177	4	0.960211045391	0.0397889546088
-4.8997	107.3116	-209.519794	4	0.352380770041	0.647619229959
0.8481	110.9187	-206.7704	7	1.0	0.0
0.7801	110.7654	-206.494176	7	1.0	0.0
-2.6138	110.4205	-205.685636	34	1.0	0.0
-2.2426	114.1843	-205.198053	16	1.0	0.279273098143
-2.2842	114.1488	-205.049007	16	1.0	0.0
5.1058	115.5305	-204.259046	19	0.637192223904	0.362807776096
5.1425	115.488	-204.089874	19	1.0	0.0
5.1294	115.4891	-203.925886	19	1.0	0.0
0.1115	117.5665	-203.268819	14	0.425733363282	0.574266636718
7.0278	124.7396	-198.314716	20	1.0	0.0
-1.2888	120.8609	-198.095899	9	1.0	0.0
-1.231	121.0667	-198.095792	-1	0.0	0.172058801186
-1.2995	120.905	-198.068211	9	1.0	0.0
-1.2664	120.8955	-198.000049	9	1.0	0.0
8.0306	125.1942	-195.95713	-1	0.0	0.0269700494882
-2.5644	110.1261	-193.181321	-1	0.0	0.282795810059
11.0093	121.9216	-192.079313	33	1.0	0.0
4.3551	116.3087	-190.271704	31	0.207203596377	0.792796403623
-1.5362	115.4626	-183.585639	6	1.0	0.0
1.1961	122.0976	-177.232244	2	1.0	0.0
1.1808	122.0252	-177.17873	2	1.0	0.204519266053
1.1748	122.0699	-176.962591	2	1.0	0.0
1.2168	122.0826	-176.142316	2	1.0	0.0
3.2185	116.5735	-170.973176	27	0.90156131093	0.0984386890696
3.1911	116.5984	-170.888221	27	0.478145280351	0.521854719649
-5.0294	107.2357	-167.223669	4	1.0	0.0230483626421
-5.0318	107.2283	-166.99634	4	0.957046665859	0.0429533341413
-4.9962	107.2847	-166.879854	4	1.0	0.0578565840474
4.2581	114.9226	-166.818957	-1	0.0	0.107528273293
-2.2777	114.212	-165.713185	16	1.0	0.0
-2.2819	114.1987	-165.693294	16	1.0	0.0
-2.2717	114.1569	-165.629593	16	1.0	0.0
-2.2786	114.1774	-165.520685	16	1.0	0.162659769088
-4.2803	106.1362	-164.345281	-1	0.0	0.643219087322
10.118	106.5863	-160.97798	0	0.789383841978	0.210616158022
4.7253	116.3175	-158.004336	31	1.0	0.0
11.2769	122.5054	-154.553439	32	1.0	0.0013749168979
11.3015	122.5767	-154.514442	32	1.0	0.0
11.2792	122.6644	-149.991777	32	0.449574340166	0.550425659834
6.7139	124.3763	-146.617459	-1	0.0	0.532397383686
7.1466	124.9997	-146.616971	20	1.0	0.0
-2.0423	110.4603	-143.765824	35	0.606849108181	0.393150891819
-2.0606	110.5053	-143.727639	35	1.0	0.0
11.5017	119.1755	-140.35867	17	1.0	0.0
11.614	119.1524	-140.276476	17	0.842876435346	0.157123564654
-4.7715	106.0821	-132.216512	11	1.0	0.0
12.9045	120.2852	-131.944686	25	0.461359893267	0.538640106733
12.9253	120.3205	-131.680656	25	1.0	0.0
-2.5734	113.5858	-130.191483	-1	0.0	0.726471401803
-2.1902	110.4979	-127.779126	35	0.954823475245	0.0451765247548
-2.1385	110.483	-127.595133	35	1.0	0.0
12.4403	108.9656	-120.557715	1	1.0	0.0
-5.0333	107.3209	-119.880975	4	1.0	0.0
-5.0597	107.4209	-119.608216	4	0.378396749612	0.621603250388
-2.3319	114.2238	-119.502375	16	0.855454816793	0.144545183207
-2.2899	114.1513	-119.455485	16	1.0	0.0
11.4856	119.2578	-118.623186	17	0.795834737015	0.204165262985
1.1785	121.5251	-118.175171	2	0.189889652482	0.810110347518
7.5859	124.7494	-108.834055	21	0.806414926732	0.193585073268
-2.6527	110.3965	-108.030646	34	1.0	0.0
-2.67	110.3916	-107.935325	34	1.0	0.0
0.2081	117.5084	-107.084472	14	0.988962790051	0.0110372099494
-2.1947	109.9423	-105.329661	36	0.951080160095	0.0489198399053
1.155	121.8367	-102.866172	2	0.382815141067	0.617184858933
12.8561	120.3834	-102.514935	25	0.335041472555	0.664958527445
12.8904	120.3309	-102.398209	25	0.808647085462	0.191352914538
-2.7734	109.7271	-95.305711	-1	0.0	0.194320103477
10.5085	122.9896	-94.205282	29	1.0	0.0
-2.2608	114.1281	-93.464077	16	0.810245593164	0.189754406836
9.4778	118.2189	-90.731484	22	0.892985410251	0.107014589749
3.2393	116.5033	-90.125832	27	1.0	0.0
1.1277	122.299	-87.999821	2	0.319043984822	0.680956015178
12.9195	120.3218	-84.294684	25	1.0	0.0
-4.7715	106.1036	-82.176406	11	1.0	0.432693438129
-2.6307	110.6498	-79.959332	-1	0.0	0.31250663982
-2.1766	110.5142	-79.888599	35	1.0	0.0
0.2108	117.518	-79.563979	14	1.0	0.0
11.0324	121.8906	-78.15059	33	0.769849959625	0.230150040375
11.0278	121.9208	-78.106845	33	1.0	0.0
4.7418	116.3365	-77.829126	31	1.0	0.148229543853
5.3421	117.2371	-68.891058	30	1.0	0.0
-2.2599	114.207	-68.422459	16	1.0	0.0
-2.2971	114.1638	-68.381493	16	1.0	0.0
-2.2959	114.1764	-68.363382	16	0.849612966491	0.150387033509
-5.0681	106.8065	-67.138563	3	0.999025337363	0.000974662637317
-2.7056	109.9086	-65.764292	38	0.464095329743	0.535904670257
13.8867	122.8807	-61.670617	18	1.0	0.0
13.9344	123.0292	-61.53268	18	1.0	0.0
-2.7116	110.039	-56.498993	39	0.652766204351	0.347233795649
-2.3577	109.9949	-55.259205	36	1.0	0.451441521173
-2.4089	110.0387	-55.159728	36	0.776378218657	0.223621781343
11.2536	122.4711	-54.570163	32	1.0	0.0
12.9304	120.3663	-52.966017	25	0.834501542377	0.165498457623
8.9237	117.6267	-50.751225	23	0.92366530888	0.0763346911204
9.0436	117.8148	-50.751122	22	0.169055168782	0.830944831218
-5.0693	107.3457	-45.694328	4	0.844490101012	0.155509898988
-5.0069	107.3148	-45.534545	4	1.0	0.152886521887
-2.1484	110.4805	-41.903881	35	1.0	0.0
9.5335	118.1278	-37.347728	22	1.0	0.0
0.0212	117.9753	-34.649563	14	0.0642012068847	0.935798793115
9.6524	120.2235	-34.531584	-1	0.0	0.149886243906
1.187	121.9476	-33.580376	2	1.0	0.0
1.1777	122.0073	-33.580325	2	1.0	0.0280981761113
-2.1465	110.493	-30.368042	35	1.0	0.0
-1.9412	115.4287	-28.062684	6	1.0	0.0
2.6965	117.1331	-27.400816	26	1.0	0.0
-1.9845	120.5529	-26.635224	5	1.0	0.0
10.3851	123.0209	-26.54124	29	1.0	0.0
12.4205	109.0137	-25.56418	1	1.0	0.0
-2.212	109.9538	-25.140116	36	0.939822975807	0.0601770241929
-2.2599	110.0139	-24.962381	36	1.0	0.0
-2.2261	109.9317	-24.8615	36	0.893606429954	0.106393570046
-2.2774	109.9828	-24.692931	36	1.0	0.229498594635
-2.2183	110.1508	-24.692922	-1	0.0	0.367287853688
-1.4469	110.4411	-22.043721	-1	0.0	0.365147316808
7.5521	125.3816	-21.078328	-1	0.0	0.369906132979
-4.9881	107.2238	-20.988409	4	1.0	0.0
-4.9607	107.1383	-20.934771	4	0.256444710694	0.743555289306
-5.4903	107.8834	-20.928667	-1	0.0	0.264313774109
-5.0142	107.2079	-20.883348	4	0.892607142201	0.107392857799
3.2159	113.8746	-19.209188	13	0.902520060781	0.0974799392191
0.1916	117.508	-17.285928	14	1.0	0.0
5.3505	117.285	-15.162814	30	1.0	0.0
12.9179	120.3382	-10.950258	25	0.865613302566	0.134386697434
12.9247	120.3596	-10.896344	25	0.865613302566	0.134386697434
-2.7564	109.8317	-6.87546	38	0.703143963938	0.296856036062
-2.1919	110.4971	-5.014	35	0.900190083811	0.0998099161893
11.0734	122.02	-0.890931	33	0.393380013052	0.606619986948
11.065	121.9887	-0.835056	33	0.529614636836	0.470385363164
13.899	122.8748	-0.403009	18	0.968160948214	0.0318390517862
4.6872	116.2062	-3.3e-05	31	1.0	0.0824265407316
7.5169	124.5736	1.569902	21	0.211787033193	0.788212966807
13.2761	121.0242	8.067375	-1	0.0	0.644100426427
11.3029	122.5431	8.218957	32	1.0	0.0
-1.3315	121.0082	8.657601	9	0.373752307817	0.626247692183
9.4814	118.1815	10.274742	22	0.896119947117	0.103880052883
2.6954	117.0169	11.8355	26	1.0	0.0
12.3772	123.2193	13.328718	-1	0.0	0.488776590525
7.0454	124.8658	15.04765	20	1.0	0.0
12.9444	120.3177	15.75879	25	0.719403893739	0.280596106261
0.1518	117.5197	17.450014	14	1.0	0.0
-5.0654	107.432	19.32744	4	0.310685777656	0.689314222344
13.9499	123.0543	19.481963	18	1.0	0.0
3.2189	116.5654	20.024886	27	1.0	0.0
3.2073	116.5014	20.050929	27	0.889129125228	0.110870874772
3.2942	116.7158	20.115204	27	0.22311128942	0.77688871058
5.2868	117.2769	23.700695	30	0.965131182536	0.0348688174637
-2.2746	114.1563	23.720919	16	1.0	0.0
-2.306	114.2532	23.768805	16	0.606990849467	0.393009150533
-2.054	110.4684	25.955915	35	0.631255962253	0.368744037747
-1.9953	110.568	28.200416	35	0.296889419514	0.703110580486
1.1989	122.0175	31.627143	2	0.987723956843	0.0122760431569
1.1262	122.4204	31.62738	2	0.179663304389	0.820336695611
1.1994	121.9876	31.709569	2	1.0	0.0
1.223	122.1015	31.802473	2	1.0	0.047328402983
1.1776	121.9712	31.833296	2	1.0	0.0
1.1977	121.9429	31.976018	2	1.0	0.0
3.228	116.5283	33.66922	27	1.0	0.0
12.9303	120.3284	35.324629	25	1.0	0.0
12.9338	120.2333	35.406609	25	0.218175675818	0.781824324182
-5.0454	107.3456	36.295015	4	0.960211045391	0.0397889546088
-2.6586	109.833	39.531388	38	0.580037245605	0.419962754395
-2.6716	110.0618	39.531427	-1	0.0	0.261254401847
-2.0378	120.5591	39.763098	5	1.0	0.0
-2.0279	120.71	39.763177	5	0.827571916422	0.172428083578
5.3299	117.2138	42.435677	30	0.708609870389	0.291390129611
5.3295	117.2215	42.563126	30	0.859689577238	0.140310422762
5.3538	117.3976	42.563214	30	0.30922022323	0.69077977677
-2.1974	119.8221	46.061517	-1	0.0	0.665313159602
-1.4056	120.7117	46.061929	8	1.0	0.0
4.7532	116.4571	47.137678	31	0.300542123011	0.699457876989
-2.2697	114.4758	49.313172	15	1.0	0.0
-2.2795	110.0031	49.870215	36	1.0	0.18015192468
-2.6761	110.3328	51.567332	34	1.0	0.0
-2.7512	110.0108	52.400754	39	1.0	0.0
5.1983	118.2216	52.597607	-1	0.0	0.337387827477
-1.297	120.8906	55.976629	9	1.0	0.0
-5.045	107.3554	56.990834	4	0.960211045391	0.0397889546088
-0.5259	110.0115	58.420909	12	0.685340187431	0.314659812569
6.9989	124.705	59.763048	-1	0.0	0.0225536953283
7.0192	124.7222	59.899717	20	1.0	0.0
-2.1073	110.5082	60.898035	35	1.0	0.0
3.2477	116.5468	61.050261	27	1.0	0.0
9.5031	118.215	63.282794	22	0.896119947117	0.103880052883
-4.7799	106.0866	63.414864	11	1.0	0.0
-4.7563	106.0169	63.712644	11	1.0	0.0
-2.2725	109.9392	63.917939	36	0.763922958569	0.236077041431
-2.2537	110.0124	63.917962	36	1.0	0.0
-2.4045	110.0107	66.296911	36	1.0	0.0
-2.3981	110.0147	66.335276	36	1.0	0.0
-2.3588	109.9745	66.382598	36	1.0	0.419026232367
8.9093	117.3854	66.763845	23	1.0	0.0
-2.383	109.9388	67.595681	36	0.424908572888	0.575091427112
4.7365	116.2117	71.497073	31	1.0	0.0
11.319	122.4366	75.663161	32	0.980825357972	0.0191746420279
12.9237	120.3949	75.79078	25	0.522741379006	0.477258620994
12.9044	120.2847	75.935558	25	0.468216218289	0.531783781711
11.378	122.5311	76.813192	32	0.921201075012	0.0787989249882
-2.0757	110.5309	78.827975	35	0.63536166147	0.36463833853
-5.0525	107.3001	78.936125	4	1.0	0.0
3.1957	113.8591	81.062252	13	1.0	0.0
3.2137	113.8717	81.222075	13	1.0	0.0
-2.2813	109.9674	86.425397	36	1.0	0.229498594635
1.0444	120.902	87.307648	2	0.120855419119	0.879144580881
9.6636	120.2655	87.800792	-1	0.0	0.0175648004893
-4.9396	107.2663	93.139188	4	0.486921286582	0.513078713418
-5.0252	107.3714	93.198642	4	0.715836159061	0.284163840939
1.1307	121.9073	93.562862	2	0.787877531737	0.212122468263
-2.7256	109.8742	93.583367	38	0.823919759921	0.176080240079
-2.6289	109.6936	98.458708	-1	0.0	0.344907498647
-2.096	110.4674	98.733284	35	0.801627376911	0.198372623089
-1.8377	112.05	100.079947	-1	0.0	0.385183733406
12.9254	120.4071	101.006975	25	0.356940166474	0.643059833526
1.0573	121.6235	101.573886	2	0.177081152258	0.822918847742
-4.7757	106.0588	107.529081	11	1.0	0.390944626982
3.2098	113.8447	112.763606	13	0.617974940573	0.382025059427
2.4144	117.3372	115.001559	26	0.978191906668	0.0218080933323
3.2371	116.5286	115.986769	27	1.0	0.0
3.1858	116.2867	116.274116	27	0.117442712847	0.882557287153
-5.0588	107.3686	117.32214	4	0.844490101012	0.155509898988
-5.0601	106.8567	120.54974	3	1.0	0.0
-2.1472	110.517	125.813936	35	1.0	0.0
8.8793	117.3957	128.601709	23	1.0	0.0
0.7471	110.9781	130.670869	7	1.0	0.0
0.581	110.7537	130.837868	7	1.0	0.0
-2.3991	110.0017	134.379911	36	1.0	0.0
-2.3313	109.9869	134.636521	36	1.0	0.376790418677
4.7016	116.2876	136.090362	31	1.0	0.0
4.7737	116.4692	136.090419	31	0.271481323084	0.728518676916
4.7244	116.3049	136.135911	31	1.0	0.0
-4.8101	106.0412	138.144694	11	0.98485499323	0.01514500677
-4.8122	106.0619	138.254818	11	1.0	0.531699413227
-4.805	106.0549	138.35619	11	1.0	0.476535560389
-2.8012	109.5338	138.63979	-1	0.0	0.155514525971
-2.7541	109.8751	138.790354	38	0.738400795909	0.261599204091
-2.2709	114.4707	145.713148	15	1.0	0.0
9.5085	118.1609	155.828802	22	0.892985410251	0.107014589749
9.5506	118.0006	155.881671	22	0.652207238626	0.347792761374
9.463	118.0698	155.903576	22	0.858617315638	0.141382684362
12.9229	120.3686	158.55498	25	0.678687379311	0.321312620689
11.0024	121.9371	160.267352	33	0.978220286007	0.0217797139931
-2.2855	109.9547	160.407646	36	0.952156749948	0.0478432500521
10.978	121.8579	160.484302	33	0.474945856351	0.525054143649
-1.3864	115.3963	162.199157	6	1.0	0.0
9.7234	118.8558	162.440173	-1	0.0	0.511055976572
3.2464	116.5525	165.445911	27	1.0	0.0
3.1944	116.5668	165.513853	27	0.810015245965	0.189984754035
11.5033	119.1807	166.982343	17	1.0	0.0
-5.0242	107.303	167.588605	4	1.0	0.00431254148921
12.3771	108.8356	168.342644	1	1.0	0.0
12.3729	108.899	168.450447	1	1.0	0.0
-2.2381	114.1793	169.949777	16	1.0	0.286129893538
-4.5508	105.9197	170.476542	10	1.0	0.0
-4.5562	105.9003	170.539436	10	1.0	0.0
-4.5794	105.9141	170.57455	10	1.0	0.0
-4.5137	106.0396	170.615617	-1	0.0	0.200533973753
-4.5966	105.8931	170.744525	10	1.0	0.0
9.6091	120.2084	172.969421	-1	0.0	0.001587640835
-2.0157	110.5071	176.530162	35	0.925304540032	0.0746954599678
10.0988	106.3865	178.443892	0	1.0	0.0
6.5083	116.8639	185.150802	28	0.851034849844	0.148965150156
6.4994	116.8236	185.438554	28	0.752821337334	0.247178662666
8.0125	125.0295	185.820626	21	0.183607351916	0.816392648084
8.0205	125.06	185.876168	21	0.179819210407	0.820180789593
-2.2607	109.9911	188.748624	36	1.0	0.0708871048198
-2.1044	110.4777	191.934085	35	0.943963506494	0.056036493506
-2.1136	110.4781	192.002612	35	1.0	0.0
-2.0659	110.7426	192.002647	-1	0.0	0.0810961915719
-2.1202	110.4395	192.079729	35	0.448346842016	0.551653157984
-5.0225	107.2817	193.096994	4	1.0	0.0
-2.7142	109.8855	195.280146	38	0.738400795909	0.261599204091
-2.7534	109.8553	195.404369	38	0.709594083703	0.290405916297
-2.7084	109.8349	196.262563	38	1.0	0.0
1.0621	120.8988	197.504201	2	0.119752828448	0.880247171552
-4.752	106.0174	198.503717	11	1.0	0.0
-4.7649	106.0762	198.580133	11	1.0	0.0
-4.829	106.069	198.791146	11	0.79968158507	0.20031841493
-4.7934	106.1413	198.982411	11	0.59179820571	0.40820179429
-2.1007	110.5322	202.049745	35	1.0	0.0
-2.2353	109.9908	202.05314	36	1.0	0.28643682016
-2.2614	114.1949	205.036508	16	1.0	0.0190122429142
-2.0363	120.5528	206.948477	5	1.0	0.0
-5.0392	107.2621	211.727	4	1.0	0.0316026508558
-2.1591	113.8634	212.883488	-1	0.0	0.215367992573
3.2145	113.855	213.755108	13	1.0	0.0
-5.0634	106.8739	214.318085	3	1.0	0.0
3.2252	116.7709	214.333144	27	0.29032527399	0.70967472601
12.8991	120.3234	218.535956	25	1.0	0.0
12.9372	120.3949	218.62599	25	0.503594937817	0.496405062183
5.119	115.4219	224.791336	19	0.578222581911	0.421777418089
-2.4039	110.0063	225.56489	36	1.0	0.0
-4.9573	107.5233	229.53851	4	0.127458367077	0.872541632923
13.9429	122.9208	229.932862	18	1.0	0.0
13.8936	122.9598	229.969531	18	1.0	0.0
-1.3667	110.337	232.74855	-1	0.0	0.482133138917
12.4578	120.2488	233.31041	24	0.936911430342	0.0630885696579
11.2526	122.2591	234.991111	32	0.220017056197	0.779982943803
9.5019	118.0696	237.076679	22	1.0	0.0
11.349	122.4035	237.57808	32	0.588907279136	0.411092720864
1.2191	120.5554	237.88046	2	0.0675807908127	0.932419209187
-2.1338	110.4927	238.970138	35	1.0	0.0
-2.1628	110.5186	239.089542	35	1.0	0.0
-2.1632	110.5509	239.366781	35	1.0	0.0
-2.2214	114.1967	239.502878	16	0.892709476686	0.107290523314
-2.7022	109.8505	241.884153	38	1.0	0.0
-2.7288	109.9352	241.915042	39	0.698704689119	0.301295310881
-2.709	109.8496	241.941407	38	1.0	0.0
-2.7069	109.8718	242.034234	38	0.807468274527	0.192531725473
-2.2125	110.0334	242.099733	36	0.740894866672	0.259105133328
-2.2666	110.0238	242.176631	36	1.0	0.281734654516
-2.2041	109.9847	242.230176	36	0.960862516344	0.0391374836564
-4.5629	105.8895	243.0794	10	1.0	0.0
4.3014	114.8799	249.066373	-1	0.0	0.131125681833
2.3629	117.3803	249.996294	26	0.809322587004	0.190677412996
-5.0521	107.2958	260.760476	4	1.0	0.0988341035241
-1.9977	120.7426	262.269076	5	0.676874925664	0.323125074336
-4.7937	106.1083	263.870426	11	1.0	0.502341286437
-4.7911	106.0896	263.926008	11	1.0	0.215222855272
-4.7435	106.0803	263.970395	11	1.0	0.314732545604
-2.4786	109.8096	265.767778	37	1.0	0.0
-2.51	109.8074	265.829303	37	1.0	0.0
-2.4636	109.813	266.015779	37	1.0	0.0
-2.6008	109.7137	267.534917	-1	0.0	0.362574404733
-2.5583	109.6167	267.568879	-1	0.0	0.226734030913
-2.5489	109.7224	267.597725	-1	0.0	0.442142398031
7.9911	125.1347	269.891179	-1	0.0	0.0233752937526
-4.5237	105.8417	271.763937	10	0.506421112668	0.493578887332
8.9367	117.488	273.67146	23	1.0	0.0
1.205	122.0625	274.182976	2	1.0	0.0
1.1907	122.0565	274.336136	2	1.0	0.047530824447
1.2066	122.0701	274.531584	2	1.0	0.0
1.2396	122.1149	274.728891	2	1.0	0.169903190243
1.177	122.1301	274.874915	2	1.0	0.201335208625
1.2708	122.2173	274.874982	2	0.391183878173	0.608816121827
-2.1148	110.5105	278.391371	35	1.0	0.0
-2.2566	109.9883	280.367123	36	1.0	0.0708871048198
-2.2589	110.0076	280.456991	36	1.0	0.0
-2.2148	109.9629	280.582461	36	0.951080160095	0.0489198399053
-5.0474	107.3243	281.4711	4	0.960211045391	0.0397889546088
-2.2541	114.4491	281.583096	15	1.0	0.0
-2.3318	114.5341	281.583163	15	0.921297452291	0.0787025477091
-5.0492	107.3145	281.604612	4	1.0	0.0
-2.7559	110.7164	283.145151	-1	0.0	0.49688441378
4.7189	116.2937	286.682067	31	1.0	0.0
4.7192	116.1359	287.220512	31	0.826896794746	0.173103205254
11.1456	122.0876	289.889263	33	0.221857717806	0.778142282194
-2.7565	109.8175	294.521798	38	0.836621709498	0.163378290502
-5.0701	107.2821	298.840107	4	0.922252131242	0.0777478687582
-2.1353	110.5464	299.602071	35	1.0	0.0
-1.3289	120.855	304.018842	9	0.868331344346	0.131668655654
-5.07	107.1229	304.675767	4	0.190085143142	0.809914856858
-5.048	106.8927	304.675774	3	0.731457655844	0.268542344156
-5.0622	106.8064	304.72925	3	1.0	0.0
9.574	118.0969	305.18563	22	1.0	0.0
6.7404	116.8897	306.311096	28	1.0	0.0
4.7905	116.1498	306.394289	31	0.94548522977	0.0545147702297
4.6217	116.2452	306.643748	31	0.732643287022	0.267356712978
4.7647	116.1648	307.085121	31	0.985266550065	0.0147334499352
4.806	116.1188	307.199084	31	0.719259330589	0.280740669411
3.449	116.8006	313.252177	27	0.212729212106	0.787270787894
3.364	115.0191	317.929502	-1	0.0	0.389349423035
1.1706	121.9179	318.169941	2	1.0	0.141573588913
-4.7783	106.0832	323.624877	11	1.0	0.0
-2.2284	110.632	323.674159	35	0.178933623109	0.821066376891
-4.7681	106.051	324.175754	11	1.0	0.487020215721
-5.034	107.3039	325.963772	4	1.0	0.0
11.3497	122.4502	328.573175	32	0.851492061515	0.148507938485
4.7551	116.2799	330.678208	31	1.0	0.0490238523369
-2.1108	110.3538	334.120308	35	0.150737303213	0.849262696787
-2.1161	110.501	334.21937	35	1.0	0.0
-2.4112	109.8945	336.475693	-1	0.0	0.00913514677027
0.1927	117.5158	339.001271	14	1.0	0.0
3.2232	116.4782	343.020964	27	0.511034544914	0.488965455086
-2.1344	110.5295	344.423549	35	1.0	0.0
-2.2658	114.2059	345.389157	16	1.0	0.0
-5.0235	107.2879	346.035748	4	1.0	0.0
-2.1858	110.522	349.378698	35	1.0	0.0
-2.209	110.4609	349.691045	35	0.467119989946	0.532880010054
9.0014	117.6913	350.362746	23	0.886528475744	0.113471524256
-4.8347	106.2014	354.465962	-1	0.0	0.181470014981
-2.7033	109.8364	357.964022	38	1.0	0.0
10.975	121.8767	359.940154	33	0.628810700328	0.371189299672
7.6439	125.284	364.431111	-1	0.0	0.0919644071813
7.7151	125.3405	364.578231	-1	0.0	0.158786551988
-2.7363	109.8087	367.101038	38	0.801438698541	0.198561301459
-2.7406	109.7627	367.832218	-1	0.0	0.232095803277
4.557	116.3026	368.856325	31	0.444057252986	0.555942747014
11.3562	122.5602	370.433083	32	1.0	0.0
1.0322	121.7155	370.708008	2	0.285067531784	0.714932468216
-2.127	110.5099	371.439423	35	1.0	0.0
-2.135	110.5251	371.548379	35	1.0	0.0
1.155	121.9777	371.818476	2	1.0	0.0280981761113
3.2326	116.4984	372.552477	27	0.854737873893	0.145262126107
-2.0552	110.4584	379.781965	35	0.569107917302	0.430892082698
1.2064	114.0399	380.147978	13	0.0164983134516	0.983501686548
11.1507	121.9489	381.20366	33	0.392603243241	0.607396756759
6.6719	116.949	381.474626	28	1.0	0.0
-2.7125	109.8514	381.981899	38	1.0	0.0
5.3947	117.2198	385.038484	30	0.693720600538	0.306279399462
4.7087	116.2218	385.425177	31	1.0	0.0
4.7279	116.4195	385.485615	31	0.435639136755	0.564360863245
4.7207	116.2088	385.879124	31	1.0	0.0
12.9506	120.3939	389.670881	25	0.473864420256	0.526135579744
-5.0404	107.313	390.757445	4	1.0	0.0
-2.1522	110.5458	392.050987	35	1.0	0.0
-1.9476	110.5745	392.283736	35	0.223290482629	0.776709517371
-2.3065	114.4121	398.158512	15	1.0	0.0
-0.4895	109.77	398.456776	12	0.737124876881	0.262875123119
-4.5575	105.9292	399.528946	10	0.774118755206	0.225881244794
-2.1428	110.497	402.426609	35	1.0	0.0
-1.1114	124.3092	402.665192	-1	0.0	0.110698995313
9.7437	106.0325	410.977461	0	1.0	0.0
-2.1379	110.5445	412.200025	35	1.0	0.0
4.7138	116.213	412.642367	31	1.0	0.0
8.9882	117.4947	423.3702	23	1.0	0.0
-2.2148	114.1656	424.712689	16	0.655045270294	0.344954729706
-2.1747	114.1599	424.760981	16	0.447352322026	0.552647677974
12.9202	120.3475	426.111528	25	0.865613302566	0.134386697434
12.923	120.3609	426.185316	25	0.865613302566	0.134386697434
12.9103	120.3254	426.225836	25	1.0	0.0
-4.7368	106.024	430.782124	11	1.0	0.0
-4.706	106.0248	430.848827	11	0.890466681627	0.109533318373
-4.7364	106.0183	430.906723	11	1.0	0.0
-4.7539	106.0758	430.946717	11	1.0	0.105257925744
-4.7534	106.0045	431.00921	11	1.0	0.0
4.7218	116.188	433.626223	31	1.0	0.262908518749
3.2759	116.7169	435.6488	27	0.212729212106	0.787270787894
-2.1514	110.5211	436.632118	35	1.0	0.0
-2.1676	110.5638	436.762266	35	0.710180510065	0.289819489935
11.5358	119.2139	438.065593	17	1.0	0.0
-2.4529	109.765	438.311496	37	0.901707556443	0.0982924435575
11.2548	122.4643	441.135751	32	1.0	0.0
-0.5702	109.7953	444.099167	12	0.87804244205	0.12195755795
9.8121	122.1264	444.335481	-1	0.0	0.366907924596
-2.138	110.5364	447.023157	35	1.0	0.0
-2.1131	113.9756	447.765085	-1	0.0	0.119908530925
1.1828	121.6103	449.497427	2	0.180243789117	0.819756210883
-1.9833	120.6749	449.949328	5	1.0	0.0
-3.5238	118.6605	450.012708	-1	0.0	0.438216951623
-2.7461	109.7719	454.179473	-1	0.0	0.219364368644
-2.1402	110.5412	455.96086	35	1.0	0.0
-2.157	110.5368	456.019823	35	1.0	0.0
-1.5687	109.6573	457.543759	-1	0.0	0.620307802248
-2.4545	109.9978	457.742247	36	0.662837485994	0.337162514006
-2.4694	110.0466	457.886765	36	0.4417292724	0.5582707276
-2.235	110.0172	458.399207	36	1.0	0.204339563269
11.1071	121.9293	458.425727	33	0.545134061196	0.454865938804
4.763	116.1861	461.478699	31	1.0	0.403410484817
4.708	116.2235	461.539843	31	1.0	0.0
4.6748	116.2539	461.699785	31	1.0	0.230429104338
-2.1417	110.5218	466.922164	35	1.0	0.0
-4.5732	105.8351	470.006305	10	0.520568247336	0.479431752664
3.2072	113.8717	471.692529	13	1.0	0.0
9.6929	120.4959	471.780795	-1	0.0	0.0400736084378
13.0596	120.3821	477.225111	25	0.203828342343	0.796171657657
12.9278	120.2579	477.315666	25	0.359639838271	0.640360161729
-2.1241	110.553	478.677704	35	1.0	0.0
9.6105	118.2664	480.059991	22	0.500298211442	0.499701788558
2.7866	117.2248	482.984903	26	1.0	0.0
-5.0048	107.2919	483.783299	4	1.0	0.0
-2.7233	109.8284	487.848416	38	0.984206495693	0.0157935043069
-2.6539	110.0639	487.84844	-1	0.0	0.370669132801
-2.7002	109.8133	487.882874	38	0.874252343958	0.125747656042
11.2362	122.5133	488.137614	32	1.0	0.0
-2.6753	109.9445	488.546091	39	0.698704689119	0.301295310881
-2.6136	109.9502	488.657624	-1	0.0	0.233623393774
-1.2873	120.8854	497.077026	9	1.0	0.0
-2.0896	110.4993	499.633243	35	1.0	0.0
-1.3655	120.6388	500.562421	8	1.0	0.0
3.3095	116.5712	503.492642	27	0.56037793723	0.43962206277
11.5028	119.1866	505.140296	17	1.0	0.0
2.4996	112.1011	511.681754	-1	0.0	0.00620574431811
13.9608	123.144	511.984963	18	0.803148261553	0.196851738447
13.9707	123.1244	512.273876	18	0.8890222281	0.1109777719
11.1451	121.8246	512.365307	33	0.227573170742	0.772426829258
-4.6452	106.5956	512.48462	-1	0.0	0.31008563911
-0.5143	109.8925	512.586548	12	1.0	0.0
2.4321	117.4285	512.649563	26	0.745169205612	0.254830794388
-4.7795	106.0883	513.632158	11	1.0	0.0
-5.0273	107.2833	513.951774	4	1.0	0.0
10.9787	121.796	516.341919	33	0.265544009305	0.734455990695
11.0385	122.0138	516.430299	33	0.431254157143	0.568745842857
10.9895	121.7989	516.504693	33	0.276024632638	0.723975367362
-2.099	113.9674	517.597515	-1	0.0	0.182530327231
-2.0718	114.2192	517.59758	16	0.211316654576	0.788683345424
-2.1859	110.5182	518.027763	35	1.0	0.0
-2.2151	109.9223	518.487767	36	0.65425661821	0.34574338179
-2.091	109.936	518.864976	36	0.322835235978	0.677164764022
5.3456	117.2557	521.726085	30	0.859689577238	0.140310422762
8.9212	117.2614	526.505502	23	0.80505499075	0.19494500925
8.9443	117.3055	526.572527	23	1.0	0.0
11.4539	119.1177	530.105983	17	0.696086595529	0.303913404471
1.2653	121.3994	537.680397	2	0.180243789117	0.819756210883
9.8005	106.2049	538.425527	0	1.0	0.0
-2.16	110.5297	539.432362	35	1.0	0.0
-2.1572	110.5325	539.569374	35	1.0	0.0
12.3325	115.1022	541.540919	-1	0.0	0.246885303851
5.3302	117.3138	548.087173	30	0.87884196108	0.12115803892
-2.1289	110.5484	548.226832	35	1.0	0.0
7.6039	124.7015	550.09898	21	0.44570831606	0.55429168394
3.2049	116.6832	555.364473	27	0.29032527399	0.70967472601
-4.553	105.8746	557.58	10	0.854853424961	0.145146575039
-1.2673	120.6367	559.656598	8	1.0	0.0
-2.0935	113.9269	561.904117	-1	0.0	0.342725935939
-2.1286	110.5329	562.076039	35	1.0	0.0
-2.3289	109.8307	563.016363	-1	0.0	0.184554004217
5.2975	117.2836	564.215279	30	1.0	0.0
13.6727	121.9014	565.606484	-1	0.0	0.052747495235
11.3128	122.5474	565.821259	32	1.0	0.0
4.7457	116.2896	568.470895	31	1.0	0.0
4.6825	116.0978	568.511349	31	0.48316266161	0.51683733839
4.6884	116.2266	568.590538	31	1.0	0.0916743225468
11.5376	119.2384	571.410021	17	1.0	0.0
-4.7864	106.034	576.881134	11	1.0	0.575947800847
-4.7444	106.0494	576.986032	11	1.0	0.490446997003
9.8585	118.4786	578.077203	-1	0.0	0.0193074231609
-2.7357	109.8132	578.605544	38	0.935677730449	0.064322269551
12.8979	120.3017	579.59494	25	0.633312447319	0.366687552681
-2.5173	109.7812	581.337382	37	1.0	0.0
-2.4458	109.778	581.637272	37	1.0	0.0
5.3438	117.2673	581.687971	30	1.0	0.0
5.33	117.4447	581.688055	30	0.212479249245	0.787520750755
5.3044	117.3031	581.787025	30	1.0	0.0
-0.5486	109.7984	583.080846	12	0.928427288629	0.0715727113709
-2.1785	110.5345	583.671856	35	1.0	0.0
-2.1998	110.5591	583.812251	35	0.618253685228	0.381746314772
-2.0027	110.5705	584.197349	35	0.293242052053	0.706757947947
1.1866	122.1243	588.406634	2	1.0	0.0116756670297
7.5745	124.7767	591.194519	21	1.0	0.0
7.6525	124.9563	591.255611	21	0.25203065952	0.74796934048
-5.0424	107.2745	592.161305	4	1.0	0.0
1.2035	121.886	595.767123	2	0.679849897741	0.320150102259
5.2918	117.3081	597.553354	30	0.965131182536	0.0348688174637
10.9844	121.8726	598.970826	33	0.670499950802	0.329500049198
-2.1262	110.5355	599.081231	35	1.0	0.0
