19.0219	276.8868	-1.5e-05	25	0.740859540432	0.259140459568
23.2755	281.2485	-598.968388	2	0.381356891826	0.618643108174
23.3427	281.2332	-598.807833	2	0.409281379497	0.590718620503
18.9287	276.89	-598.754925	25	0.574895041522	0.425104958478
23.2978	281.1374	-598.6851	2	0.16751044448	0.83248955552
23.3017	281.2667	-598.542981	2	0.503436383423	0.496563616577
20.4347	280.2873	-598.080403	-1	0.0	0.0535107765038
25.1887	283.9679	-595.780367	5	0.904431578631	0.0955684213689
25.2007	284.0297	-595.54706	5	0.907716818599	0.092283181401
25.1832	283.9343	-595.391093	5	1.0	0.0
9.6011	278.054	-594.615413	11	0.523136344548	0.476863655452
9.6405	278.0892	-594.578022	11	0.488616296882	0.511383703118
19.3907	274.4536	-592.34882	17	0.663778835608	0.336221164392
19.1539	276.8787	-591.97477	26	1.0	0.0
19.0948	276.8209	-591.943356	26	0.716686583734	0.283313416266
19.5863	274.4748	-574.108476	18	0.987685283625	0.0123147163746
19.5885	274.4931	-574.060185	18	1.0	0.0
19.634	274.5263	-573.860424	18	0.708908301659	0.291091698341
19.5487	274.4858	-573.818546	18	1.0	0.0
19.5288	274.4803	-573.472203	18	0.680103858076	0.319896141924
19.6038	274.5136	-573.253916	18	0.821433687299	0.178566312701
19.5815	274.4908	-573.167246	18	1.0	0.0
19.6037	274.5089	-572.995122	18	0.935028942181	0.0649710578188
18.9472	276.8369	-569.990745	25	1.0	0.0
18.9143	276.8303	-569.890134	25	0.940037549456	0.0599624505444
9.6795	278.0419	-568.13737	11	0.462125721896	0.537874278104
9.6674	278.0412	-568.097613	11	0.487900268597	0.512099731403
23.2286	281.2917	-562.159616	2	0.36629128889	0.63370871111
18.9229	276.8817	-559.508037	25	0.834663563295	0.165336436705
24.9405	283.7934	-558.593248	4	1.0	0.0
24.9161	283.7897	-558.475799	4	1.0	0.0
24.9274	283.8022	-558.330507	4	1.0	0.0
21.0036	274.8735	-558.231193	6	1.0	0.0
20.9888	274.6275	-558.231176	-1	0.0	0.209875660025
20.9883	274.8748	-558.212174	6	0.878910862711	0.121089137289
20.9568	274.7473	-558.156973	6	0.218888185356	0.781111814644
24.9026	283.7745	-558.08685	4	1.0	0.440020892457
19.1849	274.906	-558.013935	7	0.464578987503	0.535421012497
24.8864	283.7793	-557.672568	4	1.0	0.307477800851
19.1807	274.9308	-557.597329	7	0.451180691919	0.548819308081
19.1953	274.8868	-557.597284	7	0.527677185953	0.472322814047
19.1898	274.9327	-557.553357	7	0.478806183596	0.521193816404
8.9391	268.1842	-556.965969	0	0.341821676288	0.658178323712
8.9428	268.3239	-556.965964	0	0.67812010897	0.32187989103
19.7536	274.6029	-553.739004	19	0.706394158498	0.293605841502
25.1295	283.9109	-552.167247	5	0.815175897319	0.184824102681
25.1243	283.9139	-552.136677	5	0.876005733003	0.123994266997
18.9671	276.8609	-552.122252	25	1.0	0.237522065875
19.1414	276.8602	-546.842571	26	1.0	0.0
25.6548	281.7413	-546.709604	1	0.0744516888742	0.925548311126
25.5945	281.6786	-546.683062	1	0.0749607860735	0.925039213926
20.4626	276.4681	-543.238307	-1	0.0	0.733837767091
20.376	276.4014	-543.104653	-1	0.0	0.705325895773
25.1529	284.0206	-542.680572	5	0.907716818599	0.092283181401
19.3317	274.4897	-540.576699	17	0.671571341248	0.328428658752
19.2194	274.2525	-540.576653	-1	0.0	0.360378836831
19.3237	274.5055	-540.543472	17	0.579564354408	0.420435645592
19.4941	274.3323	-540.490159	16	1.0	0.0
19.3439	274.5403	-540.473798	17	0.53114797543	0.46885202457
19.3516	274.5193	-540.098123	17	0.717196047021	0.282803952979
19.8329	277.0833	-540.050597	12	0.836700539818	0.163299460182
19.6747	276.747	-540.050585	-1	0.0	0.0149857092302
19.2118	276.5321	-539.639649	15	0.600295729753	0.399704270247
19.1409	276.7817	-539.461289	-1	0.0	0.00185053398476
18.938	276.8777	-539.422444	25	1.0	0.0496875868873
18.9535	276.8966	-539.401632	25	1.0	0.0
18.9424	276.8787	-539.227109	25	1.0	0.0306819305371
18.9334	276.7959	-538.994639	25	0.639214183264	0.360785816736
19.0826	276.8692	-536.318014	26	1.0	0.0
19.0638	276.8538	-536.305888	26	0.917544476965	0.0824555230345
19.0538	276.8641	-536.249322	26	0.679500342224	0.320499657776
19.0888	276.867	-536.22712	26	1.0	0.0
19.0965	276.8664	-535.858088	26	1.0	0.00592790507705
23.4393	281.2658	-532.946465	2	0.741708518283	0.258291481717
9.5188	278.0013	-529.356082	11	0.312978535691	0.687021464309
9.4422	278.2017	-529.355996	11	0.314909091162	0.685090908838
9.461	278.2023	-529.316346	11	0.335862659179	0.664137340821
9.4321	278.2189	-529.290995	11	0.335862659179	0.664137340821
9.4314	278.1939	-529.227773	11	0.328095122578	0.671904877422
9.473	278.2625	-529.011537	11	0.275434883016	0.724565116984
18.9262	276.8623	-525.11033	25	0.748043358682	0.251956641318
18.962	276.9029	-525.016656	25	1.0	0.0
19.136	276.8364	-520.069744	26	1.0	0.0
19.1066	276.8474	-519.83521	26	1.0	0.0995495172714
25.1313	283.9485	-517.314507	5	0.820676764542	0.179323235458
9.5429	277.9193	-513.040337	11	0.493223673696	0.506776326304
9.5318	277.9503	-512.750073	11	0.493223673696	0.506776326304
9.5244	277.9522	-512.677215	11	0.474627011957	0.525372988043
24.8608	283.7937	-512.645976	4	1.0	0.454371913828
9.557	277.935	-512.547012	11	0.493223673696	0.506776326304
19.1799	276.5724	-506.090015	15	0.599556187277	0.400443812723
19.0785	276.8949	-506.089968	26	0.635602353072	0.364397646928
19.4702	276.5154	-506.009701	-1	0.0	0.0526754645542
19.0607	276.8248	-505.953814	-1	0.0	0.166250602316
19.1864	276.785	-505.953744	-1	0.0	0.171047272239
13.9774	275.3837	-505.845814	-1	0.0	0.14541505892
19.0698	276.8572	-505.342692	26	1.0	0.0
19.5175	276.884	-505.229138	23	0.932000093876	0.0679999061245
18.9235	276.8757	-503.704305	25	0.961336277929	0.038663722071
19.8	274.3416	-501.664131	-1	0.0	0.107903647853
19.73	274.5756	-501.664102	19	1.0	0.0
19.6909	274.5594	-501.31132	19	0.72308107497	0.27691892503
19.5046	274.315	-501.007022	16	0.775027282058	0.224972717942
19.7098	274.5884	-500.772397	19	0.765974803921	0.234025196079
19.5185	274.3524	-500.645686	16	1.0	0.0
19.5372	274.3394	-500.645651	16	1.0	0.0
18.9482	276.8596	-500.200855	25	1.0	0.0845729507177
25.3171	283.9153	-498.834636	-1	0.0	0.00305226515307
19.4527	274.5063	-495.363592	17	0.736012847653	0.263987152347
19.4357	274.4175	-494.871151	-1	0.0	0.202733421394
18.9445	276.8523	-487.698017	25	1.0	0.0436495276872
21.0119	274.8793	-486.643433	6	1.0	0.0
20.9934	274.8606	-486.613359	6	0.878910862711	0.121089137289
20.9695	274.8493	-486.552434	6	0.636130980264	0.363869019736
19.1096	276.8575	-484.784002	26	1.0	0.160457430739
7.3879	279.4034	-484.468708	-1	0.0	0.413345815362
10.1418	276.6446	-479.982734	-1	0.0	0.50500304226
18.9163	274.5257	-478.51238	-1	0.0	0.0742078480219
19.082	274.549	-477.603325	14	1.0	0.0
19.0845	274.5343	-477.556979	14	1.0	0.0
19.0347	274.4447	-477.519226	-1	0.0	0.200579553184
18.9468	276.8702	-472.879515	25	1.0	0.0306819305371
24.9214	283.8006	-472.63141	4	1.0	0.0
24.9606	283.8337	-472.580785	4	1.0	0.0332325632851
24.8927	283.8067	-472.492296	4	1.0	0.289366170014
24.8955	283.8107	-472.062681	4	1.0	0.285024585076
24.888	283.7848	-471.716639	4	1.0	0.199178120788
19.0986	276.8499	-468.048725	26	1.0	0.0228677200809
19.1071	276.8844	-467.991827	26	0.883907704705	0.116092295295
19.4014	276.7447	-467.976059	-1	0.0	0.632440833065
19.08	276.8535	-467.940608	26	1.0	0.0
19.1072	276.9057	-467.885524	26	0.636359553387	0.363640446613
19.0769	276.8462	-467.858515	26	1.0	0.0
19.3911	276.7154	-467.833953	-1	0.0	0.142046307893
19.092	276.8569	-467.801953	26	1.0	0.0228677200809
19.117	276.8924	-467.792036	26	0.756009559494	0.243990440506
19.0763	276.8528	-467.688068	26	1.0	0.0
20.8292	275.1718	-467.610763	8	0.374444518683	0.625555481317
19.0765	276.8425	-467.423541	26	0.763919641323	0.236080358677
19.11	276.8404	-467.197672	26	1.0	0.00325999040294
19.0946	276.8592	-467.00978	26	0.969564681751	0.0304353182492
25.1464	283.9032	-461.283104	5	0.907245832502	0.092754167498
18.9349	276.8649	-458.802172	25	0.925809056397	0.0741909436035
19.053	277.0105	-458.599426	-1	0.0	0.124996114185
18.9471	276.8141	-458.564743	25	1.0	0.16259835153
18.9552	276.865	-458.533083	25	1.0	0.0167886086052
23.3747	281.2832	-452.879488	2	1.0	0.0
19.8527	276.2661	-451.171667	-1	0.0	0.572356428247
19.5838	274.4811	-449.478165	18	1.0	0.0
19.5766	274.4722	-449.445285	18	0.900785806897	0.0992141931031
19.5627	274.4928	-449.384012	18	1.0	0.0
19.624	274.4928	-449.185525	18	0.799841467742	0.200158532258
19.5615	274.5122	-448.801422	18	0.800048582034	0.199951417966
19.5674	274.3748	-448.797705	16	0.655838890337	0.344161109663
19.114	276.862	-446.260049	26	1.0	0.204524205692
19.1139	276.8736	-446.206111	26	1.0	0.177111551697
19.0192	276.8493	-445.823845	25	0.81919272591	0.18080727409
19.0377	276.9003	-445.449657	25	0.695084441343	0.304915558657
19.4406	276.8983	-443.671044	-1	0.0	0.325320063871
19.4437	276.8449	-443.320257	-1	0.0	0.0635205579651
19.4321	276.7753	-443.314767	-1	0.0	0.693695281246
19.4325	276.8563	-443.271567	-1	0.0	0.106883463283
19.6626	276.5205	-443.253075	-1	0.0	0.175725479772
19.4966	276.9414	-443.148075	-1	0.0	0.0851104430758
25.1379	284.0104	-441.721984	5	0.768464588846	0.231535411154
25.1532	283.9993	-441.108122	5	0.824090051296	0.175909948704
25.1796	283.9904	-441.095912	5	1.0	0.0
18.9303	276.9468	-440.837828	-1	0.0	0.549660574141
18.9663	276.9096	-440.812926	25	0.760163518779	0.239836481221
18.9569	276.9009	-440.764895	25	1.0	0.0
7.7311	280.3637	-440.133332	-1	0.0	0.413345815362
19.5168	274.6403	-430.180564	20	0.593392499839	0.406607500161
19.1461	276.8984	-429.71763	26	0.983154393379	0.016845606621
19.4537	274.51	-429.485692	17	0.709450323214	0.290549676786
9.5347	277.6823	-422.848145	11	0.0834146165564	0.916585383444
9.5428	277.9116	-422.848136	11	0.474627011957	0.525372988043
19.117	276.8772	-421.130976	26	1.0	0.177111551697
19.148	276.8552	-420.51613	26	1.0	0.0126970583275
19.1646	276.8527	-420.41401	26	1.0	0.0
19.1265	276.8196	-420.017638	26	1.0	0.0746894255955
19.1541	276.8808	-419.838916	26	1.0	0.0
18.9732	276.8944	-412.395268	25	1.0	0.0341428058654
9.5522	278.1278	-411.854925	11	0.473119009336	0.526880990664
9.5934	278.0916	-411.435951	11	0.515338265233	0.484661734767
18.7476	274.4837	-407.917296	13	0.892379711742	0.107620288258
18.7163	274.4351	-407.191923	13	0.683574867564	0.316425132436
25.3042	283.6259	-405.712951	-1	0.0	0.688046060622
25.1918	283.9256	-405.712848	5	0.907245832502	0.092754167498
25.1819	283.9636	-405.668761	5	1.0	0.0
25.1665	283.9079	-405.290499	5	1.0	0.0
18.9491	276.8404	-403.568357	25	1.0	0.0
19.1072	276.8697	-403.128068	26	1.0	0.177111551697
19.0962	276.8879	-403.069428	26	0.856816442799	0.143183557201
19.086	276.8464	-403.045063	26	1.0	0.017238653977
19.0849	276.9054	-402.949203	26	0.544434482123	0.455565517877
19.0839	276.8593	-402.678016	26	1.0	0.0
19.0791	276.8713	-402.396859	26	1.0	0.0
19.0811	276.8696	-402.136607	26	1.0	0.0
18.9574	276.9126	-402.136579	25	0.650787004131	0.349212995869
19.0928	276.8851	-402.047685	26	0.8001425143	0.1998574857
19.1182	276.842	-401.368865	26	1.0	0.0
18.9252	276.8145	-395.736896	25	0.767840296861	0.232159703139
18.9553	276.8179	-395.736855	25	1.0	0.0
19.2661	274.5284	-394.462404	17	0.49177319904	0.50822680096
9.609	277.9413	-392.996962	11	0.493223673696	0.506776326304
9.6832	277.9742	-392.996945	11	1.0	0.0
9.6777	277.9761	-392.954341	11	1.0	0.0
9.6858	277.9992	-392.921198	11	0.843074717955	0.156925282045
9.6339	277.9771	-392.861868	11	0.946560908242	0.0534390917576
9.6926	277.9754	-392.805556	11	0.822545441091	0.177454558909
9.629	277.9622	-392.519319	11	0.752075816822	0.247924183178
8.9397	268.2626	-391.7584	0	0.659711264576	0.340288735424
8.8916	268.2847	-391.546552	0	0.67812010897	0.32187989103
8.8959	268.3219	-391.54653	0	0.638954237689	0.361045762311
8.8919	268.2555	-391.470506	0	0.608878259608	0.391121740392
8.9015	268.301	-391.413121	0	0.67812010897	0.32187989103
23.4428	281.2926	-390.304143	2	0.741622825811	0.258377174189
19.1154	276.8123	-389.150222	26	0.84002145059	0.15997854941
20.9903	279.9408	-387.538905	-1	0.0	0.032970471253
25.0408	284.0005	-385.392248	5	0.422780512836	0.577219487164
18.9221	276.7785	-382.153373	-1	0.0	0.0924077343697
23.2633	281.3049	-381.117012	2	0.459524941604	0.540475058396
20.8205	275.1734	-378.185865	8	0.35102447422	0.64897552578
20.8387	275.175	-378.168273	8	0.486699227141	0.513300772859
18.9868	276.8411	-377.293091	25	1.0	0.225020765091
18.9653	276.822	-377.230536	25	1.0	0.0
18.992	276.8308	-377.107686	25	1.0	0.0
18.962	276.838	-376.742234	25	1.0	0.0
18.8556	276.8533	-376.713403	-1	0.0	0.530704021615
18.9132	276.828	-376.592061	25	0.863084334588	0.136915665412
25.2471	283.9504	-372.783816	5	0.786364345391	0.213635654609
19.7131	274.5614	-371.524388	19	1.0	0.0
19.7572	274.576	-371.434153	19	0.804850129632	0.195149870368
19.7188	274.564	-371.405632	19	1.0	0.0
19.7114	274.5329	-371.322004	19	0.664710571673	0.335289428327
19.7937	274.5942	-371.258763	-1	0.0	0.0296139277532
19.7297	274.5247	-370.843185	-1	0.0	0.0713792352307
19.7085	274.5037	-370.612638	-1	0.0	0.179191544918
19.5393	276.8693	-367.640925	-1	0.0	0.126138582693
19.0923	276.8373	-360.567751	26	1.0	0.0854893253205
19.1258	276.8295	-360.567708	26	1.0	0.0395066617732
19.0967	276.8401	-360.502094	26	1.0	0.168823089667
19.1606	277.0183	-360.423722	-1	0.0	0.0504583064795
19.1079	276.8465	-360.386108	26	1.0	0.0338154044378
19.0936	276.8348	-360.3344	26	1.0	0.0854893253205
19.0973	276.8329	-359.913592	26	1.0	0.0854893253205
19.1123	276.855	-359.545528	26	1.0	0.151141937136
19.3809	274.4585	-349.969506	17	0.613691449642	0.386308550358
19.4216	274.5448	-349.934498	17	0.504138374179	0.495861625821
19.3825	274.4989	-349.520372	17	1.0	0.0
18.9942	276.8379	-349.141649	25	1.0	0.0493210942184
24.9281	283.7539	-347.872329	4	0.806800010905	0.193199989095
24.8717	283.8201	-347.822528	4	0.821864861984	0.178135138016
25.0699	283.8399	-345.011312	4	0.498351386866	0.501648613134
18.9801	276.8797	-343.573471	25	0.747716457416	0.252283542584
21.0078	275.0579	-339.1181	9	0.977012116932	0.0229878830684
19.1484	276.7835	-338.596748	26	0.523591717673	0.476408282327
19.176	276.8427	-338.576191	26	1.0	0.189875967978
19.133	276.8666	-338.563064	26	1.0	0.0248223231962
19.111	276.8831	-338.558945	26	0.864821811793	0.135178188207
19.1472	276.8674	-338.55506	26	1.0	0.0366988961853
19.1298	276.8587	-338.488086	26	1.0	0.0
8.2006	277.1694	-338.131796	-1	0.0	0.39726664449
20.988	274.8029	-335.735087	6	0.656296522599	0.343703477401
20.998	274.8515	-335.704282	6	0.842049432509	0.157950567491
20.9929	274.8778	-335.63753	6	0.928258877134	0.0717411228662
18.9719	276.853	-332.191831	25	1.0	0.185400083752
18.9176	276.8255	-332.112559	25	0.982806590804	0.0171934091964
19.3168	276.594	-330.003019	15	1.0	0.0
18.9702	276.8237	-326.407551	25	1.0	0.141063661392
18.9614	276.8123	-326.37701	25	1.0	0.180148466733
19.221	276.8549	-322.797074	26	0.516735424409	0.483264575591
19.2025	276.8085	-322.772523	-1	0.0	0.170168326658
19.2515	276.8541	-322.728278	28	0.78956359896	0.21043640104
19.1991	276.84	-322.69014	26	1.0	0.1026713338
19.1105	276.8291	-319.272426	26	1.0	0.0586500898278
19.0225	276.903	-319.272367	25	0.826188717868	0.173811282132
19.097	276.7883	-319.250511	-1	0.0	0.307853377295
19.1196	276.8869	-319.215607	26	0.883907704705	0.116092295295
19.1047	276.7917	-319.139817	-1	0.0	0.217608801833
19.1433	276.8482	-319.139766	26	1.0	0.0
19.1196	276.8387	-319.057259	26	1.0	0.0
19.1269	276.8237	-318.682871	26	1.0	0.0
19.1088	276.8731	-318.436167	26	1.0	0.211261963414
19.12	274.5261	-317.830944	14	1.0	0.0
18.9469	276.8344	-317.624933	25	1.0	0.00884716889469
18.9385	276.8394	-310.534216	25	1.0	0.0
19.0858	276.7809	-309.714908	-1	0.0	0.426936797657
23.4236	281.2822	-308.884422	2	1.0	0.0
18.6439	274.5605	-308.277805	13	1.0	0.0
20.8502	275.1909	-304.837188	8	0.434996175478	0.565003824522
20.8461	275.1758	-304.753292	8	0.492733225298	0.507266774702
18.973	276.8897	-302.681299	25	1.0	0.0341428058654
18.9568	276.8339	-302.657028	25	1.0	0.0550527923767
11.1351	277.7974	-301.777468	10	0.139243019132	0.860756980868
19.1355	276.8606	-301.314899	26	1.0	0.0
24.981	283.8097	-293.674727	4	1.0	0.353707976294
24.9943	283.8124	-293.408268	4	0.887373860724	0.112626139276
18.9275	276.8301	-292.878114	25	0.996611767083	0.00338823291722
19.1584	276.8802	-292.474785	26	1.0	0.0
19.1306	276.8761	-292.374661	26	1.0	0.136986832814
21.0069	275.0492	-292.091176	9	1.0	0.0
9.5556	278.0745	-284.580219	11	0.370785107304	0.629214892696
9.5581	278.129	-284.450511	11	0.476922423407	0.523077576593
8.9903	268.3785	-282.621548	0	0.916793705648	0.0832062943523
19.1478	276.8176	-282.612278	26	1.0	0.0
23.3221	281.3437	-282.598456	2	0.463875682645	0.536124317355
9.0362	268.4968	-282.590905	0	0.491756623035	0.508243376965
9.0226	268.3894	-282.528396	0	1.0	0.0
8.9976	268.3964	-282.45767	0	1.0	0.0
8.9951	268.396	-282.422796	0	1.0	0.0
9.0192	268.4262	-282.332915	0	1.0	0.0
8.9797	268.4617	-282.261494	0	0.893605690825	0.106394309175
8.9707	268.4215	-282.217284	0	1.0	0.0
9.0046	268.4759	-281.981358	0	0.709272872521	0.290727127479
18.9682	276.8096	-281.788948	25	0.927250408073	0.0727495919268
18.9634	276.8471	-281.761576	25	1.0	0.0413175409858
18.9626	276.865	-281.735304	25	1.0	0.0331951854148
18.9817	276.8171	-281.204183	25	0.790712408942	0.209287591058
18.9778	276.8331	-281.124756	25	1.0	0.0
18.9627	276.8402	-281.03995	25	1.0	0.0
18.9856	276.8482	-280.939846	25	1.0	0.0
18.8033	276.9898	-280.868712	-1	0.0	0.167247104026
19.2793	274.5823	-276.759126	-1	0.0	0.157903542525
25.1996	284.0517	-273.42613	5	0.755039085579	0.244960914421
18.9532	276.8528	-271.556053	25	1.0	0.0409577930669
18.9282	276.7935	-261.218442	25	0.52522021422	0.47477978578
18.9654	276.8447	-261.158385	25	1.0	0.0
18.9226	276.8723	-260.946556	25	0.779536919344	0.220463080656
19.8725	277.05	-259.425891	12	0.623721534331	0.376278465669
19.8723	277.0803	-259.366208	12	1.0	0.0
9.5111	278.1492	-258.804305	11	0.371608663283	0.628391336717
19.3181	276.7335	-255.286156	-1	0.0	0.605727704207
19.2526	276.8458	-255.286136	28	1.0	0.0
19.2162	276.81	-255.173454	-1	0.0	0.0498960309776
19.1433	274.4806	-254.84742	-1	0.0	0.0332007843051
19.1428	274.5343	-254.836405	14	1.0	0.0
19.196	276.7114	-254.600974	-1	0.0	0.144995119378
19.1336	276.8444	-254.550558	26	1.0	0.0
19.1413	276.8352	-254.524958	26	1.0	0.0
19.1231	276.8363	-254.479313	26	1.0	0.0
19.1311	276.8256	-254.417657	26	1.0	0.0355010765114
19.1569	276.8729	-254.361147	26	1.0	0.0396786042949
19.0936	276.8136	-254.296354	26	0.606495884661	0.393504115339
19.1174	276.8258	-254.250501	26	1.0	0.0199337282673
19.1129	276.8441	-254.201232	26	1.0	0.163123403791
25.402	274.9427	-254.0032	-1	0.0	0.0681212626262
19.1205	276.8272	-254.002532	26	1.0	0.0727459381577
19.1369	276.8421	-253.761583	26	1.0	0.0
19.0595	276.947	-253.370971	-1	0.0	0.474455455012
18.9929	276.8663	-253.038103	25	1.0	0.0271157797562
18.9286	276.8716	-252.768779	25	0.967900608405	0.0320993915951
18.7566	276.8214	-251.68625	-1	0.0	0.562804831178
20.9613	274.8453	-248.259593	6	0.552235516649	0.447764483351
20.9879	275.1139	-248.176067	9	0.291362032022	0.708637967978
21.0056	274.8035	-248.161183	6	0.725935926439	0.274064073561
18.9708	276.8008	-245.385607	25	0.855164904954	0.144835095046
18.9841	276.8459	-245.320511	25	1.0	0.0
18.971	276.7869	-245.268848	25	0.547953862743	0.452046137257
18.9612	276.8482	-241.361377	25	1.0	0.0409577930669
18.953	276.8079	-240.714468	25	1.0	0.278693461517
19.3913	274.4697	-234.638161	17	0.713832212492	0.286167787508
19.3903	274.4854	-234.533684	17	1.0	0.0
19.4011	274.5022	-234.528675	17	1.0	0.0
19.4202	274.5057	-234.494509	17	1.0	0.0
19.3988	274.5038	-234.458227	17	1.0	0.0
23.3997	281.2763	-234.367898	2	1.0	0.0
23.3913	281.2844	-234.347255	2	1.0	0.0
23.3307	281.1786	-234.334602	2	0.242053596661	0.757946403339
19.1589	276.832	-229.820344	26	1.0	0.104655466816
19.1068	276.8287	-229.752027	26	1.0	0.051257137551
18.9562	276.8509	-229.664027	25	1.0	0.0336407864761
19.1845	276.8722	-229.620483	26	1.0	0.0813981968528
19.1457	276.8432	-229.581609	26	1.0	0.0637132168866
18.9795	276.8422	-229.49177	25	1.0	0.202642256881
18.9791	276.8432	-229.484599	25	1.0	0.176877223515
19.132	276.8478	-229.095487	26	1.0	0.0
19.5361	277.0097	-227.467605	22	0.938431879432	0.0615681205677
19.5162	276.9064	-226.74799	23	1.0	0.0
19.4893	276.8935	-226.733427	23	0.858569783046	0.141430216954
19.5417	276.9052	-226.702369	23	0.829666248914	0.170333751086
19.4983	276.8512	-226.640617	24	1.0	0.0
19.5244	276.9051	-226.478573	23	1.0	0.0
19.5288	276.8977	-226.185969	23	1.0	0.0
18.9368	276.8442	-220.775205	25	1.0	0.0403197188895
19.2655	276.8493	-218.517483	28	0.900265853783	0.0997341462167
19.2608	276.8424	-218.433391	28	0.549243918922	0.450756081078
18.9597	276.8699	-217.601259	25	1.0	0.000881980414864
18.9648	276.8255	-217.519995	25	1.0	0.229545641148
18.9376	276.902	-217.505147	25	0.673621018083	0.326378981917
18.9741	276.8181	-217.475188	25	1.0	0.155714291054
18.9444	276.7818	-217.414409	25	0.52522021422	0.47477978578
18.9637	276.8122	-217.085077	25	1.0	0.278693461517
18.9572	276.8189	-217.070096	25	1.0	0.0
19.5959	274.6199	-216.438818	21	1.0	0.0
19.8533	277.0683	-211.802205	12	1.0	0.0
19.8624	277.0912	-211.721128	12	1.0	0.0
18.9827	276.8516	-211.02045	25	1.0	0.00378245604109
18.9449	276.8414	-210.149419	25	1.0	0.0
18.979	276.7978	-209.874431	25	0.927250408073	0.0727495919268
9.6861	277.9015	-203.830748	11	0.269550401124	0.730449598876
18.9884	276.8648	-202.448961	25	1.0	0.0668183697433
19.064	276.8576	-200.213408	26	0.931367517233	0.0686324827672
19.036	276.8833	-200.140569	25	0.604450489784	0.395549510216
18.8381	276.5833	-200.099457	-1	0.0	0.294317574743
19.0494	276.8884	-200.051648	25	0.513166196987	0.486833803013
19.0655	276.8691	-199.561334	26	0.951673329031	0.048326670969
18.9393	276.8279	-197.665187	25	0.996611767083	0.00338823291722
18.9684	276.8565	-194.360695	25	1.0	0.0141822360839
18.9908	276.8531	-194.337217	25	1.0	0.289262414382
18.9533	276.8282	-194.326779	25	1.0	0.290918494639
18.9234	276.818	-194.274998	25	0.923671259033	0.0763287409672
18.8927	276.7976	-193.90355	-1	0.0	0.243183971494
18.9341	276.8004	-193.903513	25	0.619168402458	0.380831597542
21.013	275.0274	-192.306896	9	0.547148612153	0.452851387847
21.0218	275.0754	-192.193618	9	0.901939980214	0.0980600197858
19.1151	276.8397	-189.624622	26	1.0	0.163123403791
19.1394	276.8339	-189.573347	26	1.0	0.0
19.1358	276.8355	-189.52282	26	1.0	0.0
19.1446	276.8474	-189.34529	26	1.0	0.0
18.9955	276.8469	-184.692241	25	1.0	0.248879575319
18.896	276.8187	-181.417208	25	0.525157984121	0.474842015879
19.4417	276.3093	-180.579505	-1	0.0	0.43464415429
20.9784	274.8299	-180.33362	6	0.583705130986	0.416294869014
20.9594	274.8957	-180.311581	6	0.391619121552	0.608380878448
21.0521	274.9008	-180.253841	6	0.431562674606	0.568437325394
18.9535	276.8192	-176.888596	25	1.0	0.0565379977241
18.9521	276.821	-176.860854	25	1.0	0.23429010898
18.985	276.8448	-176.537936	25	1.0	0.0
18.9564	276.7941	-176.484107	25	0.619600425899	0.380399574101
18.975	276.8398	-168.268566	25	1.0	0.0
19.1298	276.84	-168.114532	26	1.0	0.0422468735999
19.1496	276.8769	-168.100172	26	1.0	0.405234835416
19.7858	276.2143	-168.037181	-1	0.0	0.626246834552
19.1304	276.9042	-167.808593	26	0.982186743216	0.0178132567838
19.0938	276.8941	-167.514252	26	0.656704847659	0.343295152341
19.1509	276.8228	-167.488837	26	1.0	0.0
18.9438	276.8158	-162.619368	25	1.0	0.203186467422
18.9839	276.8226	-162.496874	25	1.0	0.0133481015277
18.967	276.823	-162.268129	25	1.0	0.0
18.9636	276.8182	-162.238375	25	1.0	0.0
21.1164	279.9072	-157.91773	-1	0.0	0.0189335873854
15.4702	276.4939	-155.425994	-1	0.0	0.432514023987
15.4511	276.4773	-155.353503	-1	0.0	0.424328501
18.8271	274.5838	-153.439485	13	0.506567906461	0.493432093539
18.8634	274.5797	-153.439448	13	0.517098906206	0.482901093794
18.8894	274.6269	-153.426584	-1	0.0	0.199534262773
18.8323	274.5022	-153.330277	13	0.567067072521	0.432932927479
19.1568	276.8386	-150.80841	26	1.0	0.036486430005
19.5556	276.994	-147.629897	22	1.0	0.0
19.612	277.065	-147.623125	22	0.717740423653	0.282259576347
19.5171	276.934	-146.843574	22	0.639095590171	0.360904409829
19.4972	276.8975	-146.517748	23	1.0	0.0
7.5478	281.0947	-144.58443	-1	0.0	0.635267628046
7.9623	280.8353	-144.570499	-1	0.0	0.577070015376
18.9811	276.8676	-143.987709	25	1.0	0.0668183697433
18.9767	276.8581	-143.869896	25	1.0	0.0052272526515
23.3203	281.3234	-143.807544	2	0.625489251628	0.374510748372
19.1469	276.832	-143.297106	26	1.0	0.0679767486223
19.1565	276.9029	-143.152559	26	0.76447552307	0.23552447693
19.1527	276.822	-143.048815	26	1.0	0.0
25.2711	284.0244	-142.745326	5	0.63549459215	0.36450540785
19.1139	276.8163	-142.704993	26	1.0	0.194715360287
19.1656	276.8451	-142.613081	26	1.0	0.0
19.1316	276.8561	-142.439491	26	1.0	0.0
19.6443	274.416	-140.160284	-1	0.0	0.209595386442
19.6574	274.3941	-140.123161	-1	0.0	0.112840973453
19.7862	274.4048	-140.123093	-1	0.0	0.280765256069
19.6394	274.3987	-140.092038	16	0.646754078955	0.353245921045
19.6371	274.4444	-140.089211	-1	0.0	0.0419648827609
19.2744	274.5552	-135.480071	17	0.53114797543	0.46885202457
19.2732	274.5443	-135.458461	17	0.53114797543	0.46885202457
19.8835	277.0791	-133.689329	12	1.0	0.0
19.869	277.0584	-133.658907	12	0.842614278144	0.157385721856
9.9371	277.7483	-127.191297	11	0.0766157571714	0.923384242829
9.6312	278.1994	-127.191003	11	0.250555770415	0.749444229585
18.772	276.8423	-126.140618	-1	0.0	0.477460424365
18.7753	276.8179	-126.117688	-1	0.0	0.480819336043
18.9081	276.8196	-124.355613	25	0.863084334588	0.136915665412
19.1477	276.7974	-120.29736	26	0.566144104894	0.433855895106
19.1563	276.8896	-120.230729	26	1.0	0.191463038616
19.074	276.8755	-119.540928	26	1.0	0.0
19.1445	276.8843	-119.443011	26	1.0	0.200071788893
19.1517	276.8826	-119.257586	26	1.0	0.303204189178
19.6121	274.6427	-117.090981	21	1.0	0.0808181577488
19.5664	274.3454	-117.090962	16	1.0	0.0
19.5979	274.5855	-116.860165	21	0.868717709432	0.131282290568
19.5735	274.609	-116.845883	21	1.0	0.0
19.6107	277.0505	-109.230859	22	0.902259030745	0.0977409692548
18.9167	276.8383	-103.852182	25	0.657841043671	0.342158956329
18.9686	276.5479	-103.0607	-1	0.0	0.282977289722
19.3494	276.5805	-103.046492	15	1.0	0.0
19.1803	276.8721	-103.046387	26	1.0	0.0483458656712
19.1519	276.8602	-103.026935	26	1.0	0.00207928880612
19.0049	276.5958	-103.026907	-1	0.0	0.251268714037
19.1401	276.8616	-103.017138	26	1.0	0.0468175755725
24.9796	283.7443	-98.966797	4	0.530607357698	0.469392642302
24.9611	283.7796	-98.883764	4	0.944919593874	0.0550804061264
18.9312	276.829	-98.115243	25	0.843547530267	0.156452469733
25.2181	283.9531	-95.634152	5	1.0	0.0
19.1142	276.8248	-88.427078	26	1.0	0.0194473325755
19.1483	276.8369	-87.912062	26	1.0	0.036486430005
19.1244	276.8339	-87.867193	26	1.0	0.0136084677072
19.153	276.866	-87.304871	26	1.0	0.0670836805749
19.1389	276.8269	-86.833107	26	1.0	0.0049212326199
12.3061	277.6143	-74.301995	10	0.280897582462	0.719102417538
19.6031	276.4214	-72.644451	-1	0.0	0.171404938752
19.1511	276.8818	-72.644322	26	1.0	0.264032047448
19.126	276.8201	-72.615562	26	1.0	0.022056107962
19.1572	276.8623	-72.548675	26	1.0	0.0287157455503
19.1529	276.8138	-72.437935	26	1.0	0.0
19.1484	276.8671	-72.157201	26	1.0	0.0366988961853
19.145	276.8579	-72.093751	26	1.0	0.00207928880612
19.5414	276.9786	-68.334331	22	0.957317210102	0.0426827898981
19.5312	276.9424	-67.925397	22	0.673457140531	0.326542859469
18.9796	276.8687	-62.819189	25	1.0	0.0271157797562
19.8717	277.0753	-61.974993	12	1.0	0.0
18.9841	276.857	-60.774698	25	1.0	0.0
18.9752	276.8467	-60.652691	25	1.0	0.287224192122
19.0118	276.8602	-60.32362	25	1.0	0.0
18.8807	276.8863	-55.329135	-1	0.0	0.348813351624
18.9818	276.8468	-51.254014	25	1.0	0.0711234910899
18.9811	276.7941	-49.657785	25	0.776751118077	0.223248881923
18.8282	276.5389	-49.657734	-1	0.0	0.294317574743
18.9785	276.7698	-49.631975	-1	0.0	0.368555349524
18.9873	276.8332	-49.609009	25	1.0	0.0
18.9969	276.8333	-48.95985	25	1.0	0.0778435248745
18.9765	276.8036	-48.899773	25	0.927250408073	0.0727495919268
19.0093	276.8167	-48.57711	25	0.737245852637	0.262754147363
19.0386	276.9296	-47.313911	-1	0.0	0.189486080154
21.5726	275.2179	-44.55001	3	1.0	0.0
7.4223	278.2674	-40.684496	-1	0.0	0.391346453045
23.3451	281.3553	-34.175125	2	0.498760996769	0.501239003231
23.3718	281.3051	-33.976043	2	0.92978299848	0.0702170015195
23.3493	281.2994	-33.887652	2	0.754201391205	0.245798608795
19.138	276.8473	-33.423142	26	1.0	0.0
19.1359	276.8701	-33.37737	26	1.0	0.0494294312664
19.1667	276.772	-33.281359	-1	0.0	0.0735792589962
19.0956	276.8326	-32.927473	26	1.0	0.155613281524
19.1372	276.8701	-32.841815	26	1.0	0.0366988961853
19.1205	276.8464	-32.174928	26	1.0	0.0705472771674
18.9647	276.8586	-22.912687	25	1.0	0.167260860737
18.7264	274.4783	-21.47076	13	1.0	0.0
18.9751	276.8609	-18.4265	25	1.0	0.0
18.9382	276.8638	-18.418366	25	1.0	0.0145272789255
18.9716	276.8537	-18.40384	25	1.0	0.0141822360839
18.969	276.8554	-18.222822	25	1.0	0.0
18.9392	276.8847	-18.165275	25	0.992276107076	0.00772389292384
10.8084	278.0846	-18.13094	11	0.034449677953	0.965550322047
19.5181	277.0365	-14.938941	-1	0.0	0.175358079955
19.2174	276.7984	-14.590424	-1	0.0	0.210689404727
19.1642	276.79	-14.502085	26	0.616491881923	0.383508118077
19.1808	276.8396	-14.466714	26	1.0	0.08112042063
19.1829	276.9206	-14.428223	-1	0.0	0.223679237523
19.1593	276.824	-14.379709	26	1.0	0.115294151173
19.1928	276.8405	-14.327728	26	1.0	0.0
19.1724	276.838	-14.276195	26	1.0	0.189875967978
19.1842	276.8299	-14.063072	26	0.798112108664	0.201887891336
19.5326	274.4954	-6.859506	18	0.796059122653	0.203940877347
19.7723	274.3708	-6.701341	-1	0.0	0.299824877388
19.7862	274.3622	-6.611525	-1	0.0	0.1288499553
19.5288	274.3236	-6.254744	16	1.0	0.0
24.9382	283.8394	-5.762632	4	1.0	0.26244029382
19.4269	274.1799	-5.528638	-1	0.0	0.30782856431
24.935	283.7932	-5.499308	4	1.0	0.0
18.9513	276.8806	-0.705832	25	1.0	0.0703571732293
19.0219	276.8868	-1.5e-05	25	0.740859540432	0.259140459568
18.9553	276.8551	0.112069	25	1.0	0.0336407864761
18.9766	276.8696	0.49434	25	0.967641660513	0.0323583394874
19.0174	276.8865	0.534546	25	0.826188717868	0.173811282132
18.9837	276.8501	0.578927	25	1.0	0.260348214685
18.9852	276.8579	0.692602	25	1.0	0.0
11.054	277.8508	7.965227	-1	0.0	0.0826682907234
19.0426	276.7262	8.577031	-1	0.0	0.0797455127149
19.0528	276.6641	8.606421	-1	0.0	0.124887570363
19.1205	276.8687	8.678319	26	1.0	0.204524205692
19.123	276.8567	8.684034	26	1.0	0.0600399545078
19.09	276.9196	9.053678	-1	0.0	0.307347123371
19.1224	276.8439	9.13206	26	1.0	0.0791463201979
19.1467	276.8701	9.191809	26	1.0	0.0502287966925
19.1514	276.8591	9.273614	26	1.0	0.00207928880612
18.9612	276.5709	9.273632	-1	0.0	0.294317574743
19.0296	276.8142	9.466682	25	0.529694535255	0.470305464745
19.1754	276.8766	9.730977	26	1.0	0.132350302562
19.5824	274.6197	11.021192	21	1.0	0.0
18.8011	276.7854	13.689794	-1	0.0	0.422215139188
19.0473	276.9081	17.764791	25	0.487652752431	0.512347247569
19.4849	276.849	18.389501	24	0.744054762185	0.255945237815
19.5018	276.85	18.41831	24	1.0	0.0
19.497	276.8178	18.496422	-1	0.0	0.145487359574
19.4973	276.8548	18.505463	24	1.0	0.0
19.4895	276.8499	18.527355	24	1.0	0.0
19.5026	276.8423	18.562027	24	0.621380861282	0.378619138718
19.496	276.8522	18.761553	24	1.0	0.0
19.3223	276.4589	18.761569	-1	0.0	0.197986699373
19.3834	276.629	18.948242	15	1.0	0.0
19.2254	276.8246	19.686291	-1	0.0	0.143720450616
19.2309	276.8241	19.823068	27	1.0	0.0
19.0799	276.9811	26.154031	-1	0.0	0.53278534589
19.1542	276.8234	26.154083	26	1.0	0.0900277560719
19.1484	276.8132	26.517665	26	1.0	0.0
25.221	284.0268	26.727543	5	0.907716818599	0.092283181401
19.1376	276.8313	26.826779	26	1.0	0.0
18.9968	276.8427	30.670867	25	1.0	0.269082290735
18.9868	276.8271	39.041672	25	1.0	0.0233334001293
21.3695	275.4079	46.736534	3	1.0	0.0
21.345	275.4349	46.798651	3	1.0	0.0
18.9423	276.8413	49.687187	25	1.0	0.0
18.9653	276.8384	49.906343	25	1.0	0.0
19.1389	276.8675	61.166667	26	1.0	0.0366988961853
21.0188	274.8628	63.585041	6	1.0	0.0
21.0197	274.8568	63.649714	6	0.995054756807	0.00494524319282
21.034	274.8622	63.71436	6	1.0	0.0
21.084	274.7554	65.945032	6	0.202490203601	0.797509796399
21.1111	274.7707	66.477557	6	0.203313157207	0.796686842793
21.1113	274.7532	67.010557	6	0.167866814697	0.832133185303
19.1379	276.8458	68.039575	26	1.0	0.0
19.1317	276.9055	68.12343	26	0.949688204724	0.0503117952761
19.1386	276.8918	68.195428	26	0.968955651518	0.0310443484818
19.0631	276.9665	68.24593	-1	0.0	0.491067462594
18.8447	276.5093	68.246	-1	0.0	0.00978072947861
19.1179	276.9028	68.339856	26	0.982186743216	0.0178132567838
19.1278	276.9061	68.423451	26	0.770265852952	0.229734147048
19.2762	276.8609	68.458452	28	0.4470153184	0.5529846816
19.273	276.8493	68.475725	28	0.500133793958	0.499866206042
19.2744	276.881	68.588693	-1	0.0	0.0159555174493
19.1232	276.7051	68.588705	-1	0.0	0.685030792797
19.2653	276.8504	68.619225	28	0.915890506862	0.0841094931383
19.2858	276.8517	68.704049	28	0.353104699374	0.646895300626
19.2134	276.8884	69.095202	26	0.683629961225	0.316370038775
7.7164	280.0243	73.049583	-1	0.0	0.424640140978
11.6751	279.1613	73.049665	-1	0.0	0.551058837974
20.826	275.1459	73.170473	8	0.277654036857	0.722345963143
20.8858	275.1603	73.201202	8	0.284434099555	0.715565900445
20.8123	275.2659	73.262855	-1	0.0	0.0266975270051
19.6049	274.5942	75.842992	21	1.0	0.200589541448
19.3773	274.9163	80.940644	7	0.864626470309	0.135373529691
19.3506	274.9033	81.163749	7	1.0	0.0
18.9854	276.8575	81.560002	25	1.0	0.0
18.9516	276.8657	81.618946	25	1.0	0.0331951854148
18.9928	276.844	81.805755	25	1.0	0.0376618884817
19.2521	276.847	84.556014	28	1.0	0.0
17.8896	276.0866	85.316899	-1	0.0	0.835254899218
18.9904	276.8933	94.191449	25	0.771014928164	0.228985071836
9.6496	278.1173	94.920624	11	0.41327030134	0.58672969866
9.5987	278.1785	95.044444	11	0.368857653522	0.631142346478
24.9468	283.8774	96.638302	4	1.0	0.0
24.9459	283.8813	96.807672	4	1.0	0.0
19.147	276.8097	97.868445	26	1.0	0.0835026713606
19.4813	276.5262	97.874268	-1	0.0	0.0228423556351
19.1601	276.8723	97.874352	26	1.0	0.0542331750479
19.4008	276.5491	97.917382	15	1.0	0.0
19.1567	276.8603	97.935417	26	1.0	0.03393602833
19.1629	276.8305	97.961581	26	1.0	0.115294151173
19.1545	276.8005	98.004614	26	0.673567746868	0.326432253132
19.0094	276.8267	98.081662	25	0.773756310265	0.226243689735
19.1574	276.8362	98.112347	26	1.0	0.047910737256
19.0411	276.9358	98.142998	-1	0.0	0.367472786143
18.9912	276.8025	98.168572	25	0.765270752215	0.234729247785
19.1362	276.8406	98.386422	26	1.0	0.0
19.1338	276.8544	98.435516	26	1.0	0.0
7.4419	278.8619	102.934494	-1	0.0	0.190462401798
19.5596	276.9943	105.28614	22	0.957317210102	0.0426827898981
19.5591	277.0011	105.357555	22	1.0	0.0
19.6959	276.98	105.357626	-1	0.0	0.155850010241
19.25	276.8252	105.392844	27	1.0	0.0
18.9747	276.8881	105.494361	25	1.0	0.0509527791528
19.5606	276.9861	105.618072	22	1.0	0.0
9.5593	278.1446	107.065216	11	0.476922423407	0.523077576593
20.8862	275.2486	110.738641	8	0.200997319126	0.799002680874
8.7694	278.4955	110.743344	11	0.0437932731786	0.956206726821
18.9723	276.8556	118.294993	25	1.0	0.0
18.9787	276.8585	118.311473	25	1.0	0.0
18.947	276.8054	118.53392	25	0.87535050516	0.12464949484
18.9692	276.8881	118.605327	25	1.0	0.0341428058654
25.2096	284.0476	120.464849	5	0.741700341816	0.258299658184
19.5342	277.0371	124.286362	22	0.643495236883	0.356504763117
19.4931	276.8163	124.944947	-1	0.0	0.17990043663
19.533	276.8663	125.015014	23	0.711003856517	0.288996143483
20.9926	274.7947	130.448227	6	0.725935926439	0.274064073561
18.9716	276.8599	130.931083	25	1.0	0.0052272526515
18.9661	276.8733	131.355023	25	0.89565904711	0.10434095289
19.2933	276.8386	137.592808	28	0.315408699175	0.684591300825
19.3134	276.8545	137.763356	-1	0.0	0.0382669881043
19.315	276.8517	137.979827	28	0.348554967003	0.651445032997
19.0013	276.8811	146.605126	25	0.783507556553	0.216492443447
19.0042	276.8824	147.326373	25	0.941064420282	0.0589355797178
19.5484	274.6542	147.432283	20	0.647943296225	0.352056703775
21.0146	275.0759	152.606601	9	0.879521924243	0.120478075757
21.0217	275.0574	152.677847	9	1.0	0.0
24.8327	281.9035	154.030184	1	1.0	0.0
9.6468	277.9869	154.057912	11	1.0	0.0
9.6737	277.9825	154.084711	11	1.0	0.0
18.9405	276.787	154.423581	25	0.639214183264	0.360785816736
23.3874	281.2732	155.541408	2	1.0	0.0
23.3896	281.3263	155.60593	2	0.573433298499	0.426566701501
23.4264	281.3498	155.900802	2	0.416276309816	0.583723690184
19.5993	274.6204	161.437919	21	1.0	0.0
19.5869	274.6083	161.469502	21	1.0	0.0
19.107	276.8255	162.495793	26	1.0	0.0312211366325
19.0787	276.7873	162.554721	-1	0.0	0.391298995428
19.1257	276.8377	162.58456	26	1.0	0.0136084677072
19.1305	276.8537	163.387642	26	1.0	0.0
19.1371	276.8509	163.602128	26	1.0	0.0
19.1142	276.8527	163.822211	26	1.0	0.0995495172714
19.4155	274.4294	167.532318	17	0.499149062963	0.500850937037
18.9392	276.8124	183.209045	25	0.937392324221	0.0626076757788
18.9239	276.8141	183.338071	25	0.761468782676	0.238531217324
18.7954	276.6284	183.338093	-1	0.0	0.056031150685
7.3717	278.2378	188.326822	-1	0.0	0.405715659477
19.2528	276.8655	189.385071	28	0.624683045546	0.375316954454
19.6689	274.6226	191.800119	-1	0.0	0.0333058401588
19.6364	274.5886	192.164506	-1	0.0	0.159365710251
19.0142	276.8578	192.292145	25	1.0	0.0
19.2279	276.924	196.344169	-1	0.0	0.524598015106
19.2975	276.9545	196.542006	-1	0.0	0.0569653487222
19.2423	276.981	196.83736	-1	0.0	0.0440760550817
19.9121	277.083	198.12711	12	0.867849301489	0.132150698511
19.8408	277.1227	198.217917	12	0.376587894856	0.623412105144
20.0642	277.0153	198.498301	12	0.1700892255	0.8299107745
18.885	276.8957	201.149505	-1	0.0	0.414324082375
18.621	274.3908	203.695839	-1	0.0	0.212126955777
18.6845	274.5078	203.723542	13	1.0	0.0
18.6673	274.4819	203.736653	13	0.892379711742	0.107620288258
18.7028	274.5389	203.80884	13	1.0	0.0
19.3188	276.6301	205.347213	15	0.976835135995	0.0231648640054
19.2232	276.8697	205.347286	26	0.657810682719	0.342189317281
19.1322	276.8258	205.41419	26	1.0	0.0
19.133	276.8306	205.671653	26	1.0	0.0201710081556
19.0039	276.8526	206.063492	25	1.0	0.244122123112
18.9648	276.8395	206.099584	25	1.0	0.0
19.1457	276.8386	206.135419	26	1.0	0.0
19.01	276.897	206.187173	25	0.692221981422	0.307778018578
19.1489	276.8384	206.285043	26	1.0	0.00774503150177
19.3277	276.7703	212.588673	-1	0.0	0.415394641784
19.557	274.6744	213.350413	20	0.869737357028	0.130262642972
24.9869	283.8433	213.575441	4	1.0	0.161164156222
24.9832	283.83	213.747817	4	1.0	0.121077916524
19.1912	276.8768	216.930385	26	1.0	0.194676164236
19.19	276.8803	216.985839	26	0.868633180018	0.131366819982
19.218	276.8736	217.314396	26	0.835396640921	0.164603359079
21.0319	274.8734	220.338954	6	1.0	0.0
20.8996	274.7746	220.414296	6	0.19998261126	0.80001738874
21.0506	274.9068	220.414304	6	0.366641768003	0.633358231997
21.0153	274.8844	220.493122	6	0.898731966761	0.101268033239
19.2684	276.8568	227.059116	28	0.54126698779	0.45873301221
19.228	276.8814	227.092157	26	0.721831182346	0.278168817654
18.964	276.883	227.51122	25	1.0	0.0509527791528
18.9621	276.8586	227.546402	25	1.0	0.00985859429698
19.4808	274.6742	230.455691	20	0.656690975994	0.343309024006
18.8361	276.823	230.939526	-1	0.0	0.477460424365
19.019	276.8586	235.918216	25	1.0	0.0299433220359
19.1748	276.8697	236.630288	26	1.0	0.0952303700311
24.8384	281.91	240.709432	1	1.0	0.0
21.0375	275.0519	245.252202	9	1.0	0.0
21.0271	275.0864	245.298706	9	0.570002396403	0.429997603597
19.287	276.76	247.161921	-1	0.0	0.46371207812
19.2852	276.7722	247.194597	-1	0.0	0.415394641784
19.3281	276.7467	247.271951	-1	0.0	0.510082586199
20.8738	275.2052	249.120725	8	1.0	0.0
20.8593	275.2099	249.304967	8	0.57228239534	0.42771760466
20.8795	275.2099	249.356075	8	1.0	0.0
18.9901	276.8472	255.113151	25	1.0	0.0927760885096
19.0013	276.8402	255.17702	25	1.0	0.00111658305193
18.9529	276.8783	255.190546	25	1.0	0.0386144325444
19.2738	276.865	256.0461	28	0.50590775117	0.49409224883
19.6292	276.7547	256.665093	-1	0.0	0.172538699309
19.6053	277.0413	256.665161	22	0.856323713923	0.143676286077
19.5959	276.9705	257.319968	-1	0.0	0.0805872113141
19.4298	276.6033	257.40019	15	0.905238258318	0.0947617416823
19.5787	276.9617	257.421533	22	0.672993013162	0.327006986838
19.6798	276.8559	257.436953	-1	0.0	0.0194979898942
19.676	276.9347	257.437043	-1	0.0	0.0607239642755
19.5967	276.9652	257.54834	-1	0.0	0.144038146357
18.9528	276.8616	257.955534	25	1.0	0.0167886086052
19.118	276.8123	263.960604	26	0.917939585142	0.0820604148578
19.1623	276.87	264.007433	26	1.0	0.0552423287932
19.1341	276.8508	264.038181	26	1.0	0.0
19.1377	276.8289	264.084349	26	1.0	0.0
19.1182	276.8194	264.16597	26	1.0	0.0793910870802
19.1412	276.8464	264.35949	26	1.0	0.0
19.1597	276.8553	264.450157	26	1.0	0.0510888909407
19.1394	276.8501	264.519637	26	1.0	0.0
18.8991	277.0479	264.53589	-1	0.0	0.158021437221
19.1277	276.8463	264.684525	26	1.0	0.0
19.1551	276.8531	264.767398	26	1.0	0.0335310741022
21.154	279.9008	265.104994	-1	0.0	0.0134689845605
19.6365	274.6453	266.26493	21	1.0	0.0
19.4006	274.2562	266.265026	-1	0.0	0.142592652595
19.629	274.6531	266.288829	21	1.0	0.0
19.7477	274.5664	266.325867	19	1.0	0.0
19.6387	274.6314	266.348012	21	1.0	0.0
19.2576	276.8459	280.473934	28	1.0	0.0
19.1567	276.9159	280.928453	26	0.537650426428	0.462349573572
19.1618	276.9451	280.99495	-1	0.0	0.307421583886
19.1626	276.9305	281.18987	26	0.527301237612	0.472698762388
18.9436	276.8765	282.583731	25	1.0	0.0306819305371
18.9831	276.8336	282.668374	25	1.0	0.0
18.6791	274.5852	285.2137	13	0.789360777578	0.210639222422
20.8807	275.2032	295.011968	8	1.0	0.0
19.3807	274.9266	295.994224	7	0.710467731633	0.289532268367
19.2569	276.8768	297.556352	28	0.348487239309	0.651512760691
19.2868	276.8666	297.700197	-1	0.0	0.0999111044537
19.2534	276.8487	297.721955	28	1.0	0.0
19.546	274.6767	298.574985	20	0.901234326179	0.098765673821
19.2134	276.8696	299.978884	26	0.593329145919	0.406670854081
19.1879	276.8417	304.854282	26	1.0	0.0
19.1851	276.8045	304.941423	-1	0.0	0.0366401675029
19.1768	276.9223	304.976642	-1	0.0	0.067573280914
19.1935	276.8436	305.026489	26	1.0	0.0
19.1692	276.8571	305.564014	26	1.0	0.0850404822158
24.9072	283.967	309.774701	-1	0.0	0.060908961352
24.9393	283.8883	309.824175	4	1.0	0.0
24.9482	283.8967	309.863863	4	1.0	0.0748877165702
24.9514	283.8517	309.922862	4	1.0	0.0444473611485
19.8624	274.6889	310.032511	-1	0.0	0.0763875559092
19.6477	274.5018	310.062591	18	0.693530323522	0.306469676478
19.7378	274.4457	310.352431	-1	0.0	0.238313977053
19.5943	274.5197	310.541548	18	0.820319044581	0.179680955419
18.9717	276.8978	314.965842	25	1.0	0.0709921269341
19.5635	277.0197	320.102808	22	1.0	0.0
19.2866	276.9033	321.449642	-1	0.0	0.457084993539
19.26	276.8669	321.46277	28	0.624367430566	0.375632569434
23.4186	281.3722	330.843979	2	0.446592600767	0.553407399233
18.9966	276.8905	334.73671	25	0.783507556553	0.216492443447
18.9897	276.8564	335.150778	25	1.0	0.0
19.1768	276.738	336.273089	-1	0.0	0.615147246951
19.1616	276.8491	336.273128	26	1.0	0.0
19.1653	276.8828	336.338071	26	1.0	0.0451331335229
19.203	276.8744	336.469446	26	0.932700648809	0.0672993511914
19.1382	276.8531	336.576256	26	1.0	0.0
9.6463	277.9806	336.586543	11	1.0	0.0
19.1239	276.8301	336.647542	26	1.0	0.0
19.1907	276.8478	336.78739	26	1.0	0.00724518176243
19.1771	276.8584	337.039606	26	0.901503918018	0.0984960819823
23.4883	281.3895	338.658692	2	0.343344289225	0.656655710775
19.3258	274.9752	343.283498	7	0.478806183596	0.521193816404
20.8708	275.1368	344.339693	8	0.200999977159	0.799000022841
20.8782	275.1779	344.406217	8	0.418366383817	0.581633616183
24.9714	283.9098	345.886325	4	0.843042186534	0.156957813466
19.5049	274.6533	346.065647	20	0.888594821067	0.111405178933
19.554	274.6546	346.065687	20	0.650656079907	0.349343920093
24.9615	283.7216	353.469789	4	0.445357286149	0.554642713851
19.9215	277.0934	354.239251	12	0.632828674615	0.367171325385
21.0148	274.8202	356.791544	6	0.725935926439	0.274064073561
21.0356	274.8184	356.791584	6	0.511403108512	0.488596891488
21.0002	274.8083	356.82151	6	0.725935926439	0.274064073561
21.0175	274.7917	356.899034	6	0.656296522599	0.343703477401
21.0346	274.8732	356.906039	6	0.934455635554	0.0655443644464
19.2158	276.5986	357.171977	15	0.765578664843	0.234421335157
18.82	276.8397	359.34343	-1	0.0	0.477460424365
19.2484	276.8461	363.488233	28	0.733294904639	0.266705095361
19.0234	276.894	364.839843	25	0.826188717868	0.173811282132
18.9594	276.8911	366.288953	25	1.0	0.0341428058654
18.9374	276.9114	366.332494	25	0.495058032579	0.504941967421
19.1389	276.8944	374.533065	26	0.852004184882	0.147995815118
19.1652	276.8826	374.614707	26	1.0	0.0152196980961
19.1469	276.8627	374.623358	26	1.0	0.00221876784031
19.1564	276.892	374.63361	26	0.96554911046	0.0344508895397
19.0155	276.644	374.633655	-1	0.0	0.305678154783
19.0497	276.669	374.669688	-1	0.0	0.0484003268852
20.393	275.4933	374.670664	-1	0.0	0.211726405122
19.1938	276.8934	374.670971	26	0.607208939885	0.392791060115
19.1559	276.8923	374.747057	26	0.983154393379	0.016845606621
19.1908	276.8464	374.892918	26	1.0	0.0158482010938
19.1657	276.8985	374.919071	26	0.96554911046	0.0344508895397
19.1616	276.882	374.94791	26	1.0	0.120882292699
19.174	276.8984	375.00224	26	0.711442830724	0.288557169276
19.1895	276.8369	375.012022	26	1.0	0.0447330013155
19.3352	276.7911	375.07733	-1	0.0	0.562028337794
19.1662	276.8167	375.132952	26	0.852738782157	0.147261217843
19.1427	276.8996	375.1593	26	0.982186743216	0.0178132567838
19.2035	276.8445	375.232997	26	1.0	0.142154917703
19.2169	276.8527	375.434179	26	0.51851671549	0.48148328451
24.8104	281.9166	383.858869	1	1.0	0.0
24.8412	281.9149	383.911191	1	1.0	0.0
19.0051	276.8592	383.921284	25	1.0	0.0
18.9573	276.8976	384.132402	25	1.0	0.0
18.9308	276.9833	384.329669	-1	0.0	0.194915232854
19.262	276.8669	389.755092	28	0.561605333152	0.438394666848
19.5008	274.682	392.932876	20	0.733641693754	0.266358306246
19.5011	274.6509	393.049168	20	0.737088569833	0.262911430167
19.4902	274.661	393.279927	20	0.908351700855	0.0916482991448
19.5882	277.0439	404.80352	22	0.902259030745	0.0977409692548
19.5839	277.0241	404.813417	22	0.885515117377	0.114484882623
19.6066	277.0558	404.876421	22	0.902259030745	0.0977409692548
19.7257	274.5939	406.701418	19	1.0	0.0
19.6809	274.5438	407.16057	19	0.669594471276	0.330405528724
19.7409	274.5912	407.452169	19	1.0	0.0
19.0155	276.8265	412.249101	25	0.704040271544	0.295959728456
19.0253	276.817	412.931571	25	0.704040271544	0.295959728456
19.0168	276.8236	413.178691	25	0.773756310265	0.226243689735
19.0076	276.8365	413.186281	25	0.903745493573	0.0962545064271
21.0044	274.8368	422.071278	6	0.725935926439	0.274064073561
21.0206	274.8517	422.109128	6	0.999479827976	0.000520172024214
17.1562	276.8397	422.355888	-1	0.0	0.0814829788904
18.9812	276.8346	422.440145	25	1.0	0.0
19.144	276.826	423.144542	26	1.0	0.10873188058
19.1685	276.8729	423.195147	26	1.0	0.0240311694663
19.1743	276.8391	423.259418	26	1.0	0.08112042063
19.1597	276.8467	423.313875	26	1.0	0.0
19.1552	276.8474	423.436726	26	1.0	0.0480887840809
19.1632	276.8449	423.538005	26	1.0	0.0
19.1741	276.8427	423.606055	26	1.0	0.141415372663
19.1627	276.8398	423.638911	26	1.0	0.0183388143173
19.2598	276.8478	424.946798	28	1.0	0.0
18.8027	276.8369	434.08025	-1	0.0	0.477460424365
19.0139	276.8607	439.38691	25	1.0	0.0
19.253	276.8547	442.225697	28	0.78956359896	0.21043640104
19.0013	276.8757	444.037385	25	1.0	0.0293000691228
19.0076	276.8688	444.642985	25	0.869857873323	0.130142126677
19.1384	276.9207	448.362413	-1	0.0	0.0221709507192
19.1499	276.9332	448.406744	-1	0.0	0.0163400350814
19.1696	276.9977	448.59046	-1	0.0	0.667590630989
19.1415	276.9481	449.310452	-1	0.0	0.197902007394
19.12	276.9592	449.445993	-1	0.0	0.451873955442
19.5787	277.025	456.490149	22	0.902259030745	0.0977409692548
19.5655	277.0144	456.497037	22	1.0	0.0
19.5292	274.6726	458.587527	20	1.0	0.0
19.5166	274.7052	458.69296	-1	0.0	0.1156983305
19.0136	276.8775	459.115707	25	0.826188717868	0.173811282132
18.5848	277.2235	459.115861	-1	0.0	0.643434193494
18.9956	276.8531	459.150364	25	1.0	0.0507418377129
18.9737	276.8582	459.279391	25	1.0	0.0
19.0083	276.8536	459.352748	25	1.0	0.143286144225
19.0067	276.8565	459.517282	25	1.0	0.0
18.9879	276.8459	459.710695	25	1.0	0.0
18.9922	276.8432	459.991592	25	1.0	0.12241421837
12.7749	277.7942	460.524546	10	1.0	0.0
12.7774	277.8103	460.759338	10	1.0	0.0
19.1453	276.8423	464.802435	26	1.0	0.0322422809639
19.1245	276.8331	464.866584	26	1.0	0.0
19.1271	276.8799	464.937802	26	0.864821811793	0.135178188207
19.3419	274.8635	466.929766	7	1.0	0.0
19.3434	274.866	466.945981	7	1.0	0.0
18.9617	276.9007	467.056844	25	1.0	0.0
19.0936	274.5491	471.90218	14	1.0	0.0
19.3131	274.5801	472.089584	17	0.490529249231	0.509470750769
19.6298	274.6684	472.187936	21	0.852013603976	0.147986396024
19.7112	274.676	472.556524	-1	0.0	0.0723121421632
9.6394	278.0401	474.289968	11	0.523797850945	0.476202149055
9.6497	278.1271	474.406345	11	0.425385005612	0.574614994388
24.9619	283.8598	475.860258	4	1.0	0.0
24.8628	281.9352	479.667869	1	1.0	0.0
18.6836	274.5423	479.697959	13	1.0	0.0
18.739	274.5473	479.844413	13	0.774805705529	0.225194294471
18.8426	276.7867	484.072162	-1	0.0	0.416994409522
18.8306	276.7178	484.512636	-1	0.0	0.212610785322
19.3369	274.8752	484.715249	7	1.0	0.0
19.2568	276.8645	486.457123	28	0.624683045546	0.375316954454
19.2988	276.8515	486.608254	28	0.348554967003	0.651445032997
19.2502	276.8529	486.636024	28	0.78956359896	0.21043640104
19.2549	276.8734	486.667382	28	0.448239669511	0.551760330489
19.2551	276.8564	486.701151	28	0.78956359896	0.21043640104
19.2541	276.8621	486.866853	28	0.624683045546	0.375316954454
19.2561	276.8569	487.214969	28	0.70451372414	0.29548627586
19.2716	276.8509	487.384298	28	0.582599260455	0.417400739545
19.2814	276.8649	487.55661	28	0.341630330248	0.658369669752
19.5575	274.6479	487.649269	20	0.564532757199	0.435467242801
19.2585	276.851	487.671418	28	0.876793840178	0.123206159822
18.9926	276.8719	497.214588	25	1.0	0.0293000691228
18.9734	276.8342	497.376564	25	1.0	0.033183779696
18.9806	276.8434	497.662458	25	1.0	0.0
18.9868	276.8065	497.724569	25	0.746707729569	0.253292270431
19.2536	276.8885	500.680232	-1	0.0	0.227354349923
21.0667	274.8682	506.226124	6	0.484825484833	0.515174515167
19.4429	276.8676	507.331472	-1	0.0	0.0921754708229
19.527	276.9669	508.063829	22	0.673457140531	0.326542859469
19.5103	276.9469	508.113347	22	0.673457140531	0.326542859469
19.5207	276.8887	508.188462	23	1.0	0.0
19.3859	274.7599	510.384593	7	0.377339839739	0.622660160261
19.5232	274.669	510.452959	20	1.0	0.0
19.5177	274.6722	510.801796	20	1.0	0.0
19.5146	274.6669	510.988801	20	1.0	0.0
19.2075	276.8825	511.887936	26	0.826913121478	0.173086878522
19.1545	276.8779	511.9022	26	1.0	0.0
19.1801	276.8602	511.909153	26	1.0	0.143226967906
19.1368	276.8122	511.928978	26	0.99133936121	0.00866063878989
19.1316	276.8601	512.001116	26	1.0	0.0228838485685
19.1806	276.8917	512.073047	26	0.756034240704	0.243965759296
19.1573	276.8796	512.736864	26	1.0	0.0
19.1636	276.8888	512.824082	26	1.0	0.0122579314037
24.9617	283.8766	514.825995	4	1.0	0.0
24.9714	283.8512	515.031418	4	1.0	0.0332325632851
19.3208	276.8315	515.188356	-1	0.0	0.0553576248368
19.2934	276.7975	515.257445	-1	0.0	0.274020669009
19.2605	276.825	515.32005	27	1.0	0.0
19.2513	276.823	515.579807	27	1.0	0.0
18.9829	276.9377	516.202066	-1	0.0	0.436547658389
21.6025	275.1857	517.312229	3	0.97679069161	0.0232093083905
21.6344	275.2438	517.352554	3	1.0	0.0
21.5715	275.3048	517.414646	3	1.0	0.0
23.5922	281.4175	518.31317	2	0.206752284652	0.793247715348
12.8048	277.7934	518.365415	10	1.0	0.0
12.7447	277.7245	518.367809	10	1.0	0.0
12.6901	277.7441	518.583791	10	1.0	0.0
19.0288	276.9102	532.601147	25	0.695084441343	0.304915558657
19.4093	274.8795	537.382864	7	1.0	0.0
19.3389	276.5838	539.888491	15	1.0	0.0
19.2715	276.8247	539.88853	27	1.0	0.0
19.2603	276.7976	539.89193	-1	0.0	0.352648201436
19.3178	276.8535	539.972485	28	0.310615526802	0.689384473198
19.3023	276.8318	539.983177	-1	0.0	0.0142234479295
19.2878	276.8199	540.008394	-1	0.0	0.21811348826
19.2721	276.8322	540.207001	27	0.963843214123	0.0361567858773
19.3014	276.8408	540.234235	28	0.331565383277	0.668434616723
19.2778	276.8425	540.302389	28	0.393480974728	0.606519025272
20.8632	275.1892	542.912026	8	0.492733225298	0.507266774702
20.9027	275.1948	542.924677	8	0.445334529858	0.554665470142
20.8864	275.21	542.958285	8	1.0	0.0
9.2286	278.9058	543.031867	-1	0.0	0.128890985983
20.8884	275.208	543.055635	8	1.0	0.0
25.2336	284.0926	546.340769	5	0.461303499357	0.538696500643
18.8029	276.7689	550.492073	-1	0.0	0.416994409522
18.8211	276.7601	550.569631	-1	0.0	0.423059392575
19.9395	277.0974	556.327986	12	0.467402825173	0.532597174827
18.9869	276.8569	556.733855	25	1.0	0.0
18.9749	276.8489	556.750216	25	1.0	0.352703995136
19.5374	274.6646	562.724361	20	1.0	0.0
19.5755	274.6758	562.787111	20	0.536879728577	0.463120271423
23.509	281.4302	562.855423	2	0.284985994057	0.715014005943
19.5258	274.6263	562.941034	20	0.442698779877	0.557301220123
23.5296	281.4531	563.104222	2	0.214705502626	0.785294497374
19.0146	274.5972	565.110746	-1	0.0	0.10245080406
18.8157	276.7544	566.151707	-1	0.0	0.527121712223
18.7541	276.6577	566.151734	-1	0.0	0.155289939068
18.8376	276.8069	566.211395	-1	0.0	0.453905816832
18.6348	276.4808	566.211411	-1	0.0	0.316689573475
24.9707	283.877	567.213192	4	1.0	0.0
19.2123	276.8849	574.509108	26	0.679042583529	0.320957416471
19.1835	276.8556	574.632612	26	0.906987838786	0.0930121612142
19.1885	276.8656	574.635989	26	0.945083842553	0.0549161574465
19.1873	276.8343	574.764292	26	1.0	0.124975554483
18.5939	278.6397	574.808397	-1	0.0	0.524344987274
19.2151	276.8278	574.88685	-1	0.0	0.0490943855943
19.2383	276.9058	574.89348	-1	0.0	0.330960916273
19.1865	276.8429	575.003305	26	1.0	0.0
19.1729	276.8319	575.35228	26	1.0	0.172004218966
19.0273	276.9196	575.527321	-1	0.0	0.00515775507844
19.1883	276.8434	575.678408	26	1.0	0.0
9.6307	278.0026	578.713971	11	0.774032226118	0.225967773882
9.6522	278.0014	578.716632	11	0.941211399042	0.0587886009584
19.2684	276.8088	581.501761	-1	0.0	6.00749751128e-05
21.0299	275.0575	591.405051	9	1.0	0.0
21.0377	275.0495	591.448893	9	1.0	0.0
18.6596	274.5449	594.4793	13	0.96175993976	0.0382400602397
18.6674	274.4841	594.896294	13	0.894257673367	0.105742326633
19.6529	274.6406	595.141904	21	1.0	0.0
19.6521	274.6606	595.275767	21	1.0	0.0
19.6307	274.5537	595.395139	-1	0.0	0.159365710251
19.3136	276.8422	596.125443	28	0.314920582754	0.685079417246
19.2189	276.7741	596.132531	-1	0.0	0.479511945589
19.171	276.849	599.68274	26	1.0	0.0820652817827
19.1498	276.8115	599.736564	26	1.0	0.0321429330336
19.1425	276.8735	599.794089	26	1.0	0.426253465121
