13.8062	264.7079	-3.4e-05	26	1.0	0.0
13.808	263.5905	-599.736746	40	1.0	0.082225079363
13.7793	263.6238	-599.736698	40	0.672901022009	0.327098977991
13.8014	263.5948	-599.21222	40	1.0	0.218907406256
13.9043	263.662	-599.176745	40	1.0	0.0675935278605
18.4891	257.5069	-598.399215	0	0.974312841969	0.0256871580312
18.5557	257.4493	-598.325859	0	1.0	0.0
13.7328	263.5138	-598.126404	40	1.0	0.00253486769586
11.6339	262.5178	-597.52385	30	0.680827605666	0.319172394334
11.5364	262.457	-597.426468	30	1.0	0.292481894029
11.6278	262.5287	-597.347092	30	0.796086352114	0.203913647886
11.4947	262.4477	-597.301205	30	1.0	0.292481894029
11.489	262.5066	-597.281455	30	1.0	0.0
11.6262	262.5474	-597.011672	30	0.901912962268	0.0980870377323
11.5553	262.561	-597.011621	30	0.807248961931	0.192751038069
8.9472	273.2474	-596.30367	23	0.673023811614	0.326976188386
11.9913	267.0748	-593.468565	33	1.0	0.172412434153
11.9774	267.1131	-593.283619	33	0.889617646809	0.110382353191
11.9654	267.1002	-593.135431	33	1.0	0.0126380936877
13.692	263.5298	-592.974786	40	1.0	0.124726106269
9.7937	262.8587	-592.453972	15	0.165797696244	0.834202303756
9.6128	262.9588	-592.453824	15	0.523090498302	0.476909501698
9.5487	262.9483	-592.263241	15	0.523444702697	0.476555297303
13.8993	263.798	-590.787891	-1	0.0	0.0247754513875
11.8314	262.958	-589.713312	37	1.0	0.0
11.8258	262.9556	-589.24619	37	1.0	0.0
12.2043	264.027	-588.814718	17	0.120355742882	0.879644257118
11.3736	267.1624	-585.054289	-1	0.0	0.0384861794544
28.7941	270.2819	-584.196135	1	0.142963278745	0.857036721255
12.3528	264.4361	-581.271793	17	1.0	0.0
19.0453	265.7768	-581.21881	3	1.0	0.0
12.4336	264.5892	-581.127918	17	0.34289532011	0.65710467989
13.4046	263.5936	-578.990749	41	1.0	0.0
13.3497	263.449	-578.890775	-1	0.0	0.0455332500359
13.9066	263.6159	-578.679001	40	0.863172607921	0.136827392079
11.8164	262.9796	-578.6592	37	1.0	0.0859839130008
13.7938	263.5944	-578.565803	40	1.0	0.0120856567249
13.76	263.4973	-578.280339	40	1.0	0.0803711834115
13.7234	263.4606	-577.815245	40	1.0	0.0
18.4844	257.3368	-576.483921	0	1.0	0.0
13.5267	263.2824	-572.234432	40	1.0	0.203598025963
13.5	263.2594	-572.160981	40	1.0	0.0
13.5202	263.2477	-571.961171	40	1.0	0.34986119943
13.3916	263.5909	-571.424802	41	1.0	0.383108718187
13.1724	262.6638	-570.5221	22	0.233770368945	0.766229631055
13.2348	262.5249	-570.394109	22	1.0	0.298246859295
17.3332	271.9821	-569.624393	6	1.0	0.0
13.3227	262.5406	-566.108016	22	1.0	0.368070937471
13.3838	262.5107	-566.039731	22	0.997561351236	0.00243864876356
13.4426	263.6192	-565.144797	41	1.0	0.0
13.402	263.593	-565.093602	41	1.0	0.0
13.4291	263.4786	-565.059835	42	1.0	0.0
13.4168	263.5791	-564.747387	41	1.0	0.0453019524489
11.7283	262.8634	-563.792296	37	1.0	0.331649582792
11.272	263.2973	-563.791935	-1	0.0	0.184029139493
13.3488	263.5476	-562.844146	41	0.625061515738	0.374938484262
13.7041	263.5059	-559.289207	40	1.0	0.073652054845
13.8793	263.6894	-558.16122	40	1.0	0.0239620202503
11.807	262.9549	-557.984228	37	1.0	0.0
11.8225	262.923	-557.223103	37	1.0	0.0
11.7998	262.9632	-557.049996	37	1.0	0.0859839130008
11.8094	262.9727	-556.859093	37	1.0	0.0859839130008
11.8618	263.0457	-556.71066	-1	0.0	0.409710271405
11.7766	262.7845	-556.710603	36	0.848555118688	0.151444881312
13.6552	263.5325	-554.512555	40	1.0	0.126159733946
13.9509	265.1589	-553.971542	24	0.916985464832	0.0830145351679
11.2853	259.9344	-553.425897	10	0.248968611376	0.751031388624
13.9859	263.7754	-552.080378	40	0.739737277009	0.260262722991
12.0246	266.8311	-550.666463	33	1.0	0.0
11.9565	266.7597	-550.582866	33	1.0	0.128185841642
12.0493	266.8337	-550.58286	33	1.0	0.183567140151
11.9821	266.7793	-550.506722	33	1.0	0.0
18.7433	257.4667	-550.018301	0	0.846131746965	0.153868253035
18.6934	257.1176	-550.018213	0	0.358642880934	0.641357119066
13.794	263.5245	-545.786271	40	1.0	0.0
13.2813	262.5208	-545.409875	22	1.0	0.272326065091
11.5356	262.597	-544.174203	30	0.59194834071	0.40805165929
11.5236	262.5214	-544.149338	30	1.0	0.0
13.353	263.5687	-544.120563	41	0.909962496237	0.0900375037633
12.0417	262.4568	-544.101012	-1	0.0	0.348402811636
13.4084	263.5716	-544.002498	41	1.0	0.0
13.5204	263.2449	-542.907715	40	1.0	0.418975273199
13.4889	263.3267	-542.859329	40	0.684074127172	0.315925872828
13.5316	263.296	-542.760018	40	1.0	0.166082348915
13.2802	262.3951	-541.715191	22	0.916567217425	0.0834327825747
13.2697	262.4271	-541.456122	22	1.0	0.0
13.3334	262.4985	-541.390122	22	1.0	0.0
13.6895	263.4914	-540.430222	40	1.0	0.0420945188175
13.6702	263.3002	-540.105041	40	0.677417645773	0.322582354227
13.6635	263.403	-539.910871	40	1.0	0.00739622346695
13.3109	262.5158	-538.719187	22	1.0	0.246652311871
13.096	262.2979	-536.202178	22	1.0	0.197880924963
13.1155	262.3253	-536.156539	22	1.0	0.0
13.4631	263.6089	-535.228132	41	0.900026832215	0.0999731677853
13.4463	263.6032	-535.066479	41	0.823127157179	0.176872842821
17.5958	271.1958	-534.892109	2	0.784866450101	0.215133549899
13.9205	263.6891	-532.80841	40	1.0	0.11831482239
13.827	263.6986	-532.613296	40	0.642857167038	0.357142832962
11.4304	260.1293	-531.046549	10	0.501804168698	0.498195831302
11.4343	260.0792	-531.016373	10	1.0	0.0
11.8479	262.9892	-529.699461	37	0.824594786091	0.175405213909
11.8122	262.9378	-529.603821	37	1.0	0.0690664950918
11.7608	262.9653	-529.603767	37	0.693671485632	0.306328514368
11.9012	262.9745	-529.030207	37	0.578213978244	0.421786021756
11.7378	262.7832	-529.030159	36	1.0	0.0
13.6169	263.5376	-528.80128	40	1.0	0.0901985028068
13.6266	263.581	-528.75099	40	0.906857578049	0.093142421951
13.727	263.5688	-528.71239	40	0.614742354207	0.385257645793
13.6637	263.5544	-528.300208	40	1.0	0.00902152820524
28.7653	270.347	-522.703432	1	0.827458345841	0.172541654159
28.7844	270.4591	-522.625961	1	0.236337328565	0.763662671435
28.7939	270.3707	-522.471088	1	0.718752838247	0.281247161753
14.0692	265.1301	-520.780733	24	1.0	0.496871716271
14.0747	265.3616	-520.780706	24	0.132966256378	0.867033743622
19.0811	265.8734	-520.591738	3	1.0	0.0
19.0868	265.9025	-520.553495	3	0.846182959543	0.153817040457
12.4838	260.2919	-518.945146	-1	0.0	0.284927385838
13.4027	263.6143	-518.183383	41	1.0	0.424930353268
13.398	263.6243	-518.139877	41	0.919163959658	0.0808360403424
13.415	263.5939	-518.101824	41	1.0	0.128137196596
13.4629	263.6228	-517.90647	41	0.95420426722	0.0457957327798
13.8134	263.5718	-517.014453	40	1.0	0.219622265845
13.8006	263.5294	-516.290547	40	1.0	0.0680662689893
11.8793	263.0198	-513.578541	-1	0.0	0.231023019839
11.7715	262.7671	-513.50468	36	1.0	0.0
13.6243	263.4608	-511.217743	40	1.0	0.0407828498099
13.6871	263.4959	-511.115835	40	1.0	0.0
13.6284	263.5248	-510.731875	40	1.0	0.197541344581
13.808	263.2277	-510.31877	-1	0.0	0.16751300939
13.6511	263.5658	-510.318681	40	1.0	0.0
13.9863	265.131	-509.049386	24	1.0	0.399466257962
12.4491	264.4318	-508.353791	17	1.0	0.0
9.494	270.4823	-505.739251	-1	0.0	0.109288527497
13.9465	265.1336	-503.308604	24	0.77170304424	0.22829695576
17.2738	271.7294	-503.292307	5	1.0	0.0
13.4247	263.6373	-499.361888	41	0.889985808681	0.110014191319
8.9588	273.9192	-499.013064	-1	0.0	0.342984716448
8.9029	273.7723	-498.980746	-1	0.0	0.11045666141
19.2706	264.475	-498.810115	12	0.122952491069	0.877047508931
11.4739	262.5653	-498.16767	30	0.747140801907	0.252859198093
11.6337	262.5465	-498.121593	30	0.812838997134	0.187161002866
11.5585	262.5456	-498.014304	30	0.901912962268	0.0980870377323
11.5489	262.4514	-497.942564	30	1.0	0.0376031876174
11.7925	262.9284	-496.343679	37	1.0	0.0247672732005
11.8178	262.9579	-496.305206	37	1.0	0.0
13.6326	263.5598	-496.157332	40	1.0	0.0
11.7912	262.9083	-496.142364	37	1.0	0.0312544144931
11.8297	262.9785	-495.558804	37	1.0	0.177537371473
24.3942	275.6067	-495.232236	7	1.0	0.0
13.4558	263.6848	-493.28422	-1	0.0	0.0289219884968
13.3942	263.4687	-493.284213	42	1.0	0.0
13.4079	263.6007	-493.280262	41	1.0	0.010635277253
13.4371	263.6251	-493.233923	41	1.0	0.0
13.683	263.4681	-493.191224	40	1.0	0.006511376965
13.6482	263.3576	-493.123344	40	1.0	0.227891607664
13.3819	263.5824	-493.078968	41	1.0	0.0844512125178
13.5023	263.2771	-492.396715	40	1.0	0.0
13.3045	262.4904	-492.30337	22	1.0	0.0167666836743
11.8324	262.9312	-492.021801	37	1.0	0.0
13.887	263.4529	-491.10801	40	0.529701689067	0.470298310933
13.8999	263.7172	-491.107985	40	1.0	0.033692367713
13.9635	263.7362	-489.970071	40	1.0	0.0
13.9161	263.8735	-489.970022	-1	0.0	0.0334787287449
15.0708	263.3778	-489.543894	-1	0.0	0.250685129173
13.9571	263.7376	-489.543268	40	1.0	0.0
13.1082	262.3196	-486.847971	22	1.0	0.0
13.1214	262.2891	-486.792795	22	1.0	0.188885755731
13.7351	263.5063	-485.768768	40	1.0	0.0364141447628
8.833	272.9611	-484.884347	27	1.0	0.0
13.9935	265.1564	-483.807908	24	1.0	0.0282997602035
8.8439	274.1987	-483.693656	-1	0.0	0.580793974275
11.8853	262.9576	-481.864728	37	0.64969162365	0.35030837635
28.7983	270.3907	-478.383103	1	0.716026291556	0.283973708444
28.78	270.3646	-478.325663	1	0.847358138645	0.152641861355
13.6062	263.5383	-475.095643	40	1.0	0.248752608203
13.6565	263.5672	-474.974372	40	1.0	0.12655508653
13.715	263.4962	-474.92349	40	1.0	0.111798210603
13.7287	263.5866	-474.917812	40	0.631252887377	0.368747112623
13.4145	263.587	-474.900597	41	1.0	0.276682767858
13.7174	263.4694	-474.822977	40	1.0	0.0326030203665
13.6707	263.455	-474.718883	40	1.0	0.341412186863
9.2047	270.1923	-474.201011	18	0.608325398473	0.391674601527
13.6897	263.4918	-468.373032	40	1.0	0.00259986463023
10.1095	270.2421	-467.026457	-1	0.0	0.345981870807
13.755	263.4989	-466.187493	40	1.0	0.0364141447628
17.5463	271.1505	-464.270255	2	0.946337878395	0.0536621216054
11.9475	267.114	-459.878615	33	0.840283875487	0.159716124513
11.693	262.8072	-457.176057	-1	0.0	0.00501275412656
13.5112	263.3002	-455.595856	40	1.0	0.166082348915
13.5242	263.3062	-455.510475	40	1.0	0.221000352281
11.9841	267.047	-454.957116	33	1.0	0.0954241321567
11.8207	262.9677	-453.655938	37	1.0	0.0
11.7569	262.8698	-453.509945	37	1.0	0.0445286442596
11.8185	262.9169	-453.382897	37	1.0	0.0
13.8873	263.6875	-452.970122	40	1.0	0.0239620202503
13.8957	263.6672	-452.934117	40	1.0	0.202903037127
13.4248	263.6532	-452.512224	41	0.475214389197	0.524785610803
13.6428	263.5045	-451.454994	40	1.0	0.0569636111846
13.3476	262.5569	-449.86074	22	0.634495493679	0.365504506321
13.13	262.5999	-449.695446	22	0.309167957521	0.690832042479
13.3434	262.4137	-449.695423	22	0.781710781695	0.218289218305
13.8244	264.7146	-447.811165	26	1.0	0.0953260381091
13.7568	264.7271	-447.632944	26	0.681782376616	0.318217623384
12.2594	264.0416	-447.206231	17	0.126353296803	0.873646703197
19.0107	264.5868	-446.960281	12	1.0	0.0
13.4058	263.5647	-445.763845	41	1.0	0.0
28.7796	270.4982	-443.66546	1	0.187425751922	0.812574248078
28.7577	270.3547	-443.603634	1	0.57967805066	0.42032194934
24.4369	275.6629	-442.377151	7	0.589355278717	0.410644721283
24.3688	275.6059	-442.341905	7	1.0	0.0
24.3504	275.5931	-442.166425	7	1.0	0.0
13.4187	263.617	-439.929689	41	1.0	0.0
13.4374	263.6382	-439.880745	41	0.924227530053	0.0757724699468
11.1218	264.5937	-439.845997	-1	0.0	0.162769927493
13.4092	263.5956	-439.748272	41	1.0	0.0
13.3886	263.5751	-439.629752	41	1.0	0.0
17.2491	271.7047	-437.946446	5	1.0	0.0
9.5789	262.9698	-437.369242	15	0.478399108124	0.521600891876
9.3122	272.9356	-437.318901	-1	0.0	0.00130280418862
9.6446	262.8047	-437.30835	15	0.253533708371	0.746466291629
13.8001	263.5622	-434.298838	40	1.0	0.237426825159
14.6979	275.9707	-433.761749	4	0.246519462146	0.753480537854
11.2562	262.4284	-433.755362	30	0.358148247739	0.641851752261
11.4188	262.293	-433.755348	30	1.0	0.0
13.6528	263.5006	-433.61622	40	1.0	0.00408537275169
13.6189	263.5217	-433.616174	40	1.0	0.054385810121
13.1996	262.3401	-432.042161	22	1.0	0.222819569211
13.1357	262.3115	-431.894664	22	1.0	0.0159601023057
13.2543	262.4064	-430.932836	22	1.0	0.123737509212
13.3728	263.5651	-428.27343	41	1.0	0.172118348913
11.8166	262.8808	-428.175125	37	0.851150487556	0.148849512444
11.8078	262.9225	-428.08479	37	1.0	0.0451474917638
11.9286	262.9954	-427.999346	-1	0.0	0.180724296837
11.7948	262.9132	-427.631385	37	1.0	0.0
14.0057	263.812	-427.423375	-1	0.0	0.0534772307506
11.7967	262.6785	-427.31621	-1	0.0	0.565830973437
12.4488	264.4416	-425.268973	17	1.0	0.0
12.4531	264.4452	-425.268944	17	1.0	0.0
11.9754	267.0461	-425.092907	33	1.0	0.0
11.9681	267.0183	-425.00681	33	1.0	0.221437019459
11.9439	267.186	-424.985756	-1	0.0	0.122841989081
11.9748	267.0493	-424.863307	33	1.0	0.0
13.9967	265.1622	-422.514316	24	1.0	0.0
13.5103	263.2732	-420.914933	40	1.0	0.0
13.5143	263.268	-420.785898	40	1.0	0.0945038221611
13.6468	263.5243	-419.56047	40	1.0	0.126159733946
13.6248	263.4487	-419.47037	40	1.0	0.0
12.5416	262.5231	-416.332542	-1	0.0	0.501155696067
13.9643	263.8109	-414.571118	40	0.504478643215	0.495521356785
13.9708	263.758	-414.509924	40	1.0	0.277188098742
13.9083	265.1152	-414.230729	24	0.515892539978	0.484107460022
13.8406	264.9709	-414.037623	24	0.199410973593	0.800589026407
14.0331	265.1276	-413.781951	24	1.0	0.0
14.0197	265.1321	-413.725043	24	1.0	0.0
13.6308	263.4973	-412.827551	40	1.0	0.0569636111846
13.6678	263.5675	-412.646498	40	1.0	0.147043250851
10.8664	260.0998	-412.475087	10	0.0903033755703	0.90969662443
28.791	270.3657	-411.373804	1	1.0	0.0
14.0246	263.7454	-410.00825	40	1.0	0.098803201916
19.0304	264.5946	-409.180973	12	1.0	0.0
9.5674	275.0428	-409.044133	13	0.0808569405973	0.919143059403
8.8159	275.3628	-409.04352	13	0.980124528133	0.0198754718666
13.7181	263.3926	-408.461281	40	1.0	0.0976156916446
13.7914	263.5359	-408.387433	40	1.0	0.0
13.7817	263.5228	-408.353638	40	1.0	0.218269822496
13.8074	263.5441	-408.307103	40	1.0	0.0
13.7369	263.4571	-408.275991	40	1.0	0.0749636827975
13.4104	263.5931	-408.115858	41	1.0	0.0
13.398	263.5695	-407.800426	41	1.0	0.0
13.8809	263.6896	-404.766927	40	1.0	0.0239620202503
11.8311	262.9163	-403.640912	37	1.0	0.051396618969
11.7746	262.9165	-403.588034	37	1.0	0.0
11.7776	262.8684	-403.532386	37	1.0	0.0
11.8117	262.9861	-403.499708	37	1.0	0.0865069468763
11.7958	262.9125	-403.448389	37	1.0	0.0
19.4711	264.3681	-401.367075	11	0.538441137275	0.461558862725
11.9144	267.0739	-400.83365	33	1.0	0.0509438666275
11.9314	267.0385	-400.748157	33	1.0	0.0865418716284
11.9647	267.0418	-400.466447	33	1.0	0.0
11.9409	267.0172	-400.283237	33	1.0	0.0296467454848
13.3186	262.4962	-398.912595	22	1.0	0.0
13.761	263.522	-398.872241	40	1.0	0.0184177875955
13.7094	262.2793	-398.739961	22	0.21521010447	0.78478989553
8.9889	273.0901	-396.48722	28	0.600366704413	0.399633295587
8.9596	273.069	-396.43645	28	0.739830457506	0.260169542494
9.1345	272.9797	-396.401775	28	0.515390791551	0.484609208449
13.189	262.4119	-396.29562	22	1.0	0.0109655662702
13.7754	263.5448	-396.179515	40	1.0	0.016591198634
9.1372	272.48	-394.061979	21	0.320434349657	0.679565650343
13.3555	263.5624	-394.011457	41	1.0	0.419219293888
13.3817	263.5853	-393.753231	41	1.0	0.383108718187
13.6146	263.508	-393.311357	40	1.0	0.0123652279504
13.3521	263.7215	-393.311157	-1	0.0	0.0476487611645
12.2302	267.5704	-392.382711	29	0.821819926863	0.178180073137
11.6776	262.736	-392.020156	-1	0.0	0.316356678474
18.586	257.4362	-390.328743	0	0.976512116695	0.0234878833048
18.7035	257.6015	-390.22933	0	0.497258878431	0.502741121569
18.5107	257.2541	-390.229199	0	0.725167518659	0.274832481341
14.028	265.1159	-388.98211	24	1.0	0.220803434012
13.3245	262.5303	-387.703642	22	1.0	0.2043649974
13.9229	263.7067	-386.94847	40	1.0	0.0
13.6957	263.5328	-384.487183	40	1.0	0.152971760603
13.6698	263.4575	-384.44568	40	1.0	0.244453967142
13.6635	263.4723	-384.351873	40	1.0	0.169917791753
13.6923	263.5108	-384.282375	40	1.0	0.0246055257933
13.879	263.5525	-382.481496	40	0.951527293518	0.048472706482
13.9423	263.7161	-382.436256	40	1.0	0.00626889490004
13.9569	263.7287	-382.388686	40	1.0	0.0
13.8958	263.579	-382.247903	40	1.0	0.160075520565
13.9696	263.7618	-381.693391	40	1.0	0.0879828354234
17.6025	261.7871	-379.882552	-1	0.0	0.00484906655429
13.4156	263.5642	-379.880451	41	1.0	0.100121016627
13.426	263.6253	-379.807985	41	1.0	0.0
13.4391	263.5835	-379.729674	41	0.931152141767	0.068847858233
13.6435	263.5717	-379.673358	40	1.0	0.111170193517
13.3783	263.4986	-379.656841	42	1.0	0.0
13.6339	263.5394	-379.51932	40	1.0	0.126159733946
17.593	271.1695	-379.127548	2	0.85014382273	0.14985617727
13.4962	263.2553	-378.959435	40	1.0	0.0
13.4393	263.1344	-378.854144	-1	0.0	0.284891308825
17.3129	270.9284	-376.833362	2	1.0	0.0
11.7982	262.9568	-376.3282	37	1.0	0.131572596157
12.8539	262.5664	-375.573537	22	0.158191610471	0.841808389529
19.5998	264.3773	-374.61279	11	0.324872556979	0.675127443021
13.668	263.4896	-373.542698	40	1.0	0.0701061681542
13.696	263.5084	-373.461178	40	1.0	0.0478680682171
13.6666	263.4502	-373.332592	40	1.0	0.274824816388
11.4657	262.5054	-373.221552	30	1.0	0.0
10.6108	263.4054	-373.220944	-1	0.0	0.190409146546
11.4921	262.5412	-373.181875	30	1.0	0.0225030571826
11.6839	262.2694	-373.157254	30	0.288613088037	0.711386911963
11.9478	267.0636	-372.792146	33	1.0	0.0
11.4886	262.5811	-372.701364	30	0.781082140335	0.218917859665
11.9495	267.0697	-372.68616	33	1.0	0.0
11.9888	267.0659	-372.585711	33	1.0	0.0458294572728
17.3569	271.7582	-372.334199	5	0.693314873881	0.306685126119
11.9471	267.0734	-372.049847	33	1.0	0.0
10.1547	269.1348	-371.296168	16	0.265758429797	0.734241570203
13.4385	263.595	-370.722182	41	0.910260199416	0.0897398005844
11.9416	266.7874	-370.70786	33	1.0	0.0526485652941
13.3523	263.5311	-370.64864	41	0.648855752387	0.351144247613
13.4034	263.5585	-370.525119	41	1.0	0.100121016627
13.3819	263.4961	-370.420059	42	1.0	0.0
13.8329	263.6361	-369.935046	40	1.0	0.266151896761
19.0628	264.5985	-369.774559	12	0.732169969697	0.267830030303
19.0933	264.6163	-369.723238	12	0.534990348236	0.465009651764
19.0501	264.5663	-369.714326	12	0.906631278259	0.0933687217415
13.8803	263.6762	-369.647991	40	1.0	0.0239620202503
13.8933	263.71	-369.55683	40	1.0	0.0508049412849
13.9364	263.6776	-369.42625	40	1.0	0.0456114688677
11.4464	259.8492	-366.589141	10	0.206744167874	0.793255832126
11.4581	260.1877	-366.589119	10	0.294137352146	0.705862647854
10.224	259.6338	-363.878018	9	1.0	0.0
13.0806	263.4606	-363.358803	-1	0.0	0.0618184186849
13.7612	263.5122	-358.444421	40	1.0	0.0944660157012
13.73	263.4602	-358.350603	40	1.0	0.0798056885532
13.8645	263.5418	-358.333208	40	0.993911976512	0.00608802348773
13.798	263.5634	-358.21858	40	1.0	0.0373038252493
13.1628	262.4581	-357.909245	22	1.0	0.208736376633
11.4203	262.3042	-357.729465	30	1.0	0.0153781403312
13.4182	263.5481	-356.34769	41	0.820856928838	0.179143071162
24.3755	275.6531	-356.247892	7	0.756038198612	0.243961801388
24.2857	275.6691	-356.247855	7	0.341393227801	0.658606772199
24.3468	275.6165	-356.212783	7	0.913233135747	0.0867668642527
24.4063	275.6306	-356.125347	7	0.762212804502	0.237787195498
13.4613	263.6735	-355.963142	-1	0.0	0.240058553294
11.8353	262.8792	-355.021568	37	0.757224665096	0.242775334904
28.7852	270.36	-354.967696	1	1.0	0.0
28.8005	270.3857	-354.920693	1	0.663711056202	0.336288943798
28.7974	270.3588	-354.89306	1	1.0	0.0
28.782	270.3562	-354.797424	1	1.0	0.0
28.7829	270.4608	-354.704084	1	0.226375209758	0.773624790242
14.1394	263.5426	-353.907146	-1	0.0	0.179450861428
14.121	263.6191	-353.747858	38	0.776491068036	0.223508931964
17.2482	271.9294	-351.84408	6	1.0	0.0
14.1794	264.9403	-351.460961	24	0.171322576026	0.828677423974
12.8358	263.5549	-350.349399	-1	0.0	0.275256193611
11.9178	266.9966	-349.610025	33	1.0	0.0421295802567
11.9193	267.0262	-349.556528	33	1.0	0.178978022124
9.0317	272.7952	-345.165508	21	0.374048371591	0.625951628409
13.4199	263.5726	-343.578505	41	1.0	0.122009865975
13.4366	263.614	-343.470789	41	1.0	0.0666164905514
14.0316	265.1308	-340.565283	24	1.0	0.0
14.1063	265.1378	-340.458785	24	0.656129984131	0.343870015869
14.0133	265.1093	-340.301798	24	1.0	0.42212217825
14.0153	265.0935	-340.108808	24	1.0	0.526022469949
13.3096	262.4716	-338.202604	22	1.0	0.258388570251
13.3066	262.1091	-338.202584	22	0.174776589516	0.825223410484
13.2853	262.483	-338.019518	22	1.0	0.0167666836743
11.7776	262.8741	-336.794506	37	1.0	0.157855937046
12.1704	267.6756	-335.859175	29	0.796918326798	0.203081673202
13.8041	264.7053	-335.4128	26	1.0	0.0
13.8004	264.5801	-335.37119	26	0.290041551596	0.709958448404
13.8241	264.7343	-335.342372	26	1.0	0.0
13.8017	264.7338	-335.301397	26	1.0	0.0
12.0374	265.8614	-335.017187	-1	0.0	0.455174725229
9.5695	262.9066	-332.580306	15	0.679361983736	0.320638016264
13.3766	263.5698	-330.982175	41	1.0	0.0623270855397
13.4896	263.2607	-329.130555	40	1.0	0.0
11.6516	262.8461	-328.191177	-1	0.0	0.288041301553
13.6683	263.4857	-326.209745	40	1.0	0.0
13.8442	263.6113	-324.375641	40	1.0	0.379229532525
13.2043	262.4799	-321.855827	22	1.0	0.00100825707669
13.224	262.4909	-321.74011	22	1.0	0.0
13.7926	263.5609	-320.040441	40	1.0	0.0631368528991
11.4709	262.3485	-318.667012	30	1.0	0.104505687382
11.5458	262.4506	-318.667009	30	1.0	0.309108179002
11.8274	262.9505	-318.337442	37	1.0	0.136101896709
11.8358	262.9617	-318.222425	37	1.0	0.0
11.808	262.9731	-317.578851	37	1.0	0.0909743170862
12.0407	262.6657	-314.62261	-1	0.0	0.649770599134
9.0587	272.5216	-313.603332	21	0.320434349657	0.679565650343
9.1286	271.9898	-313.085374	20	1.0	0.0
9.1131	271.9488	-313.026284	20	1.0	0.0
9.0743	271.868	-312.762121	20	1.0	0.0
14.0183	265.1707	-312.684436	24	1.0	0.0
17.2622	271.6421	-310.017756	5	1.0	0.0
17.2429	271.6237	-309.961788	5	1.0	0.0
17.3092	271.6859	-309.806803	5	1.0	0.0
12.8146	275.7726	-308.249304	4	0.239183361922	0.760816638078
12.0137	266.8329	-307.872584	33	1.0	0.133392186513
12.3426	267.0968	-306.749995	-1	0.0	0.0739209392018
13.8634	263.6737	-305.976368	40	1.0	0.0799562462261
13.6605	263.4458	-304.663384	40	1.0	0.037057046934
9.5402	262.8849	-303.179798	15	1.0	0.0
9.5821	262.973	-303.144107	15	0.464951046681	0.535048953319
9.4603	262.6908	-303.144017	15	0.244151525601	0.755848474399
9.5057	262.8693	-303.120954	15	1.0	0.0
9.5535	262.8895	-303.120935	15	0.943966736556	0.0560332634441
9.5197	262.9175	-303.088734	15	0.64960976926	0.35039023074
10.9877	262.5039	-303.022441	-1	0.0	0.327516897064
9.5185	262.9123	-303.021523	15	0.751465816264	0.248534183736
13.0919	263.6219	-298.646229	35	1.0	0.0
9.3938	270.0899	-296.68427	18	0.235255032523	0.764744967477
13.6805	263.4789	-295.563591	40	1.0	0.246241967227
13.6337	263.5617	-295.531384	40	1.0	0.0
13.6814	263.4849	-295.493154	40	1.0	0.0
13.1259	262.3304	-295.431126	22	1.0	0.0
19.0997	265.8806	-295.358065	3	1.0	0.0
11.5831	259.7514	-294.107052	10	0.114750382843	0.885249617157
13.3872	263.6037	-293.972249	41	1.0	0.41916557698
13.4057	263.587	-293.883642	41	1.0	0.202089069924
13.3806	263.564	-293.834882	41	1.0	0.194762470242
9.5815	269.7166	-293.695385	19	1.0	0.0
13.453	263.6263	-293.662915	41	0.953034926549	0.0469650734508
9.5118	269.6821	-293.36718	19	1.0	0.0
13.39	263.5649	-293.341585	41	1.0	0.0612964071181
11.9615	267.039	-292.670277	33	1.0	0.141300056547
11.9425	267.0228	-292.590036	33	1.0	0.0205794991071
14.0296	265.1788	-291.953492	24	1.0	0.0
28.7853	270.395	-290.687508	1	0.702149329825	0.297850670175
28.7932	270.279	-290.653049	1	0.13893628907	0.86106371093
28.7762	270.3841	-290.562255	1	0.622321756237	0.377678243763
28.7761	270.3546	-290.528589	1	0.827458345841	0.172541654159
13.8476	263.581	-290.49321	40	1.0	0.185155801552
13.7718	263.5325	-290.403122	40	1.0	0.229219041982
13.7898	263.46	-290.38425	40	1.0	0.034980587157
13.7845	263.3289	-290.341843	40	0.470303369338	0.529696630662
13.8643	263.5867	-290.207821	40	1.0	0.246084632925
13.8644	263.6524	-289.748781	40	1.0	0.0
14.0251	265.1644	-284.194924	24	1.0	0.0
13.6028	263.2931	-283.434711	40	0.994272448934	0.00572755106618
13.58	263.4647	-283.205676	40	1.0	0.0261200589901
13.6011	263.4546	-283.055676	40	1.0	0.0
13.6215	263.4464	-283.055648	40	1.0	0.00225225858345
13.173	262.2792	-282.137896	22	1.0	0.359355372052
13.187	262.3057	-281.873432	22	1.0	0.30401342278
13.1064	262.2431	-281.792511	22	0.611742457267	0.388257542733
13.9651	263.7232	-281.519935	40	1.0	0.329927547138
13.916	263.6833	-281.442127	40	1.0	0.0688210552874
19.5251	264.4198	-281.248463	11	0.312038600728	0.687961399272
13.9647	263.7525	-280.843736	40	1.0	0.258833821849
13.5144	263.2724	-279.166444	40	1.0	0.0
13.4924	263.2632	-279.091909	40	1.0	0.0
11.7774	262.9369	-278.583009	37	1.0	0.309641203264
12.0721	262.6746	-278.552503	-1	0.0	0.677030048963
11.8301	262.9695	-278.552348	37	1.0	0.11545828288
11.8557	262.9331	-277.778372	37	0.906351627564	0.0936483724362
14.0241	265.1308	-277.525405	24	1.0	0.0
11.9995	267.0176	-276.96341	33	1.0	0.0130917085728
12.0015	267.0193	-276.633758	33	1.0	0.0305334774896
12.0512	267.0602	-276.633734	33	0.81271053578	0.18728946422
11.487	262.5254	-276.076348	30	1.0	0.0
24.5052	276.0986	-275.969154	8	1.0	0.0
24.4891	276.1057	-275.921838	8	1.0	0.0
9.0926	273.14	-275.66064	28	0.403178777773	0.596821222227
12.128	267.3257	-275.1761	32	0.790225782846	0.209774217154
13.8357	263.6303	-272.406252	40	1.0	0.0
8.8646	272.6348	-270.342537	21	0.54036678601	0.45963321399
8.8047	275.3529	-269.587489	13	0.825794496633	0.174205503367
28.775	270.4382	-269.36978	1	0.367594355932	0.632405644068
13.3217	262.4476	-269.073623	22	1.0	0.0649151499492
13.649	263.526	-269.022275	40	1.0	0.126159733946
13.3291	262.4684	-268.996753	22	1.0	0.0978707629495
13.5838	263.4596	-268.91599	40	1.0	0.0
13.6267	263.5594	-268.832663	40	1.0	0.106912849369
13.6109	263.5005	-268.521691	40	1.0	0.0569636111846
19.4201	264.3396	-267.919848	11	0.95349187637	0.0465081236304
19.0697	264.5555	-266.39997	12	0.619405711471	0.380594288529
13.7726	263.5001	-263.164774	40	1.0	0.0944660157012
11.9055	263.0871	-257.595992	-1	0.0	0.611869370885
12.1153	267.1126	-256.200641	-1	0.0	0.119677847387
13.1663	262.4207	-256.094234	22	1.0	0.325819473847
12.1891	267.1905	-256.026237	-1	0.0	0.063000752607
12.0033	266.8693	-252.382372	33	1.0	0.148396569697
13.3809	263.5812	-252.17164	41	1.0	0.0300687835369
12.3914	264.6989	-249.942725	17	0.193583801722	0.806416198278
11.9626	267.0344	-249.788551	33	1.0	0.0
12.3676	264.6967	-249.520834	17	0.19386180383	0.80613819617
19.0514	264.5955	-248.366829	12	0.923739849923	0.0762601500766
24.3989	275.6784	-246.894399	7	0.531885134205	0.468114865795
24.4168	275.5897	-246.823771	7	0.662382334201	0.337617665799
9.6338	262.9449	-245.697681	15	0.412777722301	0.587222277699
9.522	262.8899	-245.489186	15	0.962859548152	0.0371404518482
28.801	270.358	-243.948504	1	0.884683144763	0.115316855237
11.8514	262.8618	-243.387397	-1	0.0	0.0085188506212
11.8565	262.9016	-243.296326	37	0.719106714447	0.280893285553
11.888	262.955	-242.836311	37	0.650701189189	0.349298810811
13.7559	263.6174	-239.859687	40	0.554184969428	0.445815030572
13.1932	262.4442	-238.843219	22	1.0	0.0
13.1221	262.3018	-238.664848	22	1.0	0.0
13.4114	263.5832	-238.569418	41	1.0	0.0205379677621
13.2356	262.5071	-238.309383	22	1.0	0.17198329303
13.2557	262.4168	-238.224054	22	1.0	0.0252340468707
13.9143	263.6541	-237.742683	40	1.0	0.00826970564267
13.5451	262.1768	-237.72725	22	0.203986370159	0.796013629841
13.6439	263.4769	-236.16071	40	1.0	0.169917791753
13.6415	263.4726	-236.067048	40	1.0	0.169917791753
13.7191	263.5197	-236.041365	40	1.0	0.0416181385981
13.6525	264.3696	-233.435868	25	0.95843963602	0.04156036398
13.1565	262.3265	-233.319249	22	1.0	0.0159601023057
13.2096	262.3248	-233.208815	22	1.0	0.336698677003
13.6267	263.5424	-232.802135	40	1.0	0.0
19.0332	264.5834	-226.041173	12	1.0	0.0
13.4158	263.566	-225.00103	41	1.0	0.0
13.8238	263.5811	-224.545343	40	1.0	0.0560842583748
11.5	266.894	-223.40513	-1	0.0	0.370281450346
14.2081	263.6423	-222.590666	38	1.0	0.0
14.2162	263.6707	-222.443573	38	0.700720152087	0.299279847913
11.5389	262.3694	-221.999284	30	0.877319931737	0.122680068263
11.9044	267.0572	-221.686579	33	1.0	0.0106481219459
13.2317	262.4462	-221.590169	22	1.0	0.38852969769
11.9345	267.0982	-221.57323	33	1.0	0.106203753516
11.9614	266.9971	-221.433785	33	1.0	0.0382350711766
13.9156	263.6961	-221.400536	40	1.0	0.0
13.414	263.2012	-220.223713	39	1.0	0.0
19.1663	265.8765	-219.014633	3	1.0	0.0
13.4599	263.3534	-217.753017	40	0.520943265972	0.479056734028
12.1453	267.2786	-216.570878	32	1.0	0.0
13.8317	263.6269	-215.773253	40	1.0	0.0
13.7239	263.4976	-215.550457	40	1.0	0.331430590519
13.802	263.53	-215.550444	40	1.0	0.0
13.7639	263.5054	-215.499441	40	1.0	0.0364141447628
13.7318	263.47	-214.750119	40	1.0	0.0834273727685
13.7307	263.5053	-214.530416	40	1.0	0.111798210603
13.8808	264.7286	-209.270507	26	0.832710733572	0.167289266428
13.9427	264.7192	-209.233415	26	0.554528333469	0.445471666531
12.0649	266.4328	-209.218364	-1	0.0	0.635071525809
11.9658	266.7761	-209.218303	33	1.0	0.0
13.7957	264.6495	-209.193032	26	1.0	0.437454749792
13.8061	264.6665	-209.093342	26	1.0	0.0491360595851
13.8181	264.7091	-209.093305	26	1.0	0.0
13.3477	262.3523	-209.059908	22	0.515193261346	0.484806738654
13.31	262.4781	-209.059887	22	1.0	0.0978707629495
13.3119	262.5035	-208.972181	22	1.0	0.0
11.9776	266.7365	-208.779413	33	1.0	0.128185841642
13.283	262.4949	-208.549542	22	1.0	0.00864946513128
13.9307	263.6795	-208.454106	40	1.0	0.02167998885
13.4025	263.5769	-207.537331	41	1.0	0.0164371287546
13.2653	263.6623	-207.45063	-1	0.0	0.343723961333
9.1057	272.46	-205.628429	21	0.320434349657	0.679565650343
9.089	272.432	-205.599949	21	0.320434349657	0.679565650343
13.6866	263.5185	-205.254389	40	1.0	0.0888608312434
13.6162	263.342	-205.25434	40	1.0	0.0606109611938
12.1812	267.3503	-203.707621	32	0.790225782846	0.209774217154
13.5218	263.2757	-202.802467	40	1.0	0.0
11.9284	267.0113	-200.994031	33	1.0	0.253804264314
13.6556	263.5156	-200.829232	40	1.0	0.0903177105676
13.5825	263.3484	-200.624492	40	0.928090754865	0.0719092451349
11.9212	266.9632	-200.373339	33	0.870654691485	0.129345308515
8.8378	272.9225	-197.335434	27	1.0	0.0
9.0965	273.13	-197.057383	-1	0.0	0.0111631105687
11.4764	259.9264	-193.207423	10	0.291115999564	0.708884000436
13.9264	263.6941	-191.692826	40	1.0	0.0
13.9238	263.7076	-191.643435	40	1.0	0.0
13.9246	263.6956	-191.301985	40	1.0	0.0
13.9963	263.7343	-191.011401	40	1.0	0.0399354812897
19.161	264.6092	-187.992947	12	0.309064713723	0.690935286277
12.1984	267.6316	-186.553247	29	1.0	0.0
12.4805	268.1261	-186.553136	14	0.0336988883989	0.966301111601
13.8331	264.7392	-183.949839	26	1.0	0.318414949638
13.6086	264.1164	-183.609031	25	0.254569054825	0.745430945175
13.7905	263.5124	-182.578025	40	1.0	0.0910447223983
13.8185	263.5694	-182.416314	40	1.0	0.189683893041
14.2095	263.1718	-182.16131	-1	0.0	0.393895863056
14.1952	263.6347	-181.714146	38	1.0	0.0
14.1879	263.6386	-181.565301	38	1.0	0.0
9.5442	262.8557	-181.525153	15	0.819310166022	0.180689833978
14.1904	263.6266	-181.353024	38	1.0	0.0
9.5831	262.8464	-181.138204	15	0.707265335497	0.292734664503
13.7135	263.456	-180.836766	40	1.0	0.0
13.6599	263.4652	-180.711476	40	1.0	0.233564961291
13.6275	263.4219	-180.572772	40	1.0	0.137002178736
13.504	263.3255	-180.449605	40	0.854625705014	0.145374294986
13.6824	263.4977	-180.431493	40	1.0	0.254537375741
13.4982	263.2635	-180.327166	40	1.0	0.0
12.4312	266.7788	-180.224204	-1	0.0	0.442170950309
11.9605	267.0727	-180.223847	33	1.0	0.0
11.9371	267.0444	-180.023746	33	1.0	0.29243784297
11.9142	266.8271	-177.477101	33	0.934919197768	0.0650808022324
11.9595	267.0224	-177.402995	33	1.0	0.0205794991071
11.8199	262.9252	-175.493078	37	1.0	0.0
11.7808	262.9196	-175.451008	37	1.0	0.0
13.0524	262.2072	-174.991022	22	0.337613736839	0.662386263161
13.2026	262.2895	-174.753971	22	0.837292293675	0.162707706325
13.7446	263.4554	-174.499782	40	1.0	0.141347005317
13.3308	262.5098	-174.371282	22	1.0	0.0
13.2913	262.3598	-174.336882	22	0.617569757867	0.382430242133
13.3311	262.5022	-174.305422	22	1.0	0.0
13.2992	262.4388	-174.177986	22	1.0	0.0546772354668
13.3457	262.5119	-173.887328	22	1.0	0.0704514902584
19.4001	264.3313	-172.707254	11	0.77269577522	0.22730422478
11.474	262.5165	-171.290568	30	1.0	0.0
11.467	262.4829	-171.252686	30	1.0	0.0170678839939
19.0276	264.5201	-169.688237	12	1.0	0.135588018319
28.7909	270.398	-168.89309	1	0.686615387009	0.313384612991
28.7759	270.4069	-168.830407	1	0.686615387009	0.313384612991
13.3916	263.528	-168.63801	41	0.545492222276	0.454507777724
13.3858	263.5418	-168.570564	41	0.7447453447	0.2552546553
13.3427	263.4471	-168.150012	-1	0.0	0.148113003247
10.185	259.6614	-166.551191	9	1.0	0.0
10.3472	259.658	-166.209403	9	1.0	0.0
13.5894	263.4419	-163.845051	40	1.0	0.0248582044246
13.6583	263.4952	-163.698581	40	1.0	0.35435243238
13.4876	263.2879	-162.682806	40	1.0	0.152496223346
11.0547	262.3032	-162.453895	-1	0.0	0.242686638785
24.3722	275.6109	-160.580452	7	1.0	0.0
11.283	266.6814	-159.274742	-1	0.0	0.677348272593
17.34	270.9443	-159.263665	2	1.0	0.0
17.278	270.8841	-159.233438	2	1.0	0.0
11.9824	267.034	-158.635925	33	1.0	0.141300056547
25.3673	276.0537	-158.362965	-1	0.0	0.420084281472
13.9673	263.7127	-157.28581	40	1.0	0.0633481877221
14.015	263.7294	-157.22612	40	1.0	0.098803201916
13.6389	263.4527	-157.092534	40	1.0	0.0640781844477
13.6828	263.4769	-157.034405	40	1.0	0.207305834964
13.967	263.7315	-156.788541	40	1.0	0.0
14.0096	265.0681	-156.759131	24	1.0	0.542466458964
13.6546	263.4364	-156.724169	40	1.0	0.0313884380619
14.1055	265.1762	-156.699586	24	0.567057561104	0.432942438896
14.0107	265.1295	-156.616846	24	1.0	0.0
17.3166	272.0238	-155.304889	6	1.0	0.0
13.5024	263.2778	-154.919279	40	1.0	0.0490380634706
13.4133	263.6236	-153.969817	41	1.0	0.0
13.3549	263.4317	-153.969758	-1	0.0	0.2019593173
13.3797	263.5736	-153.919957	41	1.0	0.140587880277
13.3992	263.5539	-153.810447	41	1.0	0.328628017072
13.6061	264.3469	-153.44631	25	0.967133095902	0.0328669040976
19.002	264.5533	-152.050326	12	1.0	0.0
18.9273	264.396	-152.050269	12	0.142609440779	0.857390559221
19.0829	264.6588	-152.024756	12	0.323477168408	0.676522831592
19.0096	264.5577	-151.978584	12	1.0	0.0
19.0942	264.621	-151.918032	12	0.518524611003	0.481475388997
18.9692	264.5889	-151.872221	12	0.59238185003	0.40761814997
19.1191	264.597	-151.831002	12	0.542069567108	0.457930432892
11.6353	267.172	-146.963957	34	0.988143562139	0.0118564378607
11.6424	267.1541	-146.93259	34	1.0	0.0269993627787
11.687	267.1905	-146.630327	34	1.0	0.0
13.7282	264.1893	-145.844158	25	0.275734916664	0.724265083336
11.473	262.4246	-145.669346	30	1.0	0.292481894029
11.4474	262.1828	-145.631683	30	0.533149108477	0.466850891523
11.4377	262.374	-145.579523	30	1.0	0.0
11.5093	262.4106	-145.579511	30	1.0	0.219352659634
11.452	262.4212	-145.469497	30	1.0	0.054158683031
13.4854	263.2954	-145.299574	40	1.0	0.331664411368
11.4477	262.3929	-145.281853	30	1.0	0.0
11.7849	262.8955	-144.652152	37	1.0	0.463133453093
13.1939	262.453	-143.857456	22	1.0	0.0954793390208
13.1583	262.4418	-143.677154	22	1.0	0.105572779583
13.7099	263.4537	-142.576283	40	1.0	0.0
13.6132	263.3897	-142.465042	40	1.0	0.108798624847
13.7405	263.4803	-138.345635	40	1.0	0.045757666784
11.9101	267.0406	-136.501675	33	1.0	0.0865418716284
11.8598	267.0235	-136.28802	33	0.973450323222	0.0265496767777
11.8721	267.0455	-136.141046	33	1.0	0.0925261357254
11.8713	267.02	-136.084657	33	1.0	0.102258802346
11.8872	267.0742	-136.02976	33	1.0	0.143120300508
12.0928	266.851	-129.82183	33	0.654432741558	0.345567258442
8.9949	272.6561	-128.338737	21	1.0	0.0
11.4687	260.1204	-127.82312	10	0.545060142809	0.454939857191
11.3547	260.0531	-127.734241	10	0.655943699102	0.344056300898
13.7611	263.4706	-124.870237	40	1.0	0.045757666784
13.5864	263.2546	-124.870187	40	0.530666278816	0.469333721184
13.7667	263.4487	-124.759488	40	1.0	0.0
13.7074	263.4537	-124.650195	40	1.0	0.0
13.6621	263.4663	-124.518283	40	1.0	0.234470443929
18.9689	264.5846	-124.152982	12	0.585174468108	0.414825531892
11.7806	267.1208	-122.386902	-1	0.0	0.106449955882
11.9372	267.0044	-122.157102	33	1.0	0.197251272464
11.9881	267.0419	-121.944644	33	1.0	0.0
13.8632	263.5943	-121.029998	40	1.0	0.0202200221846
13.6316	262.2965	-120.278282	22	0.264441054316	0.735558945684
13.3543	262.4547	-120.174801	22	1.0	0.34962001052
13.3355	262.4811	-120.129352	22	1.0	0.258388570251
13.329	262.432	-119.982393	22	1.0	0.138111392
13.5874	263.3102	-119.877263	40	1.0	0.190766648508
9.5415	262.8603	-119.412154	15	0.895162957693	0.104837042307
13.6067	263.4541	-118.135475	40	1.0	0.0
18.6315	257.3525	-115.506285	0	1.0	0.0
11.9953	266.7527	-114.264134	33	1.0	0.128185841642
13.8375	264.7192	-114.028352	26	1.0	0.181146389905
13.8218	264.7009	-113.986106	26	1.0	0.0
13.4106	263.5915	-113.481596	41	1.0	0.0
13.3944	263.5877	-113.410911	41	1.0	0.328839569398
13.4046	263.5979	-113.338284	41	1.0	0.080923686813
10.1467	269.2054	-110.764331	16	0.104056318862	0.895943681138
10.1118	269.0495	-110.684114	16	0.638566237184	0.361433762816
13.4216	263.2157	-110.282706	39	1.0	0.0
12.5088	268.5624	-110.12262	14	0.399416268244	0.600583731756
11.9666	267.0818	-106.022825	33	1.0	0.0
11.8861	267.053	-105.929541	33	1.0	0.0496592422993
11.9117	267.0379	-105.798999	33	1.0	0.0680043344249
11.8856	267.0306	-105.65258	33	1.0	0.334026631439
11.9267	267.0302	-105.283679	33	1.0	0.0680043344249
12.909	276.304	-101.781316	4	0.466466377311	0.533533622689
12.8992	276.286	-101.745686	4	0.459994344129	0.540005655871
11.5069	262.4487	-100.955614	30	1.0	0.292481894029
11.4685	262.4041	-100.843747	30	1.0	0.168927741955
11.4399	262.2579	-100.658749	30	0.864752949668	0.135247050332
11.4631	262.3653	-100.457599	30	1.0	0.104505687382
11.3649	262.37	-100.292521	30	0.736983143781	0.263016856219
19.5257	264.325	-96.902189	11	0.637664820866	0.362335179134
13.6903	263.6002	-95.54484	40	0.511609456602	0.488390543398
9.5086	262.8351	-93.208708	15	0.615015817987	0.384984182013
9.4943	262.7619	-93.15073	15	0.372585861756	0.627414138244
9.5362	262.907	-93.119628	15	0.962859548152	0.0371404518482
13.6196	264.3716	-88.460415	25	0.95843963602	0.04156036398
13.6161	264.377	-88.460383	25	0.95843963602	0.04156036398
13.6685	263.4254	-88.253996	40	1.0	0.238387085616
12.1104	267.2612	-88.088913	32	1.0	0.0
12.1389	267.2498	-87.557896	32	1.0	0.0
11.7546	262.8685	-86.39565	37	1.0	0.0125768007367
13.2014	262.4716	-84.029222	22	1.0	0.223014534864
13.2953	262.4406	-83.683002	22	1.0	0.0975161827152
13.8367	263.5973	-83.522412	40	1.0	0.246632544438
13.8329	263.6199	-83.457352	40	1.0	0.213094283633
13.8386	263.616	-83.374642	40	1.0	0.0
13.8316	263.6004	-82.992861	40	1.0	0.0521023161246
13.8273	263.5086	-82.908385	40	1.0	0.0
11.5263	260.0008	-79.95652	10	0.333207770743	0.666792229257
8.9442	272.6796	-78.847362	21	1.0	0.0
9.0554	272.6385	-78.748839	21	0.704266087925	0.295733912075
13.1779	263.1068	-77.631617	-1	0.0	0.33467861997
13.1694	263.107	-77.600252	-1	0.0	0.348870909809
18.9936	264.5922	-77.415007	12	1.0	0.138876447553
19.0226	264.5765	-77.378469	12	1.0	0.0
19.0226	264.5476	-77.367253	12	1.0	0.0
12.0352	266.8184	-75.762834	33	1.0	0.0
11.977	266.8306	-75.68485	33	1.0	0.0298326446313
13.1367	263.6614	-75.50396	35	0.882597201798	0.117402798202
11.9605	266.7358	-75.474874	33	1.0	0.235688413316
13.5943	263.4546	-73.07203	40	1.0	0.11135642616
24.3554	275.6459	-72.453122	7	0.673369104823	0.326630895177
13.7691	264.6371	-66.096116	26	0.929956608008	0.0700433919921
13.892	264.7359	-66.034856	26	0.612860142412	0.387139857588
13.9343	264.7187	-66.022632	26	0.597629455694	0.402370544306
13.772	264.6629	-66.022623	26	1.0	0.099956508866
13.9391	263.8097	-64.474938	40	0.447618452705	0.552381547295
13.1453	262.4657	-63.989347	22	1.0	0.314910018486
13.5819	263.4693	-63.957216	40	1.0	0.0598721708981
13.2178	262.4571	-63.859561	22	1.0	0.38852969769
12.5195	268.5282	-61.732467	14	1.0	0.0
13.5041	268.1952	-61.619021	-1	0.0	0.0960486943277
12.5867	268.541	-60.993796	14	0.69268407762	0.30731592238
13.7011	263.4505	-58.277795	40	1.0	0.0261558248617
13.6988	263.4482	-58.215425	40	1.0	0.0
13.6683	263.4329	-58.160152	40	1.0	0.238387085616
13.6732	263.54	-56.935969	40	1.0	0.00902152820524
13.8644	263.6564	-56.747773	40	1.0	0.0240864763663
24.5045	276.0999	-55.325308	8	1.0	0.0
24.4867	276.1095	-55.315944	8	0.82768486699	0.17231513301
14.2022	263.6674	-55.044393	38	0.795529741276	0.204470258724
14.2204	263.6627	-54.912181	38	0.887159665226	0.112840334774
14.1439	263.576	-54.747954	38	0.600599737481	0.399400262519
11.8788	267.4616	-53.818982	-1	0.0	0.2855635275
11.9311	266.8216	-52.179161	33	1.0	0.211422791602
11.9098	267.0373	-52.17909	33	1.0	0.0879912474458
11.9224	267.0565	-52.13188	33	1.0	0.0996151648005
11.9086	267.0415	-52.082722	33	1.0	0.158352811582
11.9153	267.073	-52.082688	33	1.0	0.0106481219459
13.6636	263.4826	-51.892289	40	1.0	0.169917791753
13.1967	262.4529	-51.469004	22	1.0	0.103253132282
13.2106	262.4476	-51.34106	22	1.0	0.213946149497
12.1232	267.2832	-50.928278	32	1.0	0.0
12.1679	267.3338	-50.928252	32	0.87034229471	0.12965770529
12.124	267.2643	-50.846885	32	1.0	0.0
12.1092	267.191	-50.758952	32	0.477250504645	0.522749495355
14.2432	275.7192	-50.002271	4	0.21277385012	0.78722614988
13.9555	263.6987	-47.024913	40	1.0	0.00338651333599
14.0334	263.7341	-46.928791	40	0.981775469591	0.0182245304092
14.504	263.2468	-40.704275	-1	0.0	0.0157140629512
13.8693	263.6591	-40.70392	40	1.0	0.236525139459
13.8891	263.6598	-40.338017	40	1.0	0.125473682919
13.9142	276.2938	-39.721424	4	0.49768056144	0.50231943856
9.1581	272.8204	-38.099928	21	0.269345727391	0.730654272609
8.8147	273.1377	-38.099568	-1	0.0	0.273647286235
9.4866	270.0612	-36.973844	18	0.142570921239	0.857429078761
9.5228	270.0409	-36.933509	18	0.120343372268	0.879656627732
13.9574	263.676	-35.750442	40	1.0	0.0386133925832
13.2176	262.5013	-35.626145	22	1.0	0.0
13.1806	262.4508	-35.572841	22	1.0	0.0661545019313
13.1875	262.4448	-35.539751	22	1.0	0.0
13.1353	262.3327	-35.418504	22	1.0	0.0519115404107
12.5352	268.5899	-35.400629	14	0.338719451652	0.661280548348
12.5067	268.497	-35.371891	14	1.0	0.0
13.1928	262.4431	-35.348489	22	1.0	0.0
10.2834	263.08	-35.250231	15	0.0490147329939	0.950985267006
11.5799	262.7921	-32.967045	-1	0.0	0.484741413049
13.8325	264.6902	-32.322005	26	1.0	0.196318201266
13.9069	264.713	-32.262727	26	0.871608506987	0.128391493013
13.8783	264.708	-32.246968	26	0.832710733572	0.167289266428
13.7131	263.4289	-21.988106	40	1.0	0.00303617466214
13.2902	263.6148	-19.0144	-1	0.0	0.0342848112657
13.3206	263.6268	-19.01438	-1	0.0	0.29567983509
8.9854	273.0977	-18.404421	28	0.566837815881	0.433162184119
13.2588	262.4521	-18.178852	22	1.0	0.138101391169
13.2776	262.5543	-17.285903	22	0.791867164147	0.208132835853
12.8886	264.8095	-16.346612	17	0.120616218769	0.879383781231
13.7077	263.4915	-15.17406	40	1.0	0.294815014217
13.5891	264.2773	-12.662311	25	0.531029379076	0.468970620924
13.9035	263.6665	-11.630871	40	1.0	0.100885211476
13.9704	263.7695	-11.63087	40	1.0	0.125349659586
13.8544	263.6492	-11.027563	40	1.0	0.00335944617918
11.9946	266.7802	-10.998222	33	1.0	0.015663497073
13.1853	262.4337	-10.576996	22	1.0	0.286014253722
14.0163	265.0644	-10.064265	24	0.882075351464	0.117924648536
13.9995	265.0702	-10.014534	24	1.0	0.526022469949
14.003	264.9804	-9.885653	24	0.304603566008	0.695396433992
19.5543	264.2775	-9.79156	11	0.368535151994	0.631464848006
13.9993	265.0614	-9.551027	24	0.774589923571	0.225410076429
11.6736	267.1865	-9.130226	34	1.0	0.0931251976385
9.5685	262.8813	-7.810134	15	0.812082882388	0.187917117612
9.5819	262.8676	-7.763556	15	0.82157460569	0.17842539431
9.5398	262.8648	-7.690362	15	1.0	0.0
13.7896	263.4882	-6.623858	40	1.0	0.0715126554279
13.5243	263.5236	-6.586647	-1	0.0	0.0363196925567
13.663	263.4862	-6.532728	40	1.0	0.251493988236
13.6343	263.464	-6.273593	40	1.0	0.354506020139
13.497	263.2477	-4.797798	40	1.0	0.210145626982
13.5079	263.274	-4.710567	40	1.0	0.0
13.4938	263.2964	-4.630671	40	1.0	0.128763021267
13.5864	263.3098	-4.568565	40	1.0	0.190766648508
11.5708	262.3562	-4.033798	30	0.660234633848	0.339765366152
12.0823	267.0098	-2.296242	33	1.0	0.0639231971708
11.8818	267.2003	-2.296031	-1	0.0	0.132520219023
12.1098	266.9873	-2.22306	33	1.0	0.0
12.0944	266.9609	-2.195531	33	1.0	0.0743528673005
12.0243	266.7683	-2.1955	33	1.0	0.242731148524
12.1088	266.9965	-2.170819	33	1.0	0.0
13.2692	262.3061	-2.152404	22	0.608197819783	0.391802180217
12.1129	266.9936	-2.12612	33	1.0	0.0616470876451
12.0875	266.9968	-2.092199	33	1.0	0.0
11.9973	266.7933	-2.019351	33	1.0	0.1031983102
12.4727	264.3785	-1.370632	17	0.758970034273	0.241029965727
17.2767	271.6171	-0.646907	5	0.985635432179	0.0143645678211
13.8062	264.7079	-3.4e-05	26	1.0	0.0
18.9552	264.6577	0.286596	12	0.234791151859	0.765208848141
19.026	264.5343	0.338081	12	1.0	0.135588018319
8.8098	275.3045	0.37036	13	0.482887841827	0.517112158173
13.659	263.3716	0.375521	40	1.0	0.216237424393
13.7712	263.5318	2.459572	40	1.0	0.218269822496
14.4043	276.1078	4.069213	4	0.321122363536	0.678877636464
11.9447	267.0277	5.936627	33	1.0	0.0516154778447
12.8586	275.7326	8.194058	4	0.229031142176	0.770968857824
13.7756	264.6712	9.36572	26	1.0	0.0
10.1901	269.1436	11.089506	16	0.226462548181	0.773537451819
10.1406	269.0553	11.192911	16	1.0	0.0
10.196	269.0072	11.254282	16	0.197007219249	0.802992780751
10.7217	268.8423	11.416633	16	0.0285133361946	0.971486663805
13.2059	262.4911	15.099305	22	1.0	0.0
24.5068	276.1277	15.876307	8	0.407634328336	0.592365671664
24.4009	275.6441	16.929761	7	0.762212804502	0.237787195498
9.115	271.9367	17.012126	20	1.0	0.0
12.5594	268.5323	17.02214	14	0.9206182864	0.0793817135998
8.9996	272.1044	17.04323	20	0.703033505931	0.296966494069
24.3149	275.7597	17.048484	7	0.184936948535	0.815063051465
12.5193	268.5074	17.121776	14	1.0	0.0
12.5502	268.5677	17.186276	14	0.521066323182	0.478933676818
13.7713	263.4799	17.264226	40	1.0	0.0568866764357
13.5786	263.4385	17.322014	40	0.944980988642	0.0550190113577
14.0163	265.1861	17.43369	24	1.0	0.159315136784
13.6045	263.4902	17.879087	40	1.0	0.187493699748
19.4442	264.293	20.784103	11	0.783833694994	0.216166305006
19.4005	264.3241	20.84522	11	0.72455262427	0.27544737573
13.8888	263.6929	21.98852	40	1.0	0.0316027786475
11.5022	262.2324	22.337957	30	0.547877338388	0.452122661612
11.5386	262.3957	22.337981	30	0.849114596757	0.150885403243
11.9303	262.0912	22.611112	-1	0.0	0.462527145944
13.7081	263.4362	22.612486	40	1.0	0.0856212542698
11.5151	262.3965	22.830714	30	1.0	0.0957005426174
13.6569	263.4012	22.873704	40	1.0	0.015001774613
13.6859	263.4392	23.009794	40	1.0	0.0
13.5209	263.3256	23.687908	40	0.96190539167	0.03809460833
9.0192	273.0418	23.886732	28	1.0	0.0
9.0361	273.0301	23.94436	28	1.0	0.0
10.1179	272.5235	24.163325	-1	0.0	0.359554260278
9.0462	273.0353	24.164165	28	1.0	0.0
9.0369	272.6534	25.488702	21	0.926343361335	0.0736566386654
11.992	266.8025	26.191255	33	1.0	0.0445968523885
11.9864	266.8101	26.226215	33	1.0	0.1031983102
12.0309	266.8018	26.28837	33	1.0	0.0431439309206
11.9329	266.8812	26.668341	33	0.727287844016	0.272712155984
13.828	263.5401	27.376537	40	1.0	0.0189884759373
28.7076	272.4831	27.444758	1	0.00418964870639	0.995810351294
13.6314	264.4	28.404789	25	0.761904403199	0.238095596801
13.614	264.3218	28.493325	25	1.0	0.0
13.7342	263.4808	28.807062	40	1.0	0.0328393988067
13.737	263.4816	28.984533	40	1.0	0.0344735511873
10.9553	262.0359	29.376947	-1	0.0	0.481599320468
13.9093	263.7325	29.852617	40	0.783013950683	0.216986049317
13.2823	262.4913	30.258607	22	1.0	0.261409924762
13.9769	263.685	33.279767	40	1.0	0.0700516124154
13.9274	263.6665	33.409843	40	1.0	0.0
13.7228	263.4622	35.468329	40	1.0	0.0
11.6701	260.0132	35.882818	10	0.17648964798	0.82351035202
11.4287	260.0837	35.88295	10	1.0	0.0
11.4509	260.0967	35.9965	10	1.0	0.0
11.4348	260.1108	36.026751	10	0.839010556206	0.160989443794
13.7567	264.6359	38.27873	26	0.790926042153	0.209073957847
13.6492	263.4164	39.682476	40	1.0	0.0463959452654
13.6547	263.4111	39.781848	40	1.0	0.159661358811
13.6068	263.3755	40.141867	40	1.0	0.24011267093
13.6198	263.37	40.258252	40	1.0	0.00827751147358
13.5092	263.2884	40.580615	40	1.0	0.128763021267
13.6039	263.3068	40.888272	40	0.985761643791	0.0142383562091
28.7955	270.3544	41.463625	1	1.0	0.0
28.7771	270.3404	41.463648	1	0.528315576489	0.471684423511
28.7994	270.3233	41.546337	1	0.271924430551	0.728075569449
13.2219	262.4368	43.148638	22	1.0	0.118851662283
11.8332	262.9283	43.448668	37	1.0	0.106048191374
11.7793	262.8629	43.489243	37	1.0	0.0
11.8142	262.9322	43.527744	37	1.0	0.0
14.001	263.7441	43.761245	40	1.0	0.0253458119619
11.5379	259.9496	44.030472	10	0.279183456486	0.720816543514
13.3297	262.3756	44.09336	22	0.737072545171	0.262927454829
13.8148	263.5641	49.830481	40	1.0	0.0
13.7835	263.7884	49.830532	-1	0.0	0.13181927499
13.8175	263.5171	49.921302	40	1.0	0.0
13.8633	263.616	50.080473	40	1.0	0.379229532525
13.8415	263.6226	50.148661	40	1.0	0.0
13.8751	263.6459	50.209249	40	1.0	0.0
13.8329	263.5766	50.288392	40	1.0	0.0
13.2589	263.5715	51.169543	-1	0.0	0.0647068512937
13.7922	264.6596	54.849243	26	1.0	0.0786615574475
13.805	264.7268	54.925943	26	1.0	0.0
13.8165	264.7021	54.992976	26	1.0	0.0
11.4327	262.3783	55.879942	30	1.0	0.0
9.1208	273.4173	56.522483	23	0.339837753955	0.660162246045
9.128	273.3336	56.535158	23	0.317406730562	0.682593269438
9.2197	270.9252	57.952266	-1	0.0	0.227861566035
13.2638	262.6324	58.117173	22	0.361068187457	0.638931812543
13.6038	263.441	58.944443	40	1.0	0.00225225858345
13.6589	263.4671	59.103541	40	1.0	0.280721460365
11.9366	266.9779	62.640393	33	1.0	0.135498615366
11.9743	266.9841	62.640415	33	1.0	0.101974205952
11.89	266.9871	62.799463	33	0.983927962534	0.0160720374658
11.9706	267.0256	63.324183	33	1.0	0.0205794991071
17.3028	271.9479	64.337816	6	1.0	0.0
12.2271	267.6491	64.682515	29	1.0	0.0
12.1726	267.6388	64.728178	29	1.0	0.0
12.1957	267.577	64.778571	29	0.952783508282	0.0472164917179
19.096	265.7762	65.791962	3	1.0	0.0
13.8492	263.631	66.459861	40	1.0	0.271493478287
19.0185	264.5966	68.050881	12	1.0	0.150395047006
19.0672	264.6551	68.083352	12	0.376178670768	0.623821329232
19.0034	264.564	68.096051	12	1.0	0.191868772025
18.9825	264.5544	68.29151	12	0.989838750339	0.010161249661
13.6727	263.4148	68.305521	40	1.0	0.0
12.5381	268.5247	68.49569	14	1.0	0.0
12.5746	268.442	68.58623	14	0.189256395685	0.810743604315
12.538	268.5105	68.586283	14	0.862013400482	0.137986599518
13.5986	264.3443	69.204903	25	1.0	0.0
13.6878	264.3662	69.339638	25	0.63983224684	0.36016775316
13.3489	262.4626	70.325094	22	1.0	0.138114092002
13.7989	263.4674	70.407638	40	1.0	0.0120735436889
13.2216	262.4031	70.50099	22	1.0	0.101008250138
13.2647	262.4357	70.576046	22	1.0	0.0
13.2469	262.4278	70.697676	22	1.0	0.0
8.9575	272.6578	70.867484	21	1.0	0.0
9.0111	272.6956	70.867506	21	0.928477506738	0.071522493262
8.933	272.6397	70.99499	21	0.929272850345	0.0707271496548
13.3973	263.56	72.14274	41	1.0	0.0
13.7646	263.4612	73.858483	40	1.0	0.00300632186628
14.0521	263.7221	76.35795	40	0.600949594205	0.399050405795
13.9549	263.6512	76.398127	40	1.0	0.00781533258656
13.997	263.7502	76.468098	40	1.0	0.0854157227569
13.6882	263.4348	76.499384	40	1.0	0.0
11.6136	267.1024	78.401256	34	1.0	0.0
13.8347	264.6857	78.998861	26	0.940900665994	0.0590993340057
13.8371	264.6993	79.029991	26	1.0	0.0674086711259
13.754	264.7128	79.030051	26	0.634404574563	0.365595425437
13.8212	264.6302	79.071541	26	0.736084743457	0.263915256543
9.024	273.0315	81.608776	28	1.0	0.0
13.5629	263.3348	82.128857	40	0.797923584092	0.202076415908
24.4471	276.0277	84.733628	8	0.143709919784	0.856290080216
24.4994	276.1012	84.733695	8	1.0	0.0
24.4868	276.1014	84.797762	8	1.0	0.0
10.1179	269.0741	84.924535	16	0.50107452676	0.49892547324
10.1838	268.984	84.92802	16	0.155279037546	0.844720962454
10.1322	269.0607	84.993434	16	1.0	0.0
8.8085	275.4188	86.740179	13	1.0	0.0
9.5237	262.8781	87.396597	15	1.0	0.0
9.4319	262.7347	87.453112	15	0.372585861756	0.627414138244
13.0811	263.5976	88.132482	35	1.0	0.0
11.8056	267.1887	88.176396	34	0.406553912527	0.593446087473
11.7931	267.0953	88.644249	33	0.538309799283	0.461690200717
11.8253	267.1199	88.7311	-1	0.0	0.0552872336951
11.4263	262.4358	91.144119	30	0.846051455744	0.153948544256
13.9034	263.6303	91.413378	40	1.0	0.0
13.1608	262.3942	91.925973	22	1.0	0.137326827675
13.8224	263.4982	92.02959	40	1.0	0.0159995688408
13.1834	262.4391	92.116339	22	1.0	0.0
13.1653	262.1457	92.116379	22	0.292535156377	0.707464843623
13.5649	276.3008	94.141018	4	1.0	0.0
13.8046	264.7202	96.648365	26	1.0	0.00749877725674
13.729	264.5781	96.727511	26	0.288534792255	0.711465207745
13.7608	264.5051	96.757131	25	0.197716373587	0.802283626413
13.7235	264.6565	96.888196	26	0.666508632022	0.333491367978
13.2298	262.4744	97.213253	22	1.0	0.222195368746
11.7885	262.8434	98.315815	37	0.844041007827	0.155958992173
9.2812	270.5417	98.566089	-1	0.0	0.199765632298
13.6949	263.4408	100.246587	40	1.0	0.0856212542698
13.594	263.2881	100.268676	40	0.83802419482	0.16197580518
13.7097	263.4323	100.296383	40	1.0	0.0738211951791
13.6286	263.3626	100.321284	40	1.0	0.0
13.6648	263.4114	100.403381	40	1.0	0.0
13.6421	263.2947	100.4587	40	0.863971308658	0.136028691342
13.6614	263.425	100.871966	40	1.0	0.0529075112971
13.9149	263.707	102.826415	40	1.0	0.138226671881
13.3651	263.5823	105.62835	41	1.0	0.336330978815
10.2003	259.4194	106.322066	9	1.0	0.0
10.2005	259.5959	106.396163	9	1.0	0.0
13.1947	262.445	107.20996	22	1.0	0.0
13.1787	262.4348	107.310708	22	1.0	0.276760713544
13.5625	262.3986	107.379219	22	0.251404002927	0.748595997073
13.765	263.455	107.962212	40	1.0	0.0254962819243
13.8024	263.4742	108.058769	40	1.0	0.0555408255834
14.2731	264.8715	108.425196	-1	0.0	0.0210124036271
13.9671	265.0242	108.481378	24	0.524539904698	0.475460095302
14.0048	265.117	108.548469	24	1.0	0.309345228609
13.6178	263.433	110.773119	40	1.0	0.112196469591
13.612	263.3998	110.853995	40	1.0	0.108798624847
13.6215	263.4444	111.20829	40	1.0	0.0651689477659
14.1668	263.6313	111.29527	38	0.988686760097	0.0113132399026
14.1848	263.6494	111.378099	38	1.0	0.0
12.5506	268.5419	111.703515	14	0.970023068271	0.029976931729
8.856	273.332	113.21909	23	0.585071203771	0.414928796229
9.2723	273.0738	113.317787	-1	0.0	0.22035855687
9.2599	273.1738	113.318161	-1	0.0	0.164628421721
13.1189	262.2668	115.223816	22	0.938050788849	0.0619492111511
13.1691	262.3916	115.637131	22	1.0	0.158944871084
13.9541	263.7425	117.134875	40	1.0	0.183013881872
13.2622	262.4709	117.146617	22	1.0	0.287209672975
13.3274	262.4775	117.219639	22	1.0	0.0978707629495
13.9135	263.6354	117.241648	40	1.0	0.0
13.2052	262.4248	117.282823	22	1.0	0.105340009259
13.9209	263.6727	117.288595	40	1.0	0.021284559289
13.9242	263.7098	117.489561	40	1.0	0.0
10.8655	262.0074	119.298332	-1	0.0	0.111498340714
13.8177	263.4479	122.074425	40	1.0	0.0528172420401
13.6584	263.374	122.100234	40	1.0	0.216287943857
13.7544	263.4376	122.223715	40	1.0	0.0676273400396
13.6732	263.4218	122.235072	40	1.0	0.167689387082
12.2373	266.8747	123.996664	-1	0.0	0.422525976781
12.0849	266.976	123.996783	33	1.0	0.127469194656
12.1142	267.0219	124.211804	33	1.0	0.104560223582
12.1067	267.0315	124.348958	33	1.0	0.176211049521
10.1399	269.0345	125.129084	16	0.485307758433	0.514692241567
16.8784	272.9472	126.112613	-1	0.0	0.558027182904
19.4397	264.3344	126.153313	11	0.95349187637	0.0465081236304
19.4412	264.4055	126.320619	11	0.302746175261	0.697253824739
13.6526	263.386	127.231652	40	1.0	0.129140613353
13.627	263.4046	127.432096	40	1.0	0.0202405623759
8.8364	272.9737	127.481254	27	1.0	0.0
13.0573	263.5588	128.632081	35	1.0	0.0
13.8326	263.5211	129.340316	40	1.0	0.0239634662424
25.4896	275.0606	129.861666	-1	0.0	0.657489404055
24.354	275.6033	129.905607	7	1.0	0.0
24.4028	275.5858	129.961065	7	0.782066183044	0.217933816956
13.8852	263.1979	131.890613	-1	0.0	0.16751300939
12.6005	268.5402	132.070655	14	0.54439099629	0.45560900371
13.6604	263.4239	132.107246	40	1.0	0.0463959452654
12.5766	268.5579	132.275011	14	0.69268407762	0.30731592238
12.4659	268.3241	132.275036	14	0.0705218939991	0.929478106001
13.8287	264.7445	135.021686	26	0.852827012082	0.147172987918
13.5315	263.2947	135.071311	40	1.0	0.221000352281
13.959	264.6929	135.169587	26	0.388672026396	0.611327973604
12.0972	267.2109	135.341246	32	0.571049024801	0.428950975199
11.795	262.8854	135.541347	37	1.0	0.460454344047
11.59	262.9335	135.656454	-1	0.0	0.614072861713
13.1865	262.4219	137.350248	22	1.0	0.325819473847
13.5041	262.33	137.542595	22	0.342413239871	0.657586760129
11.9766	266.9791	137.913386	33	1.0	0.112399514261
12.0336	266.819	138.162041	33	1.0	0.0
11.9709	266.9379	138.641917	33	0.788610345763	0.211389654237
13.8885	263.5716	141.294891	40	0.95817010006	0.0418298999397
13.7162	263.4462	141.329318	40	1.0	0.076249066639
11.6493	267.1233	142.740033	34	1.0	0.0
13.6405	263.4692	143.465581	40	1.0	0.2182118635
13.6137	263.386	143.687347	40	1.0	0.0106079262624
28.7383	270.4596	144.465595	1	0.259405215449	0.740594784551
11.4193	262.3895	147.445875	30	1.0	0.0
11.4385	262.4793	147.519539	30	0.930520541576	0.0694794584235
13.8148	263.6021	149.005116	40	1.0	0.00168032458379
13.939	263.4227	149.087857	-1	0.0	0.265928788559
13.8675	263.6392	149.135318	40	1.0	0.0
13.7799	263.5729	149.293859	40	1.0	0.127554559092
12.2668	262.993	149.535246	-1	0.0	0.282739970475
9.3756	270.9704	149.968685	-1	0.0	0.27533462917
18.4153	257.417	150.390052	0	0.923378595255	0.0766214047454
18.3847	257.3766	150.506604	0	0.698081082083	0.301918917917
18.4226	257.5106	150.629228	0	0.791513902421	0.208486097579
18.7583	264.9398	151.601401	-1	0.0	0.564778981798
19.0303	264.5326	151.634189	12	1.0	0.208879016053
19.0018	264.5018	151.725802	12	0.481260439317	0.518739560683
19.024	264.5115	151.948963	12	0.753965002989	0.246034997011
8.8138	273.2879	153.262742	23	0.745641285685	0.254358714315
13.4493	263.2683	154.093511	40	0.823616350516	0.176383649484
13.6793	263.3925	154.179701	40	1.0	0.215857206916
13.6821	263.4107	154.407694	40	1.0	0.0114553300647
13.8508	263.0147	154.421924	-1	0.0	0.443042793713
11.7549	267.1847	155.58034	34	0.559559397536	0.440440602464
12.0115	266.8232	155.658285	33	1.0	0.0
11.9751	266.8157	156.003971	33	1.0	0.1031983102
11.9471	266.7804	156.309484	33	1.0	0.0
13.2483	262.4309	156.372196	22	1.0	0.0
13.6171	263.4578	157.925067	40	1.0	0.0
13.6786	263.4339	158.924094	40	1.0	0.0
13.9659	263.7356	159.653379	40	1.0	0.0
13.9557	263.4564	159.692007	-1	0.0	0.214840273497
13.9185	263.6973	159.805008	40	1.0	0.0
18.6486	257.3818	160.518378	0	1.0	0.0
13.7831	263.528	163.04148	40	1.0	0.0
13.6217	263.3474	163.098183	40	1.0	0.134420421309
13.6241	264.3235	164.374696	25	1.0	0.0
13.6004	264.3353	164.496722	25	1.0	0.0
13.6404	264.3695	164.956172	25	0.95843963602	0.04156036398
11.9437	267.0146	165.310291	33	1.0	0.0205794991071
11.9553	267.0098	165.366624	33	1.0	0.0557917353574
12.0255	267.1459	165.419928	-1	0.0	0.0736101418648
13.8318	263.6304	168.011015	40	1.0	0.0
12.7299	263.4175	169.626302	31	1.0	0.0
13.6755	263.435	170.822964	40	1.0	0.0
13.6536	263.3801	170.959024	40	1.0	0.216287943857
13.7081	263.3927	171.016205	40	1.0	0.0528597578882
9.0138	272.9901	172.884347	28	0.764608508072	0.235391491928
9.0395	273.0065	172.935526	28	1.0	0.0
13.985	263.6946	173.566282	40	0.917929338285	0.082070661715
17.2995	271.9505	176.220836	6	1.0	0.0
13.4417	262.3251	176.506514	22	0.337104498029	0.662895501971
13.2245	262.3932	176.584526	22	1.0	0.171549648855
13.1876	262.4184	176.694824	22	1.0	0.325819473847
13.6584	263.306	177.492413	40	0.763654156391	0.236345843609
13.738	263.4331	177.492417	40	1.0	0.0736948196012
13.6148	263.3754	177.623471	40	1.0	0.177735653195
13.5764	263.4722	177.623536	40	0.943318835784	0.0566811642158
13.6328	263.3747	177.672326	40	1.0	0.0
8.9397	273.267	178.489345	23	0.768426958672	0.231573041328
13.1056	262.2383	178.833275	22	0.554621888261	0.445378111739
10.1548	269.0706	183.493481	16	0.594090586012	0.405909413988
10.1184	269.0763	183.499185	16	0.45984455035	0.54015544965
10.1334	269.0548	183.508958	16	1.0	0.0
10.208	269.1084	183.542688	16	0.265758429797	0.734241570203
10.1022	269.0337	183.633414	16	0.380783544206	0.619216455794
10.0861	269.0317	183.67048	16	0.301488223725	0.698511776275
8.9774	272.6937	184.569154	21	1.0	0.0
9.0369	272.8048	184.569228	21	0.340604750795	0.659395249205
9.0079	272.7049	184.604207	21	0.760671936078	0.239328063922
11.9582	266.7793	184.876029	33	1.0	0.0
11.7491	267.0145	184.876268	-1	0.0	0.0953553482749
11.9863	266.8496	184.91519	33	1.0	0.148396569697
12.0689	266.8383	185.079107	33	1.0	0.303253639016
13.6864	263.395	185.084309	40	1.0	0.250922286348
13.7512	263.4277	185.10175	40	1.0	0.0676273400396
13.7289	263.5274	185.173237	40	1.0	0.15888601671
13.7796	263.4463	185.17328	40	1.0	0.0
13.6981	263.4131	185.253629	40	1.0	0.0917960710096
20.9892	273.9166	185.317308	-1	0.0	0.889645965387
13.6846	263.4104	185.364631	40	1.0	0.149811594053
11.956	266.7879	185.577118	33	1.0	0.0
11.4441	262.3826	187.945114	30	1.0	0.0
11.4059	262.2423	188.038717	30	0.622403455436	0.377596544564
11.462	262.3388	188.378797	30	1.0	0.316282349985
8.8509	275.3996	189.064796	13	1.0	0.0
9.5099	262.8525	195.25482	15	1.0	0.0
9.454	262.8263	195.304555	15	0.46283201695	0.53716798305
9.4733	262.7542	195.372699	15	0.336140573785	0.663859426215
9.2738	270.1683	196.170175	18	0.56429888007	0.43570111993
12.5901	268.5672	196.992562	14	0.444879241951	0.555120758049
13.8013	263.5382	197.202298	40	1.0	0.0
13.6555	263.3873	198.905997	40	1.0	0.139922812786
11.9548	266.8051	202.055066	33	1.0	0.032149499863
12.2622	267.039	203.795554	-1	0.0	0.199889509831
12.113	267.0496	203.795569	33	0.848663167778	0.151336832222
12.0967	266.9699	203.862943	33	1.0	0.0872696402188
12.1016	267.0179	203.929007	33	1.0	0.0
13.6651	263.3593	205.334049	40	1.0	0.0596581962962
13.4634	263.2537	205.933162	40	1.0	0.467089020753
13.8266	263.5234	207.002183	40	1.0	0.039583551083
13.8474	263.4837	207.053656	40	0.815885804055	0.184114195945
13.6925	263.5738	207.197967	40	0.82936478264	0.17063521736
13.793	264.7	212.764898	26	1.0	0.0672007612995
13.8136	264.7254	212.764928	26	1.0	0.0
13.7473	264.7655	212.798684	26	0.358596998238	0.641403001762
13.946	263.6907	212.852491	40	1.0	0.0465411551421
13.9418	263.6993	212.930816	40	1.0	0.0855370541076
13.9308	263.6932	212.984974	40	1.0	0.0935049692176
13.9408	263.6749	213.104251	40	1.0	0.02167998885
13.8097	263.5872	214.666925	40	1.0	0.218907406256
13.7922	263.552	214.822967	40	1.0	0.246945016072
19.475	264.273	216.085422	11	0.618099889587	0.381900110413
13.6389	263.3958	217.670997	40	1.0	0.173970211149
13.6124	263.4051	217.727916	40	1.0	0.108798624847
13.4594	263.206	217.789747	39	1.0	0.0
13.4908	263.2904	217.936288	40	1.0	0.128763021267
12.0159	267.0064	218.339591	33	1.0	0.0130917085728
11.7535	263.1927	218.654581	-1	0.0	0.284550755833
11.9441	266.85	218.80609	33	1.0	0.285870252014
11.7505	262.8548	218.815089	37	1.0	0.325229480398
11.7678	262.9104	218.885366	37	1.0	0.0557876258878
11.7754	262.9129	218.918594	37	1.0	0.0
11.7367	262.7789	220.07617	36	1.0	0.0
11.636	262.7287	220.076171	-1	0.0	0.484741413049
11.7314	262.8757	220.174411	37	1.0	0.328374250957
11.6356	262.7515	220.174423	-1	0.0	0.281607597134
11.8821	262.6569	220.221948	-1	0.0	0.493937445411
19.0364	264.6155	220.803772	12	0.732169969697	0.267830030303
18.8382	264.7672	220.803881	-1	0.0	0.206429715713
19.0241	264.5386	220.858558	12	1.0	0.0
19.0096	264.5467	220.869821	12	1.0	0.0
19.0407	264.5765	220.933656	12	1.0	0.0
13.8409	263.1753	221.623323	-1	0.0	0.16751300939
24.3593	275.5766	223.945671	7	0.720700325244	0.279299674756
13.9378	263.7012	225.272757	40	1.0	0.0
11.4871	262.469	225.290389	30	1.0	0.040008131848
11.3891	262.4572	225.328644	30	0.646758309232	0.353241690768
11.2699	262.6842	225.328739	-1	0.0	0.206887323348
13.92	263.692	225.338107	40	1.0	0.0
13.6793	263.2075	227.308932	-1	0.0	0.16751300939
11.6411	267.1411	233.078817	34	1.0	0.0963705920312
11.715	267.1927	233.078834	34	0.892870436205	0.107129563795
11.678	267.1793	233.145877	34	1.0	0.0
11.674	267.1698	233.19612	34	1.0	0.0
13.6672	263.4133	234.014876	40	1.0	0.0
13.6182	263.3732	234.067874	40	1.0	0.0661932659331
13.7443	263.4476	234.164633	40	1.0	0.0676273400396
13.6257	263.3641	234.164633	40	1.0	0.0
13.6753	263.4347	237.157597	40	1.0	0.0
13.8585	263.6909	237.437328	40	1.0	0.00882116913564
14.0718	263.6139	237.50184	38	0.691191841537	0.308808158463
13.972	263.7468	237.501908	40	1.0	0.258833821849
13.6318	263.3588	242.063211	40	1.0	0.0
13.7257	264.6354	244.517119	26	0.687276237767	0.312723762233
13.2053	262.4843	249.125284	22	1.0	0.0
14.0358	263.0729	249.304652	-1	0.0	0.302958629093
28.7274	272.2906	251.794224	1	0.00463116076568	0.995368839234
13.7357	263.4457	252.391717	40	1.0	0.0204393992999
10.2042	269.1247	252.508795	16	0.2623012915	0.7376987085
10.0062	269.0801	252.508924	16	0.159064321276	0.840935678724
10.2693	268.985	252.537039	16	0.112748445021	0.887251554979
28.7921	270.3794	253.002985	1	0.716026291556	0.283973708444
28.7989	270.4196	253.04774	1	0.434986029555	0.565013970445
28.7623	270.4108	253.111029	1	0.686615387009	0.313384612991
14.386	263.4661	253.299035	-1	0.0	0.393897522527
13.9741	263.7466	253.299307	40	1.0	0.278703442079
12.0517	267.0254	258.778254	33	1.0	0.129495916232
12.2171	267.0188	258.941369	-1	0.0	0.108410203414
12.0468	267.0087	258.941383	33	1.0	0.08799203252
12.5347	268.5442	259.022602	14	0.734514133808	0.265485866192
12.5913	268.6028	259.08366	14	0.268913069814	0.731086930186
9.254	270.2204	260.68351	18	1.0	0.0
9.1977	270.1792	260.906383	18	0.492616133844	0.507383866156
9.2666	270.2051	260.924317	18	1.0	0.0
13.7174	263.413	261.053294	40	1.0	0.0315256682815
13.6485	263.3366	261.177692	40	1.0	0.137686800652
9.581	269.7619	262.863566	19	1.0	0.0
11.5665	260.1463	262.937704	10	0.320193324127	0.679806675873
11.4304	260.0564	262.940897	10	1.0	0.0
11.3241	259.9196	262.940992	10	0.293461533599	0.706538466401
11.3749	260.057	263.065537	10	0.810369529236	0.189630470764
9.611	269.713	263.609725	19	1.0	0.0
9.5847	269.6467	263.656589	19	1.0	0.0
9.4754	269.626	263.830017	19	0.786136809733	0.213863190267
13.8504	263.5488	263.950797	40	1.0	0.00685907207475
13.7775	263.427	264.141506	40	1.0	0.118504246755
13.8528	263.5961	265.010422	40	1.0	0.030564369555
13.8286	263.5827	265.097963	40	1.0	0.0
13.8597	263.6226	265.200851	40	1.0	0.32259317817
13.8388	263.6291	265.281291	40	1.0	0.0
12.0422	267.0117	265.413679	33	1.0	0.116872986569
10.5677	272.618	265.818484	-1	0.0	0.534344308679
8.8237	272.9807	265.821203	27	1.0	0.0
12.015	266.8801	266.267577	33	1.0	0.351553193779
12.0203	266.896	266.267609	33	1.0	0.346928330081
11.9961	266.8719	266.727632	33	1.0	0.240193730328
12.0363	266.9062	266.727655	33	1.0	0.351553193779
11.5726	262.4843	267.123787	30	0.697415663353	0.302584336647
13.8577	263.6871	268.179721	40	1.0	0.0192665991036
13.5082	264.2306	268.579858	25	0.33065537796	0.66934462204
13.5125	263.2978	269.822857	40	1.0	0.128763021267
11.6562	267.1552	270.337677	34	1.0	0.0
11.7055	267.1756	270.430883	34	1.0	0.0
11.885	266.9923	270.487845	33	0.967974492068	0.0320255079317
18.9949	264.5369	271.435209	12	0.967144292624	0.0328557073762
13.6732	263.4592	275.314658	40	1.0	0.234470443929
13.6786	263.4159	275.347826	40	1.0	0.0
11.4203	262.2801	279.907965	30	1.0	0.025357654808
13.597	263.3276	280.924461	40	1.0	0.190766648508
9.0975	273.378	282.214036	23	0.339837753955	0.660162246045
13.8065	264.6698	282.238249	26	1.0	0.0
13.767	264.6575	282.457899	26	1.0	0.323724411645
11.6152	266.9194	284.514002	-1	0.0	0.224048518532
11.0095	266.9571	284.563902	-1	0.0	0.579581677209
13.0752	276.2859	285.457414	4	0.683639949102	0.316360050898
13.6389	263.3419	287.436243	40	1.0	0.10070282913
13.5448	263.2005	288.074782	-1	0.0	0.00364939334578
8.86	273.2855	288.136997	23	1.0	0.0
8.8847	273.2684	288.137022	23	1.0	0.0
13.4797	263.5216	288.203185	-1	0.0	0.322182461936
19.0388	265.7524	288.779909	3	0.869000289267	0.130999710733
13.804	263.4887	291.476911	40	1.0	0.0555408255834
9.467	262.716	293.026216	15	0.372585861756	0.627414138244
13.6292	264.1711	293.306516	25	0.44137376974	0.55862623026
13.5458	263.9899	293.306571	-1	0.0	0.0434653068095
13.6476	264.2109	293.447344	25	0.492047608708	0.507952391292
13.566	264.3169	294.430896	25	0.963199732412	0.0368002675883
13.9543	263.6737	294.596254	40	1.0	0.02167998885
28.7707	270.4086	296.428812	1	0.569508689796	0.430491310204
28.7792	270.4098	296.471497	1	0.625318877109	0.374681122891
13.636	263.3627	296.70319	40	1.0	0.0
19.449	264.335	297.094004	11	0.937850294673	0.0621497053271
19.4775	263.989	297.094051	-1	0.0	0.568691654004
19.4454	264.2892	297.160573	11	0.897279287419	0.102720712581
19.4958	264.295	297.164039	11	0.82252818226	0.17747181774
11.6509	267.0677	297.334322	34	0.751890091283	0.248109908717
11.6663	267.111	297.367877	34	1.0	0.0622383672414
12.067	266.9496	297.434274	33	1.0	0.0
14.1219	263.6014	301.248329	38	0.888710303199	0.111289696801
14.0554	263.4995	301.297775	-1	0.0	0.122277198176
14.1534	263.5643	301.44668	38	0.496500429866	0.503499570134
13.788	262.1996	301.810572	22	0.149399833457	0.850600166543
13.9277	263.7044	301.864387	40	1.0	0.0
10.8814	259.9242	303.427083	10	0.110943524751	0.889056475249
12.052	266.9306	304.409736	33	1.0	0.0
13.6364	263.3831	304.943894	40	1.0	0.0535540861371
12.1689	267.5818	307.177899	29	1.0	0.0
13.6727	263.385	307.975309	40	1.0	0.215857206916
13.2	262.4	308.194	22	1.0	0.0530181427814
13.8034	263.5503	308.828341	40	1.0	0.108755014511
13.4856	263.1883	309.536043	39	1.0	0.0
18.6264	257.4162	310.801867	0	1.0	0.0
18.6015	257.2784	310.948166	0	1.0	0.0
18.646	257.3258	311.027529	0	0.989120547972	0.0108794520279
13.7205	263.4685	314.395627	40	1.0	0.0135848698034
13.7168	263.4362	314.514001	40	1.0	0.0982389647017
13.6411	263.355	314.645199	40	1.0	0.191064303411
8.8386	275.3861	317.225962	13	1.0	0.0
28.7875	270.3961	318.428736	1	0.669278394599	0.330721605401
28.801	270.4245	318.474386	1	0.373639369748	0.626360630252
13.659	264.1642	318.556213	25	0.452251462468	0.547748537532
13.623	263.3822	319.875646	40	1.0	0.177735653195
13.6303	263.4101	319.980767	40	1.0	0.09347361774
13.68	263.4827	320.268593	40	1.0	0.0
13.8734	263.6427	321.097742	40	1.0	0.0
13.8288	263.4628	323.455157	40	1.0	0.0384521271361
11.5887	260.0848	324.761596	10	0.289845791319	0.710154208681
11.3035	260.2556	324.761664	10	0.143427073288	0.856572926712
11.403	260.0284	324.844645	10	0.742747522296	0.257252477704
12.1302	259.6892	324.864782	-1	0.0	0.0454648292284
11.3979	259.9977	324.8652	10	0.472700284737	0.527299715263
13.5529	276.2253	325.679436	4	1.0	0.0
8.8862	273.3433	326.988915	23	0.431634005833	0.568365994167
12.3535	264.5038	327.123712	17	0.626015229566	0.373984770434
11.757	262.8693	327.755797	37	1.0	0.0
11.77	262.873	327.75583	37	1.0	0.0
12.2795	262.6148	327.799299	-1	0.0	0.192981260217
11.7194	262.7965	327.799626	36	1.0	0.0
11.8289	262.9026	327.909744	37	0.91306732913	0.0869326708697
11.8214	262.9386	327.946869	37	1.0	0.0423838881794
11.7924	262.8645	327.984882	37	1.0	0.214049252317
11.748	262.8141	328.02934	36	0.753239292141	0.246760707859
13.5792	264.321	328.104186	25	1.0	0.0
13.5477	264.3342	328.178638	25	0.876185588847	0.123814411153
9.2624	272.46	328.498411	21	0.311870459467	0.688129540533
9.0195	272.6382	328.498645	21	1.0	0.0
13.2276	262.4981	329.082981	22	1.0	0.0537790641677
13.3757	263.5313	329.802539	41	0.620330308621	0.379669691379
13.4971	263.2466	330.179656	40	1.0	0.221334376915
13.697	263.3968	330.297518	40	1.0	0.250922286348
13.6686	263.3943	330.297562	40	1.0	0.26097977171
13.6807	263.3548	330.602929	40	1.0	0.250798211842
11.6065	267.0649	331.417776	34	0.591284045734	0.408715954266
12.5254	268.5329	332.209649	14	0.99815031723	0.00184968277003
12.567	268.5422	332.209669	14	0.744110442234	0.255889557766
12.3171	267.4848	332.398769	29	0.539637973855	0.460362026145
12.1885	267.4639	332.471153	29	0.47913089172	0.52086910828
12.058	267.2057	332.471223	32	0.470585763416	0.529414236584
13.9328	263.269	335.200607	-1	0.0	0.16751300939
13.6829	263.3864	335.200756	40	1.0	0.242783610766
13.9541	263.6596	335.633163	40	1.0	0.0265016182916
13.9347	263.6614	335.727096	40	1.0	0.0
12.7746	263.4346	338.125142	31	1.0	0.0
12.6841	263.2328	338.125203	-1	0.0	0.452046576872
13.1918	262.3814	338.252226	22	1.0	0.167667221955
12.7105	263.3668	338.447487	31	0.488239663922	0.511760336078
13.1693	262.6948	338.450454	22	0.188898394677	0.811101605323
28.7489	270.4199	339.937687	1	0.420554911601	0.579445088399
13.7904	264.6824	340.526968	26	1.0	0.30223033712
13.7693	264.6464	340.6484	26	1.0	0.323724411645
13.8588	264.6991	340.782041	26	1.0	0.282168340007
13.6197	263.4318	341.263991	40	1.0	0.0367168894351
13.63	263.4763	341.783755	40	1.0	0.0291180877577
13.6516	263.4769	342.215994	40	1.0	0.169917791753
13.1452	262.407	344.030114	22	1.0	0.137326827675
13.1403	262.4045	344.081364	22	1.0	0.0370977932557
13.2647	262.4776	344.235214	22	1.0	0.0660878732387
13.835	263.5409	345.158182	40	1.0	0.0243290720092
13.795	263.444	345.201079	40	1.0	0.0
13.8232	263.5146	345.261475	40	1.0	0.0
14.2718	263.2488	345.381645	-1	0.0	0.293542325597
13.8275	263.5687	345.381873	40	1.0	0.0
13.9091	263.5715	345.542311	40	0.953269454105	0.0467305458948
13.8043	263.5082	345.736411	40	1.0	0.0
13.6418	263.3786	347.34121	40	1.0	0.0
13.6772	263.4159	347.692512	40	1.0	0.00912932057121
13.1374	262.3751	349.883366	22	1.0	0.266510915255
13.177	262.4487	350.028069	22	1.0	0.17752892885
19.0199	264.3931	352.965696	12	0.147581838172	0.852418161828
19.133	264.7447	352.96576	12	0.128510267448	0.871489732552
13.7219	263.4483	353.239495	40	1.0	0.0708786599811
13.9165	263.6379	355.508139	40	1.0	0.0
13.9431	263.705	355.529847	40	1.0	0.0
13.9464	263.7006	355.569164	40	1.0	0.0
13.6606	263.3936	357.378738	40	1.0	0.201389188248
13.6509	263.3943	357.534525	40	1.0	0.0
11.9808	266.983	361.455688	33	1.0	0.0110597075878
12.0167	266.9273	361.555771	33	1.0	0.0617888663048
11.9465	266.9338	361.616578	33	0.735040824203	0.264959175797
11.4398	262.2978	363.296958	30	1.0	0.0
14.4607	263.301	367.686346	-1	0.0	0.438761620827
13.8727	263.6733	367.686663	40	1.0	0.0410145645524
9.6786	269.795	367.731893	19	0.61802730946	0.38197269054
13.8278	263.5797	367.905808	40	1.0	0.0
13.6305	263.3546	368.074308	40	1.0	0.226327730746
13.8484	263.6167	368.235422	40	1.0	0.121716864222
14.0355	263.6234	368.235424	-1	0.0	0.0214172233336
13.54	263.2642	368.245191	40	1.0	0.468431228076
13.5169	263.1468	368.337038	-1	0.0	0.264363103559
10.3	273.0849	370.537391	-1	0.0	0.380708631998
14.7859	262.5588	371.506327	-1	0.0	0.136266575215
12.7475	263.4222	371.68081	31	1.0	0.0
14.0035	265.1659	371.931116	24	1.0	0.0
12.2204	267.3396	372.652062	32	0.601761116257	0.398238883743
12.1682	267.2995	372.660141	32	0.87034229471	0.12965770529
12.1721	267.2562	372.737801	32	0.907222704244	0.0927772957561
9.5013	262.5155	373.838724	15	0.0804548086668	0.919545191333
9.4855	262.8632	373.838785	15	0.647824681843	0.352175318157
9.5472	262.9311	373.972686	15	0.722211686597	0.277788313403
9.5198	262.8341	373.991606	15	0.628680181258	0.371319818742
9.6148	262.8456	374.043913	15	0.447020884996	0.552979115004
9.287	270.2348	374.492163	18	0.627631767852	0.372368232148
9.2515	270.2014	374.60365	18	1.0	0.0
9.2455	270.2209	374.685328	18	1.0	0.0
13.7893	264.6696	374.793227	26	1.0	0.0
13.1564	262.4201	375.976788	22	1.0	0.162839206516
13.1516	262.3792	376.023905	22	1.0	0.171685198707
13.2267	262.4847	376.053267	22	1.0	0.0
9.8196	262.6724	378.453544	15	0.0970886313292	0.902911368671
9.7822	262.5141	378.587813	15	0.0693918513839	0.930608148616
13.627	263.5489	379.725747	40	1.0	0.0
13.9376	263.6601	379.898213	40	1.0	0.0
11.7806	262.8628	382.574161	37	1.0	0.0
11.4284	260.0786	383.259746	10	1.0	0.0
11.9584	262.6766	383.375614	-1	0.0	0.475892309728
13.2522	262.4422	383.688996	22	1.0	0.0
13.2332	262.4225	383.861736	22	1.0	0.105340009259
13.646	263.373	383.9092	40	1.0	0.0
13.6021	263.56	383.909256	40	1.0	0.111124215802
13.1972	262.2772	384.018643	22	0.701145674991	0.298854325009
13.6385	263.3939	384.345963	40	1.0	0.0
8.8379	275.4461	385.849924	13	0.667131356252	0.332868643748
13.9232	263.6276	385.940826	40	1.0	0.0183842394218
13.3945	263.4719	386.832893	42	1.0	0.0
13.1485	262.381	391.504659	22	1.0	0.137326827675
13.4257	268.0079	392.172473	-1	0.0	0.181813910106
12.5063	268.4964	392.173128	14	0.951887511342	0.0481124886578
12.5223	268.497	392.375189	14	1.0	0.0
12.8387	268.5395	392.375206	14	0.0939345158388	0.906065484161
12.5207	268.4887	392.46393	14	0.654054790782	0.345945209218
13.6429	263.3765	392.678176	40	1.0	0.0
12.0084	266.8486	392.891402	33	1.0	0.121099082473
19.4683	264.316	393.186338	11	1.0	0.0
19.5072	264.3406	393.21247	11	0.645268364323	0.354731635677
19.4588	264.3046	393.378587	11	1.0	0.0
10.1462	269.0536	393.529093	16	1.0	0.0
11.9616	266.8452	393.554363	33	1.0	0.0298326446313
12.102	266.5584	396.126822	-1	0.0	0.409510830408
13.7238	263.3842	396.537236	40	1.0	0.100898334785
11.9921	266.75	396.717029	33	1.0	0.128185841642
13.9198	263.6574	398.320972	40	1.0	0.0297452754846
12.3857	264.4002	398.748515	17	0.998874784676	0.00112521532368
13.9056	263.5911	398.756643	40	0.876861354288	0.123138645712
11.3236	267.1949	402.792918	-1	0.0	0.0384861794544
11.161	267.1876	402.792923	-1	0.0	0.0384861794544
11.1216	267.1567	402.856748	-1	0.0	0.122750681833
11.2146	267.2041	403.113017	-1	0.0	0.0384861794544
13.9475	263.7053	403.604172	40	1.0	0.0855370541076
13.0826	263.6156	407.053475	35	1.0	0.0
13.0256	263.5603	407.121561	35	0.931266556714	0.0687334432864
13.0579	263.6215	407.150878	35	1.0	0.0
13.8682	263.1984	407.810781	-1	0.0	0.16751300939
13.2026	262.352	410.933333	22	0.953969710991	0.0460302890093
10.7807	270.7321	411.881696	-1	0.0	0.330161302834
11.6714	267.0728	413.850526	34	0.759374860388	0.240625139612
11.8057	267.1403	413.888641	34	0.406553912527	0.593446087473
11.6256	267.0923	413.888644	34	1.0	0.0561788854895
11.6298	267.1599	413.914575	34	1.0	0.0250763239458
11.6029	267.0904	413.956206	34	0.814274199487	0.185725800513
11.8129	266.9542	413.980795	-1	0.0	0.0810796969987
11.6021	267.1484	413.980946	34	0.691400983196	0.308599016804
11.9303	267.5129	414.126696	-1	0.0	0.192474923021
11.8312	267.4498	414.181242	-1	0.0	0.382513618919
11.8812	267.4524	414.223463	-1	0.0	0.28182935288
13.8766	264.709	414.34253	26	0.871608506987	0.128391493013
13.7933	264.6757	414.408831	26	1.0	0.000405528552933
11.6251	267.1152	414.49726	34	1.0	0.0
13.6398	263.3844	415.985644	40	1.0	0.0290256048079
14.1342	263.5925	416.685987	38	0.813592280633	0.186407719367
14.1279	263.617	416.770921	38	0.816310124728	0.183689875272
14.1352	263.6156	416.87035	38	0.888710303199	0.111289696801
14.0982	262.875	417.06734	-1	0.0	0.0154939462695
13.4016	263.1942	417.067699	39	1.0	0.0
13.4478	263.2747	417.283706	40	0.730168022964	0.269831977036
18.6145	257.5465	417.55096	0	0.811446274805	0.188553725195
13.9092	263.676	421.161952	40	1.0	0.202903037127
13.7609	263.4279	421.162004	40	1.0	0.0676273400396
13.7346	263.3796	421.243366	40	0.991361377801	0.00863862219941
13.7823	263.4559	421.409927	40	1.0	0.00300632186628
13.8369	263.4719	421.409962	40	1.0	0.15504403319
19.0028	264.4459	421.865857	12	0.251948327098	0.748051672902
18.9737	264.7793	421.865896	-1	0.0	0.01970649347
18.998	264.5352	421.943755	12	1.0	0.171198960713
19.0365	264.5674	422.083577	12	1.0	0.191284996678
18.9397	264.559	422.275694	12	0.477383973897	0.522616026103
28.7515	270.3938	422.291765	1	0.618358702768	0.381641297232
28.691	270.2966	422.29177	1	0.137296632456	0.862703367544
28.7277	270.4917	422.342114	1	0.184568359207	0.815431640793
28.7645	270.3868	422.39212	1	0.618358702768	0.381641297232
13.8196	263.547	422.742594	40	1.0	0.0849447984329
13.9245	263.6382	424.940986	40	1.0	0.0
13.7887	263.7884	424.941085	-1	0.0	0.1109400926
13.6305	263.3701	426.849285	40	1.0	0.0
13.6387	263.366	427.024541	40	1.0	0.0536001731373
11.405	260.0807	428.458324	10	0.831040539197	0.168959460803
11.3959	260.0461	428.510017	10	1.0	0.0
11.3533	259.9889	428.537965	10	0.373965917827	0.626034082173
13.6594	263.4136	428.788538	40	1.0	0.0397129312062
13.4991	263.323	430.191372	40	0.884148643548	0.115851356452
12.7567	263.4222	433.457942	31	1.0	0.0
12.9515	263.3742	433.553649	-1	0.0	0.0633886504483
12.8737	263.405	433.553737	31	0.435048808708	0.564951191292
13.6539	263.3896	434.110252	40	1.0	0.0
13.6169	263.3449	434.218503	40	1.0	0.121844143755
13.6856	263.4171	434.55664	40	1.0	0.149811594053
13.8787	263.6335	436.022459	40	1.0	0.0328153088256
13.8681	263.607	436.168921	40	1.0	0.0247678213321
13.5231	263.2821	437.20234	40	1.0	0.117828877916
9.1907	274.9678	438.401424	13	0.091388786121	0.908611213879
8.8234	275.3646	438.518268	13	1.0	0.0
13.6691	263.358	438.93717	40	1.0	0.0596581962962
13.7054	262.0129	439.746785	22	0.107362842782	0.892637157218
13.2265	262.2199	439.74706	22	0.433109612706	0.566890387294
13.1958	262.3619	439.804493	22	1.0	0.404255250389
13.6817	263.378	443.848388	40	1.0	0.00916139431522
13.9673	263.6763	445.40338	40	1.0	0.0215018034943
13.9408	263.6892	445.454131	40	1.0	0.115844983134
13.6528	263.3689	451.279117	40	1.0	0.0
13.6547	263.3635	451.396734	40	1.0	0.0596581962962
13.8486	264.6442	451.570285	26	0.549970396809	0.450029603191
13.8065	264.6413	451.674429	26	0.871773636597	0.128226363403
13.5447	264.2429	454.550817	25	0.397543817621	0.602456182379
13.7816	263.4445	455.299988	40	1.0	0.0
13.7444	263.4241	455.739848	40	1.0	0.0508364320639
12.0185	266.945	457.499708	33	1.0	0.00570638978036
12.094	267.0104	457.499731	33	1.0	0.0
12.1702	267.3218	459.525099	32	0.87034229471	0.12965770529
12.2074	267.4627	459.525138	29	0.480411663717	0.519588336283
8.8301	272.9571	459.539824	27	1.0	0.0
12.209	267.4677	459.870091	29	0.503945971737	0.496054028263
12.0617	263.0731	460.217779	-1	0.0	0.665769935517
13.6471	263.3454	460.248468	40	1.0	0.106655948731
13.6459	263.3907	460.280435	40	1.0	0.0
11.4736	259.9272	461.37494	10	0.292146642033	0.707853357967
12.4124	268.5261	462.693299	14	0.216523581711	0.783476418289
8.8859	273.2615	467.118958	23	1.0	0.0
11.6454	267.1101	467.165734	34	1.0	0.0
8.8284	273.2652	467.274409	23	1.0	0.0
11.6321	267.1094	467.293191	34	1.0	0.0
8.8644	273.3093	467.412942	23	0.802077961351	0.197922038649
13.6396	263.3905	468.400699	40	1.0	0.0291691829021
11.8259	262.7182	468.510248	-1	0.0	0.469990218942
11.7635	262.9223	468.510293	37	1.0	0.0557876258878
11.4816	262.3435	468.785785	30	1.0	0.237096164768
11.4292	262.1446	468.785825	30	0.31888746746	0.68111253254
11.484	262.3052	468.825009	30	1.0	0.0
11.4724	262.2399	468.866091	30	0.647235119857	0.352764880143
11.4854	262.3019	469.102415	30	1.0	0.0179371119891
11.7249	262.7718	469.482418	36	1.0	0.0
13.9461	263.662	470.834412	40	1.0	0.0
11.9568	266.8331	477.012256	33	1.0	0.0298326446313
13.463	276.1867	478.07213	4	1.0	0.0
9.136	273.4239	478.352902	23	0.317406730562	0.682593269438
13.7948	263.4817	478.703945	40	1.0	0.0568866764357
13.7702	263.467	478.757529	40	1.0	0.0095354561608
13.7783	263.4018	478.792978	40	0.662199635819	0.337800364181
13.1637	262.4133	479.398788	22	1.0	0.00305084865796
9.2535	270.1861	479.551242	18	0.96006293665	0.0399370633503
9.3058	270.2473	479.609641	18	0.42319193792	0.57680806208
9.9399	269.8942	479.638638	19	0.343182060915	0.656817939085
13.6891	263.489	479.640143	40	1.0	0.0
9.2632	270.2055	479.709866	18	1.0	0.0
12.2298	267.6178	482.453192	29	1.0	0.0
12.5078	264.4412	482.60802	17	0.758970034273	0.241029965727
13.6331	263.3779	484.774851	40	1.0	0.0
13.6901	263.3678	484.864688	40	1.0	0.0328361042695
13.4536	263.001	485.022885	-1	0.0	0.433219488615
13.7787	263.535	487.444333	40	1.0	0.0
13.8207	263.4623	487.556392	40	1.0	0.0166200901917
10.1354	269.109	488.943748	16	0.27246542968	0.72753457032
8.8671	273.2605	490.304551	23	1.0	0.0
12.0416	266.9701	491.139133	33	1.0	0.0
12.0463	266.9637	491.149619	33	1.0	0.0
12.0325	266.9669	491.215347	33	1.0	0.00570638978036
19.0956	264.5702	492.990404	12	0.542069567108	0.457930432892
13.7022	263.4012	493.186352	40	1.0	0.000510015526704
13.6001	263.3815	493.300556	40	1.0	0.0105334513716
19.0333	264.4302	494.739809	12	0.219076588204	0.780923411796
19.1932	264.5433	494.739819	12	0.236824918935	0.763175081065
16.1004	263.0044	497.771428	-1	0.0	0.379937485673
13.7768	263.4441	497.772733	40	1.0	0.0
13.798	264.6878	497.892578	26	1.0	0.449830377875
13.7913	264.6663	497.934667	26	1.0	0.0
13.8297	264.7198	497.9507	26	1.0	0.050766820133
13.7194	263.3505	497.987411	40	0.9632723293	0.0367276707001
8.8084	275.4039	499.659186	13	1.0	0.0
11.8812	262.7278	500.450478	-1	0.0	0.475892309728
13.2573	262.5172	502.055034	22	1.0	0.17198329303
13.4082	263.3564	505.08221	-1	0.0	0.0460978431495
13.6482	263.3926	505.162573	40	1.0	0.0
13.671	263.4106	505.239596	40	1.0	0.0
13.9445	263.674	506.523644	40	1.0	0.02167998885
13.952	263.6593	506.710247	40	1.0	0.0
14.9634	276.1669	510.811035	4	0.219481177651	0.780518822349
12.9973	263.5144	510.968855	-1	0.0	0.197526777213
13.7085	263.3694	513.879056	40	1.0	0.106341500138
13.7345	263.4068	513.879078	40	1.0	0.140744809112
13.7182	263.4025	514.24447	40	1.0	9.16293196358e-05
12.7459	263.3998	515.368533	31	1.0	0.0
12.7874	263.4559	515.475311	31	0.725322758365	0.274677241635
11.4228	260.0532	517.424602	10	0.895382340107	0.104617659893
28.7329	270.351	517.661186	1	0.399631053325	0.600368946675
28.7273	270.3791	517.691441	1	0.420272050395	0.579727949605
28.7004	270.3613	517.861971	1	0.254199281963	0.745800718037
28.7517	270.3984	517.972415	1	0.618358702768	0.381641297232
28.7454	270.3905	518.033643	1	0.618358702768	0.381641297232
28.7388	270.3928	518.090581	1	0.557872917186	0.442127082814
14.0218	263.3158	518.165789	-1	0.0	0.165986321357
13.6662	263.3125	518.256454	40	0.889751422157	0.110248577843
13.6661	263.3873	518.398821	40	1.0	0.0470915533941
13.6152	263.4945	518.398863	40	1.0	0.00475090235761
10.1604	269.0549	519.526333	16	0.732706740456	0.267293259544
9.1059	273.4342	520.351447	23	0.283434932448	0.716565067552
9.081	273.294	520.377221	23	0.339837753955	0.660162246045
13.6828	263.3271	521.904467	40	0.763403611364	0.236596388636
13.6927	263.4024	522.084475	40	1.0	0.0905760051623
13.6647	263.3529	522.344408	40	1.0	0.267859876995
13.2549	262.5083	523.802877	22	1.0	0.0778333593274
13.4165	263.4542	524.255977	-1	0.0	0.0297138316507
13.3736	263.3982	524.333229	-1	0.0	0.039617211579
13.5721	264.2281	525.649641	25	0.492047608708	0.507952391292
9.1473	271.9549	526.004419	20	1.0	0.0
13.7799	263.5162	527.066413	40	1.0	0.255670544639
11.9945	266.7407	528.238374	33	1.0	0.128185841642
12.0302	266.7844	528.730743	33	1.0	0.0362915626579
13.2653	262.4585	530.616922	22	1.0	0.0355414872981
13.4412	263.5645	533.213331	41	0.728731081206	0.271268918794
13.4003	263.3633	533.64746	-1	0.0	0.167057050847
13.6098	263.397	534.23416	40	1.0	0.0607342004267
12.6144	268.203	536.618899	14	0.0422571680924	0.957742831908
17.3025	270.7053	537.251406	2	1.0	0.0
12.7902	263.4632	539.926294	31	0.615214989621	0.384785010379
19.4582	264.322	545.715148	11	1.0	0.0
19.5811	264.3621	545.745225	11	0.427849817445	0.572150182555
19.4573	264.3087	545.757769	11	1.0	0.0
19.3538	264.3586	545.792076	11	0.392357028806	0.607642971194
13.1682	262.5088	546.599244	22	0.882877445688	0.117122554312
13.2527	262.4541	546.655982	22	1.0	0.0253857970671
11.7367	262.8646	547.281437	37	1.0	0.159600233859
11.7674	262.8613	547.32822	37	1.0	0.0
12.5714	268.519	547.655286	14	0.640772669505	0.359227330495
13.8776	263.6482	547.705636	40	1.0	0.0
13.8667	263.5682	547.760297	40	1.0	0.183498648733
13.907	263.6408	547.76032	40	1.0	0.0
12.6043	268.4982	547.975127	14	0.297638629821	0.702361370179
13.6681	263.3623	548.519736	40	1.0	0.0596581962962
13.5775	263.3201	548.719379	40	1.0	0.190766648508
13.5615	263.3067	549.206825	40	1.0	0.496933769748
13.105	262.3439	549.637629	22	1.0	0.256151207001
13.1042	262.3016	550.035171	22	1.0	0.0
13.7188	263.3495	550.545542	40	0.968864826159	0.0311351738413
13.8279	263.5088	550.703486	40	1.0	0.0
13.7615	263.3182	550.70354	40	0.482044189501	0.517955810499
13.8379	263.5862	550.931651	40	1.0	0.030564369555
13.7951	264.6269	553.447389	26	0.790926042153	0.209073957847
13.8057	264.7282	553.561794	26	1.0	0.0
9.288	270.2003	555.029609	18	0.876425135715	0.123574864285
10.1382	269.0569	555.756096	16	1.0	0.0
9.2645	270.1323	555.899259	18	0.364888992535	0.635111007465
9.308	270.1793	555.972404	18	0.593606476057	0.406393523943
9.2393	270.1201	556.012519	18	0.297260035718	0.702739964282
13.926	263.5631	556.292194	40	0.709947383938	0.290052616062
13.4529	263.4283	556.341687	-1	0.0	0.039617211579
13.8055	263.4527	556.384748	40	1.0	0.034980587157
14.0671	263.415	556.704866	-1	0.0	0.258480073804
14.007	263.647	556.704905	40	0.607532945194	0.392467054806
13.7385	263.3483	559.318361	40	0.71704841517	0.28295158483
13.8371	263.4452	559.366463	40	0.983486155596	0.016513844404
12.0142	266.8256	560.254821	33	1.0	0.0
28.7703	270.3386	561.880212	1	0.480724037778	0.519275962222
17.2721	260.6439	562.864779	-1	0.0	0.156337799041
19.0345	264.5146	563.427623	12	0.797076637902	0.202923362098
9.5047	262.8049	565.614827	15	0.412332572525	0.587667427475
13.6109	263.4134	572.795531	40	1.0	0.130928012349
13.47	263.5217	572.795624	-1	0.0	0.239981990888
13.7779	264.6703	574.768367	26	1.0	0.0
12.3742	264.4287	575.521076	17	1.0	0.0
13.3914	276.2102	575.97433	4	1.0	0.0
12.7147	263.3994	576.673438	31	0.911721895841	0.0882781041587
10.8543	259.9438	577.547819	10	0.104000110451	0.895999889549
10.9057	259.9813	578.04343	10	0.11486187105	0.88513812895
13.8657	263.5926	578.746439	40	1.0	0.0506783735804
13.8363	263.5948	578.799625	40	1.0	0.030564369555
13.8098	263.5417	578.9245	40	1.0	0.108755014511
11.3867	262.1757	580.715614	30	0.401560401553	0.598439598447
11.4843	262.3473	580.813236	30	1.0	0.136975229267
11.4405	262.3096	580.943873	30	1.0	0.0
11.2444	262.5067	580.944044	30	0.276268583502	0.723731416498
11.4666	262.2913	581.108951	30	1.0	0.0
11.4113	260.0001	581.429644	10	0.490386688929	0.509613311071
13.8072	263.4627	581.831097	40	1.0	0.034980587157
13.701	263.3524	582.018055	40	1.0	0.0198770779287
17.2789	270.7901	586.531441	2	1.0	0.0
13.9204	263.6652	586.774548	40	1.0	0.0
13.4365	276.2769	587.660297	4	1.0	0.0
11.6813	267.0696	588.900102	34	0.622636875613	0.377363124387
11.6676	267.1017	588.94202	34	1.0	0.132387645454
11.6404	267.0933	588.999392	34	1.0	0.0124576961839
11.6881	267.0859	589.078458	34	0.772702903243	0.227297096757
19.486	264.3188	589.819065	11	1.0	0.0
19.5022	264.3426	589.888166	11	0.692745391911	0.307254608089
12.0441	266.9473	592.773783	33	1.0	0.0
19.0573	265.767	594.338178	3	0.998091600089	0.00190839991139
13.175	262.3205	595.088279	22	1.0	0.179909960333
13.6715	263.3622	596.69987	40	1.0	0.247156436823
13.6821	263.3537	596.749374	40	1.0	0.0807027372227
13.6398	263.3286	596.843747	40	1.0	0.166753226097
12.5537	268.5187	598.1922	14	0.918674812587	0.0813251874129
12.5409	268.5303	598.226493	14	1.0	0.0
12.5191	268.5179	598.404653	14	1.0	0.0
28.7086	270.4072	598.427608	1	0.315945759423	0.684054240577
28.7378	270.3708	598.561023	1	0.42010269637	0.57989730363
