25.8013	250.5298	-3e-05	3	1.0	0.0382051706856
25.9916	250.6541	-598.382088	3	0.986116798716	0.0138832012841
25.8228	250.6911	-597.981383	3	0.567144854552	0.432855145448
25.8002	250.0886	-597.604952	3	0.556696315737	0.443303684263
25.8406	250.4949	-596.656863	3	1.0	0.0
26.5473	251.2894	-596.413662	17	0.716776027251	0.283223972749
26.4959	251.5799	-596.413543	-1	0.0	0.544367082035
26.456	251.2633	-596.300847	17	0.576962632434	0.423037367566
26.7852	251.0817	-596.183914	23	0.632936870316	0.367063129684
25.7943	250.3956	-594.302853	3	1.0	0.333802887007
26.4411	250.4483	-592.919254	3	0.711092019309	0.288907980691
17.2244	251.1543	-590.575424	26	1.0	0.0
17.2504	251.1547	-590.477136	26	1.0	0.100392394942
17.2367	251.2025	-590.448746	26	1.0	0.208422947152
17.2136	251.141	-590.428062	26	1.0	0.110780848861
17.2587	251.2653	-590.408734	26	0.495442500701	0.504557499299
17.2155	251.1113	-590.346099	26	1.0	0.00677086372043
17.1562	251.2821	-590.346	26	0.424484598495	0.575515401505
17.1948	251.1563	-590.309042	26	1.0	0.0794024648568
15.8479	244.9547	-588.174122	2	1.0	0.0
15.8108	244.9769	-588.09941	2	0.706301671147	0.293698328853
15.8403	244.916	-588.013936	2	1.0	0.0
18.5001	253.9882	-587.364084	-1	0.0	0.644920828056
18.2568	253.9621	-587.363961	12	1.0	0.0
18.2491	253.9795	-587.252434	12	0.781654755594	0.218345244406
25.994	250.2969	-586.225899	3	1.0	0.0489726408387
26.2839	250.3626	-584.437363	3	1.0	0.555904330194
15.2367	247.455	-583.264089	6	0.874359189838	0.125640810162
15.2157	247.5339	-583.264045	6	0.710222440513	0.289777559487
15.1858	247.539	-583.22522	6	0.5253630565	0.4746369435
15.9427	249.492	-580.65373	5	1.0	0.0
34.4328	257.0277	-580.36451	0	1.0	0.0
25.9314	250.5264	-579.171582	3	1.0	0.197252147284
25.8087	250.4673	-579.115907	3	1.0	0.0
25.8328	250.4656	-579.075015	3	1.0	0.0772100059971
25.842	250.5213	-578.944565	3	1.0	0.0704975142687
26.0196	250.572	-578.368369	3	0.858962604264	0.141037395736
25.8783	250.5267	-578.368327	3	1.0	0.0
26.2571	250.3451	-577.62346	3	1.0	0.140544286855
26.3177	250.3374	-577.381356	3	1.0	0.0858342041463
26.2521	250.4212	-576.835855	3	1.0	0.0598286132493
15.1789	247.091	-573.224285	10	0.674838148275	0.325161851725
15.8352	246.6283	-573.135372	-1	0.0	0.305136621343
26.2752	250.3274	-572.666456	3	1.0	0.390718688319
26.0034	250.4395	-570.954828	3	1.0	0.253999873017
26.3118	250.2993	-569.208783	3	1.0	0.426867215458
26.4904	251.3004	-568.452071	17	1.0	0.0
26.5379	251.2996	-568.281431	17	1.0	0.0
25.8825	250.1601	-567.140595	3	0.556696315737	0.443303684263
17.3012	249.7235	-566.088223	21	1.0	0.0842082308275
17.2551	249.6863	-566.04834	21	0.913741910106	0.0862580898939
17.2276	249.8622	-565.99269	21	0.307834793655	0.692165206345
17.2674	249.7524	-565.957599	21	1.0	0.128412467522
26.334	250.4914	-564.403574	3	0.74961366165	0.25038633835
26.0119	250.4799	-564.353377	3	1.0	0.180525832622
25.9698	250.4257	-564.079419	3	1.0	0.0
17.2171	251.1549	-563.765213	26	1.0	0.0
17.1946	251.129	-563.690551	26	1.0	0.226179502512
25.9984	250.6171	-562.028822	3	0.962053010474	0.0379469895264
26.0708	250.5967	-561.967234	3	0.787933691437	0.212066308563
26.2829	250.3457	-560.504879	3	1.0	0.0
17.9134	251.2068	-559.799247	18	1.0	0.0
21.2735	254.3239	-556.139399	-1	0.0	0.0670460296368
26.8726	251.0237	-556.122563	23	0.635876172651	0.364123827349
26.8076	251.0481	-556.057128	23	0.72612993612	0.27387006388
18.3319	253.9681	-554.560105	12	0.478669950559	0.521330049441
18.2321	253.9307	-554.280875	12	0.643008625811	0.356991374189
25.8846	250.5758	-553.940255	3	1.0	0.0
26.3388	250.3115	-553.753127	3	1.0	0.413014029042
25.8139	250.4758	-553.752991	3	1.0	0.0
25.9737	250.5982	-553.640485	3	1.0	0.596604193349
26.0315	250.5022	-552.696294	3	0.915271673778	0.0847283262215
26.2966	250.3847	-551.924291	3	1.0	0.101326401775
25.8703	250.5257	-551.341799	3	1.0	0.0
15.0822	246.9923	-550.545312	-1	0.0	0.0651440893249
15.0694	246.9503	-550.366144	11	0.441665750823	0.558334249177
17.1904	251.1824	-549.086644	26	1.0	0.085293041292
17.0204	251.5833	-548.716458	25	0.564738799795	0.435261200205
17.0015	251.5561	-548.634812	25	0.749054832183	0.250945167817
25.9463	250.5045	-548.243309	3	1.0	0.435710387344
25.8721	250.562	-545.132169	3	1.0	0.0639372170404
26.2462	250.3875	-543.951084	3	1.0	0.0
15.3536	246.4355	-541.792409	7	0.769227793607	0.230772206393
25.8173	250.4743	-540.810482	3	1.0	0.0
17.4949	250.3696	-538.208534	16	0.26160430907	0.73839569093
17.3121	250.0617	-538.163586	20	1.0	0.0
26.4959	250.3583	-536.969533	3	1.0	0.115310861606
26.8205	251.0286	-536.877787	23	0.886143319824	0.113856680176
26.7835	250.9783	-536.797598	23	1.0	0.0
25.9608	250.3795	-535.87206	3	1.0	0.0672040033571
25.997	250.3802	-535.822852	3	1.0	0.0
17.9011	251.204	-535.746891	18	1.0	0.0
25.9983	250.3887	-535.676578	3	1.0	0.0
25.9924	250.4121	-535.588805	3	1.0	0.112680950245
15.7702	242.5982	-535.567402	-1	0.0	0.393217439355
26.6028	249.8491	-531.671264	3	0.270677259284	0.729322740716
25.7543	250.1085	-531.670991	3	0.493132346364	0.506867653636
34.4326	257.0896	-529.775332	0	1.0	0.0
26.0236	250.3193	-529.706527	3	1.0	0.0843044618324
26.0013	250.3401	-529.512316	3	1.0	0.00935069045386
26.526	251.1481	-529.209812	17	0.597629551547	0.402370448453
15.7999	244.8097	-526.781149	2	1.0	0.289819452494
15.864	244.7223	-526.776817	2	0.328479065387	0.671520934613
26.2702	250.3906	-526.032972	3	1.0	0.0
18.2436	253.7713	-519.654	13	0.858824306945	0.141175693055
18.1724	254.0429	-519.632371	-1	0.0	0.551230054006
26.8132	251.0182	-518.737407	23	1.0	0.270617469512
17.1838	251.2342	-516.741673	26	0.951791767183	0.0482082328172
17.2143	251.2216	-516.6823	26	1.0	0.107581807867
17.0688	250.9831	-516.617912	26	0.298236738007	0.701763261993
17.1985	251.2424	-516.617842	26	0.862139586527	0.137860413473
17.1404	251.1725	-516.132283	26	0.776014789953	0.223985210047
17.1451	251.2095	-515.718349	26	0.556047249901	0.443952750099
17.2176	251.2711	-515.712765	26	0.593886737172	0.406113262828
26.4363	251.2784	-515.046336	17	0.484436325694	0.515563674306
26.5493	251.3398	-514.945337	17	0.602344353549	0.397655646451
26.5203	251.3007	-514.559639	17	1.0	0.0
26.5054	251.3151	-514.382024	17	1.0	0.0
25.9776	250.3751	-513.650017	3	1.0	0.235915932589
25.9804	250.3327	-513.52703	3	1.0	0.0
26.2023	250.2998	-513.245832	3	1.0	0.187769612824
25.8965	250.611	-513.18283	3	1.0	0.308231532347
25.8828	250.5393	-513.091543	3	1.0	0.0
25.9968	250.6717	-513.021256	3	0.739101556667	0.260898443333
26.0394	250.4184	-512.889726	3	1.0	0.114272042509
26.7948	250.9879	-512.657728	23	1.0	0.100072482813
17.2799	249.5036	-510.728087	19	1.0	0.0
26.3283	250.308	-509.212524	3	1.0	0.388630931276
26.3396	250.2893	-509.144998	3	1.0	0.540759361327
26.1479	250.7861	-509.020457	-1	0.0	0.00155689108826
17.9572	253.2453	-507.66749	8	0.166937577769	0.833062422231
25.4989	250.8004	-507.552714	3	0.296406417395	0.703593582605
25.8834	250.5493	-505.84701	3	1.0	0.000793120067931
25.891	250.582	-505.742501	3	1.0	0.0
25.8603	250.5529	-505.563977	3	1.0	0.0448076346119
26.2853	250.2701	-503.95929	3	1.0	0.0684641696132
17.9294	251.3782	-503.437702	-1	0.0	0.33643860681
17.2665	249.8238	-502.867249	21	0.540740927031	0.459259072969
16.825	250.6641	-502.866707	-1	0.0	0.277227764915
18.2364	253.8042	-502.599559	13	0.790054917117	0.209945082883
18.6757	253.5971	-502.541371	-1	0.0	0.710237710357
27.399	250.7142	-500.56918	-1	0.0	0.493101414688
26.2898	250.3487	-500.190241	3	1.0	0.113578370923
25.9885	250.4423	-496.755685	3	1.0	0.109049584323
26.0073	250.3789	-496.717783	3	1.0	0.0
26.613	251.1837	-491.923824	17	0.499685054628	0.500314945372
26.6134	251.4265	-491.923714	14	1.0	0.0
26.7886	251.0247	-491.085875	23	0.884447331514	0.115552668486
17.3314	250.1793	-489.707556	16	0.387168493235	0.612831506765
26.757	250.3059	-489.4821	3	0.41021006593	0.58978993407
16.9978	251.5843	-488.924839	25	0.620742880486	0.379257119514
17.2292	251.2074	-488.526524	26	1.0	0.2544597146
17.1964	251.1577	-488.492978	26	1.0	0.0595038459628
17.2591	251.2214	-488.41887	26	0.867800929815	0.132199070185
15.1565	247.4799	-487.605752	6	0.928191416513	0.0718085834872
15.235	247.4959	-487.584061	6	0.703917904309	0.296082095691
15.6344	247.2745	-487.570605	-1	0.0	0.198242460195
17.2629	249.7477	-483.973234	21	1.0	0.128412467522
17.2602	249.7249	-483.913475	21	1.0	0.189975847565
17.2315	249.7203	-483.852104	21	1.0	0.48683443854
15.784	244.8966	-482.076436	2	1.0	0.144816947749
18.1477	253.9636	-479.472919	-1	0.0	0.285761699799
18.8069	253.7211	-479.384395	-1	0.0	0.774555500111
26.3052	250.3448	-478.631518	3	1.0	0.214845339697
26.5902	250.4957	-478.571689	3	0.455124476366	0.544875523634
26.2949	250.3326	-478.230821	3	1.0	0.0225040046721
15.8475	249.3792	-477.635703	5	1.0	0.0
25.9983	250.3859	-475.428371	3	1.0	0.0
25.9775	250.434	-475.391567	3	1.0	0.0
26.0426	250.4285	-475.320543	3	1.0	0.114272042509
26.1998	250.4105	-475.312135	3	1.0	0.249799024341
26.1372	250.4	-475.151542	3	1.0	0.0
26.127	250.3749	-475.151494	3	1.0	0.0494077403092
26.2298	250.3324	-473.228172	3	1.0	0.0170989308818
26.2791	250.3654	-473.17236	3	1.0	0.0198564651848
26.2579	250.3991	-473.046755	3	1.0	0.0
26.2957	250.3387	-468.690474	3	1.0	0.0
17.9274	251.18	-468.391395	18	1.0	0.516805560933
17.2441	251.1729	-465.482406	26	1.0	0.110874850722
17.3046	251.2322	-465.482385	26	0.518842393273	0.481157606727
17.222	251.4643	-465.482287	-1	0.0	0.0171469664877
17.1678	251.2517	-465.383617	26	0.593886737172	0.406113262828
17.5505	251.0446	-465.280606	-1	0.0	0.247608286366
26.0514	250.4389	-465.247582	3	1.0	0.209528454157
17.2146	251.202	-465.182808	26	1.0	0.208422947152
16.5309	252.673	-463.696774	9	0.0673857072101	0.93261429279
16.7214	252.4202	-463.643856	9	0.288051734997	0.711948265003
15.1486	246.9269	-462.281726	11	0.358704894078	0.641295105922
15.151	247.0666	-462.281671	10	1.0	0.0
26.549	251.2842	-461.965183	17	0.660093668918	0.339906331082
26.4161	251.2219	-461.900106	-1	0.0	0.0229330731391
26.5772	251.3515	-461.900084	-1	0.0	0.0794282373565
25.8748	250.6074	-458.934129	3	1.0	0.262153294263
25.9138	250.5721	-458.675544	3	1.0	0.225156919503
25.9311	250.6257	-458.585675	3	1.0	0.4219389359
18.2102	253.7406	-456.477123	13	1.0	0.0
17.9152	251.1637	-452.667646	18	1.0	0.0
17.8888	251.17	-452.585625	18	1.0	0.485512466244
17.9118	251.166	-452.49129	18	1.0	0.0
17.9125	251.2167	-452.125872	18	1.0	0.0
25.8266	250.5236	-450.627442	3	1.0	0.0332436849815
25.832	250.4912	-450.558155	3	1.0	0.0798067745933
25.7193	250.5727	-450.512001	3	0.714706732849	0.285293267151
25.7572	250.7718	-450.511864	3	0.364093480781	0.635906519219
26.5811	249.7268	-450.102167	-1	0.0	0.183610057372
25.7641	250.1266	-450.101824	3	0.556696315737	0.443303684263
17.2597	249.7057	-449.087164	21	1.0	0.329886647293
17.2039	250.0405	-449.087003	20	1.0	0.0
26.4884	250.269	-448.959685	3	1.0	0.0
16.9996	251.5648	-447.309153	25	0.749054832183	0.250945167817
16.1902	251.8059	-447.261213	-1	0.0	0.148327209991
17.033	251.6074	-447.205655	25	0.485117429611	0.514882570389
15.6716	244.7469	-446.282902	2	0.345432103053	0.654567896947
18.2052	253.6537	-446.256649	-1	0.0	0.443822137227
18.2481	253.7301	-446.25661	13	0.650129295943	0.349870704057
15.8102	244.8606	-446.235974	2	1.0	0.0
18.2534	253.7499	-446.208039	13	0.83159433745	0.16840566255
15.7515	244.9512	-446.176874	2	0.8222280697	0.1777719303
15.7606	244.8309	-445.899135	2	1.0	0.366382392401
15.8139	244.8479	-445.802317	2	1.0	0.0
18.3448	253.598	-445.534002	-1	0.0	0.662001667403
17.1595	251.0855	-443.549401	26	0.828838881283	0.171161118717
17.2529	251.156	-443.480331	26	1.0	0.100392394942
17.2191	251.1738	-442.990996	26	1.0	0.0108421346232
25.8524	250.5659	-437.094893	3	1.0	0.137061177063
25.8495	250.4875	-437.025153	3	1.0	0.286205581906
25.8267	250.4946	-436.87226	3	1.0	0.125642108723
26.8539	251.1111	-434.847232	-1	0.0	0.0480866828924
26.7474	251.0312	-434.796605	23	0.634951016133	0.365048983867
17.3119	249.5072	-433.925176	19	1.0	0.0
17.2643	249.4941	-433.887064	19	0.884285000384	0.115714999616
17.9015	249.2129	-433.629444	-1	0.0	0.168987556493
25.9445	250.3499	-433.05709	3	1.0	0.0539177804762
26.2415	250.2985	-431.618057	3	1.0	0.110016689717
26.2526	250.335	-431.29325	3	1.0	0.429381555203
26.3097	250.335	-430.983237	3	1.0	0.0225040046721
26.8009	251.0012	-425.062898	23	1.0	0.246369453857
17.8879	251.1412	-424.105226	18	0.825984363467	0.174015636533
25.5546	250.8477	-423.769684	3	0.268458426075	0.731541573925
17.1726	251.1378	-423.327102	26	1.0	0.207820156693
26.2797	251.1495	-422.980063	-1	0.0	0.464452004396
25.9021	250.5864	-421.369753	3	1.0	0.112666440956
26.8737	251.0517	-419.068999	23	0.431553062929	0.568446937071
26.2801	250.3433	-414.321484	3	1.0	0.0311210466983
26.3138	250.3593	-414.219698	3	1.0	0.404242435431
26.3193	250.3262	-414.083065	3	1.0	0.280923953449
26.4799	251.2156	-411.261937	17	0.572654322916	0.427345677084
17.264	249.762	-410.910454	21	1.0	0.0191374155967
17.1564	249.67	-410.784261	21	0.355718952839	0.644281047161
17.2122	251.1756	-409.935655	26	1.0	0.245729215211
17.1687	251.1301	-409.846878	26	0.950332174161	0.0496678258387
17.2061	251.1959	-409.777316	26	1.0	0.085293041292
17.4728	251.2241	-409.706062	26	0.386866967966	0.613133032034
16.8998	251.6758	-409.705709	-1	0.0	0.270241337943
26.5764	250.1795	-409.610678	3	0.873894665461	0.126105334539
26.1285	250.437	-409.610443	3	1.0	0.0
17.2127	251.2207	-409.569389	26	1.0	0.0883058368058
17.2893	251.1585	-409.569388	26	1.0	0.203327888599
26.0548	250.3829	-409.543686	3	1.0	0.0308757871812
26.0224	250.3845	-409.471945	3	1.0	0.141336338921
26.835	251.0191	-408.335354	23	1.0	0.326692227746
16.6355	252.2857	-408.24209	9	0.420105346497	0.579894653503
17.0102	251.5572	-408.160417	25	0.665038308721	0.334961691279
16.9711	251.5174	-408.032533	25	1.0	0.0
18.1892	253.8263	-404.221781	13	1.0	0.324498002394
26.2623	250.3481	-404.041107	3	1.0	0.0
15.1773	247.4641	-401.771976	6	1.0	0.0
15.1905	247.4436	-401.697989	6	0.780656421426	0.219343578574
26.6802	251.0744	-400.675078	-1	0.0	0.18289168653
26.6632	251.066	-400.316788	-1	0.0	0.036743530134
15.8539	244.9359	-399.133431	2	1.0	0.0
15.7902	244.9307	-399.078161	2	1.0	0.0
17.2791	249.8048	-398.067334	21	1.0	0.0330748748059
17.2373	249.7483	-397.873957	21	1.0	0.496805013788
17.4343	249.7774	-397.795681	21	0.306555840613	0.693444159387
17.2792	251.2717	-396.106493	26	0.463224506411	0.536775493589
21.379	254.2175	-389.621372	-1	0.0	0.0670460296368
17.1633	251.0672	-388.049265	26	1.0	0.241039686055
26.5236	251.1391	-387.851319	17	0.522930758184	0.477069241816
17.2169	251.1176	-387.803683	26	1.0	0.117083203404
26.6138	251.4311	-387.721268	14	1.0	0.0
26.7561	251.056	-387.713738	23	0.577251065954	0.422748934046
26.6917	250.9222	-387.655095	-1	0.0	0.0199612549401
26.774	251.0597	-387.464769	23	0.701655588579	0.298344411421
26.2274	250.3439	-387.084645	3	1.0	0.554047675425
26.2929	250.3323	-386.884785	3	1.0	0.151761448345
26.1891	250.2684	-386.767155	3	1.0	0.187769612824
26.6741	251.487	-386.325462	15	1.0	0.0
26.2001	250.4663	-384.949625	3	1.0	0.106940850692
26.6998	250.9214	-384.591157	22	0.822628963324	0.177371036676
17.3406	249.7493	-384.351508	21	0.638924456306	0.361075543694
16.8828	250.0284	-384.351159	-1	0.0	0.55697232177
26.2728	250.4059	-379.647247	3	1.0	0.0636386974111
26.6502	250.9579	-376.744252	-1	0.0	0.165053214017
17.2186	251.2229	-376.157081	26	1.0	0.121784271385
18.2182	253.7573	-373.974766	13	1.0	0.0689759155343
17.2832	251.1874	-373.296188	26	1.0	0.0
17.1671	251.3961	-373.296072	26	0.360480658848	0.639519341152
17.2783	249.7566	-370.041553	21	1.0	0.0
18.2592	253.9615	-368.351726	12	1.0	0.0
18.2441	253.9668	-368.25084	12	1.0	0.0
17.9191	251.2265	-367.882271	18	0.835530015549	0.164469984451
26.2613	250.3938	-365.210777	3	1.0	0.0
26.2725	250.3458	-365.114022	3	1.0	0.0
25.9144	250.5031	-364.376792	3	1.0	0.147451598666
25.8945	250.5331	-364.37674	3	1.0	0.0
17.0141	251.5818	-363.886987	25	0.651075723266	0.348924276734
18.3891	250.6812	-363.862501	-1	0.0	0.509410407956
26.2167	250.4547	-363.622533	3	1.0	0.116915160805
25.8169	250.108	-360.294342	3	0.556696315737	0.443303684263
26.3226	250.2729	-359.331871	3	1.0	0.0275618235134
26.2427	250.2704	-359.238845	3	1.0	0.222519763825
27.054	251.0434	-357.635868	-1	0.0	0.338409357567
26.5131	251.0893	-357.452606	-1	0.0	0.19246512711
17.2227	251.074	-357.425908	26	1.0	0.0
17.2517	251.1632	-357.335974	26	1.0	0.0802953334003
16.9094	251.809	-357.33553	-1	0.0	0.488372647171
26.583	251.2014	-357.302612	17	0.622999023577	0.377000976423
25.9638	250.9918	-357.015276	-1	0.0	0.522819296233
17.3772	249.8078	-356.664867	21	0.352645073843	0.647354926157
17.3278	249.792	-356.595529	21	0.700815312712	0.299184687288
17.2546	249.7362	-356.535124	21	1.0	0.0718665086414
17.2084	249.9469	-356.422917	-1	0.0	0.0185503011552
15.3538	246.4659	-355.724704	7	0.56843880089	0.43156119911
25.8	250.4555	-352.42485	3	1.0	0.255844533691
25.853	250.4998	-352.329408	3	1.0	0.102912707855
25.699	250.8328	-352.329271	3	0.336999903402	0.663000096598
25.7548	250.4544	-352.28376	3	1.0	0.334151923877
19.2216	253.0144	-352.246171	-1	0.0	0.0499686370239
25.8449	250.4928	-352.199845	3	1.0	0.0
18.1755	253.7892	-352.107311	13	1.0	0.0
26.7243	251.3384	-351.275546	-1	0.0	0.321579135981
17.322	249.5118	-350.904286	19	1.0	0.0
15.8332	244.7924	-349.350363	2	0.794577654608	0.205422345392
15.825	244.8425	-349.272766	2	1.0	0.0
15.8237	244.8296	-349.195473	2	1.0	0.124899700575
15.8878	244.9479	-348.958162	2	0.818156798214	0.181843201786
15.7557	244.8055	-348.958158	2	0.771372906638	0.228627093362
15.8762	244.8239	-348.622183	2	0.854451146312	0.145548853688
18.4872	253.6936	-346.552752	-1	0.0	0.649437085678
15.9283	242.5373	-346.333104	-1	0.0	0.407740680282
15.6258	242.3922	-346.333024	-1	0.0	0.450748335416
15.5782	242.3174	-346.199363	-1	0.0	0.468986169766
17.27	249.7267	-344.880386	21	1.0	0.0323013772888
15.6346	247.3278	-344.693717	-1	0.0	0.0535851445437
15.254	247.4891	-344.693445	6	0.531942351951	0.468057648049
15.2676	247.4138	-344.633716	6	0.40174823989	0.59825176011
15.2322	247.4507	-344.596672	6	1.0	0.0
16.7136	252.3974	-344.205028	9	0.422257428178	0.577742571822
25.9822	250.2886	-344.11107	3	1.0	0.105260625139
25.8899	250.5767	-339.506054	3	1.0	0.0
26.3322	250.4561	-338.566227	3	0.768078023679	0.231921976321
15.1664	247.0714	-334.400868	10	1.0	0.0
15.1698	247.1008	-334.141348	10	0.619049564124	0.380950435876
17.3635	250.2029	-332.024926	16	0.444353433325	0.555646566675
17.5102	250.2854	-331.729736	-1	0.0	0.0179767974844
17.3402	250.2238	-331.729656	16	0.470632650447	0.529367349553
25.7909	250.5269	-324.18067	3	1.0	0.0382051706856
26.3188	250.3393	-321.28163	3	1.0	0.179159629701
26.3463	250.3236	-321.139685	3	1.0	0.42130189571
26.3273	250.2747	-320.826506	3	1.0	0.529666149213
17.931	251.2006	-320.744945	18	1.0	0.126466951156
17.9187	251.1669	-320.678241	18	1.0	0.0
17.0088	251.6069	-320.336452	25	0.519669443098	0.480330556902
25.8649	250.5324	-319.170948	3	1.0	0.0785540312719
17.2815	251.1922	-318.820576	26	1.0	0.169936433412
25.9925	250.3116	-317.264899	3	1.0	0.0
25.9881	250.3278	-317.058861	3	1.0	0.0
26.1313	250.4636	-316.938382	3	1.0	0.16436209491
26.0477	250.4246	-316.938357	3	1.0	0.114272042509
18.1735	253.7592	-314.970902	13	1.0	0.226567258962
18.2881	253.9747	-306.083644	12	0.741708476755	0.258291523245
18.2416	253.9074	-305.627652	12	0.643008625811	0.356991374189
26.7981	251.0663	-303.244572	23	0.72612993612	0.27387006388
25.8117	250.1992	-299.816603	3	0.460813711203	0.539186288797
25.7597	250.0189	-299.769967	3	0.402353075834	0.597646924166
26.2645	250.3521	-295.863178	3	1.0	0.228850968494
26.2768	250.2884	-295.730342	3	1.0	0.0441279923528
18.0959	253.795	-292.780599	13	0.47185499687	0.52814500313
15.7726	244.881	-291.100424	2	1.0	0.209299611949
17.8622	253.0888	-291.062141	8	0.38818019161	0.61181980839
17.9995	253.0718	-291.062134	8	1.0	0.0
18.5572	252.7693	-291.009689	-1	0.0	0.444261037348
17.3107	249.7848	-290.997735	21	1.0	0.00103226651699
17.9821	253.0715	-290.963133	8	1.0	0.0
26.8324	250.9986	-290.943381	23	1.0	0.0
17.3035	249.8084	-290.903257	21	0.966191318207	0.0338086817927
26.8278	250.9944	-290.880346	23	1.0	0.0
26.8194	250.961	-290.774918	23	0.936460135354	0.0635398646458
26.8172	251.0308	-290.484369	23	0.936515443939	0.0634845560605
25.8684	250.4925	-289.784029	3	1.0	0.00365271004536
25.804	250.47	-289.711603	3	1.0	0.0
25.9047	250.5138	-289.416203	3	1.0	0.123427156127
25.8525	250.5023	-289.158074	3	1.0	0.294301512883
25.8696	250.4668	-288.92179	3	1.0	0.0509537406129
26.2983	250.2599	-286.260521	3	1.0	0.0568997344967
26.0042	250.4526	-285.956828	3	1.0	0.121351494392
17.3515	249.7723	-283.197504	21	0.574922135351	0.425077864649
26.2348	250.2102	-281.971657	3	1.0	0.0222190367089
26.2522	250.3783	-281.311952	3	1.0	0.0
15.1366	247.0617	-280.523471	10	1.0	0.0
26.5909	251.1658	-279.96673	17	0.597629551547	0.402370448453
26.5112	251.2539	-279.937822	17	0.652946600452	0.347053399548
18.1569	253.7743	-278.681539	13	1.0	0.354704740006
18.1586	253.8043	-278.638904	13	1.0	0.135469300267
18.1514	253.7552	-278.581273	13	1.0	0.0
26.3232	250.3299	-275.671758	3	1.0	0.170378780445
17.2417	251.1038	-275.085136	26	1.0	0.0964236586279
17.2484	249.7784	-274.160965	21	0.886462368235	0.113537631765
17.2616	249.7883	-274.079284	21	1.0	0.0
17.2656	249.7585	-273.722106	21	1.0	0.128412467522
26.0872	250.2974	-270.987305	3	1.0	0.168561729019
32.4473	246.6396	-270.966554	1	1.0	0.0
26.0126	250.3911	-270.965161	3	1.0	0.0
26.1136	250.3621	-270.711052	3	1.0	0.0
26.317	250.3004	-265.00439	3	1.0	0.388630931276
26.3564	250.2913	-264.85617	3	1.0	0.484067726095
15.8951	249.4152	-261.905998	5	1.0	0.0
17.2602	251.069	-260.739576	26	1.0	0.23650022357
17.0863	251.5372	-260.432012	25	0.302036283002	0.697963716998
17.2905	249.7037	-256.957044	21	1.0	0.482667134751
17.8998	251.1502	-254.901245	18	1.0	0.490015464231
17.9045	251.201	-254.79225	18	1.0	0.0
17.3317	249.7398	-254.250611	21	0.68096132164	0.31903867836
17.2963	249.7242	-254.057797	21	1.0	0.207938848441
17.364	249.5028	-253.512607	19	0.742391313615	0.257608686385
17.3254	249.5164	-253.396591	19	0.842958781711	0.157041218289
17.2787	249.5192	-253.386546	19	0.971192958722	0.0288070412778
26.0524	250.3842	-253.379164	3	1.0	0.265377262396
34.7951	247.8841	-253.296575	1	1.0	0.0
26.2239	250.4536	-252.626038	3	1.0	0.0858902097261
18.296	253.9456	-250.291472	12	0.624047998278	0.375952001722
18.2556	253.9338	-250.127775	12	0.643008625811	0.356991374189
16.9418	251.236	-247.362044	24	1.0	0.0
26.7687	251.0073	-246.538978	23	1.0	0.293710768961
26.7764	250.9933	-246.444018	23	1.0	0.110631521447
26.4145	250.318	-245.907633	3	1.0	0.196135498767
17.2122	251.2026	-243.382147	26	1.0	0.208422947152
17.2796	249.7462	-243.212409	21	1.0	0.195609274479
17.2879	249.8074	-242.969023	21	1.0	0.0
26.8097	251.1122	-242.939012	-1	0.0	0.0790588869609
16.9175	251.7545	-242.934682	-1	0.0	0.311746885087
17.175	251.1578	-242.863472	26	1.0	0.0794024648568
16.9748	251.5076	-242.849071	25	1.0	0.0
26.7733	250.9831	-242.808904	23	1.0	0.0
26.696	250.8814	-242.724435	22	1.0	0.0
26.8087	251.0094	-242.672183	23	1.0	0.309592255463
26.8254	250.9647	-242.470892	23	0.81228242887	0.18771757113
21.1474	255.726	-236.426871	-1	0.0	0.149552883233
26.1032	250.4173	-236.142424	3	1.0	0.0
26.3526	250.274	-234.613473	3	1.0	0.558301953048
26.2696	250.2263	-234.545641	3	1.0	0.0
17.2109	251.1666	-231.764389	26	1.0	0.199242315784
17.2529	251.1935	-231.336393	26	1.0	0.208422947152
26.7456	251.2653	-231.0613	-1	0.0	0.222498251295
17.2499	249.7269	-229.219715	21	1.0	0.304837682143
17.2486	252.4401	-224.750317	9	0.0760660490721	0.923933950928
16.8015	252.3261	-224.720867	9	0.357915064155	0.642084935845
26.0552	250.3559	-221.835661	3	1.0	0.00772770704294
26.2832	250.3412	-219.348426	3	1.0	0.0
25.8826	250.6363	-219.250623	3	1.0	0.427119407798
15.2916	247.4616	-218.95724	6	0.54324170134	0.45675829866
18.0051	253.0848	-218.824135	8	0.852108914019	0.147891085981
15.1866	247.4685	-218.810159	6	1.0	0.0
15.3143	247.7433	-218.810126	6	0.0862061460203	0.91379385398
15.198	247.4518	-218.775487	6	1.0	0.0
18.2348	253.7601	-218.512302	13	1.0	0.0689759155343
18.2492	253.7901	-218.512269	13	0.873781264963	0.126218735037
18.1584	253.7296	-218.46796	13	0.823443247707	0.176556752293
18.222	253.8557	-218.356688	13	0.858316878079	0.141683121921
26.3347	250.36	-217.483335	3	1.0	0.456620397012
15.8248	244.948	-212.323921	2	1.0	0.0
15.8188	244.8883	-212.258042	2	1.0	0.269230101386
15.1744	247.073	-205.725653	10	1.0	0.0
15.1664	247.1767	-204.878467	-1	0.0	0.446149763495
15.1489	247.0689	-204.78996	10	1.0	0.0
17.2729	251.1853	-204.419943	26	1.0	0.0
17.267	251.1342	-204.343774	26	1.0	0.0131954414749
17.5431	251.1083	-204.281701	-1	0.0	0.0209586357894
17.3271	251.1638	-204.281514	26	0.974427908993	0.0255720910067
17.2362	251.1406	-204.177922	26	1.0	0.0371252415754
26.6778	251.4174	-204.142731	14	1.0	0.0
26.6612	251.476	-204.075132	15	0.809623816615	0.190376183385
17.2757	249.7996	-204.014677	21	1.0	0.0
26.2962	250.3474	-203.268819	3	1.0	0.149152918134
27.1138	250.2318	-201.108424	-1	0.0	0.288918319757
25.8127	250.4181	-200.474402	3	1.0	0.0489870342846
26.7428	250.0356	-200.244139	3	0.350159768902	0.649840231098
25.8947	250.6114	-200.243686	3	1.0	0.324130452077
25.7758	250.5399	-200.115887	3	1.0	0.0438347881347
15.0645	247.1302	-199.248465	-1	0.0	0.369688958803
17.9016	251.1795	-194.595538	18	1.0	0.422189506145
26.3717	250.3581	-190.504023	3	1.0	0.0594058687354
26.3079	250.3348	-190.343991	3	1.0	0.0225040046721
15.9025	249.3954	-189.11386	5	1.0	0.0
27.7922	249.0492	-188.642857	-1	0.0	0.824081845545
25.9616	250.3065	-188.642145	3	1.0	0.0780044850835
26.874	251.0155	-188.008669	23	0.725104044388	0.274895955612
26.7948	250.972	-187.902446	23	1.0	0.208928909574
26.7716	250.9705	-187.73776	23	1.0	0.112964607779
26.7888	250.9613	-187.616852	23	1.0	0.223221458805
26.7972	251.0072	-187.555686	23	1.0	0.270617469512
26.7633	250.9278	-187.393356	23	0.536962037216	0.463037962784
17.1818	251.1554	-186.769267	26	1.0	0.0794024648568
17.1997	251.1826	-186.696394	26	1.0	0.216712797956
16.4849	250.1982	-186.212288	-1	0.0	0.134950224115
17.2486	249.7602	-186.144998	21	1.0	0.467496408233
25.9369	250.6483	-183.98464	3	1.0	0.588457451803
26.7634	251.0835	-183.932352	23	0.577251065954	0.422748934046
26.4089	251.1561	-183.56484	-1	0.0	0.150393739688
25.7854	250.4399	-183.53033	3	1.0	0.0
25.7857	250.4273	-183.282777	3	1.0	0.0
26.0081	250.4486	-183.278082	3	1.0	0.133972234597
35.0573	247.86	-182.240157	1	1.0	0.0
34.525	248.1631	-182.24015	1	1.0	0.0
26.3881	250.2514	-182.154519	3	1.0	0.106097846558
26.5315	251.2136	-179.192562	17	0.622999023577	0.377000976423
18.1868	253.78	-178.95195	13	1.0	0.402193333881
18.2199	253.8477	-178.95191	13	0.928551705589	0.0714482944113
17.2868	249.7556	-174.18067	21	1.0	0.0104147790448
16.6976	252.3484	-173.274566	9	1.0	0.0
16.8004	252.3226	-173.042294	9	0.352507723114	0.647492276886
17.3368	249.4928	-171.763984	19	1.0	0.0
26.3295	250.3595	-170.135689	3	1.0	0.384783589691
17.2121	251.0347	-169.03814	26	1.0	0.0
17.203	251.0087	-168.898791	26	1.0	0.250856750158
17.3603	249.7584	-158.325381	21	0.560550339212	0.439449660788
17.3779	249.8222	-158.325326	21	0.323813856666	0.676186143334
25.8607	250.4163	-157.358721	3	1.0	0.0489870342846
18.2706	253.963	-156.59101	12	1.0	0.0
18.2298	253.9089	-155.303074	12	0.551381794303	0.448618205697
18.2379	253.9249	-155.133849	12	0.643008625811	0.356991374189
18.2654	253.9476	-154.936528	12	1.0	0.0
25.8639	250.4084	-153.655147	3	1.0	0.0509157846052
17.2671	251.182	-147.31312	26	1.0	0.0
26.2954	250.3179	-146.244926	3	1.0	0.387660920693
16.6637	252.2771	-145.53897	9	0.433695017134	0.566304982866
25.7912	250.4395	-143.796538	3	1.0	0.0
26.8249	251.0695	-142.381635	23	0.53249091778	0.46750908222
25.8478	250.5519	-141.512293	3	1.0	0.0448076346119
25.8376	250.5818	-141.364522	3	1.0	0.137061177063
26.6247	250.1494	-141.318121	3	0.547792346506	0.452207653494
25.8336	250.5337	-141.28279	3	1.0	0.206789009576
25.8377	250.5778	-140.899047	3	1.0	0.137061177063
26.3102	250.3268	-139.987996	3	1.0	0.085803906223
15.603	246.2767	-139.471109	7	0.369828707347	0.630171292653
26.7949	250.9132	-134.810635	23	0.622736427292	0.377263572708
26.781	250.956	-134.758743	23	1.0	0.329265146297
26.7364	250.8711	-134.687293	22	1.0	0.0
27.0668	250.9333	-134.607856	-1	0.0	0.486938426602
26.7634	250.966	-134.607797	23	1.0	0.263129965171
26.4935	251.3196	-132.74617	17	1.0	0.0
26.4883	251.3188	-132.665894	17	0.947756293514	0.052243706486
26.6649	251.4961	-129.996247	15	1.0	0.0
26.6396	251.5193	-129.930062	15	0.742973947211	0.257026052789
26.3658	250.3713	-128.133156	3	1.0	0.058297122316
18.7357	253.6464	-127.748011	-1	0.0	0.704861766508
18.1531	253.7542	-127.71603	13	1.0	0.0
18.1753	253.7993	-127.64143	13	1.0	0.0650169832442
18.5575	253.5947	-127.566596	-1	0.0	0.649437085678
18.1402	253.7529	-127.566297	13	1.0	0.0
17.9862	253.052	-125.320103	8	1.0	0.0
17.9964	253.0566	-125.255324	8	1.0	0.0
25.8833	250.5701	-124.455193	3	1.0	0.0
26.091	250.2731	-123.262428	3	1.0	0.00653175606502
17.208	251.2197	-123.161646	26	1.0	0.127269083066
17.1656	251.162	-123.034469	26	1.0	0.0135121405556
26.249	250.2959	-122.690455	3	1.0	0.0544714420764
26.0942	250.5431	-121.308431	3	0.787933691437	0.212066308563
16.685	252.3459	-119.442648	9	1.0	0.0
16.6763	252.3306	-119.368674	9	1.0	0.0
16.7161	252.5475	-119.364351	9	0.123539255253	0.876460744747
26.2551	250.2022	-118.494503	3	1.0	0.0
18.3011	250.9965	-113.395735	-1	0.0	0.513463068042
18.0431	251.2664	-113.344287	18	0.231990415011	0.768009584989
17.9578	251.1994	-113.34422	18	0.666391922644	0.333608077356
17.8189	251.106	-113.29441	18	0.338522896129	0.661477103871
17.2908	249.7433	-113.250312	21	1.0	0.306832006159
17.4541	249.7724	-113.159692	21	0.249682965887	0.750317034113
17.2383	249.9295	-113.159487	20	1.0	0.0
17.9175	251.1792	-113.152347	18	1.0	0.42086727044
18.1981	251.2325	-113.152317	-1	0.0	0.177792819265
17.1859	250.0735	-113.019515	20	1.0	0.0
17.1831	251.0162	-112.361078	26	0.888393480027	0.111606519973
18.1628	250.4972	-112.24513	-1	0.0	0.509410407956
17.1946	251.1001	-112.244374	26	1.0	0.0765995272898
17.2351	251.1525	-112.190027	26	1.0	0.129777237244
17.1571	251.069	-112.132422	26	0.947128631636	0.0528713683635
17.2307	251.1043	-111.982989	26	1.0	0.0
15.79	244.8567	-111.33864	2	1.0	0.111430059202
26.3588	250.3056	-110.461027	3	1.0	0.484067726095
26.7824	250.9739	-104.756184	23	1.0	0.0
26.6903	250.8506	-104.681382	22	1.0	0.0
26.7558	250.9541	-104.611522	23	0.809242860652	0.190757139348
25.8463	250.3939	-104.210152	3	1.0	0.296313252456
26.4796	250.3121	-103.817299	3	1.0	0.0
15.2382	247.4442	-103.508301	6	0.800751848534	0.199248151466
15.2248	247.4386	-103.456769	6	0.961670261976	0.0383297380238
15.2337	247.4968	-103.456732	6	0.712742656328	0.287257343672
24.9194	251.942	-95.970352	-1	0.0	0.794394520047
25.8724	250.5545	-95.417231	3	1.0	0.0
25.9425	250.3763	-95.178137	3	1.0	0.227078073588
18.1848	253.7852	-94.845876	13	1.0	0.186174659336
18.1816	253.8391	-94.769348	13	1.0	0.299095774229
18.1649	253.789	-94.358114	13	1.0	0.0
17.2262	251.0326	-92.969757	26	1.0	0.0
17.2053	251.0663	-92.002887	26	1.0	0.0
15.6654	246.8723	-87.97285	-1	0.0	0.201213690373
15.1164	246.9638	-87.972506	11	0.355485958166	0.644514041834
26.1251	250.4123	-86.295193	3	1.0	0.0
26.3879	250.3906	-86.172575	3	1.0	0.154024319916
17.2579	249.7762	-85.104478	21	1.0	0.0
17.2034	251.1558	-83.190303	26	1.0	0.219889530126
17.1352	251.4052	-83.136536	26	0.284594781411	0.715405218589
17.2225	251.1586	-83.064931	26	1.0	0.0
17.1154	251.1035	-82.999284	26	0.496627117616	0.503372882384
26.3516	250.2818	-81.686602	3	1.0	0.51588554211
25.9694	250.4034	-79.861568	3	1.0	0.0
16.6813	252.336	-78.963105	9	1.0	0.0
26.0532	250.2689	-78.301455	3	1.0	0.0500569122724
26.4779	250.319	-75.298746	3	1.0	0.0314682091441
17.2703	251.1672	-73.564861	26	1.0	0.0840484545783
17.2465	251.1157	-73.517002	26	1.0	0.0
17.255	251.1616	-73.433659	26	1.0	0.0133872422038
25.8604	250.5276	-71.19165	3	1.0	0.0
25.8426	250.5496	-71.10607	3	1.0	0.0833936387778
18.1675	253.7909	-66.705666	13	1.0	0.0430257402549
18.1626	253.7813	-66.666729	13	1.0	0.0
17.958	251.2356	-66.039581	18	0.503517447913	0.496482552087
25.8334	250.4906	-65.759064	3	1.0	0.0
26.3086	250.2865	-65.139195	3	1.0	0.527667247964
26.3182	250.3669	-65.06058	3	1.0	0.0598208586221
26.2935	250.3169	-64.957821	3	1.0	0.436205448765
26.0701	250.343	-63.262667	3	1.0	0.0
21.2365	255.5943	-62.198893	-1	0.0	0.0670460296368
17.3238	249.8643	-61.666139	21	0.265528717603	0.734471282397
17.5547	250.9728	-61.011973	-1	0.0	0.210356889355
17.2044	250.9841	-61.01176	26	1.0	0.0
17.1579	250.962	-60.958519	26	0.586961886312	0.413038113688
17.2396	251.0482	-60.750421	26	1.0	0.22227461706
17.2116	251.0203	-60.306226	26	1.0	0.0816982442986
16.9698	251.5305	-60.065257	25	0.960573279883	0.039426720117
17.0598	251.5726	-60.043927	25	0.438369920019	0.561630079981
16.9814	251.5438	-59.913802	25	0.822196581862	0.177803418138
26.5373	250.206	-58.132824	3	1.0	0.160411941319
26.3567	250.3471	-52.745261	3	1.0	0.0431926429368
26.2942	250.1988	-52.557043	3	1.0	0.147008231465
26.0856	250.3168	-49.607356	3	1.0	0.0618433538455
27.0791	250.959	-48.65067	-1	0.0	0.406358749175
26.5705	251.2456	-48.581142	17	0.596719968032	0.403280031968
28.9108	250.7862	-48.488382	-1	0.0	0.828479206699
26.5829	251.1536	-48.487882	17	0.597629551547	0.402370448453
26.6302	251.2984	-48.487793	-1	0.0	0.0728615428244
18.0408	253.6991	-48.116389	-1	0.0	0.358997499824
18.1548	253.7754	-48.116341	13	1.0	0.295115492354
18.1932	253.7947	-48.027006	13	1.0	0.191878439652
17.9903	253.043	-45.155745	8	1.0	0.0
17.4178	250.1754	-42.608948	16	0.278290532183	0.721709467817
18.1515	253.7557	-42.301677	13	1.0	0.0
17.2481	251.0778	-40.672711	26	1.0	0.117958179224
17.1393	251.3648	-40.672549	26	0.424484598495	0.575515401505
17.2177	251.056	-40.62285	26	1.0	0.0904556938451
17.1443	251.0385	-40.57764	26	0.639731494739	0.360268505261
15.9558	245.0495	-40.544825	2	0.27004684318	0.72995315682
15.8007	244.8805	-40.544784	2	1.0	0.0
16.4028	253.8918	-40.484438	4	1.0	0.0
16.2329	253.8457	-40.453256	4	1.0	0.0
17.2099	251.0681	-40.065486	26	1.0	0.0
26.7267	250.0937	-39.659169	3	0.547792346506	0.452207653494
16.957	251.2292	-39.4002	24	1.0	0.0
15.7542	244.9149	-38.003649	2	0.908010920151	0.0919890798492
15.7373	244.8609	-37.9715	2	0.87093346669	0.12906653331
18.1864	253.8508	-35.371875	13	0.858316878079	0.141683121921
26.4253	250.3244	-34.979103	3	1.0	0.196135498767
25.9599	250.3186	-34.76117	3	1.0	0.0
26.2921	250.2157	-32.605113	3	1.0	0.0
18.217	253.8226	-32.547436	13	0.790054917117	0.209945082883
18.0757	253.6819	-32.240931	-1	0.0	0.250678195445
17.2772	249.7777	-31.570957	21	1.0	0.125164202541
17.2047	249.6456	-31.52151	21	0.383741788059	0.616258211941
17.272	249.7569	-31.48533	21	1.0	0.0
17.2332	249.7073	-31.39934	21	1.0	0.422525286769
17.2194	251.0326	-28.925852	26	1.0	0.0
26.7992	250.9866	-27.556235	23	1.0	0.196847311687
26.0202	250.4024	-27.102204	3	1.0	0.0667716521095
25.7536	250.3499	-24.234651	3	0.722428913764	0.277571086236
16.6697	252.3457	-22.776696	9	1.0	0.0
26.1504	250.4882	-20.864638	3	0.826171774676	0.173828225324
25.867	250.6695	-20.86453	3	0.768583701179	0.231416298821
25.8731	250.5412	-20.77809	3	1.0	0.062824375314
25.8835	250.5596	-20.69848	3	1.0	0.0271352066153
25.8546	250.5175	-20.628935	3	1.0	0.123105160505
18.1813	253.4248	-19.489087	8	0.127533029912	0.872466970088
18.1443	253.6179	-19.11875	-1	0.0	0.580589269334
25.7949	250.5283	-13.697401	3	1.0	0.0382051706856
26.1009	250.3661	-13.541627	3	1.0	0.0494077403092
25.978	250.2172	-13.444255	3	0.65311354016	0.34688645984
25.9945	250.2428	-13.444196	3	1.0	0.182942014334
26.1095	250.369	-13.311561	3	1.0	0.0
17.2497	249.4897	-12.281978	19	0.767381603331	0.232618396669
17.3457	249.5739	-12.121992	19	0.324040198738	0.675959801262
26.7025	250.346	-10.982664	3	0.514841787021	0.485158212979
25.9757	250.4164	-10.877357	3	1.0	0.0
17.1147	250.9543	-4.19017	26	0.491091641197	0.508908358803
18.2943	253.7929	-4.151312	13	0.484279812801	0.515720187199
17.2756	251.1394	-3.956806	26	1.0	0.0
17.2539	251.1178	-3.777923	26	1.0	0.0
17.3193	249.7352	-2.753529	21	0.88889035696	0.11110964304
26.6936	250.9325	-0.64175	23	0.408240881143	0.591759118857
25.8013	250.5298	-3e-05	3	1.0	0.0382051706856
26.2187	250.2841	2.501349	3	1.0	0.0544714420764
26.3231	250.348	5.409018	3	1.0	0.384783589691
17.9202	251.1207	5.505164	18	0.779591391747	0.220408608253
17.8849	251.1854	5.545072	18	1.0	0.580689256946
17.812	251.0928	5.627122	18	0.301741880832	0.698258119168
17.9176	251.1261	5.938275	18	0.989289729577	0.0107102704226
17.9091	251.0755	5.982877	18	0.368026588658	0.631973411342
15.1489	247.1255	10.067037	-1	0.0	0.0956917501086
15.1132	247.1413	10.13397	-1	0.0	0.204722000529
26.0582	250.2898	14.810663	3	1.0	0.0861606082775
26.5951	249.9501	15.306125	3	0.270677259284	0.729322740716
26.0572	250.3259	15.306351	3	1.0	0.0798271838373
15.9064	249.4001	16.847309	5	1.0	0.0
16.0177	249.58	16.864794	5	0.634899190893	0.365100809107
15.546	246.6829	17.185473	-1	0.0	0.800030766919
17.7514	251.0639	18.861099	18	0.223416271516	0.776583728484
25.8571	250.4649	19.205653	3	1.0	0.249451600756
16.9901	251.2841	25.512622	24	0.948974872409	0.0510251275908
17.1395	250.2386	26.110353	-1	0.0	0.125358015911
25.8143	250.487	28.043212	3	1.0	0.110424258159
25.8551	250.4427	28.155978	3	1.0	0.318774864713
25.688	250.7044	28.156089	3	0.339417458011	0.660582541989
25.8477	250.4973	28.211485	3	1.0	0.0
25.9801	250.4024	29.966119	3	1.0	0.129625345381
17.0284	251.5878	31.457551	25	0.613795006982	0.386204993018
17.0525	251.6104	31.457592	25	0.380232654767	0.619767345233
18.156	253.7822	32.085389	13	1.0	0.0
18.1548	253.7878	32.170287	13	1.0	0.0
18.0999	253.7272	32.217179	13	0.498725893699	0.501274106301
25.9024	250.5251	33.271171	3	1.0	0.00924623023387
27.0015	251.0244	34.384757	-1	0.0	0.26275616715
26.0357	250.4609	34.426444	3	1.0	0.280037402317
17.5566	251.2336	34.457326	-1	0.0	0.111341520939
17.1756	251.1072	34.557843	26	0.870103492524	0.129896507476
26.7779	250.9906	34.577972	23	1.0	0.0
26.273	250.2448	37.282544	3	1.0	0.0593717167557
15.3306	247.4793	37.787005	6	0.339865472576	0.660134527424
15.1402	247.5985	37.787064	6	0.235069182217	0.764930817783
15.1836	247.4708	37.865843	6	1.0	0.0
16.7117	252.3185	39.847558	9	0.681621709618	0.318378290382
16.6666	252.1702	39.949142	9	0.179904031997	0.820095968003
16.7194	252.3776	39.949168	9	0.576089525549	0.423910474451
16.675	252.2806	40.125431	9	0.432833475615	0.567166524385
16.6395	252.2358	40.473093	9	0.312682708003	0.687317291997
26.1152	250.3682	41.279324	3	1.0	0.0
17.6015	250.3584	44.558436	-1	0.0	0.166212976259
26.6125	251.232	44.982119	17	0.493602159691	0.506397840309
17.2594	249.7599	47.248561	21	1.0	0.0771839121614
17.2837	251.2358	52.340584	26	0.540602116078	0.459397883922
17.1643	251.3259	52.377117	26	0.424484598495	0.575515401505
17.288	251.1726	52.442468	26	1.0	0.110184356149
17.3027	251.2015	52.506872	26	1.0	0.208154953487
17.2115	251.1371	52.55779	26	1.0	0.122500215901
17.1781	251.164	52.608268	26	1.0	0.0820037829208
17.2224	251.1633	52.670035	26	1.0	0.182968244387
17.9151	251.1633	52.682397	18	1.0	0.0
18.3822	250.3973	52.919625	-1	0.0	0.262255788268
17.2109	251.1291	52.920549	26	1.0	0.117083203404
17.8956	251.2087	53.156616	18	1.0	0.0
26.0802	250.3183	54.396941	3	1.0	0.0618433538455
26.4397	250.3762	54.793199	3	1.0	0.187646916022
26.3563	250.3202	54.86279	3	1.0	0.433436943046
26.3724	250.3573	54.956225	3	1.0	0.0805122862826
26.2468	250.3621	55.33406	3	1.0	0.0816967378874
26.0986	250.284	55.334085	3	1.0	0.168561729019
18.2019	253.7654	56.191882	13	1.0	0.0977680151217
18.197	253.7603	56.23263	13	1.0	0.24654226254
18.1906	253.734	56.261418	13	1.0	0.239268402101
25.8685	250.4904	56.400194	3	1.0	0.382721541592
25.8885	250.5784	56.773481	3	1.0	0.0
15.3765	246.3338	58.286264	7	0.850387685902	0.149612314098
18.3644	253.7393	62.209236	-1	0.0	0.337186130291
18.0908	253.7574	62.209376	13	0.519944629881	0.480055370119
26.5297	250.2582	64.979729	3	1.0	0.200079653041
26.8453	251.0036	70.222297	23	1.0	0.0
26.8294	250.9912	70.41929	23	1.0	0.0
17.2042	250.8151	70.921466	-1	0.0	0.261280920444
26.0982	250.347	71.48611	3	1.0	0.0
26.0617	250.3185	71.71355	3	1.0	0.22642145965
18.1843	253.8282	75.232489	13	1.0	0.299095774229
18.1734	253.8181	75.317451	13	1.0	0.299095774229
18.1845	253.8283	75.369647	13	1.0	0.299095774229
18.1574	253.8089	75.478284	13	1.0	0.219572770416
26.4006	250.3028	78.303082	3	1.0	0.565612213124
25.841	250.3852	79.47387	3	1.0	0.401252458236
25.8869	250.5436	79.64872	3	1.0	0.0
25.8611	250.4371	79.742685	3	1.0	0.228745077599
17.3155	249.7702	83.462441	21	0.811905744309	0.188094255691
17.186	250.0447	83.46257	-1	0.0	0.00520271432065
17.307	249.7896	83.759768	21	1.0	0.0
25.9539	250.3974	83.917214	3	1.0	0.0697330727108
25.331	251.2558	83.917783	-1	0.0	0.580924207809
25.9853	250.4181	84.585512	3	1.0	0.0
26.1707	250.4289	85.533081	3	1.0	0.15175136277
26.3076	250.3279	86.531898	3	1.0	0.0225040046721
17.3772	251.1622	88.378507	26	0.535831530747	0.464168469253
17.2731	251.1468	88.952119	26	1.0	0.184964628167
18.2898	253.8827	90.383639	12	0.381095207972	0.618904792028
26.3693	251.1397	90.468484	-1	0.0	0.346597406923
26.4881	251.2375	90.52848	17	0.652946600452	0.347053399548
25.1271	251.9971	90.529135	-1	0.0	0.767239885342
15.8224	244.8558	92.062247	2	1.0	0.0
26.6839	251.002	94.926544	-1	0.0	0.165053214017
15.1749	246.983	96.401039	-1	0.0	0.0871310393129
16.9178	252.2647	97.818014	9	0.164308233469	0.835691766531
17.2729	249.7129	103.608579	21	1.0	0.329886647293
18.2422	253.8486	103.637769	13	0.749164319819	0.250835680181
26.0837	250.3354	103.75212	3	1.0	0.0618433538455
26.1143	250.3182	103.855847	3	1.0	0.113372690842
26.3797	250.2939	105.40187	3	1.0	0.505982259092
26.4075	250.4109	105.571658	3	1.0	0.145726701968
26.2709	250.3206	105.628931	3	1.0	0.468262341914
33.9772	256.7473	107.240401	0	0.132668640208	0.867331359792
26.4798	250.3488	114.985823	3	1.0	0.119397348667
25.8825	250.5471	116.097391	3	1.0	0.0
25.8718	250.5255	116.169983	3	1.0	0.0
27.5903	249.5092	116.180852	-1	0.0	0.718315376318
25.6589	250.5129	116.181583	3	0.631917782044	0.368082217956
25.7684	250.5174	116.216816	3	1.0	0.242374830249
25.8962	250.4745	116.235184	3	1.0	0.243513102482
25.8958	250.5198	116.294469	3	1.0	0.119414655427
25.8956	250.5329	116.966941	3	1.0	0.0293023071296
17.9386	251.1236	118.154241	18	0.851551660683	0.148448339317
21.2165	255.6639	120.068096	-1	0.0	0.111441521814
17.9723	252.92	120.284729	8	0.1926303971	0.8073696029
26.0225	250.3168	120.829914	3	1.0	0.0303095822916
26.2448	250.2307	121.635661	3	1.0	0.0
26.4421	250.2921	121.821608	3	1.0	0.0733598487228
26.4142	250.2248	121.897906	3	1.0	0.134784394662
17.2808	249.7487	122.336896	21	1.0	0.117786355475
26.8079	250.9478	122.629957	23	0.935827334411	0.0641726655891
16.9754	251.5582	125.68903	25	0.665038308721	0.334961691279
17.592	251.151	127.285867	-1	0.0	0.0136806732532
17.397	251.2032	127.285999	26	0.453092790978	0.546907209022
17.2622	251.1751	127.374646	26	1.0	0.0
17.2259	251.0941	127.425004	26	1.0	0.114156329007
17.1684	251.0763	127.448096	26	1.0	0.241039686055
17.2519	251.1828	127.49517	26	1.0	0.016979054222
17.2284	251.1484	127.536518	26	1.0	0.0
18.3339	253.9881	129.278304	-1	0.0	0.0973644830045
18.1681	253.8041	131.279167	13	1.0	0.0430257402549
15.2762	246.8099	132.880319	-1	0.0	0.700241044131
15.3737	246.28	133.31836	7	1.0	0.0
17.2912	249.8815	134.00846	21	0.347674026912	0.652325973088
17.7175	249.6797	134.099414	-1	0.0	0.495833414334
17.2175	249.7867	134.099744	21	0.56662859622	0.43337140378
26.0403	250.5084	135.640162	3	0.913329623754	0.0866703762463
17.2585	249.7993	136.083619	21	0.769311563877	0.230688436123
25.7871	250.399	140.116135	3	1.0	0.324648522508
26.1208	250.353	144.678338	3	1.0	0.0
17.2155	249.68	145.787628	21	0.638165202996	0.361834797004
17.2515	249.7054	145.86388	21	1.0	0.367914261108
17.2669	249.7284	146.014369	21	1.0	0.0
17.1736	251.0427	146.187338	26	0.890810869296	0.109189130704
26.0916	250.2754	149.832536	3	1.0	0.168561729019
26.2919	250.5318	152.393684	3	0.551475266111	0.448524733889
17.0004	251.313	152.686964	24	0.561825864896	0.438174135104
17.01	251.2845	152.772443	24	0.948974872409	0.0510251275908
19.0576	249.652	153.935253	-1	0.0	0.0191251400651
17.2325	251.0219	153.936787	26	1.0	0.0635070928929
17.2253	251.0421	154.046429	26	1.0	0.0
17.2765	251.0651	154.269408	26	0.752029360819	0.247970639181
26.7662	251.0214	154.927401	23	1.0	0.298234195054
25.9931	250.3526	155.729549	3	1.0	0.119847645585
25.9809	250.4301	155.786367	3	1.0	0.0607129759218
26.2598	250.2096	155.924388	3	1.0	0.0
18.2174	253.7974	157.985111	13	0.910400452509	0.0895995474909
17.9266	251.1283	159.700933	18	0.989289729577	0.0107102704226
18.0347	251.2151	159.763547	18	0.3315440237	0.6684559763
17.8404	251.0196	159.821737	18	0.250124719399	0.749875280601
17.9258	251.1445	159.821781	18	0.989289729577	0.0107102704226
16.7144	252.3604	161.073997	9	0.761034636078	0.238965363922
15.251	247.5399	163.452049	6	0.547927989294	0.452072010706
15.1596	247.4675	163.517013	6	1.0	0.0
15.2239	247.5464	163.575795	6	0.681001847624	0.318998152376
26.4785	250.345	163.968781	3	1.0	0.249203226079
17.3411	251.3382	165.123442	-1	0.0	0.109470125966
17.3401	250.2957	165.228199	16	0.903396881314	0.0966031186865
26.2625	250.2934	167.321038	3	1.0	0.0930766638907
26.2863	250.2765	167.436829	3	1.0	0.0474412784213
26.301	250.3133	167.518082	3	1.0	0.487147658716
26.3977	250.2579	167.709671	3	1.0	0.157738680656
18.1721	253.817	167.79947	13	1.0	0.322858373416
25.8748	250.5301	167.861869	3	1.0	0.0
15.8428	254.2188	167.902206	4	0.234644978801	0.765355021199
26.7598	251.0071	169.706005	23	0.964595911946	0.035404088054
17.2676	249.7325	169.886087	21	1.0	0.0
17.2646	249.6889	170.162167	21	0.98534927527	0.0146507247304
17.3113	249.7233	170.339022	21	1.0	0.374112960827
26.4574	250.2485	176.988722	3	1.0	0.0377542069679
26.6113	250.2472	177.110575	3	0.747565411244	0.252434588756
26.777	250.9356	178.389962	23	0.730141019429	0.269858980571
15.3725	246.2837	179.935893	7	1.0	0.0
17.2255	249.6597	181.758414	21	0.638165202996	0.361834797004
25.802	250.4634	183.27283	3	1.0	0.0991282724416
18.2089	253.7424	183.918329	13	1.0	0.0
18.1931	253.7382	184.092984	13	1.0	0.0
26.4323	250.3287	186.832486	3	1.0	0.196135498767
18.1499	253.8206	187.792003	13	0.981596270843	0.0184037291571
17.0181	251.5556	192.119994	25	0.539172355235	0.460827644765
16.9625	251.5268	192.148756	25	1.0	0.0
16.9755	251.5219	192.198343	25	1.0	0.0
16.9628	251.5226	192.267365	25	1.0	0.0
17.9731	250.8642	192.345295	-1	0.0	0.480785426916
26.5515	251.1259	192.636249	17	0.568457284489	0.431542715511
25.8797	250.4109	192.98159	3	1.0	0.314531919932
25.8385	250.4194	193.067654	3	1.0	0.0645686242562
25.8859	250.4693	193.330572	3	1.0	0.259284821107
26.4712	250.3055	193.428796	3	1.0	0.0
26.4407	250.2614	193.553996	3	1.0	0.0
26.5608	249.8963	193.738912	3	0.253136692848	0.746863307152
26.314	250.3124	194.587696	3	1.0	0.388630931276
17.3015	249.8602	195.8428	21	0.345379384551	0.654620615449
17.1817	249.7528	195.895988	21	0.348415533722	0.651584466278
17.8252	249.5033	195.940746	-1	0.0	0.546716667612
17.294	249.8581	195.961125	21	0.35975322608	0.64024677392
17.303	249.7292	196.09646	21	1.0	0.226475283235
17.7153	249.6378	196.234203	-1	0.0	0.426282261982
17.2388	249.6744	196.234493	21	0.825996221372	0.174003778628
26.4221	250.3342	201.331484	3	1.0	0.0597125156268
17.2178	251.1052	205.818945	26	1.0	0.114156329007
17.226	251.1433	205.882358	26	1.0	0.228010979228
25.8221	250.4736	207.309894	3	1.0	0.0
17.1941	250.9169	208.252935	26	0.394435785132	0.605564214868
26.363	250.3231	209.250724	3	1.0	0.0338125010005
17.2751	249.7254	210.844528	21	1.0	0.0
17.3792	249.9336	210.927706	-1	0.0	0.108159835889
17.2879	249.7257	210.927712	21	1.0	0.00309098567957
16.2788	253.8552	211.652551	4	1.0	0.0
16.2364	253.8765	211.697951	4	1.0	0.0
18.3935	253.7917	215.448713	-1	0.0	0.247762888818
18.1282	253.7598	215.584063	13	1.0	0.343552671413
18.166	253.8	215.808868	13	1.0	0.0430257402549
17.2801	249.7279	217.721261	21	1.0	0.027102029313
17.7724	250.661	221.675103	-1	0.0	0.633004904323
17.1747	250.9388	221.675521	26	0.550984282379	0.449015717621
26.2642	250.3425	222.370234	3	1.0	0.168189102056
26.208	250.351	222.526381	3	1.0	0.240329138082
26.458	250.267	223.955998	3	1.0	0.0
26.6296	251.1144	224.610594	17	0.464975239215	0.535024760785
25.7589	250.4829	224.8555	3	1.0	0.458139007152
26.7225	250.8726	225.694568	22	1.0	0.0
26.7236	250.8539	225.810279	22	1.0	0.0
17.3658	250.1177	232.306601	16	0.209949351813	0.790050648187
26.9485	250.2494	233.844194	3	0.244851963676	0.755148036324
25.8998	250.535	234.124464	3	1.0	0.0452042485883
16.992	251.214	235.996982	24	1.0	0.0
17.2738	249.7358	239.097045	21	1.0	0.0
17.2372	251.1506	241.060865	26	1.0	0.100392394942
17.2371	251.1939	241.138933	26	1.0	0.2544597146
17.1499	251.3465	241.187517	26	0.382721122753	0.617278877247
17.2269	251.1125	241.25143	26	1.0	0.0
26.4016	250.2913	242.766278	3	1.0	0.505982259092
26.4209	250.5554	242.766385	3	0.542623174141	0.457376825859
17.2783	249.4744	243.731757	19	0.702276159159	0.297723840841
17.318	249.4812	244.111925	19	0.683955772284	0.316044227716
17.2752	249.6727	249.538442	21	0.699355268727	0.300644731273
17.2959	249.7573	255.308968	21	1.0	0.15387693888
26.373	250.2022	255.65056	3	1.0	0.135776973437
26.3476	250.3134	255.72359	3	1.0	0.388630931276
18.2052	253.7421	256.259345	13	1.0	0.0
18.1972	253.7457	256.292982	13	1.0	0.0
18.2006	253.845	256.329454	13	1.0	0.437223067137
25.8395	250.4612	258.76178	3	1.0	0.0509537406129
26.563	250.4525	258.772686	3	0.522504179751	0.477495820249
26.2426	250.3341	263.639584	3	1.0	0.457671757876
26.2677	250.3207	263.70937	3	1.0	0.528281907837
26.3222	250.5335	263.767567	3	0.589047264061	0.410952735939
17.249	251.0029	264.10783	26	0.779207008336	0.220792991664
17.1503	251.0248	264.53072	26	0.670802012785	0.329197987215
26.4709	250.3028	264.608123	3	1.0	0.0
17.0666	250.8874	264.730057	-1	0.0	0.0138176224123
26.7863	251.0012	268.684123	23	1.0	0.107767622216
17.2863	249.7616	270.5704	21	1.0	0.0108864330165
17.248	251.0921	272.930004	26	1.0	0.117958179224
15.0938	246.9428	273.257193	11	0.672243156099	0.327756843901
17.3757	250.3852	273.633595	16	0.244505222791	0.755494777209
17.2878	249.7585	273.748332	21	1.0	0.0
17.3086	250.2573	273.864557	16	0.793652029151	0.206347970849
17.2789	250.2745	274.552723	16	0.758218923294	0.241781076706
26.3375	250.3024	275.088356	3	1.0	0.39798856001
25.8701	250.5217	275.300501	3	1.0	0.153530623385
15.2344	247.5209	277.290378	6	0.710222440513	0.289777559487
15.2886	247.514	277.357424	6	0.535625869979	0.464374130021
25.9582	250.3977	280.672627	3	1.0	0.0343322368915
25.9774	250.3729	280.701141	3	1.0	0.0232495477026
17.2497	249.7384	281.727272	21	1.0	0.304442472528
17.2194	249.7517	281.770661	21	0.646347532694	0.353652467306
17.2681	249.7348	281.828194	21	1.0	0.0
16.99	251.5374	283.315468	25	0.702286398154	0.297713601846
16.9893	251.538	283.35408	25	0.686834148777	0.313165851223
17.1153	251.5053	283.354091	25	0.175096192539	0.824903807461
26.4538	250.2462	284.611702	3	1.0	0.0675185292045
26.4139	250.1197	284.873921	3	0.455111921176	0.544888078824
25.8499	250.5828	286.835064	3	1.0	0.137061177063
17.2311	249.7078	286.849072	21	1.0	0.465136802652
17.9175	249.3569	287.03035	-1	0.0	0.153128248916
25.8576	250.4986	291.769403	3	1.0	0.201952964443
26.4114	250.3809	293.99173	3	1.0	0.220233229731
17.3	249.7144	297.961009	21	1.0	0.330396123468
26.0679	250.4343	301.914892	3	1.0	0.241105140087
26.0568	251.0996	301.915211	-1	0.0	0.530896304298
26.4226	250.2909	303.436556	3	1.0	0.00202528176167
25.8322	250.5111	303.832493	3	1.0	0.0332436849815
15.4919	246.3331	304.256367	7	0.645577735768	0.354422264232
15.5152	246.1524	304.310633	7	0.297242063845	0.702757936155
17.2615	250.9808	305.53508	26	0.641785503456	0.358214496544
17.2175	251.1614	305.761508	26	1.0	0.0
17.2124	251.1784	305.805864	26	1.0	0.109997033576
16.2704	253.8975	306.400294	4	1.0	0.0
15.9953	254.3296	306.400615	4	0.205015314573	0.794984685427
26.4591	250.3245	307.995305	3	1.0	0.196135498767
26.3991	250.3179	308.68116	3	1.0	0.0597125156268
25.8631	250.5508	311.803918	3	1.0	0.0534621386227
18.1623	253.6771	313.691114	-1	0.0	0.104839288188
17.216	249.7111	314.139938	21	1.0	0.454915130313
16.9275	251.2399	315.071727	24	0.972835579441	0.0271644205592
26.7338	251.5047	316.558616	15	0.791254677664	0.208745322336
26.6113	251.3959	316.624901	14	1.0	0.0
25.7918	250.4078	316.886694	3	1.0	0.154774525695
17.2779	249.7584	320.651292	21	1.0	0.0
17.2704	249.7146	320.675135	21	1.0	0.364053065773
17.2707	249.7021	320.70944	21	1.0	0.367914261108
17.2669	249.7519	320.778435	21	1.0	0.18918535762
17.203	250.9887	320.812885	26	1.0	0.0
26.8208	250.9451	321.249025	23	0.936460135354	0.0635398646458
15.4098	246.5304	321.488876	7	0.310260202244	0.689739797756
15.3752	246.3888	321.644938	7	0.805041982242	0.194958017758
26.0778	251.1148	321.723834	-1	0.0	0.522819296233
25.9478	250.9801	321.723841	-1	0.0	0.522819296233
26.0159	250.9533	321.770743	-1	0.0	0.522819296233
26.5891	251.4763	321.877084	14	0.908747618173	0.0912523818273
26.2345	251.1024	322.122201	-1	0.0	0.432852304498
25.8715	251.4786	322.1223	-1	0.0	0.520388691214
25.9899	251.0685	322.167407	-1	0.0	0.522819296233
17.2894	249.7812	323.147344	21	1.0	0.0610604904727
17.2061	250.1221	323.641226	-1	0.0	0.126753721739
17.2967	251.1772	323.895865	26	1.0	0.211797250155
17.2618	251.1516	324.01936	26	1.0	0.184964628167
26.0392	250.2632	325.057574	3	1.0	0.156295773109
26.2399	250.2732	329.006255	3	1.0	0.181593135893
15.1368	247.0455	329.411549	10	0.605722967888	0.394277032112
15.1243	247.0074	329.709462	10	0.471701157995	0.528298842005
18.1475	253.7215	330.005913	13	0.641783591014	0.358216408986
18.16	253.7571	330.085324	13	1.0	0.0
26.4027	250.2796	331.556983	3	1.0	0.0651528739946
26.3935	250.3842	331.632708	3	1.0	0.0281795328703
26.4263	250.3573	331.692981	3	1.0	0.0884944419279
26.3801	250.2383	331.830743	3	1.0	0.157695278133
26.5667	250.3042	335.395812	3	1.0	0.217398681237
17.2818	249.7158	335.515444	21	1.0	0.303500151452
18.0835	249.2461	335.590827	-1	0.0	0.0375494619402
17.2953	249.7093	335.591445	21	1.0	0.454864490544
17.268	249.7434	335.635155	21	1.0	0.195609274479
17.2842	249.7262	335.698436	21	1.0	0.207938848441
17.2744	249.7389	335.805614	21	1.0	0.151785684204
17.2118	251.1224	339.985704	26	1.0	0.0658808667671
18.0083	250.7013	340.090629	-1	0.0	0.480785426916
17.3674	250.3619	340.94507	16	0.26160430907	0.73839569093
25.8003	250.5509	341.955588	3	1.0	0.266168046836
26.457	250.2461	343.373592	3	1.0	0.066418116849
17.2814	249.9955	346.798914	20	1.0	0.0
16.9512	251.4874	347.303899	25	0.511898495488	0.488101504512
16.9679	251.4938	347.35938	25	0.849489968896	0.150510031104
25.8533	250.5306	347.639432	3	1.0	0.0644608552898
18.3873	253.7983	350.131542	-1	0.0	0.318026185225
26.3102	250.2902	350.269601	3	1.0	0.548993928779
26.8391	250.937	350.59339	23	0.781477165703	0.218522834297
17.3015	249.511	351.687596	19	1.0	0.0
16.8926	251.1796	352.224411	24	0.497517570058	0.502482429942
26.6456	250.1479	352.268145	3	0.52018735687	0.47981264313
26.0931	250.2579	355.373085	3	1.0	0.0271003326054
26.291	250.3386	355.590115	3	1.0	0.0
34.5127	257.0917	356.556913	0	0.688832714529	0.311167285471
25.8337	250.5494	359.839847	3	1.0	0.206789009576
19.1224	248.9242	360.44333	-1	0.0	0.149320097372
25.8889	250.591	364.035273	3	1.0	0.129372989327
26.7638	251.2364	364.73024	-1	0.0	0.280338883411
26.7365	251.233	364.780757	-1	0.0	0.187000043863
18.2793	253.8971	364.869443	12	0.442744376963	0.557255623037
26.8892	251.2714	365.130423	-1	0.0	0.397636196589
26.6954	251.5195	366.244098	15	0.889244935355	0.110755064645
17.2642	249.7443	366.763138	21	1.0	0.119404594615
26.7945	250.0929	368.012642	3	0.395229175107	0.604770824893
25.884	250.4241	368.012988	3	1.0	0.131157535531
26.0996	250.3192	377.819093	3	1.0	0.125300455059
17.3114	251.148	379.185538	26	1.0	0.15496155493
17.2181	251.3497	379.185658	26	0.360480658848	0.639519341152
25.8946	250.5119	382.901372	3	1.0	0.115706123395
26.4877	250.2678	383.20026	3	1.0	0.00143632635108
25.8718	250.4905	383.471587	3	1.0	0.0229444824944
17.0096	251.3886	385.808785	25	0.165571755168	0.834428244832
17.2876	251.4114	387.108517	-1	0.0	0.0374193376915
17.3776	251.2068	387.188587	26	0.487806569293	0.512193430707
26.4791	250.3168	387.656116	3	1.0	0.0
17.1559	251.196	387.669153	26	0.734428750396	0.265571249604
18.7694	249.8426	390.034041	-1	0.0	0.427543052746
17.2895	250.2109	390.113555	16	0.370508943388	0.629491056612
17.3175	250.2783	390.177805	16	1.0	0.0
17.2993	249.7904	392.564643	21	1.0	0.0
17.2544	249.7406	392.613493	21	1.0	0.125939850937
17.7407	249.6107	392.699189	-1	0.0	0.311803200873
17.2856	249.7654	392.75187	21	1.0	0.172023188269
17.2695	249.7206	393.074759	21	1.0	0.189975847565
17.1993	250.9895	393.763728	26	1.0	0.0
15.1317	247.0776	395.795207	10	0.95882871321	0.0411712867897
15.134	247.0025	395.904886	10	0.458485881995	0.541514118005
26.778	250.9816	396.595978	23	1.0	0.0
15.8624	244.8634	397.757213	2	1.0	0.281520829936
15.8957	244.8844	397.759897	2	0.692749515364	0.307250484636
26.8399	251.0141	399.718594	23	1.0	0.0492427712183
26.8269	250.9412	400.275399	23	0.936460135354	0.0635398646458
17.2614	249.7329	404.854347	21	1.0	0.0150621115212
15.3773	246.417	406.137923	7	0.805041982242	0.194958017758
15.2526	246.8664	406.702049	-1	0.0	0.551671900109
15.2701	247.5746	408.220638	6	0.315093029765	0.684906970235
15.1891	247.4875	408.294862	6	0.734021129271	0.265978870729
26.5229	250.2205	408.358378	3	1.0	0.0915825963487
17.3236	251.1848	409.47048	26	0.985831456039	0.0141685439611
16.923	251.8636	409.599668	-1	0.0	0.125854157888
17.2918	251.127	409.76813	26	1.0	0.226325350084
26.1271	250.2608	410.027832	3	1.0	0.0846011063619
17.3379	251.1667	410.048897	26	0.916493941525	0.0835060584751
25.8319	250.5115	410.439155	3	1.0	0.15717042766
26.1343	250.3394	410.486754	3	1.0	0.0524571207737
26.8702	249.868	410.518862	3	0.240096114758	0.759903885242
25.7939	250.5115	410.519268	3	1.0	0.0693395348702
17.1872	250.9645	414.918277	26	0.894675067433	0.105324932567
17.3481	250.3497	416.262144	16	0.324714665258	0.675285334742
17.0236	251.5205	418.302342	25	0.481131632849	0.518868367151
16.9978	251.5091	418.486287	25	0.699896973988	0.300103026012
16.9994	251.4616	418.658586	25	0.296498491205	0.703501508795
26.5178	250.2978	420.590077	3	1.0	0.239944406153
26.512	250.1983	420.656263	3	0.886424657961	0.113575342039
27.0853	251.1084	420.758349	-1	0.0	0.564387791875
26.5765	250.4096	420.764819	3	0.554378789219	0.445621210781
26.4852	250.3035	420.85969	3	1.0	0.0
26.7076	251.5153	421.864742	15	1.0	0.0
26.6686	251.4783	422.087992	15	0.932370324495	0.0676296755046
15.0783	246.8941	423.162581	11	0.50325041288	0.49674958712
17.9091	251.1609	423.19222	18	1.0	0.0
18.0391	250.99	423.446367	-1	0.0	0.177160482388
15.0864	246.9267	423.517847	11	1.0	0.0
26.4258	250.2084	423.970955	3	1.0	0.12518406679
17.3641	249.6358	427.858612	19	0.286373706423	0.713626293577
17.4502	250.2167	429.203724	16	0.242254197176	0.757745802824
17.2921	249.7959	429.519181	21	1.0	0.0
17.2017	249.7158	429.700753	21	0.721170011306	0.278829988694
17.3256	249.8122	429.702795	21	0.55892041013	0.44107958987
17.2237	251.0207	435.097717	26	1.0	0.0172966493476
17.2107	250.9064	435.498404	26	0.310777111467	0.689222888533
17.2139	250.9788	435.749228	26	1.0	0.0
26.0494	250.4071	437.825338	3	1.0	0.215769419888
17.3474	250.3119	441.231859	16	0.497216043155	0.502783956845
17.708	250.4421	441.231903	-1	0.0	0.542517444165
18.3919	253.8127	445.676443	-1	0.0	0.391589656902
25.6468	250.5273	446.353418	3	0.596054407605	0.403945592395
25.9771	250.2836	446.484893	3	1.0	0.12221242198
25.8208	250.5015	449.266071	3	1.0	0.0689554776254
17.2795	249.7333	449.701009	21	1.0	0.151785684204
17.2682	249.6869	449.768903	21	0.912503818898	0.0874961811021
17.3181	249.6794	449.883783	21	0.452410349793	0.547589650207
16.9283	251.1884	450.116676	24	0.68637106505	0.31362893495
15.0666	246.9151	450.150945	11	0.979477242686	0.0205227573141
16.9458	251.2026	450.247808	24	1.0	0.0
15.0793	246.9162	450.339745	11	1.0	0.0
25.9645	250.4267	451.438588	3	1.0	0.0444326106283
33.0906	245.6386	451.913746	1	1.0	0.0
25.9694	250.4142	451.915295	3	1.0	0.0
34.3745	257.0844	453.220149	0	0.810909471757	0.189090528243
17.2691	251.1082	459.605681	26	1.0	0.172284226387
17.2016	251.0685	460.294427	26	1.0	0.0
17.2813	251.0972	460.294441	26	1.0	0.203931621917
26.6894	251.5537	461.417168	15	0.523989078765	0.476010921235
26.8261	251.3185	461.417179	-1	0.0	0.366932174878
25.9658	250.9371	463.509933	-1	0.0	0.575437186325
25.7973	250.3549	467.899806	3	0.975110598325	0.024889401675
17.1639	250.8323	469.960746	-1	0.0	0.124006403887
26.4819	250.2773	470.135843	3	1.0	0.0
27.0899	251.0975	471.329558	-1	0.0	0.563722158159
26.8315	250.9929	471.420337	23	1.0	0.0
34.4989	256.9912	473.14756	0	0.59803886731	0.40196113269
21.3352	253.9713	477.449696	-1	0.0	0.0670460296368
21.3476	254.1118	478.499176	-1	0.0	0.0927805092171
17.298	251.1834	479.154241	26	1.0	0.146199719954
17.2897	251.1608	479.189305	26	1.0	0.110184356149
17.2834	251.1658	479.280218	26	1.0	0.0840484545783
17.246	251.0704	479.280228	26	1.0	0.00829354515244
17.2627	251.124	479.343636	26	1.0	0.0
15.108	246.9167	480.731068	11	0.7415116745	0.2584883255
16.9027	251.4209	481.372	25	0.170217977087	0.829782022913
15.3924	246.2945	482.473108	7	1.0	0.0
18.179	253.7202	485.916126	13	0.853744735731	0.146255264269
18.183	253.797	485.969827	13	1.0	0.0735881359738
26.4403	250.1668	486.184513	3	0.844317127675	0.155682872325
34.389	257.0679	486.415759	0	1.0	0.0
26.7079	251.1906	488.365765	-1	0.0	0.164921023952
16.9868	251.3081	489.31178	24	0.643425830168	0.356574169832
16.9661	251.263	489.386812	24	0.948974872409	0.0510251275908
16.9504	251.2314	489.42195	24	1.0	0.0
17.3335	251.1982	489.46096	26	0.783494280053	0.216505719947
26.3802	250.2789	493.55726	3	1.0	0.543160980281
34.4982	257.0646	494.020965	0	1.0	0.0
26.4891	251.8133	494.326594	-1	0.0	0.422055907329
26.6495	251.4177	494.396536	14	1.0	0.0
26.6856	251.5162	494.476144	15	1.0	0.0
25.8453	250.4936	495.789383	3	1.0	0.0
18.0843	250.6658	496.611003	-1	0.0	0.480785426916
17.2979	251.1124	496.611641	26	1.0	0.172120830273
17.2646	251.1779	496.669944	26	1.0	0.0
17.2493	251.1381	496.719707	26	1.0	0.0997312620192
17.2573	251.1158	496.849807	26	1.0	0.0
17.2762	251.1279	496.905476	26	1.0	0.0
17.2585	251.1429	496.95745	26	1.0	0.24796249839
17.2404	251.0977	497.039347	26	1.0	0.0
17.2425	251.1064	497.104423	26	1.0	0.0
26.441	250.5007	497.66225	3	0.589047264061	0.410952735939
26.5195	250.3056	498.911826	3	1.0	0.159101913863
15.7556	248.1334	499.787961	-1	0.0	0.66778072045
26.1417	250.4165	500.679082	3	1.0	0.0
26.2865	250.4397	500.709997	3	1.0	0.0858902097261
34.4749	257.0807	501.539729	0	1.0	0.0
17.3078	250.2766	502.941303	16	1.0	0.0
17.3431	250.2766	503.166912	16	1.0	0.0
17.3659	251.0506	509.829111	26	0.300298691422	0.699701308578
17.2864	251.096	510.325822	26	0.942551745229	0.0574482547708
18.2118	250.5419	510.718635	-1	0.0	0.480785426916
17.2248	251.0651	510.719345	26	1.0	0.0
26.6004	250.332	510.776148	3	0.833431604206	0.166568395794
26.4309	250.2254	510.896497	3	1.0	0.229095194843
15.0644	246.9038	512.262402	11	0.761725890184	0.238274109816
15.0805	246.9302	512.366881	11	1.0	0.0
15.0829	246.8546	512.481435	-1	0.0	0.259386008248
15.0874	246.9208	512.481465	11	1.0	0.0
16.9276	251.4577	513.225893	25	0.289864543893	0.710135456107
17.4006	251.2567	513.269878	26	0.360863011513	0.639136988487
17.277	249.7616	515.672528	21	1.0	0.0
17.5655	249.6908	515.703037	-1	0.0	0.241894864508
17.2082	249.6768	515.703233	21	0.542184389539	0.457815610461
18.2644	253.8296	517.444418	13	0.602413112465	0.397586887535
17.2304	249.539	519.416829	19	0.467539102962	0.532460897038
17.2521	249.5164	519.559486	19	0.810870024968	0.189129975032
17.3036	249.7641	521.399276	21	1.0	0.297031008689
17.2812	249.7507	521.481356	21	1.0	0.116890718309
17.3262	251.1591	523.838892	26	1.0	0.246266411557
17.205	251.0369	523.961293	26	1.0	0.0
25.7747	250.4336	523.988382	3	1.0	0.0
25.8034	250.4782	524.042644	3	1.0	0.0670792650084
17.1742	251.0507	524.361323	26	0.947128631636	0.0528713683635
18.1872	253.7601	526.308627	13	1.0	0.00182080626321
15.8255	244.7201	526.866492	2	0.364256152057	0.635743847943
26.5379	250.247	528.086623	3	1.0	0.0261567254635
17.3194	250.2557	528.761267	16	0.777337690062	0.222662309938
18.2859	249.5798	528.873075	-1	0.0	0.250202615173
26.3601	250.4265	530.99796	3	1.0	0.203278421781
18.2496	253.7633	535.599927	13	0.945488150746	0.0545118492536
17.4945	250.9486	536.399813	-1	0.0	0.152426461914
26.4633	250.2793	538.478112	3	1.0	0.0
26.5699	250.3466	538.584058	3	1.0	0.199074442045
17.4056	251.2525	538.777886	26	0.390227857077	0.609772142923
25.7781	250.43	540.843634	3	1.0	0.0
16.2985	244.6368	542.849661	2	0.114478986697	0.885521013303
15.8302	244.8339	542.852402	2	1.0	0.0793242106268
25.971	250.3269	544.023079	3	1.0	0.0
26.0796	250.3382	544.361216	3	1.0	0.0782161745557
25.9493	250.3478	544.656832	3	1.0	0.0296454828046
17.1933	251.1144	547.700395	26	1.0	0.175198915097
17.1717	251.1477	547.871029	26	1.0	0.0135121405556
17.2496	249.7812	551.58101	21	0.899980209719	0.100019790281
25.7475	250.4104	552.338181	3	1.0	0.383243288881
26.557	250.3221	558.926673	3	1.0	0.0150610150898
26.4836	250.2968	559.202582	3	1.0	0.122437832399
26.9212	250.9239	560.904237	-1	0.0	0.0652487734687
26.837	250.8944	561.128263	23	0.494999209122	0.505000790878
26.8368	250.8902	561.377158	23	0.438382422198	0.561617577802
17.2739	251.1188	562.539674	26	1.0	0.0
17.9258	251.0766	564.509064	18	0.376262583036	0.623737416964
17.3343	250.2749	565.936081	16	1.0	0.0
17.5636	250.1572	566.187584	-1	0.0	0.26732392643
17.2552	249.7061	566.211335	21	1.0	0.418171736871
15.3135	246.2191	567.051215	7	0.516134816703	0.483865183297
15.3423	246.2714	567.179224	7	1.0	0.0
15.3805	246.311	567.304334	7	1.0	0.0
16.9723	251.5013	568.339644	25	0.784535992279	0.215464007721
16.9662	251.4986	568.445516	25	0.886197056389	0.113802943611
17.2097	250.9824	568.722264	26	1.0	0.0
17.2503	249.6879	574.839917	21	0.905192906645	0.0948070933546
26.0785	250.2933	576.573798	3	1.0	0.168561729019
15.7085	248.0839	577.003786	-1	0.0	0.635631136857
15.1352	246.9446	577.338919	11	0.450997247054	0.549002752946
15.091	246.9354	577.486361	11	0.963301522637	0.036698477363
15.1007	246.925	577.674634	11	0.963301522637	0.036698477363
15.0779	246.9244	577.79014	11	1.0	0.0
15.0623	246.9072	577.867946	11	0.717705620726	0.282294379274
25.8108	250.5909	577.991877	3	1.0	0.157906078098
25.8293	250.5857	578.23059	3	1.0	0.137061177063
34.4891	257.0123	578.384094	0	0.786548485038	0.213451514962
25.8434	250.5929	578.59417	3	1.0	0.19277669909
25.8322	250.4093	579.318868	3	1.0	0.0489870342846
15.2917	247.2074	583.315835	-1	0.0	0.678970307148
17.3482	250.2767	584.692418	16	0.903396881314	0.0966031186865
17.3132	250.2846	584.741586	16	1.0	0.0
17.2816	251.1515	586.303392	26	1.0	0.0698511654567
17.2675	251.1226	586.341125	26	1.0	0.0
17.2513	251.1191	586.415049	26	1.0	0.0
17.2669	251.1309	586.512317	26	1.0	0.0
17.2419	251.1215	586.564656	26	1.0	0.0234361417913
17.0019	251.2177	586.726353	24	0.904662896052	0.0953371039484
17.2752	249.5693	587.704368	19	0.378018291742	0.621981708258
18.275	253.8452	590.351405	13	0.557735440464	0.442264559536
17.9526	254.4104	590.351801	-1	0.0	0.500010284996
26.6842	251.5016	590.459981	15	1.0	0.0
18.2654	253.802	590.676346	13	0.647353008466	0.352646991534
18.1564	254.696	590.676789	-1	0.0	0.0911275490809
17.6202	254.0153	590.676818	-1	0.0	0.311437066619
15.4032	246.384	591.780815	7	0.769227793607	0.230772206393
26.834	250.9268	596.677044	23	0.627496206706	0.372503793294
26.808	250.9039	596.742727	23	0.591641408675	0.408358591325
17.3519	249.7694	596.935142	21	0.638924456306	0.361075543694
17.5022	250.3572	597.200185	16	0.244748987386	0.755251012614
15.0878	246.8723	599.632612	11	0.298133750414	0.701866249586
