26.0982	250.347	0.002331	7	1.0	0.0
15.7999	244.8097	-598.263899	2	0.710180547506	0.289819452494
15.864	244.7223	-598.259554	2	0.204124249878	0.795875750122
26.2702	250.3906	-597.516765	7	1.0	0.0149895878071
18.7324	258.5182	-592.29402	5	0.396478529024	0.603521470976
18.2436	253.7713	-591.138103	13	1.0	0.0
18.1724	254.0429	-591.116506	-1	0.0	0.551230054006
26.8132	251.0182	-590.221368	23	1.0	0.182519544629
17.1838	251.2342	-588.225345	27	0.994570668336	0.00542933166422
17.2143	251.2216	-588.165971	27	1.0	0.0
17.0688	250.9831	-588.101541	27	0.323411412175	0.676588587825
17.1985	251.2424	-588.101515	27	0.870967615275	0.129032384725
17.1404	251.1725	-587.615943	27	0.776014789953	0.223985210047
17.1451	251.2095	-587.202015	27	0.559884039677	0.440115960323
17.2176	251.2711	-587.196444	27	0.47156762319	0.52843237681
26.4363	251.2784	-586.530363	-1	0.0	0.00203898231308
26.5493	251.3398	-586.429379	18	1.0	0.0
26.5203	251.3007	-586.043671	18	1.0	0.0
26.5054	251.3151	-585.866059	18	1.0	0.0
25.9776	250.3751	-585.133801	7	1.0	0.0103787464
25.9804	250.3327	-585.010803	7	1.0	0.0
26.2023	250.2998	-584.729599	7	1.0	0.187769612824
25.8965	250.611	-584.666678	7	1.0	0.272598279318
25.8828	250.5393	-584.575371	7	1.0	0.0
25.9968	250.6717	-584.505122	7	0.59712316471	0.40287683529
26.0394	250.4184	-584.373523	7	1.0	0.0
26.7948	250.9879	-584.141681	23	1.0	0.00320981316368
17.2799	249.5036	-582.211477	19	1.0	0.0
26.3283	250.308	-580.696295	7	1.0	0.374555935118
26.3396	250.2893	-580.628764	7	1.0	0.530186680183
26.1479	250.7861	-580.504356	-1	0.0	0.00558091632866
17.9572	253.2453	-579.151502	10	0.166937577769	0.833062422231
25.4989	250.8004	-579.036607	7	0.296406417395	0.703593582605
25.8834	250.5493	-577.330841	7	1.0	0.000793120067931
25.891	250.582	-577.226341	7	1.0	0.216259632988
25.8603	250.5529	-577.047809	7	1.0	0.0448076346119
26.2853	250.2701	-575.44305	7	1.0	0.0684641696132
17.9294	251.3782	-574.92142	-1	0.0	0.33643860681
17.2665	249.8238	-574.350693	25	0.540740927031	0.459259072969
16.825	250.6641	-574.350279	-1	0.0	0.277227764915
18.2364	253.8042	-574.083667	13	1.0	0.0
18.6757	253.5971	-574.025475	-1	0.0	0.703247276869
27.399	250.7142	-572.053062	-1	0.0	0.487215595493
26.2898	250.3487	-571.674023	7	1.0	0.196769435317
18.7386	258.7369	-569.179356	5	0.343697643049	0.656302356951
18.6913	258.8453	-569.179271	5	0.149472069752	0.850527930248
25.9885	250.4423	-568.239489	7	1.0	0.0027898527834
26.0073	250.3789	-568.201569	7	1.0	0.0
26.613	251.1837	-563.407827	18	0.829567093447	0.170432906553
26.6134	251.4265	-563.407776	16	1.0	0.0
26.7886	251.0247	-562.569838	23	1.0	0.0634845560605
17.3314	250.1793	-561.191059	15	0.387168493235	0.612831506765
26.757	250.3059	-560.965875	7	0.41021006593	0.58978993407
16.9978	251.5843	-560.40856	21	0.519669443098	0.480330556902
17.2292	251.2074	-560.010193	27	1.0	0.594889437006
17.1964	251.1577	-559.976638	27	1.0	0.0960155810572
17.2591	251.2214	-559.902542	27	0.822929684768	0.177070315232
15.6344	247.2745	-559.05367	3	0.893970609505	0.106029390495
17.2629	249.7477	-555.456664	25	1.0	0.318616139588
17.2602	249.7249	-555.396902	25	1.0	0.121053626293
17.2315	249.7203	-555.33553	25	1.0	0.561884169092
15.784	244.8966	-553.559196	2	0.855183052251	0.144816947749
18.1477	253.9636	-550.957042	-1	0.0	0.358763727043
18.8069	253.7211	-550.868524	-1	0.0	0.772857627551
26.3052	250.3448	-550.115299	7	1.0	0.196769435317
26.5902	250.4957	-550.055513	7	0.4128275663	0.5871724337
26.2949	250.3326	-549.714598	7	1.0	0.0
15.8475	249.3792	-549.119069	8	1.0	0.0
25.9983	250.3859	-546.912159	7	1.0	0.0
25.9775	250.434	-546.875367	7	1.0	0.183015966619
26.0426	250.4285	-546.804343	7	1.0	0.0
26.1998	250.4105	-546.795932	7	1.0	0.0289463029187
26.1372	250.4	-546.635336	7	1.0	0.0
26.127	250.3749	-546.635281	7	1.0	0.0494077403092
26.2298	250.3324	-544.711948	7	1.0	0.101087501398
26.2791	250.3654	-544.656146	7	1.0	0.00945663407918
26.2579	250.3991	-544.530551	7	1.0	0.0739815009864
26.2957	250.3387	-540.174253	7	1.0	0.0
17.9274	251.18	-539.875079	14	0.483194439067	0.516805560933
17.2441	251.1729	-536.96607	27	1.0	0.124445976483
17.3046	251.2322	-536.966059	27	0.518842393273	0.481157606727
17.222	251.4643	-536.965996	-1	0.0	0.0349742785788
17.1678	251.2517	-536.867291	27	0.567143166455	0.432856833545
17.5505	251.0446	-536.764257	-1	0.0	0.247608286366
26.0514	250.4389	-536.731385	7	1.0	0.101708095431
17.2146	251.202	-536.666476	27	1.0	0.244343355868
16.5309	252.673	-535.180638	11	0.0512455086696	0.94875449133
16.7214	252.4202	-535.127692	11	0.219057694787	0.780942305213
34.372	257.1525	-533.728108	0	0.694455618289	0.331949321067
26.549	251.2842	-533.449211	18	0.990662508109	0.00933749189134
26.5772	251.3515	-533.384128	-1	0.0	0.165727584524
26.4161	251.2219	-533.384119	-1	0.0	0.087504104926
25.8748	250.6074	-530.417976	7	1.0	0.22414653392
25.9138	250.5721	-530.159382	7	1.0	0.00968944369373
25.9311	250.6257	-530.069528	7	1.0	0.392162793842
18.2102	253.7406	-527.96122	13	1.0	0.0
17.9152	251.1637	-524.151328	14	1.0	0.0
17.8888	251.17	-524.069306	14	0.514487533756	0.485512466244
17.9118	251.166	-523.974972	14	1.0	0.0
17.9125	251.2167	-523.609562	14	0.416812517585	0.583187482415
25.8266	250.5236	-522.111265	7	1.0	0.0909461472751
25.832	250.4912	-522.041969	7	1.0	0.0304635742435
25.7193	250.5727	-521.995836	7	0.803261030836	0.196738969164
25.7572	250.7718	-521.995753	7	0.31934324283	0.68065675717
26.5811	249.7268	-521.585781	-1	0.0	0.43274886959
25.7641	250.1266	-521.585534	7	0.29028579357	0.70971420643
17.2597	249.7057	-520.570588	25	1.0	0.42788976819
17.2039	250.0405	-520.570482	-1	0.0	0.225625568218
26.4884	250.269	-520.443447	7	1.0	0.0
16.9996	251.5648	-518.792871	21	0.601209299134	0.398790700866
16.1902	251.8059	-518.744942	-1	0.0	0.148327209991
17.033	251.6074	-518.68938	21	0.441673983798	0.558326016202
15.6716	244.7469	-517.76565	2	0.214659247269	0.785340752731
18.2052	253.6537	-517.740733	-1	0.0	0.395922954337
18.2481	253.7301	-517.740708	13	0.648635493045	0.351364506955
15.8102	244.8606	-517.718729	2	1.0	0.0
18.2534	253.7499	-517.69214	13	0.829683582099	0.170316417901
15.7515	244.9512	-517.659642	2	0.370308663923	0.629691336077
15.7606	244.8309	-517.381888	2	0.633617607599	0.366382392401
15.8139	244.8479	-517.28507	2	1.0	0.0
18.3448	253.598	-517.018086	-1	0.0	0.635980912107
34.4955	257.246	-515.817779	0	0.412788169092	0.602907069429
17.1595	251.0855	-515.033049	27	1.0	0.139874023235
17.2529	251.156	-514.963992	27	1.0	0.0226232441447
17.2191	251.1738	-514.474659	27	1.0	0.0259401057007
25.8524	250.5659	-508.578728	7	1.0	0.122631688883
25.8495	250.4875	-508.508966	7	1.0	0.235331527974
18.8545	258.6187	-508.411215	5	0.754086037928	0.245913962072
25.8267	250.4946	-508.356075	7	1.0	0.265758968098
26.8539	251.1111	-506.331215	-1	0.0	0.0168002496668
26.7474	251.0312	-506.28057	23	0.683279791007	0.316720208993
17.3119	249.5072	-505.408567	19	1.0	0.0
17.2643	249.4941	-505.370453	19	0.884285000384	0.115714999616
17.9015	249.2129	-505.112787	-1	0.0	0.219129290086
25.9445	250.3499	-504.540867	7	1.0	0.0539177804762
26.2415	250.2985	-503.101825	7	1.0	0.110016689717
26.2526	250.335	-502.777027	7	1.0	0.465569218728
26.3097	250.335	-502.467015	7	1.0	0.0764374476119
26.8009	251.0012	-496.546854	23	1.0	0.15534275049
17.8879	251.1412	-495.588903	14	0.346344117196	0.653655882804
25.5546	250.8477	-495.253591	7	0.268458426075	0.731541573925
17.1726	251.1378	-494.810758	27	0.962831889775	0.0371681102245
26.2797	251.1495	-494.464057	-1	0.0	0.461861995918
25.9021	250.5864	-492.853594	7	1.0	0.216259632988
26.8737	251.0517	-490.552968	23	0.438047114722	0.561952885278
26.2801	250.3433	-485.805264	7	1.0	0.0140111837
26.3138	250.3593	-485.703483	7	1.0	0.390526848788
26.3193	250.3262	-485.566841	7	1.0	0.264369317125
26.4799	251.2156	-482.745948	18	0.950709207353	0.0492907926474
17.264	249.762	-482.393886	25	1.0	0.162587167873
17.1564	249.67	-482.267678	25	0.380713563242	0.619286436758
17.2122	251.1756	-481.419318	27	1.0	0.043086319796
17.1687	251.1301	-481.330533	27	0.872769170546	0.127230829454
17.2061	251.1959	-481.260983	27	1.0	0.244343355868
17.4728	251.2241	-481.18974	27	0.430453414427	0.569546585573
16.8998	251.6758	-481.189441	-1	0.0	0.270241337943
26.5764	250.1795	-481.094417	7	0.873894665461	0.126105334539
26.1285	250.437	-481.094247	7	1.0	0.0
17.2127	251.2207	-481.053059	27	1.0	0.0
17.2893	251.1585	-481.053051	27	1.0	0.0
26.0548	250.3829	-481.027474	7	1.0	0.00126789163636
26.0224	250.3845	-480.955733	7	1.0	0.0
26.835	251.0191	-479.819314	23	1.0	0.0289940036904
16.6355	252.2857	-479.725903	11	0.319481876311	0.680518123689
17.0102	251.5572	-479.644135	21	0.601209299134	0.398790700866
16.9711	251.5174	-479.516243	21	1.0	0.0
18.1892	253.8263	-475.705889	13	1.0	0.324498002394
26.2623	250.3481	-475.524888	7	1.0	0.312915747165
34.4966	257.1216	-474.252828	0	1.0	0.0
34.4893	257.1186	-474.202737	0	1.0	0.0
26.6802	251.0744	-472.159054	-1	0.0	0.18289168653
26.6632	251.066	-471.800761	-1	0.0	0.0320850449121
15.8539	244.9359	-470.616193	2	0.402274530871	0.597725469129
15.7902	244.9307	-470.560924	2	0.598546742336	0.401453257664
17.2791	249.8048	-469.550774	25	1.0	0.0330748748059
17.2373	249.7483	-469.357388	25	1.0	0.570396561948
17.4343	249.7774	-469.279118	-1	0.0	0.147871878861
17.2792	251.2717	-467.590173	27	0.375653146226	0.624346853774
21.379	254.2175	-461.10575	-1	0.0	0.111441521814
17.1633	251.0672	-459.532909	27	1.0	0.139874023235
26.5236	251.1391	-459.33531	18	0.798408853846	0.201591146154
17.2169	251.1176	-459.287337	27	1.0	0.164721533203
26.6138	251.4311	-459.205331	16	1.0	0.0
26.7561	251.056	-459.197709	23	0.616418194605	0.383581805395
26.6917	250.9222	-459.139032	-1	0.0	0.0199612549401
26.774	251.0597	-458.94874	23	0.568621020454	0.431378979546
26.2274	250.3439	-458.568425	7	1.0	0.544607012509
26.2929	250.3323	-458.368562	7	1.0	0.132233220689
26.1891	250.2684	-458.250913	7	1.0	0.187769612824
26.6741	251.487	-457.809538	17	1.0	0.0
26.2001	250.4663	-456.433438	7	1.0	0.0832187145713
26.6998	250.9214	-456.075093	22	0.822628963324	0.177371036676
17.3406	249.7493	-455.83494	25	0.744525417306	0.255474582694
16.8828	250.0284	-455.834631	-1	0.0	0.556898463481
26.2728	250.4059	-451.131044	7	1.0	0.123266073748
26.6502	250.9579	-448.228198	-1	0.0	0.165053214017
17.2186	251.2229	-447.640751	27	1.0	0.0
18.2182	253.7573	-445.458865	13	1.0	0.26045015329
17.2832	251.1874	-444.779855	27	1.0	0.0236413264564
17.1671	251.3961	-444.779769	26	0.91061182417	0.0893881758299
18.7267	259.2964	-442.819504	4	0.78316051859	0.21683948141
18.8215	259.3325	-442.819484	4	0.606033815215	0.393966184785
17.2783	249.7566	-441.524985	25	1.0	0.0
18.2592	253.9615	-439.835856	12	1.0	0.0
18.2441	253.9668	-439.73497	12	1.0	0.0
17.9191	251.2265	-439.365963	14	0.294368517143	0.705631482857
18.8092	258.6768	-439.045576	5	0.616849690446	0.383150309554
18.7744	258.5856	-438.888911	5	1.0	0.0906974019634
26.2613	250.3938	-436.694571	7	1.0	0.0149895878071
26.2725	250.3458	-436.597803	7	1.0	0.0
25.9144	250.5031	-435.860611	7	1.0	0.234058642068
25.8945	250.5331	-435.860567	7	1.0	0.0
17.0141	251.5818	-435.370708	21	0.490976349649	0.509023650351
18.3891	250.6812	-435.346112	-1	0.0	0.509410407956
26.2167	250.4547	-435.106343	7	1.0	0.151361863352
25.8169	250.108	-431.778048	7	0.307286332794	0.692713667206
26.3226	250.2729	-430.815633	7	1.0	0.076358776247
26.2427	250.2704	-430.722605	7	1.0	0.222519763825
27.054	251.0434	-429.119834	-1	0.0	0.259190720555
26.5131	251.0893	-428.936585	-1	0.0	0.247100113044
17.2227	251.074	-428.909556	27	1.0	0.0
17.2517	251.1632	-428.819636	27	1.0	0.0152634595609
16.9094	251.809	-428.819282	-1	0.0	0.488372647171
26.583	251.2014	-428.786619	18	0.990662508109	0.00933749189134
25.9638	250.9918	-428.499227	9	1.0	0.0
17.3772	249.8078	-428.148309	-1	0.0	0.0197584113829
17.3278	249.792	-428.078967	25	0.700815312712	0.299184687288
17.2546	249.7362	-428.018553	25	1.0	0.207604706358
17.2084	249.9469	-427.906379	-1	0.0	0.31163802232
34.4998	257.1984	-424.338749	0	0.668370914517	0.357042219167
25.8	250.4555	-423.908654	7	1.0	0.283215865897
25.853	250.4998	-423.813225	7	1.0	0.0
25.699	250.8328	-423.813177	7	0.336999903402	0.663000096598
25.7548	250.4544	-423.767562	7	1.0	0.29985383993
19.2216	253.0144	-423.730219	-1	0.0	0.0499686370239
25.8449	250.4928	-423.68366	7	1.0	0.0
18.1755	253.7892	-423.591412	13	1.0	0.0
26.7243	251.3384	-422.759586	-1	0.0	0.318298168069
17.322	249.5118	-422.387678	19	1.0	0.0
15.8332	244.7924	-420.833109	2	0.493768354844	0.506231645156
15.825	244.8425	-420.755518	2	1.0	0.0
15.8237	244.8296	-420.678224	2	0.875100299425	0.124899700575
15.8878	244.9479	-420.440924	2	0.322349347768	0.677650652232
15.7557	244.8055	-420.440909	2	0.479348404619	0.520651595381
15.8762	244.8239	-420.104931	2	0.530975083886	0.469024916114
18.4872	253.6936	-418.036858	-1	0.0	0.625925056985
15.9283	242.5373	-417.815618	-1	0.0	0.407740680282
15.6258	242.3922	-417.815538	-1	0.0	0.450748335416
15.5782	242.3174	-417.681873	-1	0.0	0.468986169766
17.27	249.7267	-416.363813	25	1.0	0.0323013772888
15.6346	247.3278	-416.17679	3	0.956838942441	0.0431610575591
16.7136	252.3974	-415.68886	11	0.32111849222	0.67888150778
25.9822	250.2886	-415.594831	7	1.0	0.208336407472
25.8899	250.5767	-410.989893	7	1.0	0.216259632988
26.3322	250.4561	-410.050038	7	0.720278066509	0.279721933491
17.3635	250.2029	-403.508434	15	0.444353433325	0.555646566675
17.5102	250.2854	-403.21326	-1	0.0	0.0634186116859
17.3402	250.2238	-403.213166	15	0.470632650447	0.529367349553
18.7744	258.5685	-398.779938	5	1.0	0.0
25.7909	250.5269	-395.664493	7	1.0	0.085247166013
26.3188	250.3393	-392.765409	7	1.0	0.191276933901
26.3463	250.3236	-392.623461	7	1.0	0.47164574947
26.3273	250.2747	-392.310267	7	1.0	0.518838079097
17.931	251.2006	-392.228633	14	0.386362220997	0.613637779003
17.9187	251.1669	-392.161923	14	1.0	0.0
17.0088	251.6069	-391.820176	21	0.519669443098	0.480330556902
25.8649	250.5324	-390.654774	7	1.0	0.0
17.2815	251.1922	-390.304244	27	1.0	0.182606075093
25.9925	250.3116	-388.748666	7	1.0	0.0
25.9881	250.3278	-388.542632	7	1.0	0.0
26.1313	250.4636	-388.422193	7	1.0	0.138739592019
26.0477	250.4246	-388.422156	7	1.0	0.0
18.1735	253.7592	-386.454999	13	1.0	0.210099108068
18.8155	258.7263	-382.270807	5	0.43021558561	0.56978441439
19.4274	258.3464	-382.107294	-1	0.0	0.594485818942
18.2881	253.9747	-377.567778	12	0.908576433372	0.0914235666279
18.2416	253.9074	-377.111774	12	0.914342661737	0.0856573382631
26.7981	251.0663	-374.728545	23	0.616418194605	0.383581805395
25.8117	250.1992	-371.300336	7	0.392487015193	0.607512984807
25.7597	250.0189	-371.253647	-1	0.0	0.220137475621
19.0972	259.2765	-369.706387	4	0.169203251604	0.830796748396
26.2645	250.3521	-367.34696	7	1.0	0.387796650554
26.2768	250.2884	-367.214107	7	1.0	0.0441279923528
18.0959	253.795	-364.264697	13	0.470770815053	0.529229184947
15.7726	244.881	-362.583183	2	0.790700388051	0.209299611949
17.8622	253.0888	-362.546126	10	0.38818019161	0.61181980839
17.9995	253.0718	-362.546123	10	1.0	0.0
18.5572	252.7693	-362.493661	-1	0.0	0.444261037348
17.3107	249.7848	-362.481172	25	1.0	0.00103226651699
17.9821	253.0715	-362.447121	10	1.0	0.0
26.8324	250.9986	-362.427337	23	1.0	0.0
17.3035	249.8084	-362.386698	25	0.966191318207	0.0338086817927
26.8278	250.9944	-362.364301	23	1.0	0.0
26.8194	250.961	-362.258864	23	1.0	0.0635398646458
26.8172	251.0308	-361.968333	23	0.816889318161	0.183110681839
25.8684	250.4925	-361.267844	7	1.0	0.330224079695
25.804	250.47	-361.195411	7	1.0	0.0482811226103
25.9047	250.5138	-360.900024	7	1.0	0.172650900354
25.8525	250.5023	-360.641891	7	1.0	0.213344684183
25.8696	250.4668	-360.405598	7	1.0	0.138547069945
26.2983	250.2599	-357.744278	7	1.0	0.0568997344967
26.0042	250.4526	-357.440635	7	1.0	0.186693296195
17.3515	249.7723	-354.68094	25	0.574922135351	0.425077864649
26.2348	250.2102	-353.455399	7	1.0	0.0222190367089
26.2522	250.3783	-352.795741	7	1.0	0.0149895878071
26.5909	251.1658	-351.450728	18	0.878843967966	0.121156032034
26.5112	251.2539	-351.421843	18	0.956306318009	0.0436936819912
18.1569	253.7743	-350.165638	13	1.0	0.354704740006
18.1586	253.8043	-350.123007	13	1.0	0.135469300267
18.1514	253.7552	-350.065368	13	1.0	0.0
18.7305	258.7041	-349.198824	5	0.518685674627	0.481314325373
18.6683	258.6625	-349.160457	5	0.358360804594	0.641639195406
26.3232	250.3299	-347.155535	7	1.0	0.166787304191
16.7977	258.439	-347.130321	-1	0.0	0.856159858247
17.2417	251.1038	-346.568789	27	1.0	0.110215359575
17.2484	249.7784	-345.6444	25	0.886462368235	0.113537631765
17.2616	249.7883	-345.562721	25	1.0	0.573311147515
18.742	259.2523	-345.55185	4	1.0	0.0
17.2656	249.7585	-345.205539	25	1.0	0.113509535659
26.0872	250.2974	-342.47107	7	1.0	0.0354784427597
32.4473	246.6396	-342.449732	1	0.25818020605	0.74181979395
26.0126	250.3911	-342.44895	7	1.0	0.0
26.1136	250.3621	-342.194835	7	1.0	0.0
26.317	250.3004	-336.488159	7	1.0	0.374555935118
26.3564	250.2913	-336.339937	7	1.0	0.483127492397
15.8951	249.4152	-333.389368	8	1.0	0.0
17.2602	251.069	-332.223223	27	1.0	0.162548355301
17.0863	251.5372	-331.915728	21	0.302036283002	0.697963716998
17.2905	249.7037	-328.440467	25	1.0	0.536537247696
17.8998	251.1502	-326.384923	14	0.509984535769	0.490015464231
17.9045	251.201	-326.275937	14	0.419310743054	0.580689256946
17.3317	249.7398	-325.734041	25	0.727753788926	0.272246211074
17.2963	249.7242	-325.541224	25	1.0	0.140545038288
17.364	249.5028	-324.995998	19	0.742391313615	0.257608686385
17.3254	249.5164	-324.879983	19	0.842958781711	0.157041218289
17.2787	249.5192	-324.869938	19	0.971192958722	0.0288070412778
26.0524	250.3842	-324.862952	7	1.0	0.165174683932
34.7951	247.8841	-324.779997	1	1.0	0.0
26.2239	250.4536	-324.109848	7	1.0	0.0832187145713
18.296	253.9456	-321.775602	12	1.0	0.0
18.2556	253.9338	-321.611901	12	0.914342661737	0.0856573382631
16.9418	251.236	-318.84571	20	1.0	0.0
26.7687	251.0073	-318.022936	23	1.0	0.181636821818
26.7764	250.9933	-317.927973	23	1.0	0.00320981316368
26.4145	250.318	-317.391408	7	1.0	0.0
17.2122	251.2026	-314.865815	27	1.0	0.244343355868
17.2796	249.7462	-314.695839	25	1.0	0.0641085925958
17.2879	249.8074	-314.452463	25	1.0	0.0
26.8097	251.1122	-314.422996	-1	0.0	0.135119570713
16.9175	251.7545	-314.418427	-1	0.0	0.311746885087
17.175	251.1578	-314.347131	27	1.0	0.0838639652914
16.9748	251.5076	-314.332779	21	1.0	0.0
26.7733	250.9831	-314.292857	23	1.0	0.0
26.696	250.8814	-314.208361	22	1.0	0.0
26.8087	251.0094	-314.156142	23	1.0	0.226201871028
26.8254	250.9647	-313.954839	23	0.867396697632	0.132603302368
21.1474	255.726	-307.911414	-1	0.0	0.204392081082
26.1032	250.4173	-307.626222	7	1.0	0.0
26.3526	250.274	-306.097234	7	1.0	0.548133139099
26.2696	250.2263	-306.029389	7	1.0	0.0
17.2109	251.1666	-303.248051	27	1.0	0.043086319796
17.2529	251.1935	-302.82006	27	1.0	0.242931081836
26.7456	251.2653	-302.545322	-1	0.0	0.218738110025
17.2499	249.7269	-300.703142	25	1.0	0.406504178423
18.8124	259.3066	-297.574559	4	0.836199256655	0.163800743345
17.2486	252.4401	-296.234178	11	0.0578467384045	0.942153261596
16.8015	252.3261	-296.204693	11	0.272187386353	0.727812613647
26.0552	250.3559	-293.319442	7	1.0	0.00772770704294
26.2832	250.3412	-290.832206	7	1.0	0.0
25.8826	250.6363	-290.734478	7	1.0	0.397610113789
18.0051	253.0848	-290.308126	10	0.852108914019	0.147891085981
18.2348	253.7601	-289.996403	13	1.0	0.00487814685327
18.2492	253.7901	-289.996375	13	1.0	0.0
18.1584	253.7296	-289.952053	13	0.821551221125	0.178448778875
18.222	253.8557	-289.840802	13	0.856344722313	0.143655277687
26.3347	250.36	-288.967121	7	1.0	0.444110660724
18.7534	258.5786	-285.645474	5	1.0	0.0
18.7307	258.572	-285.598572	5	0.957719701694	0.0422802983056
15.8248	244.948	-283.806685	2	0.536391120885	0.463608879115
15.8188	244.8883	-283.7408	2	0.730769898614	0.269230101386
17.2729	251.1853	-275.90361	27	1.0	0.0
17.267	251.1342	-275.827432	27	1.0	0.0
17.5431	251.1083	-275.765362	-1	0.0	0.261956295173
17.3271	251.1638	-275.765178	27	1.0	0.109181762968
17.2362	251.1406	-275.661581	27	1.0	0.0
26.6778	251.4174	-275.62679	16	1.0	0.0
26.6612	251.476	-275.559206	17	0.625450351732	0.374549648268
17.2757	249.7996	-275.498116	25	1.0	0.0
26.2962	250.3474	-274.7526	7	1.0	0.182290482418
27.1138	250.2318	-272.592182	-1	0.0	0.192600518126
25.8127	250.4181	-271.958195	7	1.0	0.000562910955951
26.7428	250.0356	-271.72784	7	0.367364027389	0.632635972611
25.8947	250.6114	-271.727534	7	1.0	0.289316158361
25.7758	250.5399	-271.599714	7	1.0	0.0906014353009
17.9016	251.1795	-266.079222	14	0.577810493855	0.422189506145
26.3717	250.3581	-261.987808	7	1.0	0.0594058687354
26.3079	250.3348	-261.827769	7	1.0	0.0
15.9025	249.3954	-260.597227	8	1.0	0.0
27.7922	249.0492	-260.126316	-1	0.0	0.832369798554
25.9616	250.3065	-260.125911	7	1.0	0.00652327972649
26.874	251.0155	-259.492629	23	0.595654367058	0.404345632942
26.7948	250.972	-259.386396	23	1.0	0.137249335307
26.7716	250.9705	-259.221709	23	1.0	0.0822848637076
26.7888	250.9613	-259.100799	23	1.0	0.129398842122
26.7972	251.0072	-259.039644	23	1.0	0.182519544629
26.7633	250.9278	-258.877294	23	0.573395510331	0.426604489669
17.1818	251.1554	-258.252926	27	1.0	0.0838639652914
17.1997	251.1826	-258.180058	27	1.0	0.244343355868
16.4849	250.1982	-257.695782	-1	0.0	0.134950224115
17.2486	249.7602	-257.62843	25	1.0	0.549588227112
25.9369	250.6483	-255.468499	7	0.996828015352	0.00317198464846
26.7634	251.0835	-255.416329	23	0.461019851806	0.538980148194
26.4089	251.1561	-255.048836	-1	0.0	0.208747286562
25.7854	250.4399	-255.014129	7	1.0	0.0
25.7857	250.4273	-254.766573	7	1.0	0.0
26.0081	250.4486	-254.761887	7	1.0	0.136748325445
34.525	248.1631	-253.723601	1	1.0	0.0
35.0573	247.86	-253.72358	1	1.0	0.0
26.3881	250.2514	-253.638276	7	1.0	0.106097846558
18.7368	258.6239	-251.823092	5	0.665878082866	0.334121917134
15.5368	258.1667	-250.880335	-1	0.0	0.915494056752
26.5315	251.2136	-250.676572	18	0.990662508109	0.00933749189134
18.1868	253.78	-250.436051	13	1.0	0.402193333881
18.2199	253.8477	-250.436022	13	0.926418171171	0.0735818288288
17.2868	249.7556	-245.664102	25	1.0	0.0104147790448
16.6976	252.3484	-244.758391	11	1.0	0.0
16.8004	252.3226	-244.526118	11	0.268075209549	0.731924790451
17.3368	249.4928	-243.247373	19	1.0	0.0
26.3295	250.3595	-241.619474	7	1.0	0.390526848788
17.2121	251.0347	-240.52178	27	1.0	0.0
17.203	251.0087	-240.382427	27	1.0	0.178295441514
18.7645	259.2938	-237.349314	4	0.91443734745	0.0855626525501
18.7617	259.2517	-237.296837	4	1.0	0.0
18.7976	258.6832	-234.365349	5	0.541091642223	0.458908357777
18.7754	258.6962	-234.295787	5	0.626769493927	0.373230506073
18.7684	258.6351	-234.225719	5	0.941476118767	0.0585238812332
18.7727	258.6772	-234.122415	5	0.626769493927	0.373230506073
18.7451	259.563	-231.485393	-1	0.0	0.359586296992
18.7117	259.4619	-231.478056	4	0.178499988724	0.821500011276
17.3603	249.7584	-229.808814	25	0.560550339212	0.439449660788
17.3779	249.8222	-229.80877	-1	0.0	0.0724030089821
25.8607	250.4163	-228.842515	7	1.0	0.0
18.8002	258.9416	-228.809507	5	0.149472069752	0.850527930248
18.2706	253.963	-228.075141	12	1.0	0.0
18.2298	253.9089	-226.787195	12	0.876056278038	0.123943721962
18.2379	253.9249	-226.617973	12	0.930842635885	0.0691573641147
18.2654	253.9476	-226.420657	12	1.0	0.0
25.8639	250.4084	-225.138939	7	1.0	0.0
17.2671	251.182	-218.796786	27	1.0	0.0
26.2954	250.3179	-217.7287	7	1.0	0.37356359286
16.6637	252.2771	-217.022783	11	0.329816554291	0.670183445709
25.7912	250.4395	-215.280337	7	1.0	0.0
26.8249	251.0695	-213.865609	23	0.461019851806	0.538980148194
25.8478	250.5519	-212.996124	7	1.0	0.0448076346119
25.8376	250.5818	-212.848361	7	1.0	0.0
26.6247	250.1494	-212.801852	7	0.547792346506	0.452207653494
25.8336	250.5337	-212.766616	7	1.0	0.010706833578
25.8377	250.5778	-212.382885	7	1.0	0.0
26.3102	250.3268	-211.471772	7	1.0	0.0647571978334
15.603	246.2767	-210.954043	3	1.0	0.0
26.7949	250.9132	-206.29457	23	0.66498978844	0.33501021156
26.781	250.956	-206.242688	23	1.0	0.248250937307
26.7364	250.8711	-206.171217	22	1.0	0.0
27.0668	250.9333	-206.091794	-1	0.0	0.484457166592
26.7634	250.966	-206.091745	23	1.0	0.174127667661
26.4935	251.3196	-204.230206	18	1.0	0.0
26.4883	251.3188	-204.149931	18	1.0	0.0
26.6649	251.4961	-201.480325	17	1.0	0.0
26.6396	251.5193	-201.414146	17	0.585721692694	0.414278307306
26.3658	250.3713	-199.616944	7	1.0	0.058297122316
18.7357	253.6464	-199.232125	-1	0.0	0.625925056985
18.1531	253.7542	-199.200125	13	1.0	0.0
18.1753	253.7993	-199.125533	13	1.0	0.0650169832442
18.5575	253.5947	-199.050693	-1	0.0	0.625925056985
18.1402	253.7529	-199.050392	13	1.0	0.0
17.9862	253.052	-196.804089	10	1.0	0.0
17.9964	253.0566	-196.739311	10	1.0	0.0
25.8833	250.5701	-195.93903	7	1.0	0.216259632988
26.091	250.2731	-194.746186	7	1.0	0.194428813397
17.208	251.2197	-194.645316	27	1.0	0.0
17.1656	251.162	-194.518128	27	1.0	0.0135121405556
26.249	250.2959	-194.174222	7	1.0	0.0544714420764
26.0942	250.5431	-192.792264	7	0.491505020105	0.508494979895
16.685	252.3459	-190.926472	11	1.0	0.0
16.6763	252.3306	-190.852495	11	1.0	0.0
16.7161	252.5475	-190.848206	11	0.0939491805934	0.906050819407
26.2551	250.2022	-189.978243	7	1.0	0.0
18.3011	250.9965	-184.8794	-1	0.0	0.513463068042
18.0431	251.2664	-184.82799	14	0.0972760732996	0.9027239267
17.9578	251.1994	-184.827908	14	0.267866837839	0.732133162161
17.8189	251.106	-184.778079	14	0.141946287117	0.858053712883
17.2908	249.7433	-184.733742	25	1.0	0.240831814732
17.4541	249.7724	-184.643128	-1	0.0	0.305960453481
17.2383	249.9295	-184.642947	-1	0.0	0.225625568218
17.9175	251.1792	-184.636031	14	0.57913272956	0.42086727044
18.1981	251.2325	-184.636019	-1	0.0	0.177792819265
17.1859	250.0735	-184.502999	-1	0.0	0.119012531852
17.1831	251.0162	-183.844715	27	0.888393480027	0.111606519973
18.1628	250.4972	-183.728703	-1	0.0	0.509410407956
17.1946	251.1001	-183.728025	27	1.0	0.0911360897615
17.2351	251.1525	-183.673687	27	1.0	0.0343934893996
17.1571	251.069	-183.616066	27	1.0	0.17328169013
17.2307	251.1043	-183.466641	27	1.0	0.0
15.79	244.8567	-182.821396	2	0.888569940798	0.111430059202
26.3588	250.3056	-181.944798	7	1.0	0.483127492397
26.7824	250.9739	-176.240134	23	1.0	0.0
26.6903	250.8506	-176.1653	22	1.0	0.0
26.7558	250.9541	-176.095467	23	0.864150891319	0.135849108681
25.8463	250.3939	-175.693939	7	1.0	0.0
26.4796	250.3121	-175.301073	7	1.0	0.0
18.7739	259.2693	-168.827573	4	1.0	0.0
24.9194	251.942	-167.454519	-1	0.0	0.794394520047
25.8724	250.5545	-166.901064	7	1.0	0.0
25.9425	250.3763	-166.661921	7	1.0	0.162703799026
18.1848	253.7852	-166.329978	13	1.0	0.186174659336
18.1816	253.8391	-166.253456	13	1.0	0.299095774229
18.1649	253.789	-165.842215	13	1.0	0.0
17.2262	251.0326	-164.453398	27	1.0	0.0
17.2053	251.0663	-163.486533	27	1.0	0.0
15.6654	246.8723	-159.455861	3	1.0	0.0
26.1251	250.4123	-157.77899	7	1.0	0.0
26.3879	250.3906	-157.65637	7	1.0	0.154024319916
17.2579	249.7762	-156.587913	25	1.0	0.573311147515
17.2034	251.1558	-154.673963	27	1.0	0.0838639652914
17.1352	251.4052	-154.620233	26	0.775314725633	0.224685274367
17.2225	251.1586	-154.548591	27	1.0	0.043086319796
17.1154	251.1035	-154.482933	27	0.496627117616	0.503372882384
26.3516	250.2818	-153.170366	7	1.0	0.504740213562
25.9694	250.4034	-151.34536	7	1.0	0.0
16.6813	252.336	-150.446928	11	1.0	0.0
26.0532	250.2689	-149.785211	7	1.0	0.197937962708
26.4779	250.319	-146.782522	7	1.0	0.0314682091441
17.2703	251.1672	-145.048525	27	1.0	0.0
17.2465	251.1157	-145.000656	27	1.0	0.0
17.255	251.1616	-144.917321	27	1.0	0.0233306307478
25.8604	250.5276	-142.675475	7	1.0	0.0
25.8426	250.5496	-142.5899	7	1.0	0.134865455863
18.1675	253.7909	-138.189768	13	1.0	0.0430257402549
18.1626	253.7813	-138.150829	13	1.0	0.0
17.958	251.2356	-137.523276	14	0.207592814189	0.792407185811
25.8334	250.4906	-137.242878	7	1.0	0.0
26.3086	250.2865	-136.62296	7	1.0	0.518838079097
26.3182	250.3669	-136.544368	7	1.0	0.106999052807
26.2935	250.3169	-136.441594	7	1.0	0.423225717619
19.3941	258.8856	-135.88362	-1	0.0	0.475545810109
18.7559	259.2028	-135.883105	4	0.46652005588	0.53347994412
18.7602	259.2738	-135.837774	4	1.0	0.0
18.7367	259.2677	-135.591784	4	1.0	0.0
26.0701	250.343	-134.746444	7	1.0	0.0
21.2365	255.5943	-133.683429	-1	0.0	0.132239060991
17.3238	249.8643	-133.149589	24	1.0	0.0
17.5547	250.9728	-132.495612	-1	0.0	0.210356889355
17.2044	250.9841	-132.495392	27	1.0	0.0
17.1579	250.962	-132.442146	27	0.749060961464	0.250939038536
17.2396	251.0482	-132.234065	27	1.0	0.14694486996
17.2116	251.0203	-131.789864	27	1.0	0.0816982442986
16.9698	251.5305	-131.548969	21	0.960573279883	0.039426720117
17.0598	251.5726	-131.527648	21	0.401817990973	0.598182009027
16.9814	251.5438	-131.397516	21	0.822196581862	0.177803418138
26.5373	250.206	-129.61657	7	1.0	0.134668318
26.3567	250.3471	-124.229043	7	1.0	0.0912052410707
26.2942	250.1988	-124.040783	7	1.0	0.147008231465
26.0856	250.3168	-121.091126	7	1.0	0.0
27.0791	250.959	-120.134615	-1	0.0	0.381122140045
26.5705	251.2456	-120.06516	18	0.990662508109	0.00933749189134
28.9108	250.7862	-119.972263	-1	0.0	0.828479206699
26.5829	251.1536	-119.971877	18	0.878843967966	0.121156032034
26.6302	251.2984	-119.971824	-1	0.0	0.0788066280014
18.0408	253.6991	-119.60047	-1	0.0	0.358997499824
18.1548	253.7754	-119.60044	13	1.0	0.295115492354
18.1932	253.7947	-119.51111	13	1.0	0.191878439652
17.9903	253.043	-116.639729	10	1.0	0.0
17.4178	250.1754	-114.092451	15	0.278290532183	0.721709467817
18.1515	253.7557	-113.785772	13	1.0	0.0
17.2481	251.0778	-112.156359	27	1.0	0.117958179224
17.1393	251.3648	-112.15624	26	1.0	0.0
17.2177	251.056	-112.106494	27	1.0	0.0904556938451
17.1443	251.0385	-112.061279	27	0.639731494739	0.360268505261
15.9558	245.0495	-112.027596	2	0.141725087226	0.858274912774
15.8007	244.8805	-112.027541	2	1.0	0.0
16.4028	253.8918	-111.96846	6	1.0	0.0
16.2329	253.8457	-111.937264	6	1.0	0.0
17.2099	251.0681	-111.549132	27	1.0	0.0
26.7267	250.0937	-111.142886	7	0.547792346506	0.452207653494
16.957	251.2292	-110.883865	20	1.0	0.0
15.7542	244.9149	-109.486413	2	0.564258327205	0.435741672795
15.7373	244.8609	-109.454258	2	0.541217567009	0.458782432991
18.1864	253.8508	-106.855986	13	0.856344722313	0.143655277687
26.4253	250.3244	-106.46288	7	1.0	0.0
25.9599	250.3186	-106.244939	7	1.0	0.0
26.2921	250.2157	-104.088858	7	1.0	0.0
18.217	253.8226	-104.031545	13	0.788239606944	0.211760393056
18.0757	253.6819	-103.725012	-1	0.0	0.240087437783
17.2772	249.7777	-103.054393	25	1.0	0.573311147515
17.2047	249.6456	-103.004924	25	0.405928468498	0.594071531502
17.272	249.7569	-102.968762	25	1.0	0.0
17.2332	249.7073	-102.882763	25	1.0	0.506980138933
17.2194	251.0326	-100.409492	27	1.0	0.0
26.7992	250.9866	-99.040188	23	1.0	0.195794704683
26.0202	250.4024	-98.585997	7	1.0	0.0
25.7536	250.3499	-95.718425	7	0.715251171129	0.284748828871
16.6697	252.3457	-94.26052	11	1.0	0.0
18.7719	258.5768	-93.558872	5	1.0	0.0
18.7913	258.545	-93.451669	5	0.887288599023	0.112711400977
26.1504	250.4882	-92.348456	7	0.826171774676	0.173828225324
25.867	250.6695	-92.348394	7	0.721874980749	0.278125019251
25.8731	250.5412	-92.261919	7	1.0	0.0330051740703
25.8835	250.5596	-92.182314	7	1.0	0.207910737784
25.8546	250.5175	-92.112756	7	1.0	0.244776088031
18.7973	259.2675	-91.761376	4	0.858478536418	0.141521463582
18.1813	253.4248	-90.973137	10	0.127533029912	0.872466970088
18.1443	253.6179	-90.602826	-1	0.0	0.541203796625
25.7949	250.5283	-85.181225	7	1.0	0.085247166013
26.1009	250.3661	-85.025411	7	1.0	0.0494077403092
25.978	250.2172	-84.927995	7	0.653953568478	0.346046431522
25.9945	250.2428	-84.927944	7	1.0	0.155131122111
26.1095	250.369	-84.795346	7	1.0	0.0
17.2497	249.4897	-83.765365	19	0.767381603331	0.232618396669
17.3457	249.5739	-83.605394	19	0.508098658892	0.491901341108
26.7025	250.346	-82.46645	7	0.514841787021	0.485158212979
25.9757	250.4164	-82.361153	7	1.0	0.0
17.1147	250.9543	-75.673795	27	0.491091641197	0.508908358803
18.2943	253.7929	-75.635421	13	0.63251918738	0.36748081262
17.2756	251.1394	-75.440465	27	1.0	0.0772946456068
17.2539	251.1178	-75.261578	27	1.0	0.0
17.3193	249.7352	-74.236958	25	1.0	0.547290949747
26.6936	250.9325	-72.125689	23	0.435940480252	0.564059519748
25.8013	250.5298	-71.483854	7	1.0	0.085247166013
26.2187	250.2841	-68.982414	7	1.0	0.0544714420764
26.3231	250.348	-66.074764	7	1.0	0.390526848788
17.9202	251.1207	-65.97851	14	0.326891045752	0.673108954248
17.8849	251.1854	-65.938612	14	0.419310743054	0.580689256946
17.812	251.0928	-65.856544	14	0.126523612262	0.873476387738
17.9176	251.1261	-65.545401	14	0.414819811605	0.585180188395
17.9091	251.0755	-65.50079	14	0.154317502354	0.845682497646
26.0582	250.2898	-56.673099	7	1.0	0.0489972589551
26.5951	249.9501	-56.177551	7	0.250437042641	0.749562957359
26.0572	250.3259	-56.177421	7	1.0	0.0191693253632
15.9064	249.4001	-54.63606	8	1.0	0.0
16.0177	249.58	-54.618602	8	1.0	0.0
15.546	246.6829	-54.297515	3	1.0	0.0
17.7514	251.0639	-52.622561	14	0.09368084282	0.90631915718
25.8571	250.4649	-52.278154	7	1.0	0.173868862396
34.4733	257.2451	-51.390519	0	0.385324780916	0.629326230904
16.9901	251.2841	-45.971052	20	0.972835579441	0.0271644205592
17.1395	250.2386	-45.373157	-1	0.0	0.0978946591876
25.8143	250.487	-43.440601	7	1.0	0.295590551942
25.8551	250.4427	-43.327823	7	1.0	0.208178977314
25.688	250.7044	-43.327781	7	0.339417458011	0.660582541989
25.8477	250.4973	-43.272331	7	1.0	0.0
18.7214	259.2322	-43.1046	4	0.660817893113	0.339182106887
25.9801	250.4024	-41.517674	7	1.0	0.0526131942033
17.0284	251.5878	-40.026172	21	0.519669443098	0.480330556902
17.0525	251.6104	-40.026135	21	0.346847297198	0.653152702802
18.8272	258.5598	-39.664192	5	0.887288599023	0.112711400977
18.7897	258.6396	-39.6242	5	0.84835158191	0.15164841809
18.7846	258.6122	-39.59929	5	1.0	0.0
18.7862	258.5719	-39.567046	5	1.0	0.0
18.156	253.7822	-39.398711	13	1.0	0.0
18.1548	253.7878	-39.313813	13	1.0	0.0
18.0999	253.7272	-39.26691	13	0.497579970588	0.502420029412
18.8151	258.6102	-39.042651	5	1.0	0.0
25.9024	250.5251	-38.212654	7	1.0	0.00924623023387
27.0015	251.0244	-37.099205	-1	0.0	0.259190720555
26.0357	250.4609	-37.057365	7	1.0	0.198183095985
17.5566	251.2336	-37.026356	-1	0.0	0.1127224453
17.1756	251.1072	-36.925809	27	0.832266926309	0.167733073691
26.7779	250.9906	-36.905982	23	1.0	0.0
26.273	250.2448	-34.201209	7	1.0	0.256531174392
16.7117	252.3185	-31.636262	11	0.518359941236	0.481640058764
16.7194	252.3776	-31.534662	11	0.438104785098	0.561895214902
16.6666	252.1702	-31.534656	11	0.136813487802	0.863186512198
16.675	252.2806	-31.358383	11	0.329161368863	0.670838631137
16.6395	252.2358	-31.010713	11	0.237789066661	0.762210933339
26.1152	250.3682	-30.204461	7	1.0	0.0
17.6015	250.3584	-26.925101	-1	0.0	0.326554148808
26.6125	251.232	-26.501895	18	0.819468393424	0.180531606576
17.2594	249.7599	-24.234872	25	1.0	0.212144447207
18.8086	258.4749	-19.667893	5	0.301899208461	0.698100791539
17.2837	251.2358	-19.14309	27	0.536611814948	0.463388185052
17.1643	251.3259	-19.106569	26	1.0	0.0
17.288	251.1726	-19.041197	27	1.0	0.0333989504042
17.3027	251.2015	-18.976798	27	1.0	0.13145758909
17.2115	251.1371	-18.925867	27	1.0	0.00369897001542
17.1781	251.164	-18.875393	27	1.0	0.0960155810572
17.2224	251.1633	-18.813626	27	1.0	0.0259401057007
17.9151	251.1633	-18.801285	14	1.0	0.0
18.3822	250.3973	-18.563935	-1	0.0	0.262255788268
17.2109	251.1291	-18.563107	27	1.0	0.0242077283577
17.8956	251.2087	-18.327072	14	0.361828424356	0.638171575644
26.0802	250.3183	-17.086829	7	1.0	0.0
26.4397	250.3762	-16.690592	7	1.0	0.187646916022
26.3563	250.3202	-16.620985	7	1.0	0.483127492397
26.3724	250.3573	-16.52756	7	1.0	0.0805122862826
26.2468	250.3621	-16.149725	7	1.0	0.0690400728392
26.0986	250.284	-16.149676	7	1.0	0.0354784427597
18.2019	253.7654	-15.292218	13	1.0	0.210099108068
18.197	253.7603	-15.251468	13	1.0	0.210099108068
18.1906	253.734	-15.222676	13	1.0	0.239268402101
25.8685	250.4904	-15.083621	7	1.0	0.311908145603
25.8885	250.5784	-14.710358	7	1.0	0.216259632988
18.3644	253.7393	-9.27487	-1	0.0	0.337186130291
18.0908	253.7574	-9.274716	13	0.518749952453	0.481250047547
26.5297	250.2582	-6.504031	7	1.0	0.233562917175
26.8453	251.0036	-1.26166	23	1.0	0.393988540853
26.8294	250.9912	-1.064664	23	1.0	0.0
17.2042	250.8151	-0.562139	-1	0.0	0.261280920444
26.0982	250.347	0.002331	7	1.0	0.0
26.0617	250.3185	0.22978	7	1.0	0.0
18.1843	253.8282	3.748382	13	1.0	0.299095774229
18.1734	253.8181	3.833346	13	1.0	0.299095774229
18.1845	253.8283	3.88554	13	1.0	0.299095774229
18.1574	253.8089	3.994181	13	1.0	0.219572770416
26.4006	250.3028	6.819311	7	1.0	0.0115497484075
25.841	250.3852	7.990086	7	1.0	0.334845388198
25.8869	250.5436	8.164891	7	1.0	0.0
25.8611	250.4371	8.258886	7	1.0	0.153839175621
17.3155	249.7702	11.979006	25	0.817234033723	0.182765966277
17.186	250.0447	11.979091	-1	0.0	0.245922402108
17.307	249.7896	12.276331	25	1.0	0.0
25.9539	250.3974	12.433424	7	1.0	0.287022144478
25.331	251.2558	12.433773	-1	0.0	0.580924207809
25.9853	250.4181	13.101715	7	1.0	0.0659598699662
26.1707	250.4289	14.049279	7	1.0	0.15175136277
26.3076	250.3279	15.048122	7	1.0	0.0
17.3772	251.1622	16.894842	27	0.663624838168	0.336375161832
17.2731	251.1468	17.468459	27	1.0	0.0
18.2898	253.8827	18.899518	12	0.610682526061	0.389317473939
26.3693	251.1397	18.984493	-1	0.0	0.343437431965
26.4881	251.2375	19.044464	18	0.927728194785	0.0722718052154
25.1271	251.9971	19.04495	-1	0.0	0.767239885342
15.8224	244.8558	20.579493	2	1.0	0.0
18.7865	259.2169	20.891922	4	0.607471758972	0.392528241028
26.6839	251.002	23.442587	-1	0.0	0.165053214017
34.5489	257.1737	24.121165	0	0.549209885312	0.471672448034
16.9178	252.2647	26.334193	11	0.124953188908	0.875046811092
17.2729	249.7129	32.125154	25	1.0	0.42788976819
18.2422	253.8486	32.153655	13	0.747442964023	0.252557035977
26.0837	250.3354	32.268345	7	1.0	0.208101536883
26.1143	250.3182	32.372076	7	1.0	0.0933839089196
26.3797	250.2939	33.918103	7	1.0	0.494608936231
26.4075	250.4109	34.087858	7	1.0	0.0567744712627
26.2709	250.3206	34.145157	7	1.0	0.553127584764
33.9772	256.7473	35.75597	0	0.0786974011336	0.92429487087
34.4257	257.1811	35.756016	0	0.678731505593	0.347075563673
34.4604	257.1506	36.273755	0	0.881850464359	0.151679695695
26.4798	250.3488	43.502039	7	1.0	0.154878088434
25.8825	250.5471	44.61356	7	1.0	0.0
25.8718	250.5255	44.686159	7	1.0	0.0
27.5903	249.5092	44.697278	-1	0.0	0.73668316684
25.6589	250.5129	44.697766	7	0.631917782044	0.368082217956
25.7684	250.5174	44.732996	7	1.0	0.203349273812
25.8962	250.4745	44.751374	7	1.0	0.204546178875
25.8958	250.5198	44.810646	7	1.0	0.243388850721
25.8956	250.5329	45.483114	7	1.0	0.0293023071296
17.9386	251.1236	46.670566	14	0.35706475959	0.64293524041
21.2165	255.6639	48.583554	-1	0.0	0.171387469737
17.9723	252.92	48.800764	10	0.1926303971	0.8073696029
26.0225	250.3168	49.346145	7	1.0	0.220819562064
26.2448	250.2307	50.151912	7	1.0	0.0
26.4421	250.2921	50.33784	7	1.0	0.0733598487228
26.4142	250.2248	50.414157	7	1.0	0.134784394662
17.2808	249.7487	50.853465	25	1.0	0.0944818759322
26.8079	250.9478	51.146014	23	0.999324262807	0.000675737193081
16.9754	251.5582	54.205314	21	0.56446250694	0.43553749306
17.592	251.151	55.802197	-1	0.0	0.119465154277
17.397	251.2032	55.802327	27	0.453092790978	0.546907209022
17.2622	251.1751	55.890982	27	1.0	0.0
17.2259	251.0941	55.941354	27	1.0	0.127677368057
17.1684	251.0763	55.96445	27	1.0	0.139874023235
17.2519	251.1828	56.011504	27	1.0	0.0319833546753
17.2284	251.1484	56.052859	27	1.0	0.0
18.3339	253.9881	57.794166	-1	0.0	0.135562701953
18.1681	253.8041	59.795064	13	1.0	0.0430257402549
17.2912	249.8815	62.525006	24	1.0	0.0
17.7175	249.6797	62.615991	-1	0.0	0.490682672056
17.2175	249.7867	62.616307	25	0.56662859622	0.43337140378
35.2676	248.276	63.371477	1	1.0	0.0
26.0403	250.5084	64.156339	7	0.695876474777	0.304123525223
17.2585	249.7993	64.60018	25	0.769311563877	0.230688436123
17.2859	260.0782	68.406916	-1	0.0	0.851475528319
25.7871	250.399	68.632348	7	1.0	0.350402364214
34.4357	257.1152	72.230501	0	1.0	0.0
26.1208	250.353	73.194557	7	1.0	0.0
17.2155	249.68	74.304209	25	0.8134750624	0.1865249376
17.2515	249.7054	74.380457	25	1.0	0.460355897789
17.2669	249.7284	74.530942	25	1.0	0.0
17.1736	251.0427	74.703698	27	0.890810869296	0.109189130704
18.9045	259.334	77.444137	4	0.323376155334	0.676623844666
18.8174	259.294	77.444184	4	0.794294270099	0.205705729901
18.9402	259.2546	77.444186	4	0.280350478317	0.719649521683
18.7735	259.2414	77.486701	4	0.819315251783	0.180684748217
26.0916	250.2754	78.348778	7	1.0	0.109553326302
26.2919	250.5318	80.909853	7	0.523612020606	0.476387979394
17.0004	251.313	81.203285	20	0.567122431217	0.432877568783
17.01	251.2845	81.288769	20	0.972835579441	0.0271644205592
19.0576	249.652	82.451822	-1	0.0	0.0191251400651
17.2325	251.0219	82.453149	27	1.0	0.0635070928929
17.2253	251.0421	82.562787	27	1.0	0.0
17.2765	251.0651	82.785761	27	0.752029360819	0.247970639181
26.7662	251.0214	83.443439	23	1.0	0.193852163088
25.9931	250.3526	84.245771	7	1.0	0.111207909763
25.9809	250.4301	84.302567	7	1.0	0.0
26.2598	250.2096	84.440645	7	1.0	0.0
18.2174	253.7974	86.501006	13	0.915794136221	0.0842058637795
17.9266	251.1283	88.217257	14	0.414819811605	0.585180188395
18.0347	251.2151	88.279853	14	0.139019970933	0.860980029067
17.8404	251.0196	88.338082	14	0.104879981948	0.895120018052
17.9258	251.1445	88.338102	14	0.414819811605	0.585180188395
16.7144	252.3604	89.590169	11	0.578751914251	0.421248085749
26.4785	250.345	92.484998	7	1.0	0.0689102412536
17.3411	251.3382	93.639749	-1	0.0	0.13334047325
16.7214	257.561	93.676824	-1	0.0	0.89834497469
17.3401	250.2957	93.744677	15	0.903396881314	0.0966031186865
26.2625	250.2934	95.837272	7	1.0	0.0930766638907
26.2863	250.2765	95.953068	7	1.0	0.0474412784213
26.301	250.3133	96.03431	7	1.0	0.475340723916
26.3977	250.2579	96.225912	7	1.0	0.157738680656
18.1721	253.817	96.315365	13	1.0	0.322858373416
25.8748	250.5301	96.378043	7	1.0	0.0
15.8428	254.2188	96.418171	6	0.234644978801	0.765355021199
26.7598	251.0071	98.222047	23	1.0	0.27390801023
17.2676	249.7325	98.402658	25	1.0	0.0
17.2646	249.6889	98.678747	25	0.98534927527	0.0146507247304
17.3113	249.7233	98.855595	25	1.0	0.465648046526
26.4574	250.2485	105.504966	7	1.0	0.0377542069679
26.6113	250.2472	105.626818	7	0.749717907681	0.250282092319
26.777	250.9356	106.906022	23	0.779681901946	0.220318098054
17.2255	249.6597	110.274999	25	0.691388280423	0.308611719577
25.802	250.4634	111.789024	7	1.0	0.0766944763759
18.2089	253.7424	112.434232	13	1.0	0.0
18.1931	253.7382	112.608888	13	1.0	0.0
26.4323	250.3287	115.348708	7	1.0	0.0
18.1499	253.8206	116.307898	13	0.979340855861	0.0206591441387
17.0181	251.5556	120.636277	21	0.537976890345	0.462023109655
16.9625	251.5268	120.665045	21	1.0	0.0
16.9755	251.5219	120.714632	21	1.0	0.0
16.9628	251.5226	120.783655	21	1.0	0.0
17.9731	250.8642	120.861663	-1	0.0	0.480785426916
26.5515	251.1259	121.152261	18	0.878843967966	0.121156032034
25.8797	250.4109	121.497798	7	1.0	0.0336937564314
25.8385	250.4194	121.583859	7	1.0	0.0
25.8859	250.4693	121.846763	7	1.0	0.221130304637
26.4712	250.3055	121.945024	7	1.0	0.0
26.4407	250.2614	122.070236	7	1.0	0.0
26.5608	249.8963	122.255251	7	0.249033652459	0.750966347541
26.314	250.3124	123.103924	7	1.0	0.374555935118
17.3015	249.8602	124.359351	24	1.0	0.0
17.1817	249.7528	124.412557	-1	0.0	0.0315151930159
17.8252	249.5033	124.457353	-1	0.0	0.468888961526
17.294	249.8581	124.477676	24	1.0	0.0
17.303	249.7292	124.613032	25	1.0	0.220676907156
17.7153	249.6378	124.750788	-1	0.0	0.326870246496
17.2388	249.6744	124.751075	25	0.880185228731	0.119814771269
26.4221	250.3342	129.847704	7	1.0	0.0441638464045
18.7361	258.5854	129.894201	5	1.0	0.323424185819
18.853	258.5904	132.460229	5	0.653897543335	0.346102456665
18.8401	258.5011	132.862325	5	0.419264021954	0.580735978046
18.8236	258.5269	132.967357	5	0.647715094234	0.352284905766
17.2178	251.1052	134.335293	27	1.0	0.164721533203
17.226	251.1433	134.3987	27	1.0	0.0193630168279
25.8221	250.4736	135.826085	7	1.0	0.00853010622361
17.1941	250.9169	136.769314	27	0.404223353636	0.595776646364
26.363	250.3231	137.766949	7	1.0	0.0338125010005
17.2751	249.7254	139.361101	25	1.0	0.0
17.3792	249.9336	139.444243	-1	0.0	0.327489847884
17.2879	249.7257	139.444285	25	1.0	0.027102029313
16.2788	253.8552	140.168541	6	1.0	0.0
16.2364	253.8765	140.213939	6	1.0	0.0
18.3935	253.7917	143.964598	-1	0.0	0.247762888818
18.1282	253.7598	144.099968	13	1.0	0.013025331651
18.166	253.8	144.324765	13	1.0	0.0430257402549
17.2801	249.7279	146.237834	25	1.0	0.027102029313
17.7724	250.661	150.191511	-1	0.0	0.531300140388
17.1747	250.9388	150.191897	27	0.727588302898	0.272411697102
26.2642	250.3425	150.886454	7	1.0	0.211097503016
18.7294	259.4632	150.972283	4	0.178309394212	0.821690605788
26.208	250.351	151.042599	7	1.0	0.240329138082
26.458	250.267	152.472236	7	1.0	0.0
26.6296	251.1144	153.126609	-1	0.0	0.228869199691
25.7589	250.4829	153.371689	7	1.0	0.430227544332
26.7225	250.8726	154.210644	22	1.0	0.0
26.7236	250.8539	154.32636	22	1.0	0.0
18.7963	259.1539	154.818608	4	0.271100499853	0.728899500147
18.5694	259.0001	158.06647	-1	0.0	0.155202219527
18.7503	259.3355	158.144456	4	0.55692484186	0.44307515814
17.3658	250.1177	160.823108	-1	0.0	0.0414231412592
26.9485	250.2494	162.360433	7	0.259895770236	0.740104229764
25.8998	250.535	162.640637	7	1.0	0.0452042485883
16.992	251.214	164.513319	20	1.0	0.0
17.2738	249.7358	167.613616	25	1.0	0.0
17.2372	251.1506	169.577205	27	1.0	0.0528153164251
17.2371	251.1939	169.655266	27	1.0	0.27487853634
17.1499	251.3465	169.703829	26	1.0	0.0
17.2269	251.1125	169.767776	27	1.0	0.057072274832
18.7878	258.6441	171.270006	5	0.737327160464	0.262672839536
26.4016	250.2913	171.282511	7	1.0	0.494608936231
26.4209	250.5554	171.282545	7	0.39270429	0.60729571
17.2783	249.4744	172.248371	19	0.702276159159	0.297723840841
17.318	249.4812	172.628538	19	0.683955772284	0.316044227716
17.2752	249.6727	178.055024	25	0.78146473154	0.21853526846
17.2959	249.7573	183.825535	25	1.0	0.243503952497
26.373	250.2022	184.166818	7	1.0	0.109277987619
26.3476	250.3134	184.239817	7	1.0	0.374555935118
18.2052	253.7421	184.775249	13	1.0	0.0
18.1972	253.7457	184.808885	13	1.0	0.0
18.2006	253.845	184.845343	13	1.0	0.437223067137
25.8395	250.4612	187.277974	7	1.0	0.138547069945
26.563	250.4525	187.288873	7	0.522504179751	0.477495820249
26.2426	250.3341	192.155807	7	1.0	0.48415302572
26.2677	250.3207	192.225596	7	1.0	0.543554992759
26.3222	250.5335	192.283735	7	0.561258110374	0.438741889626
17.249	251.0029	192.624193	27	0.779207008336	0.220792991664
17.1503	251.0248	193.047083	27	0.670802012785	0.329197987215
26.4709	250.3028	193.124352	7	1.0	0.0
17.0666	250.8874	193.246444	-1	0.0	0.0138176224123
26.7863	251.0012	197.200166	23	1.0	0.0
17.2863	249.7616	199.086967	25	1.0	0.0108864330165
17.248	251.0921	201.446354	27	1.0	0.275064416121
17.3757	250.3852	202.150057	15	0.244505222791	0.755494777209
17.2878	249.7585	202.264899	25	1.0	0.0
17.3086	250.2573	202.381041	15	0.81745479692	0.18254520308
17.2789	250.2745	203.069205	15	0.853236527223	0.146763472777
26.3375	250.3024	203.604587	7	1.0	0.386724635302
25.8701	250.5217	203.816678	7	1.0	0.0
25.9582	250.3977	209.188837	7	1.0	0.236644478269
25.9774	250.3729	209.217357	7	1.0	0.0177862328498
17.2497	249.7384	210.243843	25	1.0	0.40616676765
17.2194	249.7517	210.28723	25	0.646347532694	0.353652467306
17.2681	249.7348	210.344765	25	1.0	0.0
16.99	251.5374	211.831754	21	0.702286398154	0.297713601846
16.9893	251.538	211.870367	21	0.686834148777	0.313165851223
17.1153	251.5053	211.870379	21	0.196885757319	0.803114242681
26.4538	250.2462	213.127946	7	1.0	0.0675185292045
26.4139	250.1197	213.390201	7	0.455111921176	0.544888078824
25.8499	250.5828	215.351224	7	1.0	0.0
17.2311	249.7078	215.365648	25	1.0	0.543359781468
17.9175	249.3569	215.546982	-1	0.0	0.604642566404
25.8576	250.4986	220.285586	7	1.0	0.11040202827
26.4114	250.3809	222.507938	7	1.0	0.220233229731
34.4546	257.1579	223.768124	0	0.73708386984	0.290941902248
17.3	249.7144	226.477584	25	1.0	0.428324734203
26.0679	250.4343	230.43109	7	1.0	0.137591842915
26.0568	251.0996	230.431231	-1	0.0	0.016926518614
26.4226	250.2909	231.952788	7	1.0	0.00202528176167
25.8322	250.5111	232.348673	7	1.0	0.00200345446019
15.4919	246.3331	232.773423	3	1.0	0.0
15.5152	246.1524	232.827712	3	1.0	0.0
17.2615	250.9808	234.051447	27	0.641785503456	0.358214496544
17.2175	251.1614	234.277847	27	1.0	0.043086319796
17.2124	251.1784	234.322201	27	1.0	0.123581557863
16.2704	253.8975	234.916278	6	1.0	0.0
15.9953	254.3296	234.91656	6	0.205015314573	0.794984685427
26.4591	250.3245	236.511528	7	1.0	0.0511969781718
26.3991	250.3179	237.197385	7	1.0	0.0
34.4216	257.1064	237.651532	0	1.0	0.0
18.7699	259.3095	240.159425	4	0.868908581706	0.131091418294
18.7496	259.508	240.190513	-1	0.0	0.155325688817
25.8631	250.5508	240.320087	7	1.0	0.106614752139
18.1623	253.6771	242.207028	-1	0.0	0.090086264739
17.216	249.7111	242.656514	25	1.0	0.534633014112
16.9275	251.2399	243.588061	20	0.972835579441	0.0271644205592
26.7338	251.5047	245.074536	17	0.64173217818	0.35826782182
26.6113	251.3959	245.140847	16	1.0	0.0
25.7918	250.4078	245.402904	7	1.0	0.217662210391
18.7147	258.5754	246.419928	5	0.705660187598	0.294339812402
17.2779	249.7584	249.167859	25	1.0	0.0
17.2704	249.7146	249.19171	25	1.0	0.457059396758
17.2707	249.7021	249.226017	25	1.0	0.460355897789
17.2669	249.7519	249.295003	25	1.0	0.247010872936
17.203	250.9887	249.329252	27	1.0	0.0
26.8208	250.9451	249.765083	23	1.0	0.0
26.0778	251.1148	250.23985	9	1.0	0.0
25.9478	250.9801	250.239893	9	1.0	0.0
26.0159	250.9533	250.286802	9	1.0	0.0
26.5891	251.4763	250.39301	16	0.908747618173	0.0912523818273
26.2345	251.1024	250.638219	-1	0.0	0.430109474067
25.8715	251.4786	250.638227	-1	0.0	0.52327334467
25.9899	251.0685	250.683436	9	1.0	0.0
17.2894	249.7812	251.663908	25	1.0	0.0610604904727
17.2061	250.1221	252.157735	15	0.215346670239	0.784653329761
17.2967	251.1772	252.412199	27	1.0	0.223827950953
17.2618	251.1516	252.5357	27	1.0	0.00442090483011
26.0392	250.2632	253.573819	7	1.0	0.155772812903
26.2399	250.2732	257.522495	7	1.0	0.181593135893
18.1475	253.7215	258.521822	13	0.645486360838	0.354513639162
18.16	253.7571	258.601228	13	1.0	0.0
26.4027	250.2796	260.073219	7	1.0	0.11206350762
26.3935	250.3842	260.148915	7	1.0	0.0281795328703
26.4263	250.3573	260.209195	7	1.0	0.0884944419279
26.3801	250.2383	260.34699	7	1.0	0.157695278133
26.5667	250.3042	263.912039	7	1.0	0.217398681237
17.2818	249.7158	264.032019	25	1.0	0.289114041618
18.0835	249.2461	264.107477	-1	0.0	0.212491207597
17.2953	249.7093	264.108021	25	1.0	0.405362259685
17.268	249.7434	264.151726	25	1.0	0.0641085925958
17.2842	249.7262	264.215008	25	1.0	0.0338528083289
17.2744	249.7389	264.322185	25	1.0	0.0620966105173
17.2118	251.1224	268.502049	27	1.0	0.181817777088
18.0083	250.7013	268.607024	-1	0.0	0.480785426916
17.3674	250.3619	269.461537	15	0.344294309384	0.655705690616
25.8003	250.5509	270.471758	7	1.0	0.228368087903
26.457	250.2461	271.889836	7	1.0	0.066418116849
18.7693	258.562	271.937914	5	1.0	0.264393850048
17.5804	258.7962	271.962864	-1	0.0	0.752997453997
18.8008	258.615	272.104634	5	1.0	0.0
17.2814	249.9955	275.315442	-1	0.0	0.225625568218
16.9512	251.4874	275.820195	21	0.511898495488	0.488101504512
16.9679	251.4938	275.875674	21	0.849489968896	0.150510031104
25.8533	250.5306	276.155607	7	1.0	0.13646769598
19.2978	258.827	276.855618	-1	0.0	0.431253309926
18.3873	253.7983	278.647426	-1	0.0	0.318026185225
26.3102	250.2902	278.785835	7	1.0	0.0630178123571
26.8391	250.937	279.10945	23	1.0	0.0
17.3015	249.511	280.204205	19	1.0	0.0
16.8926	251.1796	280.740756	20	0.497517570058	0.502482429942
26.6456	250.1479	280.784414	7	0.52018735687	0.47981264313
26.0931	250.2579	283.889332	7	1.0	0.109553326302
26.291	250.3386	284.106336	7	1.0	0.0
18.8833	258.9524	284.38423	-1	0.0	0.0614006598838
18.9142	258.9842	284.482675	-1	0.0	0.19347038448
34.5127	257.0917	285.072486	0	1.0	0.0
25.8337	250.5494	288.356016	7	1.0	0.110536119509
19.1224	248.9242	288.96004	-1	0.0	0.0994664869144
18.8211	258.5477	292.074645	5	1.0	0.34319241266
19.0673	258.4583	292.516532	-1	0.0	0.00053764908851
18.7979	258.5757	292.516734	5	1.0	0.0461559881922
25.8889	250.591	292.55143	7	1.0	0.0237259837274
26.7638	251.2364	293.246225	-1	0.0	0.276858470062
26.7365	251.233	293.296742	-1	0.0	0.183068226741
18.2793	253.8971	293.38532	12	0.709471672347	0.290528327653
26.8892	251.2714	293.6464	-1	0.0	0.394723054592
26.6954	251.5195	294.760015	17	0.945056434266	0.054943565734
17.2642	249.7443	295.279708	25	1.0	0.248190415144
26.7945	250.0929	296.528924	7	0.437639506224	0.562360493776
25.884	250.4241	296.529192	7	1.0	0.0323684568878
26.0996	250.3192	306.335322	7	1.0	0.0
17.3114	251.148	307.701876	27	1.0	0.233997115986
17.2181	251.3497	307.701967	26	1.0	0.0
34.5002	257.122	309.040982	0	1.0	0.0
25.8946	250.5119	311.417551	7	1.0	0.00840069984521
26.4877	250.2678	311.716498	7	1.0	0.00143632635108
25.8718	250.4905	311.987772	7	1.0	0.409088968643
17.0096	251.3886	314.325094	-1	0.0	0.145221842501
17.2876	251.4114	315.624814	-1	0.0	0.141253473722
17.3776	251.2068	315.704914	27	0.487806569293	0.512193430707
26.4791	250.3168	316.17234	7	1.0	0.0
17.1559	251.196	316.185488	27	0.734428750396	0.265571249604
18.7694	249.8426	318.550577	-1	0.0	0.427543052746
17.2895	250.2109	318.630047	15	0.444353433325	0.555646566675
17.3175	250.2783	318.694286	15	1.0	0.0
17.2993	249.7904	321.081205	25	1.0	0.0
17.2544	249.7406	321.130063	25	1.0	0.253769899561
17.7407	249.6107	321.215778	-1	0.0	0.326870246496
17.2856	249.7654	321.268436	25	1.0	0.293113614616
17.2695	249.7206	321.591333	25	1.0	0.121053626293
17.1993	250.9895	322.280095	27	1.0	0.0262198675866
26.778	250.9816	325.112026	23	1.0	0.0
15.8624	244.8634	326.27446	2	0.718479170064	0.281520829936
15.8957	244.8844	326.277143	2	0.414036815951	0.585963184049
26.8399	251.0141	328.234634	23	1.0	0.277524937329
26.8269	250.9412	328.791457	23	1.0	0.0
17.2614	249.7329	333.370918	25	1.0	0.0150621115212
26.5229	250.2205	336.874628	7	1.0	0.0637285133672
17.3236	251.1848	337.986812	27	0.985831456039	0.0141685439611
16.923	251.8636	338.115907	-1	0.0	0.125854157888
17.2918	251.127	338.284472	27	1.0	0.167433824621
26.1271	250.2608	338.544077	7	1.0	0.0846011063619
17.3379	251.1667	338.565232	27	0.985831456039	0.0141685439611
25.8319	250.5115	338.955335	7	1.0	0.290584034841
26.1343	250.3394	339.002977	7	1.0	0.0235085605981
26.8702	249.868	339.035204	-1	0.0	0.149669477491
25.7939	250.5115	339.035449	7	1.0	0.0214008655185
34.5158	257.1073	341.92323	0	1.0	0.0
17.1872	250.9645	343.434648	27	0.900617564355	0.0993824356448
17.3481	250.3497	344.778613	15	0.458865627103	0.541134372897
17.0236	251.5205	346.81863	21	0.483647454776	0.516352545224
16.9978	251.5091	347.002578	21	0.746159197168	0.253840802832
16.9994	251.4616	347.174884	21	0.32108829585	0.67891170415
26.5178	250.2978	349.106306	7	1.0	0.107342267349
26.512	250.1983	349.17252	7	0.886424657961	0.113575342039
27.0853	251.1084	349.274367	-1	0.0	0.409267769529
26.5765	250.4096	349.281018	7	0.554378789219	0.445621210781
26.4852	250.3035	349.375918	7	1.0	0.0
26.7076	251.5153	350.380659	17	0.990752922829	0.00924707717067
26.6686	251.4783	350.603918	17	0.720274447753	0.279725552247
17.9091	251.1609	351.708539	14	1.0	0.0
18.0391	250.99	351.962711	-1	0.0	0.177160482388
26.4258	250.2084	352.48721	7	1.0	0.0983602790698
17.3641	249.6358	356.375199	-1	0.0	0.16215286571
17.4502	250.2167	357.720213	15	0.242254197176	0.757745802824
17.2921	249.7959	358.035742	25	1.0	0.0
17.2017	249.7158	358.217328	25	0.721170011306	0.278829988694
17.3256	249.8122	358.219353	25	0.55892041013	0.44107958987
17.2237	251.0207	363.614078	27	1.0	0.0172966493476
17.2107	250.9064	364.014784	27	0.324935794061	0.675064205939
17.2139	250.9788	364.265597	27	1.0	0.0
26.0494	250.4071	366.341543	7	1.0	0.108800329203
34.3973	257.1276	367.578646	0	1.0	0.0
34.3892	257.1303	367.730818	0	1.0	0.0
17.3474	250.3119	369.748334	15	0.497216043155	0.502783956845
17.708	250.4421	369.74835	-1	0.0	0.564814224662
18.3919	253.8127	374.192325	-1	0.0	0.391589656902
25.6468	250.5273	374.869597	7	0.596054407605	0.403945592395
25.9771	250.2836	375.001134	7	1.0	0.0269342737409
19.4516	259.0433	375.439231	-1	0.0	0.50123541377
18.7707	259.3228	375.439712	4	0.801340812572	0.198659187428
25.8208	250.5015	377.782254	7	1.0	0.374122649697
17.2795	249.7333	378.21758	25	1.0	0.0796139908239
17.2682	249.6869	378.285483	25	0.98534927527	0.0146507247304
17.3181	249.6794	378.400364	25	0.492300778024	0.507699221976
16.9283	251.1884	378.633019	20	0.68637106505	0.31362893495
16.9458	251.2026	378.764148	20	1.0	0.0
25.9645	250.4267	379.95479	7	1.0	0.0
33.0906	245.6386	380.43067	1	0.192532272065	0.807467727935
25.9694	250.4142	380.4315	7	1.0	0.0
34.3745	257.0844	381.735714	0	0.719924366163	0.307448958681
17.2691	251.1082	388.122027	27	1.0	0.0482768548309
17.2016	251.0685	388.810782	27	1.0	0.0
17.2813	251.0972	388.810788	27	1.0	0.184918032625
26.6894	251.5537	389.933077	17	0.404791888396	0.595208111604
26.8261	251.3185	389.933144	-1	0.0	0.363870542592
25.9658	250.9371	392.025996	-1	0.0	0.110268268765
25.7973	250.3549	396.41603	7	0.975110598325	0.024889401675
17.1639	250.8323	398.477139	-1	0.0	0.124006403887
26.4819	250.2773	398.652078	7	1.0	0.0
27.0899	251.0975	399.845579	-1	0.0	0.35628792158
26.8315	250.9929	399.936382	23	1.0	0.0
34.4989	256.9912	401.66314	0	0.360530310555	0.653177953494
18.8263	258.6235	402.775759	5	1.0	0.0861064802317
18.7964	258.6035	402.834848	5	1.0	0.0
18.7837	258.6085	402.901504	5	1.0	0.0637858348213
18.8139	258.5625	403.002628	5	1.0	0.212923067964
18.8017	258.6208	403.107295	5	1.0	0.0
21.3352	253.9713	405.965358	-1	0.0	0.101495476126
21.3476	254.1118	407.014816	-1	0.0	0.128946446607
17.298	251.1834	407.670574	27	1.0	0.159231666002
17.2897	251.1608	407.705642	27	1.0	0.0
18.9493	259.1661	407.7823	4	0.210645132674	0.789354867326
17.2834	251.1658	407.796554	27	1.0	0.0
17.246	251.0704	407.796581	27	1.0	0.00829354515244
17.2627	251.124	407.85998	27	1.0	0.0
16.9027	251.4209	409.888307	21	0.186693259934	0.813306740066
18.179	253.7202	414.432034	13	0.997287029355	0.00271297064523
18.183	253.797	414.485724	13	1.0	0.0735881359738
26.4403	250.1668	414.70078	7	0.844317127675	0.155682872325
34.389	257.0679	414.931326	0	0.609249793159	0.413915407636
26.7079	251.1906	416.881761	-1	0.0	0.160882428634
16.9868	251.3081	417.828102	20	0.643425830168	0.356574169832
16.9661	251.263	417.903142	20	0.972835579441	0.0271644205592
16.9504	251.2314	417.938286	20	1.0	0.0
17.3335	251.1982	417.97729	27	0.783494280053	0.216505719947
26.3802	250.2789	422.073496	7	1.0	0.532643589434
34.4982	257.0646	422.536538	0	0.742914620414	0.285332851392
26.4891	251.8133	422.842441	-1	0.0	0.424142772101
26.6495	251.4177	422.912476	16	1.0	0.0
26.6856	251.5162	422.992061	17	1.0	0.0
25.8453	250.4936	424.305568	7	1.0	0.0
18.0843	250.6658	425.127402	-1	0.0	0.480785426916
17.2979	251.1124	425.127985	27	1.0	0.0761359164353
17.2646	251.1779	425.186279	27	1.0	0.0
17.2493	251.1381	425.236049	27	1.0	0.0439204877367
17.2573	251.1158	425.366152	27	1.0	0.0
17.2762	251.1279	425.421818	27	1.0	0.0
17.2585	251.1429	425.473791	27	1.0	0.0
17.2404	251.0977	425.555696	27	1.0	0.0
17.2425	251.1064	425.62077	27	1.0	0.0
26.441	250.5007	426.178425	7	0.565284905434	0.434715094566
26.5195	250.3056	427.428053	7	1.0	0.108515868888
15.7556	248.1334	428.304777	-1	0.0	0.483117461864
26.1417	250.4165	429.195284	7	1.0	0.0
26.2865	250.4397	429.226191	7	1.0	0.151361863352
34.4749	257.0807	430.0553	0	0.898796793574	0.135377708298
17.3078	250.2766	431.457785	15	1.0	0.0
17.3431	250.2766	431.683393	15	1.0	0.0
17.3659	251.0506	438.345464	-1	0.0	0.0430367461905
17.2864	251.096	438.84217	27	1.0	0.0482317678176
18.2118	250.5419	439.235053	-1	0.0	0.480785426916
17.2248	251.0651	439.235699	27	1.0	0.0
26.6004	250.332	439.292368	7	0.833431604206	0.166568395794
26.4309	250.2254	439.412747	7	1.0	0.229095194843
18.8799	258.5603	439.616546	5	0.611013974071	0.388986025929
16.9276	251.4577	441.742194	21	0.310331710049	0.689668289951
17.4006	251.2567	441.786196	27	0.386866967966	0.613133032034
17.277	249.7616	444.189095	25	1.0	0.0
17.5655	249.6908	444.219613	-1	0.0	0.260895552152
17.2082	249.6768	444.219815	25	0.691388280423	0.308611719577
34.3704	257.1055	445.343914	0	1.0	0.0
18.2644	253.8296	445.960306	13	0.610954371462	0.389045628538
17.2304	249.539	447.933433	19	0.535313734647	0.464686265353
17.2521	249.5164	448.076094	19	0.884285000384	0.115714999616
17.3036	249.7641	449.915842	25	1.0	0.392355825193
17.2812	249.7507	449.997925	25	1.0	0.0578162458998
17.3262	251.1591	452.355228	27	1.0	0.233997115986
17.205	251.0369	452.477652	27	1.0	0.0
25.7747	250.4336	452.504585	7	1.0	0.0
25.8034	250.4782	452.558834	7	1.0	0.366983829122
17.1742	251.0507	452.877681	27	0.947128631636	0.0528713683635
18.1872	253.7601	454.824529	13	1.0	0.210099108068
15.8255	244.7201	455.383754	2	0.22635693302	0.77364306698
26.5379	250.247	456.602866	7	1.0	0.247822406966
17.3194	250.2557	457.277752	15	0.80791736336	0.19208263664
18.2859	249.5798	457.389665	-1	0.0	0.250202615173
26.3601	250.4265	459.514156	7	1.0	0.0940878926081
18.2496	253.7633	464.115825	13	0.943315701438	0.0566842985625
17.4945	250.9486	464.916179	-1	0.0	0.152426461914
26.4633	250.2793	466.994348	7	1.0	0.0
26.5699	250.3466	467.100274	7	0.877208966892	0.122791033108
17.4056	251.2525	467.294205	27	0.427081789556	0.572918210444
25.7781	250.43	469.359838	7	1.0	0.0
16.2985	244.6368	471.366951	2	0.0713346713085	0.928665328691
15.8302	244.8339	471.369651	2	0.920675789373	0.0793242106268
25.971	250.3269	472.539308	7	1.0	0.0
26.0796	250.3382	472.87744	7	1.0	0.0174521182335
25.9493	250.3478	473.173056	7	1.0	0.111207909763
17.1933	251.1144	476.216742	27	1.0	0.00141565460242
17.1717	251.1477	476.387372	27	1.0	0.0135121405556
35.2609	248.3208	477.431296	1	1.0	0.0
17.2496	249.7812	480.097574	25	0.899980209719	0.100019790281
25.7475	250.4104	480.85439	7	1.0	0.351473919543
18.7174	259.0806	481.067944	4	0.161989674124	0.838010325876
26.557	250.3221	487.442896	7	1.0	0.0150610150898
26.4836	250.2968	487.718812	7	1.0	0.0238435262348
26.9212	250.9239	489.4203	-1	0.0	0.180661178798
26.837	250.8944	489.644333	23	0.528585457548	0.471414542452
26.8368	250.8902	489.893229	23	0.468127158485	0.531872841515
17.2739	251.1188	491.056018	27	1.0	0.0
17.9258	251.0766	493.025397	14	0.157770943277	0.842229056723
17.3343	250.2749	494.452562	15	1.0	0.0
17.5636	250.1572	494.704081	-1	0.0	0.285687275478
17.2552	249.7061	494.727911	25	1.0	0.50326328949
16.9723	251.5013	496.855937	21	0.784535992279	0.215464007721
16.9662	251.4986	496.96181	21	0.886197056389	0.113802943611
17.2097	250.9824	497.238632	27	1.0	0.0
17.2503	249.6879	503.356496	25	0.905192906645	0.0948070933546
26.0785	250.2933	505.090034	7	1.0	0.109553326302
15.7085	248.0839	505.520609	-1	0.0	0.0707034052348
25.8108	250.5909	506.508035	7	1.0	0.034185752599
25.8293	250.5857	506.746749	7	1.0	0.0
34.4891	257.0123	506.899671	0	0.474174146662	0.543855140245
25.8434	250.5929	507.110327	7	1.0	0.0
25.8322	250.4093	507.835076	7	1.0	0.0
18.7866	258.5783	511.017946	5	1.0	0.0
17.3482	250.2767	513.208898	15	0.903396881314	0.0966031186865
18.8475	259.27	513.239921	4	0.557342061353	0.442657938647
17.3132	250.2846	513.258065	15	1.0	0.0
17.2816	251.1515	514.819731	27	1.0	0.0727659642229
17.2675	251.1226	514.857469	27	1.0	0.0
17.2513	251.1191	514.931394	27	1.0	0.0
17.2669	251.1309	515.028659	27	1.0	0.0
17.2419	251.1215	515.081001	27	1.0	0.0264963908862
17.0019	251.2177	515.242689	20	0.904662896052	0.0953371039484
17.2752	249.5693	516.220967	19	0.535313734647	0.464686265353
18.275	253.8452	518.86729	13	0.556453931043	0.443546068957
17.9526	254.4104	518.86763	-1	0.0	0.405390256969
26.6842	251.5016	518.975902	17	1.0	0.0
18.2654	253.802	519.192237	13	1.0	0.0
18.1564	254.696	519.19257	-1	0.0	0.000892377042373
17.6202	254.0153	519.192717	-1	0.0	0.242856753658
26.834	250.9268	525.193106	23	1.0	0.0
26.808	250.9039	525.258795	23	0.631784938129	0.368215061871
17.3519	249.7694	525.451707	25	0.638924456306	0.361075543694
17.5022	250.3572	525.716649	15	0.244505222791	0.755494777209
17.4339	251.2597	529.65798	27	0.430453414427	0.569546585573
17.2763	251.1086	529.658071	27	1.0	0.113570177464
17.2822	251.1369	529.694501	27	1.0	0.0
17.2104	251.226	529.809185	27	1.0	0.0
17.1866	251.3703	529.840114	26	1.0	0.0
17.2489	251.1447	529.843183	27	1.0	0.0
17.2446	249.6862	531.354396	25	0.98534927527	0.0146507247304
17.2139	250.9278	535.733006	27	0.491392770889	0.508607229111
17.2038	250.9713	536.045743	27	1.0	0.0
34.5024	257.0702	536.085861	0	0.860975453772	0.171760986174
26.4997	250.3074	537.182364	7	1.0	0.0238435262348
26.5226	250.2777	537.306036	7	1.0	0.107084683616
26.8412	250.9923	541.486357	23	1.0	0.0
25.8399	250.3898	544.397145	7	1.0	0.230978274922
25.8004	250.5953	544.397168	7	1.0	0.287132448433
25.8221	250.484	544.431124	7	1.0	0.27586717334
17.2146	249.666	544.609666	25	0.880185228731	0.119814771269
17.2786	249.7425	544.754442	25	1.0	0.0641085925958
17.3014	251.1423	545.349804	27	1.0	0.249614571615
25.9199	250.3043	545.632978	7	1.0	0.0697988582641
26.0841	250.313	546.097494	7	1.0	0.0
26.815	250.1303	546.204513	7	0.424639963436	0.575360036564
26.0626	250.2548	546.204684	7	1.0	0.0866705370832
17.0086	251.5055	551.643094	21	0.623435473837	0.376564526163
16.9738	251.4381	551.753914	21	0.238999057356	0.761000942644
26.8522	250.9399	552.603518	23	1.0	0.0
26.8379	250.9341	552.649188	23	1.0	0.0
17.3082	250.2628	554.704046	15	1.0	0.0
17.2262	250.1901	555.045417	15	0.256473408754	0.743526591246
17.2934	249.583	557.024906	19	0.535313734647	0.464686265353
17.6136	249.5286	557.123924	-1	0.0	0.387149181236
17.2719	249.5856	557.171587	19	0.508098658892	0.491901341108
18.0503	249.1617	557.235004	-1	0.0	0.0687195021986
17.2325	249.5298	557.235521	19	0.568401879374	0.431598120626
17.3011	249.5679	557.327294	19	0.535313734647	0.464686265353
16.9972	251.2604	558.600704	20	0.793300099039	0.206699900961
26.6845	251.5052	560.252942	17	1.0	0.0
17.2835	251.1647	560.744221	27	1.0	0.0
17.4284	251.1509	560.824905	27	0.35365733881	0.64634266119
17.2797	249.6869	560.838527	25	0.929727534686	0.0702724653136
17.3349	249.8554	560.917479	24	1.0	0.0
17.1875	249.6139	560.917487	-1	0.0	0.311358007206
17.0898	251.0221	561.172558	27	0.398199285838	0.601800714162
26.4136	250.4096	564.705965	7	1.0	0.0549737495472
26.4516	250.4238	564.739152	7	0.900365467225	0.0996345327752
26.4164	250.3283	565.510706	7	1.0	0.0
25.8523	250.4209	570.508281	7	1.0	0.0
17.2942	249.7247	570.937928	25	1.0	0.113367947731
17.3018	249.7336	570.983518	25	1.0	0.419114990265
17.2785	249.7458	571.013218	25	1.0	0.0641085925958
17.2197	249.9753	571.446624	-1	0.0	0.225625568218
17.2643	251.1171	572.342294	27	1.0	0.0
17.1835	251.0823	572.622219	27	1.0	0.139874023235
17.3585	250.3509	575.747541	15	0.446048110492	0.553951889508
17.2692	250.335	576.157919	15	0.325221098278	0.674778901722
26.737	250.8299	579.244782	-1	0.0	0.0274557924982
17.4401	251.2603	581.33428	27	0.430453414427	0.569546585573
17.303	251.1598	581.409094	27	1.0	0.127835872088
18.2489	253.8037	584.454579	13	1.0	0.0
18.2512	253.7874	584.507941	13	1.0	0.0
18.1646	254.113	584.508108	-1	0.0	0.730200243226
17.9782	254.1019	584.537208	-1	0.0	0.789136046456
18.2123	253.773	584.614844	13	1.0	0.453669085588
17.2953	251.1375	586.293936	27	1.0	0.0271664566764
17.2814	249.6848	586.906415	25	0.98534927527	0.0146507247304
17.2938	249.7159	586.96176	25	1.0	0.320357306443
17.3101	249.756	587.24512	25	1.0	0.532219220737
26.7922	250.8216	590.186101	-1	0.0	0.113716402711
27.0123	251.0429	590.186112	-1	0.0	0.263878760656
18.5589	253.5959	594.150717	-1	0.0	0.625925056985
16.6521	252.3362	594.57446	11	0.809186814347	0.190813185653
26.7689	251.0134	594.723198	23	1.0	0.25730176572
18.1946	253.7597	596.262125	13	1.0	0.210099108068
17.4855	251.2154	596.366044	27	0.380290357407	0.619709642593
17.2766	251.0953	596.366148	27	1.0	0.231114942468
18.167	253.7065	596.604546	13	0.56202389756	0.43797610244
17.1978	251.2025	596.670369	27	1.0	0.0754015298981
15.8011	244.6189	597.213171	2	0.117638310396	0.882361689604
