25.8018	251.7768	-6.7e-05	25	1.0	0.0
18.7935	258.9128	-599.920268	-1	0.0	0.556699337179
18.8291	258.9356	-599.920216	-1	0.0	0.592130400722
25.4383	257.8072	-595.874453	9	0.674488234921	0.325511765079
22.9647	260.6883	-594.905815	4	1.0	0.0799560236986
23.0169	260.7362	-594.905777	4	1.0	0.0
22.9238	260.6749	-594.830595	4	0.530304745967	0.469695254033
25.7173	251.6908	-594.43384	25	0.985639389102	0.0143606108976
23.1068	257.054	-592.511032	22	1.0	0.0
23.0808	257.0399	-592.443441	22	1.0	0.0673419454415
23.1177	257.0638	-592.428887	22	1.0	0.0
23.0474	257.043	-592.411129	22	1.0	0.0337895574363
23.0677	257.0291	-592.25442	22	1.0	0.101468228726
23.1484	257.2566	-592.254382	-1	0.0	0.610420011366
23.0881	257.0385	-592.198577	22	1.0	0.163948332234
23.058	256.9933	-592.113886	22	0.695971611324	0.304028388676
23.1386	257.0811	-592.015789	22	0.517016007363	0.482983992637
18.7482	258.5148	-590.994275	18	1.0	0.0
25.5255	257.9807	-590.055825	9	1.0	0.291855756548
23.0603	257.0687	-580.41584	22	0.852894300636	0.147105699364
23.087	257.0857	-580.330739	22	1.0	0.0
25.4358	257.8787	-579.497946	9	1.0	0.0621813235035
25.8032	251.7882	-578.055582	25	1.0	0.0
25.6189	252.1014	-576.452021	20	1.0	0.192048219576
27.3024	251.9726	-574.733284	10	1.0	0.0
23.0002	257.1021	-573.346687	21	0.505657444742	0.494342555258
25.4926	257.9839	-571.508005	9	1.0	0.154673763733
25.5633	258.0084	-569.59993	9	0.757736977853	0.242263022147
25.3636	257.839	-567.305558	9	0.797302766866	0.202697233134
25.3965	257.856	-567.185498	9	1.0	0.0172146582161
34.5063	259.8052	-564.016953	3	0.415772058137	0.584227941863
23.1916	256.9244	-559.758223	-1	0.0	0.292224079922
25.5726	257.8298	-552.052889	9	0.286362081727	0.713637918273
30.4607	256.7098	-549.1313	12	1.0	0.0
30.4049	256.9128	-549.131283	12	0.183936737962	0.816063262038
30.4413	256.6844	-548.99314	12	1.0	0.0
25.5603	257.9964	-547.463214	9	0.89569562452	0.10430437548
25.4985	257.9671	-547.399183	9	1.0	0.0
25.5022	257.9149	-547.169526	9	1.0	0.347574175677
25.742	251.7028	-546.796618	25	1.0	0.0
25.7098	251.6802	-546.718982	25	0.823526214215	0.176473785785
25.7601	251.6804	-546.535072	25	0.976841506581	0.0231584934193
25.4809	258.059	-545.985158	9	1.0	0.0
33.6949	259.7068	-542.403752	5	0.848341342573	0.151658657427
25.6591	252.1463	-541.892876	20	1.0	0.0
33.079	259.0644	-540.783399	6	1.0	0.0
33.0147	259.0557	-540.330855	6	1.0	0.0
23.0862	256.9697	-537.517054	22	0.986567910223	0.0134320897769
23.1605	256.9983	-537.480917	22	0.689718512191	0.310281487809
23.1389	257.0095	-537.368791	22	0.925511918457	0.0744880815433
23.1342	260.9209	-535.625792	4	0.182079087589	0.817920912411
22.9844	260.7183	-535.581015	4	1.0	0.138121573242
22.9596	257.0254	-535.013372	22	0.488606662021	0.511393337979
22.9968	257.0628	-534.953106	22	0.56761999243	0.43238000757
25.4816	257.9616	-534.401158	9	1.0	0.0
25.4902	258.5982	-534.400908	9	0.0555948210025	0.944405178998
25.4872	257.9769	-534.288987	9	1.0	0.25293745668
22.8375	257.2171	-534.225494	21	1.0	0.0
25.4919	257.9132	-534.188296	9	1.0	0.100054556118
25.8504	251.9809	-531.024189	-1	0.0	0.460129659389
26.3185	251.5069	-529.463093	27	0.631559196098	0.368440803902
28.2424	251.5027	-525.397411	-1	0.0	0.383022778863
27.545	251.8139	-525.397368	10	1.0	0.0
33.51	259.6066	-524.767707	5	0.210601473595	0.789398526405
33.4536	259.4928	-524.666171	5	0.112009328274	0.887990671726
33.6641	259.6623	-523.94902	5	1.0	0.0
33.6596	259.725	-523.918874	5	0.848341342573	0.151658657427
33.6751	259.6839	-523.351087	5	1.0	0.0
26.4871	251.3849	-520.313034	26	0.889640754647	0.110359245353
25.5372	257.9526	-518.947981	9	1.0	0.225524305868
23.0994	257.0305	-516.066854	22	1.0	0.0
23.0905	257.0753	-516.020039	22	1.0	0.0
18.602	258.03	-512.251516	15	0.87929003724	0.12070996276
25.811	251.7457	-508.574933	25	1.0	0.0
25.685	252.1751	-508.553881	20	0.972249392933	0.0277506070672
25.6252	251.57	-508.411949	-1	0.0	0.083204334048
25.8369	251.7698	-508.105679	25	1.0	0.0
25.7883	251.6445	-508.027969	25	0.867156026347	0.132843973653
23.0705	256.9883	-505.544239	22	1.0	0.212443705345
23.1409	256.9654	-505.44491	22	0.80117021452	0.19882978548
25.4812	257.9399	-504.442746	9	1.0	0.0722043694556
25.522	257.9336	-504.404697	9	1.0	0.347574175677
25.4973	257.9252	-504.257743	9	1.0	0.347574175677
25.5144	257.9397	-504.14268	9	1.0	0.0618934600547
25.6179	257.8763	-504.019021	9	0.358873912202	0.641126087798
22.9017	257.2072	-491.670018	21	0.87371663326	0.12628336674
22.8545	257.2257	-491.632082	21	1.0	0.0
22.8359	257.2315	-491.593206	21	1.0	0.0
22.8833	257.2397	-491.549469	21	1.0	0.0273217546256
18.4725	258.6023	-488.267801	-1	0.0	0.171528023887
22.9343	257.0398	-486.942182	22	0.488606662021	0.511393337979
23.1239	256.991	-484.5683	22	1.0	0.0303900442725
18.7517	258.4787	-483.292786	18	1.0	0.0
18.7724	258.5684	-483.292745	18	0.793625099168	0.206374900832
25.4819	257.9147	-481.210708	9	1.0	0.347574175677
25.9744	252.0419	-480.228967	-1	0.0	0.0770075037513
25.8423	252.3473	-480.228933	-1	0.0	0.300454265152
23.0209	260.4437	-479.416337	4	0.0704091577959	0.929590842204
22.9662	260.7341	-479.416209	4	1.0	0.205023646977
25.8247	251.9538	-479.401652	-1	0.0	0.260563671782
22.9835	260.695	-479.353007	4	1.0	0.104574945637
18.6518	257.9661	-473.470782	15	1.0	0.0
21.4584	257.7439	-467.667858	14	1.0	0.0
31.5119	256.5048	-467.42158	13	0.994187784919	0.00581221508057
31.4613	256.4799	-467.369976	13	0.583691825058	0.416308174942
31.4826	256.4265	-467.318899	13	0.288588487999	0.711411512001
31.4379	256.5412	-467.280783	13	0.938843949129	0.061156050871
31.4609	256.4686	-467.215287	13	0.535987873422	0.464012126578
25.7588	251.7536	-466.597869	25	1.0	0.0
25.7416	251.6973	-466.522535	25	1.0	0.0
17.5627	249.6738	-461.315155	0	1.0	0.0
25.4648	258.0035	-461.035031	9	1.0	0.286161816297
25.491	258.0014	-461.005622	9	1.0	0.278910488496
25.4833	257.993	-460.987972	9	1.0	0.154673763733
25.4899	257.9716	-460.947084	9	1.0	0.14807853995
18.5339	258.3819	-458.606948	17	0.68161417526	0.31838582474
23.1102	256.9919	-457.524596	22	1.0	0.0303900442725
23.1451	257.0373	-457.513514	22	0.819781316418	0.180218683582
23.121	257.0318	-457.495724	22	1.0	0.120580640797
23.0929	256.9539	-457.463206	22	0.955208372072	0.0447916279283
23.1471	256.9797	-457.421425	22	0.90547948384	0.0945205161604
23.1238	257.0123	-457.394885	22	1.0	0.150392229061
23.137	256.9879	-457.269266	22	1.0	0.0384707691974
25.6646	257.9121	-457.264277	9	0.294414944423	0.705585055577
22.8226	257.1898	-456.272427	21	1.0	0.0
22.8553	257.2485	-456.189103	21	0.950217003148	0.0497829968519
25.7513	251.7483	-452.200167	25	1.0	0.0
26.7824	251.4024	-450.677012	23	1.0	0.0
26.5274	251.4182	-449.909889	26	0.896590556811	0.103409443189
30.4209	256.7202	-449.521015	12	1.0	0.0
25.4142	257.8693	-446.005034	9	1.0	0.0
25.3958	257.8539	-445.772768	9	1.0	0.120704377608
25.9761	251.9875	-441.44235	-1	0.0	0.0995455572451
23.0668	260.7923	-441.025751	4	1.0	0.0
23.0549	260.7534	-440.846801	4	1.0	0.36721331749
23.0986	256.9801	-440.386244	22	1.0	0.186169323335
23.118	257.0007	-440.286213	22	1.0	0.0303900442725
23.0388	256.9105	-440.158324	-1	0.0	0.318485617738
26.3409	251.5135	-439.516955	27	0.890457256457	0.109542743543
22.9914	257.1676	-434.658392	-1	0.0	0.0739345472271
25.7815	251.7358	-425.128748	25	1.0	0.0
33.6561	259.663	-424.997997	5	0.995478032063	0.00452196793705
25.8098	251.743	-424.959236	25	1.0	0.0
33.6723	259.6628	-424.893253	5	1.0	0.0
23.3539	256.5094	-424.81295	16	1.0	0.0
23.3903	256.4351	-424.641076	16	0.827373191387	0.172626808613
23.0136	260.7364	-421.151058	4	1.0	0.0
22.9732	260.7255	-421.103163	4	1.0	0.0
25.4243	257.8685	-418.31212	9	1.0	0.0
23.116	257.0337	-417.012922	22	1.0	0.0611006273891
23.142	257.0115	-416.949797	22	0.872740253236	0.127259746764
23.1243	256.9958	-416.874482	22	1.0	0.0384707691974
32.3214	256.9895	-415.274819	11	0.619116895509	0.380883104491
32.2253	256.9879	-414.977772	11	1.0	0.0
18.4956	258.4428	-413.269338	17	0.905995359267	0.0940046407335
18.9667	257.7747	-407.973896	15	0.261508246384	0.738491753616
23.0349	260.7568	-406.702097	4	1.0	0.177172604228
25.4824	258.0476	-404.457996	9	1.0	0.0
25.4909	257.9564	-404.371177	9	1.0	0.0890577892698
25.4568	257.9549	-404.308002	9	1.0	0.0
25.4852	258.0014	-404.271189	9	1.0	0.304723322161
25.5189	258.0031	-404.223874	9	1.0	0.0565702635552
33.61	259.7038	-402.850654	5	0.561656330079	0.438343669921
25.7763	251.9385	-402.287685	-1	0.0	0.00342957689033
25.7736	251.7216	-402.287647	25	1.0	0.193484776713
25.7647	251.7761	-402.232552	25	1.0	0.0703341801285
25.7275	251.7171	-401.953372	25	0.985247724024	0.0147522759762
30.2595	255.6233	-401.071884	1	0.885679649686	0.114320350314
30.9765	256.6486	-400.390952	13	0.0601274472546	0.939872552745
30.9794	256.7888	-400.390913	-1	0.0	0.0588532704807
30.9504	256.6597	-400.263866	12	0.130511853229	0.869488146771
33.4685	259.1803	-400.158023	6	0.716523953847	0.283476046153
33.5131	259.1983	-400.136199	6	0.615676832015	0.384323167985
26.3534	251.6361	-394.636453	-1	0.0	0.0273610043414
31.2468	256.3576	-393.888791	13	0.0997636880455	0.900236311954
26.4834	251.5823	-387.404129	27	1.0	0.0
23.1459	256.9742	-386.537842	22	0.915583917939	0.0844160820607
22.4932	257.6126	-386.537381	-1	0.0	0.568621454706
25.5901	258.0868	-383.873986	9	0.386587246693	0.613412753307
26.2929	251.5311	-383.330907	-1	0.0	0.118238508746
26.7841	251.4143	-379.575079	23	1.0	0.0
17.659	249.762	-378.98954	0	1.0	0.0
17.6847	249.7584	-378.949032	0	1.0	0.0
16.5271	251.1958	-378.948353	0	0.125609761013	0.874390238987
17.6528	249.7762	-378.916568	0	1.0	0.0
17.5753	249.8701	-378.860631	0	1.0	0.0
25.7816	251.8215	-377.296682	25	1.0	0.0
25.7501	251.7222	-376.979162	25	1.0	0.0309749524874
26.5412	251.1867	-370.228882	19	1.0	0.0
25.7382	251.6919	-365.599353	25	1.0	0.0
25.7686	251.74	-365.543079	25	1.0	0.326514402037
25.7841	251.7188	-365.524225	25	1.0	0.0
25.8234	251.7056	-365.505369	25	0.771737983227	0.228262016773
25.8467	251.7867	-365.375822	25	0.911377709892	0.0886222901084
22.9766	257.0201	-358.751485	22	0.439020358948	0.560979641052
23.1015	257.0264	-358.751446	22	1.0	0.0
23.0903	257.0645	-358.692335	22	1.0	0.0
25.4383	257.9486	-357.174917	9	1.0	0.0526282527367
25.5118	257.9736	-357.050092	9	1.0	0.14807853995
33.3242	257.6926	-346.742653	-1	0.0	0.398748494804
31.4836	256.4486	-342.310337	13	0.443505170592	0.556494829408
25.5526	257.9689	-341.935855	9	1.0	0.0960679743271
25.8219	251.7678	-341.885388	25	1.0	0.0176542577779
25.6529	251.9198	-341.885374	-1	0.0	0.439377367346
25.8126	251.8013	-341.781458	25	1.0	0.0560196240131
25.5396	257.9735	-341.720938	9	1.0	0.31983798174
26.5943	251.5267	-340.326873	-1	0.0	0.386805708455
21.4431	257.7487	-336.466761	14	1.0	0.0
23.136	257.0377	-331.218945	22	1.0	0.129272256735
22.9629	260.6999	-331.13526	4	1.0	0.276233352602
23.0347	260.7609	-331.135208	4	1.0	0.15488696435
23.3819	256.7748	-331.050329	16	0.676075882701	0.323924117299
23.1253	257.0242	-331.050206	22	1.0	0.0626027906878
23.091	257.0201	-330.86413	22	1.0	0.00804004676638
23.1738	257.0816	-330.767931	22	0.339582643568	0.660417356432
23.117	257.0575	-330.697052	22	1.0	0.0
25.4457	258.002	-327.462486	9	1.0	0.257760543938
26.446	251.545	-325.631336	27	1.0	0.0
25.5281	257.9134	-323.917039	9	1.0	0.216773268621
25.8006	251.7967	-318.207132	25	1.0	0.0
25.8057	251.8146	-318.119912	25	1.0	0.214389817371
23.1182	257.0687	-314.300075	22	0.845088950165	0.154911049835
23.1015	257.0235	-314.255371	22	1.0	0.0
25.406	257.8182	-310.542443	9	1.0	0.226588742987
25.499	257.9601	-310.374991	9	1.0	0.0
25.5318	257.9551	-309.743676	9	1.0	0.213012570251
25.5299	257.941	-309.674742	9	1.0	0.159913713159
25.7349	251.8829	-308.348185	-1	0.0	0.0
25.7495	251.8243	-308.124386	25	0.819836136181	0.180163863819
25.7604	251.7369	-299.249274	25	1.0	0.319692175426
25.7575	251.7344	-298.770921	25	1.0	0.326514402037
26.3896	251.5093	-295.095004	27	1.0	0.0
26.466	251.6172	-294.973496	27	1.0	0.0829201994628
26.5002	251.3643	-294.896025	26	0.889640754647	0.110359245353
23.1078	256.9637	-293.847457	22	0.986567910223	0.0134320897769
25.7551	251.7446	-292.748931	25	1.0	0.29149858438
25.7467	251.7999	-292.658301	25	0.877981500572	0.122018499428
22.94	260.7287	-286.819159	4	1.0	0.19656097576
22.9802	260.7283	-286.766593	4	1.0	0.0
22.9871	260.7296	-286.704687	4	1.0	0.0
22.0999	258.6078	-283.831205	-1	0.0	0.3324654009
25.4604	257.9587	-280.105247	9	1.0	0.0985035398419
23.0197	257.1987	-276.608019	-1	0.0	0.356642067402
25.4896	257.8693	-272.23088	9	0.61537115516	0.38462884484
25.3743	258.4404	-272.230718	9	0.0890507560487	0.910949243951
23.0653	257.0405	-267.882666	22	1.0	0.0
23.3512	256.5072	-262.081889	16	1.0	0.0
26.4272	251.4216	-259.550391	27	0.624564535509	0.375435464491
26.4767	251.2147	-257.171642	19	1.0	0.0
25.4459	257.8924	-257.067104	9	1.0	0.139905011489
25.4534	257.9194	-257.002803	9	1.0	0.102579729135
25.499	257.9575	-256.811285	9	1.0	0.0
33.5626	259.5032	-254.202101	5	0.139059342484	0.860940657516
25.7546	251.7486	-253.791741	25	1.0	0.0
25.7403	251.7682	-253.706569	25	1.0	0.117740023982
25.7543	251.736	-253.404826	25	1.0	0.319692175426
33.6608	259.9857	-250.079192	-1	0.0	0.0549007471884
33.6717	259.75	-249.949146	5	0.459204134898	0.540795865102
25.7974	251.7023	-242.315077	25	1.0	0.093145355869
32.236	257.2719	-241.354048	11	0.202044477603	0.797955522397
23.0906	257.024	-240.877782	22	1.0	0.0
26.4679	251.321	-236.47571	-1	0.0	0.170992593234
25.4034	257.863	-234.6614	9	1.0	0.0
25.4033	257.8339	-233.966369	9	1.0	0.205242735695
23.0354	260.7643	-225.503922	4	1.0	0.15488696435
26.491	251.3942	-222.089635	26	1.0	0.0
27.2687	251.8427	-221.797183	10	1.0	0.0
27.2441	251.9108	-221.720701	10	1.0	0.0
30.3963	257.2539	-221.711358	-1	0.0	0.152591554403
30.4821	257.302	-221.711297	-1	0.0	0.221892792251
25.816	251.7472	-217.771425	25	1.0	0.0379306370572
25.7878	251.7637	-217.699094	25	1.0	0.0915057138826
23.934	252.4859	-217.698562	-1	0.0	0.559434260566
25.7912	251.7497	-217.62941	25	1.0	0.0440738465263
25.7905	251.7873	-215.692402	25	1.0	0.0233652402887
25.4662	257.9243	-212.468099	9	1.0	0.0378352682052
25.413	257.938	-212.439111	9	1.0	0.117101738375
26.4908	251.4084	-207.978732	26	0.90640515064	0.0935948493602
18.4975	258.2386	-201.944502	-1	0.0	0.284021562732
25.7584	251.7523	-201.400589	25	1.0	0.0
25.5241	251.9833	-201.28958	-1	0.0	0.192533311744
25.7477	251.623	-201.126357	25	0.703096831347	0.296903168653
25.7171	251.6075	-200.908695	-1	0.0	0.0551386610021
18.7402	258.5196	-196.613367	18	1.0	0.0
23.0462	260.7662	-195.515679	4	1.0	0.251381372126
23.1199	260.8435	-195.444725	4	0.32273731373	0.67726268627
23.0393	260.7873	-195.178248	4	1.0	0.198803241727
23.1395	260.9538	-195.178199	4	0.143498178574	0.856501821426
33.8545	259.3722	-187.715313	6	0.52459716593	0.47540283407
23.1123	257.1639	-186.933391	-1	0.0	0.497341906785
22.9898	257.0397	-186.895877	22	0.610608126545	0.389391873455
23.0967	257.0334	-186.872149	22	1.0	0.154024217162
23.1046	257.016	-186.824539	22	1.0	0.163336646302
31.4475	256.4994	-183.986747	13	0.829296726031	0.170703273969
27.0444	251.2877	-180.93394	-1	0.0	0.0579688839043
25.4295	257.9143	-180.731028	9	1.0	0.0
25.4467	257.94	-180.594344	9	1.0	0.328640903724
26.8332	251.4104	-180.065236	-1	0.0	0.135834425236
26.8305	251.3542	-179.981846	-1	0.0	0.120385588224
23.6415	256.4104	-173.574348	16	0.679446107006	0.320553892994
21.4614	257.7671	-172.038667	14	0.886594679122	0.113405320878
21.5481	257.6971	-171.734066	14	0.493680735765	0.506319264235
26.3958	251.4559	-170.828181	27	1.0	0.556321016355
25.5477	257.8201	-170.292525	9	0.325947997405	0.674052002595
21.5234	257.9	-170.228513	14	0.195865193751	0.804134806249
25.5523	257.9511	-168.774918	9	1.0	0.0868605740593
25.5155	257.9588	-168.726655	9	1.0	0.0926417975202
25.5235	257.9746	-168.665145	9	1.0	0.334896172176
25.8392	251.7592	-165.931448	25	0.836830902005	0.163169097995
26.6809	251.4387	-162.082071	23	1.0	0.0
26.5243	251.3952	-162.001288	26	1.0	0.0
26.4355	251.5366	-157.385501	27	1.0	0.0
26.4051	251.4794	-157.295044	27	1.0	0.343342635239
23.113	260.8226	-157.035516	4	0.525464920201	0.474535079799
26.5157	251.1691	-154.214087	19	1.0	0.0
29.0713	254.4937	-153.09199	1	0.900769142738	0.0992308572617
25.4869	258.0798	-150.84862	9	1.0	0.020540667997
23.0875	260.7925	-149.492679	4	1.0	0.0
23.045	260.7456	-149.330664	4	1.0	0.16971991117
23.0245	260.7299	-149.250287	4	1.0	0.0442480839585
23.0339	260.7466	-149.209677	4	1.0	0.136326163861
23.0642	260.7981	-148.970161	4	1.0	0.0
23.0906	260.7921	-148.645166	4	1.0	0.0
25.6555	252.1588	-147.75989	20	1.0	0.0
25.6322	252.1393	-147.672203	20	1.0	0.0
25.6752	252.1601	-147.647648	20	1.0	0.0
25.8096	251.6979	-146.663227	25	0.909544484069	0.090455515931
25.7363	251.706	-140.00709	25	1.0	0.0
18.4902	258.2661	-139.688841	-1	0.0	0.183017363494
23.0706	256.951	-139.168666	22	0.64760548195	0.35239451805
23.0928	256.9906	-138.693745	22	1.0	0.17324648058
25.3793	257.9608	-134.63962	9	0.755205229814	0.244794770186
25.4101	257.9155	-134.497552	9	1.0	0.0
27.2266	251.8823	-132.644943	10	1.0	0.0
22.9283	257.0497	-128.512356	22	0.447967256833	0.552032743167
22.7916	257.1037	-126.583361	-1	0.0	0.154704032994
22.7914	257.233	-126.539643	21	0.618874906295	0.381125093705
22.8826	257.3055	-126.513094	-1	0.0	0.364479170396
22.868	257.2309	-126.459996	21	1.0	0.0
26.5021	251.4187	-120.417446	26	0.94361542179	0.0563845782104
33.268	257.575	-119.369395	-1	0.0	0.322039224159
33.3731	257.7818	-119.184123	-1	0.0	0.451972340482
21.0591	254.732	-116.931038	2	0.0466489149878	0.953351085012
25.7714	251.717	-114.559535	25	1.0	0.0
25.4322	258.008	-111.45027	9	1.0	0.127038360545
15.8222	262.4127	-111.169937	8	1.0	0.0
23.0765	256.9409	-109.222692	22	0.54596717185	0.45403282815
23.0425	256.9742	-109.186862	22	0.550060128048	0.449939871952
23.0791	257.0108	-109.154007	22	0.77423186087	0.22576813913
26.434	251.5602	-107.925689	27	1.0	0.113392482788
26.4101	251.5586	-105.022289	27	1.0	0.113392482788
33.6615	259.6751	-102.666826	5	1.0	0.0
18.4605	258.4241	-98.222242	17	1.0	0.0
18.458	258.4161	-98.222204	17	1.0	0.0
26.5934	251.1804	-98.207321	19	1.0	0.0
25.7453	251.7479	-98.175962	25	1.0	0.127348492393
18.5075	258.4107	-98.166464	17	1.0	0.0
25.7261	251.6533	-98.120029	25	0.974044606024	0.0259553939758
25.778	251.6494	-98.094197	25	0.867156026347	0.132843973653
25.8029	251.7752	-97.308814	25	1.0	0.0176542577779
26.5957	251.4477	-94.390124	-1	0.0	0.261352022263
26.5412	251.4185	-94.308593	26	0.944365043308	0.0556349566924
26.5285	251.4043	-94.225239	26	1.0	0.0
30.4053	256.7048	-93.182356	12	1.0	0.0
30.4618	256.7203	-92.97224	12	1.0	0.0
30.4076	256.7567	-92.938921	12	0.673929248437	0.326070751563
26.2835	251.6175	-92.767448	-1	0.0	0.305768094518
18.4236	258.8109	-89.673305	-1	0.0	0.318225479332
20.871	254.3727	-86.308216	2	0.637582887667	0.362417112333
20.879	254.2763	-86.259129	2	0.227893328538	0.772106671462
20.9026	254.3973	-85.675189	2	0.532390583076	0.467609416924
22.8574	257.1911	-83.835931	21	1.0	0.0
22.8422	257.1296	-83.808738	21	0.834841875319	0.165158124681
25.3936	257.951	-83.695611	9	1.0	0.249988283617
22.9091	257.1812	-83.688888	21	0.668066372525	0.331933627475
22.9322	257.2498	-83.645835	21	0.70003160748	0.29996839252
25.3211	257.9806	-83.609461	9	0.446096870659	0.553903129341
22.9186	257.2263	-83.605824	21	0.807205750385	0.192794249615
22.9207	257.2707	-83.558583	-1	0.0	0.0287971554148
22.9066	257.2524	-83.457476	21	0.739078222335	0.260921777665
25.4404	257.9552	-83.422033	9	1.0	0.0526282527367
25.7853	251.8113	-82.790477	25	1.0	0.0
25.8396	251.7957	-82.678201	25	1.0	0.135746319181
25.9294	251.707	-82.647924	-1	0.0	0.439021186716
25.791	251.7187	-82.620986	25	1.0	0.0
26.383	251.5113	-75.369204	27	1.0	0.0
26.4709	251.4073	-72.623134	26	0.804936240092	0.195063759908
33.535	259.1905	-71.664743	6	0.603756610805	0.396243389195
26.5208	251.393	-66.230435	26	1.0	0.0
18.2951	261.1705	-64.541893	7	1.0	0.0
23.1079	257.0481	-64.357555	22	1.0	0.0318252766971
23.225	257.3579	-64.357529	-1	0.0	0.0719600346598
18.3406	261.2049	-64.322546	7	1.0	0.0
18.25	261.5124	-64.322391	7	0.253624938653	0.746375061347
23.025	257.0399	-64.266831	22	1.0	0.20802850764
18.2477	261.1666	-64.149538	7	1.0	0.0
18.3997	261.2432	-64.149531	7	0.662144687759	0.337855312241
23.1105	257.0604	-63.86202	22	1.0	0.0
25.4978	258.043	-62.975418	9	1.0	0.208877551415
25.4434	257.9022	-62.94938	9	1.0	0.112509148365
25.4324	257.9537	-62.919393	9	1.0	0.22808380084
25.4404	257.9221	-62.72469	9	1.0	0.119446916953
25.6872	251.8368	-62.672436	25	0.439680761652	0.560319238348
25.6922	251.8221	-62.641427	25	0.481367545661	0.518632454339
25.5027	257.9884	-62.352758	9	1.0	0.278910488496
25.5309	258.0104	-62.167598	9	1.0	0.243363453223
25.4638	258.2636	-62.167524	9	0.128415921178	0.871584078822
31.4877	256.5056	-61.423378	13	1.0	0.0
27.8249	250.5591	-59.471239	-1	0.0	0.496703090727
26.7468	251.3523	-59.471116	23	1.0	0.0
29.1649	255.4879	-58.240634	1	1.0	0.0
33.6607	259.6988	-55.905368	5	1.0	0.0
26.4372	251.5993	-54.359476	27	0.721913434461	0.278086565539
26.9728	251.2215	-53.475923	-1	0.0	0.0623773587354
25.7976	251.7209	-51.648031	25	1.0	0.22525452022
25.8244	251.8993	-51.626269	24	1.0	0.0
25.7427	251.7329	-51.529292	25	1.0	0.380006421639
25.7793	251.7095	-51.476714	25	1.0	0.0
26.2254	251.07	-46.641501	-1	0.0	0.370843123116
18.622	257.9948	-34.984266	15	0.939798073569	0.0602019264306
18.6383	257.9937	-34.916389	15	0.862358081676	0.137641918324
27.0706	251.0645	-33.481546	-1	0.0	0.52175677176
26.5301	251.3719	-33.363434	26	0.895243571814	0.104756428186
25.7987	251.8867	-32.06164	24	1.0	0.0
25.72	251.6646	-32.04579	25	0.974044606024	0.0259553939758
25.8173	251.6782	-31.924435	25	0.80252169832	0.19747830168
25.7778	251.7	-31.570783	25	1.0	0.0363034780119
32.2063	256.9976	-26.695562	11	1.0	0.0
32.1817	256.9421	-26.649646	11	1.0	0.0
18.4984	258.4259	-24.482678	17	1.0	0.0
18.543	258.4148	-24.371087	17	0.789598140551	0.210401859449
25.9864	251.3987	-22.536546	-1	0.0	0.319532335296
25.7849	251.7849	-18.034902	25	1.0	0.0
25.8033	251.7429	-18.00264	25	1.0	0.0
25.7859	251.6721	-17.965574	25	0.976841506581	0.0231584934193
25.7398	251.6453	-17.934259	25	0.753199573522	0.246800426478
25.7817	251.6837	-17.911491	25	0.905592203879	0.0944077961212
25.8233	251.7764	-17.877083	25	1.0	0.0
25.801	251.669	-17.819907	25	0.889110828469	0.110889171531
26.4013	251.5448	-16.119459	27	1.0	0.0743131699125
26.4232	251.5616	-16.071339	27	1.0	0.00211547556811
26.4993	251.435	-10.996366	26	0.719786820345	0.280213179655
27.7227	250.5403	-10.899885	-1	0.0	0.489950274627
26.5617	251.5511	-10.899729	-1	0.0	0.310258377263
25.6607	252.123	-9.506894	20	1.0	0.286069746876
18.8066	258.4425	-8.433152	18	0.933205771455	0.0667942285453
18.8005	258.4432	-8.381143	18	0.912086308855	0.0879136911452
18.8521	258.484	-8.381122	18	0.839638138651	0.160361861349
31.4638	256.5164	-8.327147	13	0.989849397762	0.0101506022381
31.4928	256.5184	-8.29805	13	1.0	0.0
31.508	256.5189	-8.220988	13	1.0	0.0
25.4665	257.9554	-8.123857	9	1.0	0.0
25.4572	258.1313	-8.064456	9	0.411752801706	0.588247198294
26.3713	251.4323	-2.133703	27	0.789770358394	0.210229641606
23.0961	260.7142	-1.79378	4	0.415306654143	0.584693345857
23.1309	261.07	-1.793608	4	0.0768663559071	0.923133644093
23.1533	260.8258	-1.559085	4	0.356341511726	0.643658488274
25.8018	251.7768	-6.7e-05	25	1.0	0.0
25.792	251.7446	0.445682	25	1.0	0.0
18.8148	257.8434	0.580898	15	0.342108567705	0.657891432295
26.6146	251.4481	2.59206	-1	0.0	0.261352022263
26.4619	251.3483	2.666266	-1	0.0	0.225846712727
25.9001	251.6056	4.128701	-1	0.0	0.494461801861
15.8076	262.4217	6.786929	8	1.0	0.0
15.8329	262.4986	6.853935	8	1.0	0.0
20.8915	254.3515	9.530367	2	1.0	0.0
20.855	254.3381	9.56994	2	0.777663434326	0.222336565674
20.902	254.3483	9.63325	2	0.855147501918	0.144852498082
26.4565	251.5463	10.295455	27	1.0	0.093482848574
25.5103	258.0072	12.49983	9	1.0	0.304723322161
30.3123	255.6532	14.783803	1	0.852556730754	0.147443269246
22.0829	258.6169	18.913058	-1	0.0	0.336575445337
25.4185	257.9114	19.776981	9	1.0	0.0
25.4286	257.8643	19.965807	9	1.0	0.0
21.1017	254.7886	23.352487	2	0.0393495722467	0.960650427753
25.5904	257.9759	27.762469	9	0.683961740205	0.316038259795
26.5857	251.653	29.142816	-1	0.0	0.359476739714
26.4611	251.5321	29.220208	27	0.985237750047	0.0147622499534
26.4816	251.5815	29.336247	27	1.0	0.0655726900493
25.9784	252.2523	29.336329	-1	0.0	0.21344989404
25.7902	251.7336	29.416551	25	1.0	0.00323097918168
22.8339	257.2087	29.649791	21	1.0	0.0476042429027
25.7487	251.6993	42.079118	25	1.0	0.0
23.0133	260.7462	54.331454	4	1.0	0.142625510747
22.9578	260.7155	54.368702	4	1.0	0.111371788838
22.9523	260.7936	54.368787	4	0.345352078575	0.654647921425
22.9497	260.6573	54.46428	4	0.40356123127	0.59643876873
33.6698	259.7177	55.544381	5	0.733521378487	0.266478621513
24.9595	263.8884	56.158041	-1	0.0	0.204148656702
26.5562	251.5341	58.83641	-1	0.0	0.227601629066
26.7288	251.399	58.839276	23	1.0	0.0
25.687	252.1478	58.839457	20	1.0	0.273028887827
25.7058	251.9305	59.169603	-1	0.0	0.251074286302
26.5133	251.673	60.774322	-1	0.0	0.396051183138
26.4249	251.5271	61.146193	27	1.0	0.0
26.4131	251.4872	64.599921	27	1.0	0.0
26.5474	251.4368	71.770148	-1	0.0	0.0275933688158
25.7971	251.7083	72.519399	25	1.0	0.0776350020772
26.0227	251.7344	72.567467	-1	0.0	0.221863726015
15.8902	262.4521	75.520462	8	1.0	0.0
25.4066	257.9154	79.729478	9	1.0	0.0
25.4119	258.0736	79.810863	9	0.863095094124	0.136904905876
25.5453	258.0401	80.447871	9	0.670301387576	0.329698612424
25.5579	258.0977	80.447923	9	0.455111572945	0.544888427055
25.5102	258.2214	80.447967	9	0.173904940292	0.826095059708
21.5063	257.7246	80.783586	14	0.973837504958	0.0261624950422
26.3134	251.5301	84.929268	27	0.671036842643	0.328963157357
26.3714	251.5127	85.22329	27	1.0	0.0629242251786
18.4561	258.3963	86.346172	17	0.799480148129	0.200519851871
25.4582	257.9502	89.422869	9	1.0	0.0526282527367
22.7864	257.1954	89.933417	21	0.685169800011	0.314830199989
22.8498	257.2278	90.012898	21	1.0	0.0
25.7229	251.9204	91.20791	-1	0.0	0.0311120771305
25.8066	251.8139	91.25835	25	1.0	0.0323090510048
25.7497	251.6819	91.298878	25	1.0	0.273592976139
23.0753	257.0882	91.330691	22	0.907848291724	0.0921517082763
26.4004	251.4684	91.522809	27	1.0	0.493578737147
23.0813	257.0809	91.528253	22	1.0	0.0
31.5004	256.5085	94.308466	13	1.0	0.0
22.9092	260.7333	96.979352	4	0.517023690313	0.482976309687
23.0111	260.6908	97.460015	4	0.687009254201	0.312990745799
25.6553	252.2191	100.563219	20	0.533123442385	0.466876557615
25.3835	257.8804	101.707318	9	1.0	0.211716424823
26.4163	251.548	101.826878	27	1.0	0.0815465868009
26.2475	251.6013	110.335001	-1	0.0	0.296822222984
26.2796	251.581	110.540439	-1	0.0	0.0751249452357
26.4341	251.5059	110.982858	27	1.0	0.616619425224
25.411	257.9103	112.83741	9	1.0	0.0
25.4048	257.8227	112.89627	9	0.920612596119	0.0793874038809
23.0373	256.9964	112.969356	22	0.605203683026	0.394796316974
23.0251	257.0516	113.091016	22	0.976399023173	0.0236009768275
23.0494	257.0239	113.240682	22	1.0	0.101468228726
25.7504	251.7823	113.385209	25	1.0	0.0883170196205
22.1115	258.5501	113.433762	-1	0.0	0.286515975374
25.9045	251.7653	113.461853	-1	0.0	0.140234458525
25.8305	251.7805	113.46884	25	1.0	0.0
25.7175	251.7072	113.568754	25	0.985639389102	0.0143606108976
25.6882	251.8556	113.60734	25	0.429414648224	0.570585351776
25.8248	251.8676	113.647074	-1	0.0	0.0137962190513
25.6956	251.6385	113.777216	25	0.578276391326	0.421723608674
25.7559	251.7356	113.96015	25	1.0	0.319692175426
26.5617	251.5772	117.390239	-1	0.0	0.370568375413
26.4682	251.5598	119.989115	27	0.93486585165	0.0651341483497
33.0929	259.0315	121.130535	6	1.0	0.0
15.9312	262.1312	121.683971	8	0.39594514231	0.60405485769
18.301	260.923	121.749086	7	0.310641303252	0.689358696748
22.9857	257.2077	123.089744	-1	0.0	0.0742223789975
22.9252	257.1283	123.339287	21	0.737451785981	0.262548214019
22.8046	257.2427	123.339394	21	0.692484035895	0.307515964105
23.1122	257.0179	127.958386	22	1.0	0.0
34.461	259.7919	129.566396	3	0.487091105585	0.512908894415
25.7862	251.645	132.580701	25	0.867156026347	0.132843973653
23.1172	256.9495	139.899416	22	0.688915974575	0.311084025425
23.1109	256.9685	139.971415	22	0.986567910223	0.0134320897769
25.8134	251.9142	140.253368	24	1.0	0.0
23.0445	260.7525	142.208118	4	1.0	0.136326163861
34.3195	259.6204	145.538029	3	1.0	0.0
34.3585	259.6121	145.569407	3	1.0	0.0
34.3364	259.6494	145.608585	3	1.0	0.0
25.4317	257.9228	146.610596	9	1.0	0.0602353379245
26.4218	251.4538	146.689034	27	1.0	0.503392266071
18.4661	258.3573	147.966873	17	0.502519767132	0.497480232868
20.8969	254.5363	148.599873	2	0.10947860107	0.89052139893
20.8744	254.3415	148.642736	2	1.0	0.0
20.8739	254.3359	148.687198	2	1.0	0.0
20.8905	254.3428	148.771684	2	1.0	0.0
20.884	254.3705	148.867544	2	0.719234413255	0.280765586745
26.4622	251.5677	148.990034	27	0.870471926234	0.129528073766
26.4282	251.4459	149.036724	27	1.0	0.16243537144
22.0755	258.5876	152.51377	-1	0.0	0.311337077293
25.7317	251.673	156.079037	25	1.0	0.273592976139
25.7269	251.6604	156.109616	25	0.967414075327	0.032585924673
26.3835	251.5661	157.496571	27	0.671163462374	0.328836537626
26.5105	251.7172	157.94269	-1	0.0	0.377198923462
26.4045	251.5592	158.183867	27	1.0	0.124196187119
25.4177	257.8763	159.566704	9	1.0	0.0
25.3442	257.9616	159.566756	9	0.519242771758	0.480757228242
25.4192	257.8248	160.588476	9	1.0	0.209158438578
25.8142	251.7884	164.14072	25	1.0	0.00556790624839
33.5308	259.1934	166.01803	6	0.603744849872	0.396255150128
26.5581	251.2554	167.921667	19	0.95052135393	0.0494786460697
26.5226	251.2155	168.045532	19	1.0	0.0
25.448	258.03	170.496565	9	0.939986706354	0.0600132936456
25.6751	252.2761	172.292681	20	0.333240603143	0.666759396857
25.7409	252.294	172.419358	-1	0.0	0.0438285862311
25.6669	252.1697	172.725814	20	1.0	0.202806629439
26.3162	251.5228	174.762327	27	0.890457256457	0.109542743543
23.0503	257.0332	178.272298	22	1.0	0.0
23.0624	257.0584	178.313905	22	0.892554158538	0.107445841462
23.0685	257.0663	178.531665	22	1.0	0.0
23.0889	257.0675	178.615798	22	0.969229218182	0.0307707818181
23.0626	257.0473	178.867892	22	1.0	0.00282530051837
23.1464	256.9806	180.885135	22	0.858752586644	0.141247413356
25.4408	257.8975	182.706567	9	1.0	0.0941824303095
30.1716	249.1852	184.105942	-1	0.0	0.00508919699651
26.2749	251.5771	184.155372	-1	0.0	0.0751249452357
22.8469	257.1779	184.944207	21	1.0	0.0
22.8366	257.1963	185.059042	21	1.0	0.0
18.59	257.9423	187.719379	15	1.0	0.0
18.5948	258.0434	187.818536	15	0.712115982404	0.287884017596
31.4646	256.5126	192.55525	13	1.0	0.0
31.5165	256.5446	192.582282	13	0.853932820937	0.146067179063
26.4055	251.5438	193.370343	27	1.0	0.0153966756696
34.4976	259.3622	194.601455	3	0.273350932748	0.726649067252
25.8045	251.9041	194.742152	24	1.0	0.0
25.7521	251.7531	194.819979	25	1.0	0.0
23.0257	260.8171	195.144157	4	0.566869639593	0.433130360407
22.9794	260.7426	195.194945	4	1.0	0.352652997762
22.9854	260.7248	195.370683	4	1.0	0.0
25.7794	251.8126	195.417638	25	1.0	0.0
34.3169	259.6614	197.324037	3	1.0	0.0
34.3398	259.6877	198.237867	3	1.0	0.0
26.4132	251.4893	206.573182	27	1.0	0.0
26.5068	251.4764	206.9491	-1	0.0	0.287484048442
20.9121	254.4285	210.159998	2	0.332478864416	0.667521135584
20.9045	254.4162	210.194838	2	0.45826621518	0.54173378482
20.8691	254.3509	210.314058	2	1.0	0.0
20.9026	254.383	210.502414	2	0.494890673443	0.505109326557
29.0501	254.5751	211.604336	1	1.0	0.0
14.7658	265.3385	211.791106	-1	0.0	0.215586077161
25.4355	257.9	211.838173	9	1.0	0.133131191914
25.3814	257.8651	211.951275	9	1.0	0.0266334997992
23.1207	257.011	213.697333	22	1.0	0.163336646302
25.4747	258.0744	214.536122	9	1.0	0.0
25.4969	258.0227	214.621154	9	1.0	0.270294094968
21.4546	257.6519	219.093644	14	0.352946157362	0.647053842638
22.9734	260.7107	219.173399	4	1.0	0.276233352602
23.0597	257.028	221.251756	22	1.0	0.0
23.3059	256.6098	221.297877	16	1.0	0.0
23.07	257.0391	221.343874	22	1.0	0.0
25.7316	251.8099	229.846941	25	0.656719832642	0.343280167358
25.7036	251.7788	229.910489	25	0.509610436082	0.490389563918
25.7759	251.8111	230.399046	25	1.0	0.0
25.9198	251.8442	230.427328	-1	0.0	0.461334933567
25.7511	251.7943	230.59183	25	0.851517050501	0.148482949499
26.4303	251.5298	231.588855	27	1.0	0.0
26.4229	251.5403	233.273315	27	1.0	0.00811912410945
26.4076	251.4573	233.581171	27	1.0	0.493578737147
26.3668	251.4322	233.770231	27	0.69860722274	0.30139277726
18.1868	261.1881	235.402753	7	1.0	0.0
34.5101	259.7731	236.684715	3	0.472742893016	0.527257106984
31.5089	256.4852	241.800356	13	0.616490406264	0.383509593736
21.4689	257.7212	242.359039	14	1.0	0.0
21.4976	257.7376	242.421509	14	1.0	0.0
22.9278	257.0464	243.539541	22	0.488606662021	0.511393337979
23.0286	257.0537	243.682131	22	0.953639514371	0.0463604856289
26.3941	251.4563	247.612557	27	1.0	0.593779703017
26.4039	251.4832	247.816802	27	1.0	0.338654251173
26.4161	251.4968	248.472178	27	1.0	0.366437521459
18.7421	258.4375	253.294731	18	0.601302111374	0.398697888626
18.7403	258.527	254.19757	18	1.0	0.0
25.6866	252.0755	254.222009	20	0.660584406089	0.339415593911
26.374	251.5877	255.550022	-1	0.0	0.0897803553529
25.8056	252.1051	257.64967	20	0.322533582186	0.677466417814
25.3998	258.0708	257.833723	9	0.792864379261	0.207135620739
22.9747	257.1261	258.588685	21	0.717899244868	0.282100755132
22.9866	257.118	258.759511	21	0.569935950336	0.430064049664
22.9877	257.1298	258.957493	21	0.585443573575	0.414556426425
26.4815	251.5014	262.626042	27	0.601615277797	0.398384722203
26.4188	251.5208	262.699315	27	1.0	0.0
23.0584	260.737	264.853414	4	1.0	0.150321520137
23.0069	260.8562	264.890888	4	0.264045438357	0.735954561643
18.3915	258.5251	265.385539	17	0.335770988611	0.664229011389
18.3669	258.4079	265.422167	17	0.57047359205	0.42952640795
23.0593	257.0436	265.725689	22	1.0	0.0
26.8458	251.4209	267.151627	-1	0.0	0.277512208651
26.413	251.4573	275.400939	27	1.0	0.493578737147
26.3771	251.473	275.461574	27	1.0	0.0854321749177
26.3848	251.4972	275.52604	27	1.0	0.0388209135962
26.4034	251.4613	275.589823	27	1.0	0.493578737147
26.3822	251.4682	276.1677	27	1.0	0.583049828394
25.7542	251.7574	279.936118	25	1.0	0.232628494448
26.9806	251.2974	280.928798	-1	0.0	0.25363952696
25.4479	257.9378	283.712583	9	1.0	0.355293733145
26.6116	251.4104	288.026663	-1	0.0	0.295313813618
26.5056	251.3755	288.392014	26	1.0	0.0
18.3432	258.7125	294.00667	-1	0.0	0.207461533431
26.4911	251.5385	294.043243	27	0.728698664306	0.271301335694
25.5831	252.2149	294.063029	20	0.409561945526	0.590438054474
26.4381	251.4866	294.120682	27	1.0	0.115331740948
26.6218	251.5067	294.252749	-1	0.0	0.0839377065979
26.4096	251.4753	294.252772	27	1.0	0.494503494987
26.4662	251.5798	294.608371	27	1.0	0.0
25.4868	258.0634	295.772248	9	1.0	0.020540667997
23.0992	256.9619	301.148973	22	0.986567910223	0.0134320897769
23.1474	256.9	301.172006	-1	0.0	0.34334293714
23.1089	256.9821	301.240257	22	1.0	0.16430811911
23.071	256.9942	301.26837	22	0.908123648671	0.0918763513288
23.0938	256.9864	301.342603	22	1.0	0.0370796299503
23.3161	256.6206	303.144367	16	1.0	0.0
26.4328	251.5003	315.588482	27	1.0	0.567660502626
26.3518	251.5256	315.656516	27	0.897096032862	0.102903967138
26.4055	251.4345	315.842577	27	0.789770358394	0.210229641606
26.4345	251.578	316.18847	27	0.863944674259	0.136055325741
18.5019	258.0548	321.838726	15	0.423490863805	0.576509136195
23.019	260.7412	322.069435	4	1.0	0.0
23.0257	260.7309	322.157185	4	1.0	0.0194924649415
25.7818	251.8961	322.538004	24	1.0	0.0
26.4054	251.5317	322.543643	27	1.0	0.0845984087253
23.0344	260.7701	322.809256	4	1.0	0.368195450453
23.0161	257.0151	326.764758	22	0.59162232133	0.40837767867
23.0465	257.0315	326.79391	22	1.0	0.0
23.5797	256.7262	326.832752	-1	0.0	0.0540194763139
23.0653	257.0746	326.833033	22	0.969582159674	0.0304178403263
23.0342	257.0353	326.861459	22	1.0	0.041891750244
23.0467	257.0447	326.958671	22	1.0	0.00282530051837
23.0543	257.0409	327.075387	22	1.0	0.0
23.0867	257.085	327.167279	22	1.0	0.0
31.4636	256.5472	328.23327	13	0.938843949129	0.061156050871
34.5377	259.5896	328.476657	3	0.503766120895	0.496233879105
31.4858	256.5444	328.646934	13	0.938843949129	0.061156050871
31.5004	256.5584	328.716638	13	0.720391569511	0.279608430489
26.4747	251.6097	330.591861	27	0.986085374178	0.0139146258218
26.4736	251.6047	333.877198	27	1.0	0.0
26.3916	251.4838	334.659853	27	1.0	0.527107131707
18.4545	258.4444	334.838722	17	1.0	0.0
18.4664	258.4878	334.865878	17	0.545397717702	0.454602282298
32.1864	256.9423	336.0639	11	1.0	0.0
20.9135	254.4132	336.506506	2	0.494890673443	0.505109326557
19.4178	257.5288	338.276611	-1	0.0	0.668952972684
18.803	257.8825	338.27706	15	0.363899472536	0.636100527464
15.8095	262.3719	339.84232	8	1.0	0.0
26.3821	251.5215	340.62571	27	1.0	0.0582492719534
18.5568	257.9747	341.939622	15	0.767637615715	0.232362384285
26.4873	251.596	342.889387	27	1.0	0.0
25.775	251.775	344.936476	25	1.0	0.021477666511
25.7845	251.7101	345.05005	25	1.0	0.0
25.4415	257.9774	347.084041	9	0.918467107704	0.0815328922957
26.5394	251.4922	347.821607	-1	0.0	0.340703721624
26.3835	251.5222	347.855765	27	1.0	0.0236540505488
26.3603	251.469	347.908023	27	1.0	0.182042410866
26.3891	251.5075	347.956334	27	1.0	0.0318710867305
26.3724	251.4561	348.049134	27	1.0	0.182042410866
26.418	251.4929	348.11558	27	1.0	0.0621724499248
26.4277	251.837	348.115593	-1	0.0	0.264598735155
26.3837	251.5406	348.433399	27	1.0	0.0532131764332
18.1209	261.1717	348.863457	7	0.901615587853	0.0983844121469
28.8722	255.2939	351.267294	1	1.0	0.0
26.4798	251.5835	353.001209	27	1.0	0.0
22.9415	257.0603	353.975931	22	0.440886551548	0.559113448452
23.0118	257.0555	354.062869	22	0.774112115505	0.225887884495
26.4464	251.5173	356.24876	27	1.0	0.132474125303
23.3312	256.6117	356.502811	16	1.0	0.0
26.4186	251.5861	358.805972	27	0.822825110323	0.177174889677
32.564	257.1703	360.076107	11	0.212095328139	0.787904671861
25.4376	258.0521	364.049652	9	1.0	0.0
25.6355	252.0698	364.164293	20	1.0	0.323458801349
25.4554	258.0554	364.609857	9	1.0	0.0
25.4116	258.0026	364.78066	9	1.0	0.140331857196
25.4457	258.0568	364.995821	9	1.0	0.0502391843652
22.8792	257.0978	371.368071	-1	0.0	0.00256620597049
26.481	251.6236	371.698692	27	0.785014110779	0.214985889221
26.3525	251.4681	371.968118	27	0.915435677363	0.0845643226367
26.3336	251.5614	372.24825	-1	0.0	0.0751249452357
23.6808	256.2759	376.143309	-1	0.0	0.202352681477
26.4143	251.4888	376.880635	27	1.0	0.0
34.5635	259.0549	379.955189	-1	0.0	0.436818283771
26.4001	251.4708	386.174371	27	1.0	0.381020155281
18.5718	258.0226	389.526671	15	0.793887475468	0.206112524532
23.0265	260.7444	391.024598	4	1.0	0.0941008000172
22.9749	260.7024	391.083325	4	1.0	0.353342097217
26.4509	251.5499	396.256381	27	1.0	0.0
26.552	251.3988	396.30463	26	0.944365043308	0.0556349566924
26.5433	251.3784	396.358148	26	0.927826213443	0.0721737865571
26.2738	251.5628	399.551805	-1	0.0	0.153762075202
26.2875	251.5679	399.68739	-1	0.0	0.0751249452357
18.204	261.1537	402.999454	7	1.0	0.0
18.2466	261.4199	402.999548	7	0.353448712378	0.646551287622
22.8632	257.1982	406.140737	21	1.0	0.00659803470515
23.3367	256.3772	407.687563	16	0.679446107006	0.320553892994
26.3446	251.4878	408.218396	27	0.648151681304	0.351848318696
21.5036	257.7559	409.514737	14	1.0	0.0
34.5123	259.3746	410.730263	3	0.281098630903	0.718901369097
26.4917	251.5387	411.518586	27	0.720463572888	0.279536427112
26.4456	251.6484	415.891686	-1	0.0	0.326059365114
18.706	257.7869	415.960674	15	0.261343267687	0.738656732313
18.596	257.9583	415.96075	15	1.0	0.0
26.4737	251.6317	416.113984	27	0.662613320528	0.337386679472
25.7378	251.6382	417.539255	25	0.702614697326	0.297385302674
25.7835	251.627	417.607444	25	0.797620156943	0.202379843057
25.8079	251.6382	417.637869	25	0.807606264849	0.192393735151
25.7925	251.6637	418.094182	25	0.850204057812	0.149795942188
25.7578	251.6643	418.283207	25	0.919170190929	0.0808298090708
26.5869	251.4575	419.81643	-1	0.0	0.352001033683
26.3899	251.4971	420.824333	27	1.0	0.0236815695501
22.8381	257.1101	421.440428	21	0.763462132191	0.236537867809
25.5709	257.9281	424.453591	9	0.798236736387	0.201763263613
25.4564	258.0969	424.456723	9	0.926119423514	0.0738805764856
31.431	256.523	429.524159	13	0.861303259946	0.138696740054
31.4536	256.5491	429.593438	13	0.90013852021	0.0998614797896
33.1426	259.0827	432.43255	6	1.0	0.0
33.2443	259.0419	432.437716	6	1.0	0.0
24.1922	252.4071	435.871255	-1	0.0	0.476576544707
26.3834	251.5101	440.024189	27	1.0	0.0
26.3703	251.3903	440.091259	-1	0.0	0.231866444214
22.8759	257.1849	441.462523	21	1.0	0.0
22.856	257.1659	441.495508	21	0.909423893203	0.0905761067972
22.8862	257.2221	441.630385	21	1.0	0.0135059571718
22.8123	257.1488	441.78779	21	0.679753129326	0.320246870674
18.617	257.929	442.743689	15	1.0	0.0
18.6458	257.9369	442.870882	15	1.0	0.0
16.75	259.4632	442.872484	-1	0.0	0.111333685999
25.3942	257.9943	444.279807	9	0.753461557122	0.246538442878
25.4488	258.0546	444.513571	9	1.0	0.0035098350585
25.4103	258.0135	444.600153	9	0.979273805024	0.0207261949763
22.8611	257.1241	444.68394	21	0.821332365133	0.178667634867
25.4784	258.0438	444.748641	9	1.0	0.0677708084784
25.8113	251.7771	447.634738	25	1.0	0.0
25.7815	251.8171	447.742568	25	1.0	0.0
26.1375	251.5643	447.770808	-1	0.0	0.402956099657
25.7662	251.785	447.770866	25	1.0	0.0
26.4633	251.5925	448.776285	27	1.0	0.0
26.4464	251.4975	449.154399	27	1.0	0.0116886158383
33.8243	259.6009	450.807594	5	0.194146138714	0.805853861286
26.3635	251.5358	453.912803	27	1.0	0.0279259623128
26.4506	251.5815	455.842454	27	1.0	0.215059271191
26.4283	251.5371	455.912544	27	1.0	0.0
26.4409	251.5542	456.163726	27	1.0	0.0
23.0067	260.7386	456.763737	4	1.0	0.0
18.6366	258.1077	457.49761	15	0.393469899353	0.606530100647
23.1399	257.0267	458.344442	22	1.0	0.120580640797
23.0974	257.0508	458.419677	22	1.0	0.0476363771369
26.3506	251.5437	458.46103	27	0.755417927297	0.244582072703
24.5256	262.8516	458.844999	-1	0.0	0.0118675401062
26.3986	251.512	460.949133	27	1.0	0.0946276004903
26.4253	251.4958	466.135163	27	1.0	0.451970539338
26.4351	251.5205	466.195519	27	1.0	0.0
26.4241	251.4668	466.252135	27	1.0	0.0690549389159
26.4132	251.4902	466.325113	27	1.0	0.0
22.8963	257.1446	468.035432	21	0.837314209282	0.162685790718
26.4352	251.5519	469.730255	27	1.0	0.0
26.4589	251.7277	469.730277	-1	0.0	0.141798092826
32.2298	256.9531	472.78255	11	1.0	0.0
18.4296	258.6339	473.693835	-1	0.0	0.27152237827
32.1656	257.0659	473.708451	11	0.479692062665	0.520307937335
28.9016	255.2967	476.703089	1	1.0	0.0
26.4075	251.4873	477.686466	27	1.0	0.0
31.4363	256.5182	477.765225	13	1.0	0.0
31.4339	256.5353	477.844524	13	0.972912590242	0.0270874097583
31.5029	256.5257	477.927475	13	0.853932820937	0.146067179063
31.4868	256.5483	477.998273	13	0.938843949129	0.061156050871
25.5833	252.1606	478.191953	20	0.769939429701	0.230060570299
22.971	260.7309	480.610871	4	1.0	0.0
23.0094	260.8333	480.610925	4	0.37645063672	0.62354936328
23.014	260.7021	480.853679	4	0.762347813434	0.237652186566
22.8156	257.1797	488.726262	21	0.986881900617	0.013118099383
22.8242	257.1688	488.814863	21	0.945370203116	0.0546297968843
26.4822	251.5382	490.462309	27	0.921371795637	0.0786282043632
25.4076	258.0457	491.76319	9	0.908839335314	0.0911606646863
25.4706	258.0903	491.911743	9	1.0	0.0
18.4006	258.4546	496.406111	17	0.604949798818	0.395050201182
26.3464	251.3634	496.659248	-1	0.0	0.213268450999
25.7422	251.8673	499.26676	24	0.777509021243	0.222490978757
24.5084	262.8563	499.457434	-1	0.0	0.0123626068788
26.3812	251.5307	500.068826	27	1.0	0.394445874645
26.3765	251.5186	502.583116	27	1.0	0.0455588098889
26.4134	251.5088	504.377301	27	1.0	0.4347892472
26.4439	251.5103	504.701813	27	1.0	0.633971554974
24.9899	258.3097	508.956197	9	0.0707708852093	0.929229114791
18.7779	258.5121	509.779079	18	1.0	0.0
25.5122	257.9474	511.451565	9	1.0	0.159913713159
26.0536	257.7249	511.655358	9	0.0752473246223	0.924752675378
26.784	251.3122	516.933742	-1	0.0	0.0807344103284
25.7548	251.7647	517.015879	25	1.0	0.520572748468
25.8086	251.7333	517.647892	25	1.0	0.0561966430265
25.823	252.0303	518.445979	-1	0.0	0.556176718467
23.6463	256.3423	521.894137	16	0.668002472323	0.331997527677
26.1261	252.0317	522.911837	-1	0.0	0.179394748882
26.3491	251.3411	523.169586	-1	0.0	0.236306895494
26.3718	251.5088	523.268268	27	1.0	0.0
22.8761	257.1428	523.940336	21	0.837314209282	0.162685790718
22.8585	257.1517	524.064069	21	0.837314209282	0.162685790718
25.6134	252.0758	524.798968	20	1.0	0.0
25.6133	252.0911	524.874874	20	1.0	0.0
25.6198	252.0911	524.936628	20	1.0	0.0
25.64	252.3429	524.983277	-1	0.0	0.316887602823
25.5637	252.033	524.983296	20	0.488369172858	0.511630827142
25.6419	252.1521	525.034619	20	1.0	0.0
25.6221	252.061	525.207293	20	0.881263883059	0.118736116941
19.0163	257.8599	529.366104	15	0.295919112317	0.704080887683
18.6576	257.9368	529.684012	15	1.0	0.0
26.4143	251.5007	530.358214	27	1.0	0.469481733953
26.4218	251.5172	532.559122	27	1.0	0.0
26.3912	251.4747	539.152202	27	1.0	0.470367483869
26.3211	251.4674	539.27354	-1	0.0	0.081652607568
26.3214	251.615	544.934733	-1	0.0	0.314761094937
25.492	258.0888	546.576551	9	1.0	0.246498458148
25.4191	257.949	546.659464	9	1.0	0.214239670974
25.43	258.0423	546.956918	9	1.0	0.0035098350585
31.4206	256.8407	549.316875	-1	0.0	0.00609290182196
23.0287	260.7352	549.42933	4	1.0	0.0
23.0621	260.797	549.494954	4	1.0	0.0
22.9863	260.7534	549.535492	4	0.807497324568	0.192502675432
22.95	260.7004	549.560346	4	1.0	0.111371788838
23.0738	260.7443	550.123993	4	0.971973889563	0.0280261104366
26.3165	251.3717	550.701168	-1	0.0	0.220265240248
26.3881	251.5158	550.769359	27	1.0	0.0
26.4132	251.4574	550.822653	27	1.0	0.493578737147
25.6395	252.1944	553.626115	20	0.723798384797	0.276201615203
25.6163	252.0918	553.660344	20	1.0	0.0
25.6486	252.1114	553.727431	20	1.0	0.413675333467
26.4272	251.4089	560.776328	-1	0.0	0.00157369228138
26.3662	251.4272	560.865818	27	0.656433123182	0.343566876818
26.4676	251.5045	560.865854	27	0.870869925888	0.129130074112
26.3941	251.519	560.919011	27	1.0	0.0946276004903
18.7887	257.8386	561.16193	15	0.317852841275	0.682147158725
28.9312	255.3172	565.099272	1	1.0	0.0
26.4434	251.4526	569.727983	27	0.861940008389	0.138059991611
26.3749	251.5035	571.441122	27	1.0	0.241638153037
25.4441	258.0744	573.135888	9	1.0	0.195914352961
25.7411	251.7419	573.899683	25	1.0	0.380006421639
26.4963	251.3478	574.195419	-1	0.0	0.0756870770055
34.5618	259.052	575.072497	-1	0.0	0.438375202849
22.9125	257.1927	576.773778	21	0.727704785084	0.272295214916
22.9035	257.1506	576.855662	21	0.813085530124	0.186914469876
26.4254	251.5758	577.946825	27	1.0	0.215059271191
26.3869	251.4206	582.989433	27	0.789770358394	0.210229641606
26.7801	251.3237	583.096898	-1	0.0	0.383030215697
26.4015	251.6105	583.455969	-1	0.0	0.227980351788
25.6201	252.1339	584.783526	20	1.0	0.182641678688
25.6191	252.0817	584.826001	20	1.0	0.0
25.6061	252.1273	584.88446	20	0.988572430098	0.0114275699024
25.6132	252.144	585.004704	20	1.0	0.0
22.8958	257.1393	591.799867	21	0.837314209282	0.162685790718
23.0039	257.3145	591.799886	-1	0.0	0.517616446106
26.4131	251.4842	591.896594	27	1.0	0.155848327993
26.4117	251.5264	591.94298	27	1.0	0.0508524459153
26.4002	251.4769	591.969541	27	1.0	0.343342635239
24.4327	252.4889	599.748388	-1	0.0	0.393254976652
