10.074	109.6282	-6.4e-05	20	0.1616338686	0.8383661314
12.8401	116.5486	-596.407343	-1	0.0	0.0657007150694
12.8572	116.4766	-596.349561	-1	0.0	0.165715404028
12.8268	116.5229	-596.321372	-1	0.0	0.0398741831117
12.8624	116.5903	-596.252201	-1	0.0	0.216855666462
13.0165	116.4527	-596.174818	-1	0.0	0.0170845805183
12.8694	116.5727	-596.174758	-1	0.0	0.14854260886
12.578	116.9784	-593.03758	-1	0.0	0.795683866565
6.8131	118.8091	-591.872548	4	1.0	0.0467857016091
9.9419	109.6153	-590.638299	20	0.540839251442	0.459160748558
9.9237	109.6549	-590.39769	20	0.682205373233	0.317794626767
9.9239	109.6379	-590.286376	20	1.0	0.0
12.9415	116.1161	-590.195744	-1	0.0	0.0926466927119
12.9334	116.176	-590.106403	32	1.0	0.0
9.9466	109.6458	-584.259256	20	0.868260609207	0.131739390793
18.9263	113.0409	-580.671669	15	0.343373570996	0.656626429004
18.9134	112.9905	-580.166091	15	0.20855105585	0.79144894415
18.8731	113.0066	-580.113849	15	0.193483947407	0.806516052593
6.8933	118.7926	-578.250341	4	0.95784174745	0.0421582525501
17.6956	113.3066	-576.548611	-1	0.0	0.378341912758
10.5952	109.5328	-576.23205	10	0.435569142328	0.564430857672
9.6326	109.3058	-575.929867	24	0.6883727221	0.3116272779
9.6097	109.2816	-575.772476	24	0.604067931897	0.395932068103
12.718	116.5649	-575.052624	28	1.0	0.0
12.675	116.5049	-574.187933	26	0.899678312012	0.100321687988
16.4693	113.5502	-573.231762	9	0.295620829052	0.704379170948
16.5793	113.6248	-573.158141	9	0.613452410406	0.386547589594
13.1507	116.0863	-570.263238	25	0.566190217253	0.433809782747
13.128	116.0575	-570.133932	-1	0.0	0.0332580993974
18.1977	114.1977	-569.381999	19	0.400372454956	0.599627545044
18.8848	113.9257	-568.558154	17	1.0	0.172775955236
18.9374	114.0249	-568.483127	17	1.0	0.224713075285
18.9585	113.9798	-568.240608	17	1.0	0.0662056552105
17.8422	104.6147	-567.607414	0	1.0	0.225650729897
9.5792	109.194	-567.387655	24	0.466062828222	0.533937171778
10.5204	109.8621	-564.452047	3	0.80958143556	0.19041856444
9.9343	109.6817	-563.028958	20	0.508308885909	0.491691114091
18.9297	113.8349	-562.631611	17	0.687414995976	0.312585004024
16.502	114.4632	-562.407418	7	0.283014590962	0.716985409038
16.4477	114.4041	-562.337463	7	0.424847136104	0.575152863896
6.7999	118.8043	-562.33268	4	1.0	0.0827053066054
6.8337	118.8016	-562.269331	4	1.0	0.0
9.7621	110.345	-562.199688	5	0.384781062127	0.615218937873
12.8424	116.5759	-562.171701	-1	0.0	0.0227226699982
12.8088	116.5194	-561.952202	28	0.319014813386	0.680985186614
17.9858	114.5093	-559.358826	-1	0.0	0.339563001823
6.9157	118.8104	-552.34077	4	0.644459874468	0.355540125532
9.8967	109.4769	-552.130401	20	0.107374774605	0.892625225395
9.8686	109.2224	-552.073651	23	0.615222628557	0.384777371443
10.7651	109.4088	-548.911559	10	0.494369265502	0.505630734498
10.5396	109.4763	-545.520548	10	0.70840508701	0.29159491299
12.707	116.5516	-543.607891	28	1.0	0.0
9.694	109.2615	-539.375134	24	1.0	0.0
9.6787	109.2871	-538.981645	24	1.0	0.355452950713
12.9447	116.2616	-538.282515	31	1.0	0.0
11.8573	115.5993	-532.852608	8	1.0	0.0
17.907	114.1388	-532.158138	19	1.0	0.0
10.6743	109.4584	-531.813283	10	0.70840508701	0.29159491299
10.6638	109.423	-531.527928	10	0.644774510527	0.355225489473
12.9297	116.248	-527.564149	31	0.992023522494	0.00797647750571
18.967	114.0602	-526.637181	17	1.0	0.0
13.0263	116.5455	-524.38705	-1	0.0	0.443954828475
12.8946	116.391	-524.33441	27	0.911440202878	0.0885597971219
12.9302	116.4392	-524.304765	27	0.578825727874	0.421174272126
12.9163	116.4255	-524.266803	27	0.63721548128	0.36278451872
12.9018	116.4014	-524.19014	27	0.835993910238	0.164006089762
12.9281	116.4055	-524.112667	27	0.889442124557	0.110557875443
12.9135	116.3784	-524.040508	27	1.0	0.0825237560101
12.9245	116.3211	-523.934386	27	0.849138677467	0.150861322533
12.9214	116.3784	-523.689469	27	1.0	0.0276267149566
9.9241	109.6338	-523.617751	20	1.0	0.0
9.66	109.2127	-521.596339	24	1.0	0.0
19.0253	113.1041	-520.915644	15	1.0	0.0
7.1987	118.7157	-520.687475	4	0.181380258484	0.818619741516
6.8025	118.8066	-519.580483	4	1.0	0.0467857016091
6.7886	118.8827	-519.527261	4	1.0	0.0
6.7864	118.8268	-519.497376	4	1.0	0.181746534325
6.7871	118.8134	-519.476514	4	1.0	0.0
18.0691	114.1581	-519.038602	19	0.599429519147	0.400570480853
18.0578	114.181	-518.953122	19	0.579124737782	0.420875262218
18.1255	114.2071	-518.67287	19	0.426544088355	0.573455911645
9.9898	109.6571	-518.612373	20	0.409960826688	0.590039173312
16.497	114.454	-514.10022	7	0.268996072757	0.731003927243
6.7809	122.1637	-513.008169	12	0.0335040495913	0.966495950409
6.8574	118.8377	-512.662244	4	1.0	0.296384272562
12.9319	116.2098	-512.085534	31	0.921007002291	0.0789929977092
6.8555	118.792	-511.759103	4	1.0	0.00482886813963
12.4288	107.2124	-510.585474	1	1.0	0.0
10.7127	109.4577	-508.906054	10	0.694824876661	0.305175123339
10.7356	109.4665	-508.829641	10	0.54256689073	0.45743310927
9.7051	109.2683	-507.646634	24	1.0	0.141220901825
9.975	109.6465	-507.195115	20	0.617389702845	0.382610297155
12.756	116.5369	-505.609399	28	0.332803689295	0.667196310705
12.6901	116.5366	-505.538287	28	0.463459213998	0.536540786002
12.6948	116.5605	-505.490207	28	0.956367682895	0.0436323171054
12.7064	116.6227	-505.439501	-1	0.0	0.025045154313
12.6983	116.5572	-505.373319	28	1.0	0.0
17.9122	104.5823	-504.701316	0	1.0	0.0
11.1001	123.366	-500.533612	11	1.0	0.0
12.9525	116.1153	-497.58147	-1	0.0	0.0619581084486
9.6437	109.1482	-493.901092	24	0.980110708125	0.0198892918755
9.6332	109.2315	-493.771944	24	1.0	0.0904611044713
6.8456	118.8147	-491.978034	4	1.0	0.0501506238117
6.8649	118.732	-491.932251	4	1.0	0.0
10.382	109.9965	-491.620009	3	0.868203426435	0.131796573565
16.5788	114.4175	-490.398557	7	0.162494198824	0.837505801176
16.1874	114.4777	-490.337502	7	0.0704577640555	0.929542235944
16.4563	114.4937	-490.238336	7	0.256894594511	0.743105405489
16.4384	114.4748	-490.06502	7	0.268996072757	0.731003927243
16.4371	114.584	-489.948199	7	0.0990033881831	0.900996611817
10.7044	109.4183	-487.544339	10	0.694824876661	0.305175123339
17.9847	104.8072	-486.933039	0	0.785497320172	0.214502679828
9.901	109.2141	-486.641573	23	0.475499771908	0.524500228092
12.6047	116.8536	-484.487121	-1	0.0	0.581128060336
12.9892	116.1879	-481.929187	32	0.67966853044	0.32033146956
9.6813	108.9906	-480.997002	-1	0.0	0.0566727500938
6.8984	118.9246	-480.197996	4	0.505776678773	0.494223321227
17.9014	104.4613	-479.893424	0	1.0	0.0
17.9636	104.5969	-479.850531	0	1.0	0.0130761103611
17.9222	104.4965	-479.802616	0	1.0	0.0
17.9393	104.4609	-479.291862	0	1.0	0.0
17.9245	104.4723	-479.033883	0	1.0	0.0
12.9403	116.3919	-477.046152	27	0.848020618709	0.151979381291
13.2022	116.1185	-471.464227	25	0.357094698196	0.642905301804
13.1409	116.1305	-471.299945	25	0.544126358894	0.455873641106
13.1678	116.0785	-471.234386	25	0.410501752728	0.589498247272
13.1954	116.1478	-471.119383	-1	0.0	0.0753199375456
16.4775	114.3866	-470.802787	7	0.410678459695	0.589321540305
10.5778	109.3936	-470.792198	10	0.939257174563	0.060742825437
10.5691	109.4016	-470.696693	10	1.0	0.0
18.9511	114.0267	-466.870286	17	1.0	0.00454963765634
9.7124	109.4292	-466.851602	-1	0.0	0.058604269293
9.6626	109.2916	-466.762521	24	0.996262987777	0.00373701222255
9.6879	109.1574	-466.741298	24	1.0	0.0
6.8837	118.6211	-466.358896	4	0.276877519049	0.723122480951
6.8771	118.7722	-466.358828	4	0.979813021286	0.0201869787139
6.8424	118.8016	-466.315319	4	1.0	0.0
11.2459	115.2279	-464.961329	8	1.0	0.0
12.7076	116.5834	-462.632541	28	0.631284168304	0.368715831696
12.7122	116.5609	-462.59793	28	1.0	0.0
12.6949	116.5555	-462.572253	28	0.95115781764	0.0488421823601
12.707	116.5661	-462.522604	28	1.0	0.0
12.7113	116.5787	-462.475642	28	0.759568862773	0.240431137227
12.7442	116.5613	-462.414664	28	0.577429179061	0.422570820939
12.726	116.5022	-462.316064	26	1.0	0.0
12.721	116.4908	-462.214431	26	1.0	0.0
12.7456	116.657	-462.008844	-1	0.0	0.305838966823
9.9479	109.6352	-461.894296	20	0.841159714277	0.158840285723
9.9879	109.8606	-461.826893	-1	0.0	0.105376925599
8.7351	123.3331	-460.944529	12	0.0286187748194	0.971381225181
8.6185	123.4614	-460.617086	12	0.0254780394876	0.974521960512
12.6007	116.7419	-460.063956	-1	0.0	0.0275872322325
12.5734	116.6506	-459.814457	-1	0.0	0.0159420922063
12.4742	116.9421	-459.814316	-1	0.0	0.784134884456
12.9871	116.2745	-458.737758	-1	0.0	0.0753493799553
12.9502	116.1796	-452.778947	32	1.0	0.0
12.9448	116.1601	-452.712657	32	0.998540030806	0.00145996919373
16.524	113.6169	-450.798004	9	0.425953854356	0.574046145644
16.5086	113.5619	-450.57638	9	0.493958254537	0.506041745463
12.9545	116.3041	-449.826805	27	0.590992678846	0.409007321154
7.1788	118.7128	-448.439958	4	0.174956066494	0.825043933506
6.8561	118.8207	-444.327975	4	1.0	0.0753994686534
18.5376	114.1207	-443.930361	18	0.539696113998	0.460303886002
9.5827	109.1336	-443.526741	24	0.428506568165	0.571493431835
12.9572	116.2042	-443.40899	31	0.921007002291	0.0789929977092
18.4651	114.0364	-443.246794	18	1.0	0.0
10.5459	109.9011	-443.229153	3	1.0	0.348629846596
16.4685	114.4373	-440.925995	7	0.284656717399	0.715343282601
12.9857	116.2311	-440.621054	31	0.921007002291	0.0789929977092
6.8582	118.7666	-439.506449	4	1.0	0.0642468378991
18.1951	114.3126	-437.199194	19	0.187370518898	0.812629481102
18.1105	114.4602	-437.19918	-1	0.0	0.100149093218
13.0488	116.1382	-435.670727	32	0.756436595923	0.243563404077
12.9581	116.155	-431.947319	32	1.0	0.179462788555
16.4552	114.4166	-427.714456	7	0.361627990356	0.638372009644
10.6092	109.4603	-427.660053	10	0.70840508701	0.29159491299
12.9301	116.1485	-427.005348	32	0.876257417278	0.123742582722
12.9643	116.2748	-426.944306	31	0.841135426545	0.158864573455
12.9325	116.1734	-426.707674	32	1.0	0.0
12.9545	116.3668	-424.277001	27	1.0	0.0
12.9377	116.3546	-424.097653	27	1.0	0.0900758769164
12.9269	116.337	-424.01182	27	0.900381039901	0.0996189600988
12.9334	116.3334	-423.394353	27	0.991286959652	0.00871304034761
12.9701	116.4287	-422.959128	27	0.481455829735	0.518544170265
18.9557	114.0495	-422.573653	17	1.0	0.0
18.9626	114.0583	-422.536654	17	1.0	0.0
18.9777	114.0624	-422.489628	17	1.0	0.0
18.9367	114.0606	-422.434517	17	1.0	0.0
18.9287	113.9821	-422.384893	17	1.0	0.0
6.864	118.6909	-422.356294	4	0.849354988774	0.150645011226
17.9502	104.7897	-417.891295	0	1.0	0.0
9.6633	109.2324	-417.592394	24	1.0	0.0105987795488
17.6326	113.1778	-415.526533	22	1.0	0.0
17.6325	113.2359	-415.273393	21	1.0	0.0
18.0006	104.6937	-415.185002	0	0.692602882724	0.307397117276
12.8717	116.4628	-413.379202	-1	0.0	0.0392939430532
9.6686	109.1342	-412.601014	24	1.0	0.149749391737
6.8475	118.7659	-412.267438	4	1.0	0.0572097037138
6.8357	118.7977	-412.008377	4	1.0	0.0
6.8082	118.8211	-411.86269	4	1.0	0.0
17.9435	104.4431	-411.209312	0	1.0	0.0357017063168
17.811	104.4833	-411.16262	0	0.826808803934	0.173191196066
11.2393	115.2388	-410.593389	8	1.0	0.0
13.1519	116.1182	-408.968469	25	0.891858222955	0.108141777045
13.1338	116.1238	-408.915141	25	0.782445820473	0.217554179527
13.1383	116.0965	-408.869615	25	1.0	0.0
13.1593	116.1084	-408.775574	25	1.0	0.0
9.6531	109.2184	-407.858511	24	1.0	0.0
12.9028	116.3563	-407.678859	27	0.904059113563	0.095940886437
9.9338	109.6967	-405.755138	20	0.508308885909	0.491691114091
9.9457	109.642	-405.703878	20	1.0	0.0
12.9532	116.2267	-405.216033	31	0.885601570637	0.114398429363
12.9647	116.2474	-405.156509	31	1.0	0.0
12.9447	116.1664	-405.099487	32	1.0	0.0260110863749
12.9574	116.0783	-403.557349	-1	0.0	0.209935138392
10.5595	109.9537	-402.821589	3	1.0	0.178865032018
16.5992	113.5162	-401.845352	9	0.607137643312	0.392862356688
6.8872	118.804	-399.036842	4	1.0	0.299142338119
11.2322	123.5519	-398.482447	11	0.403857008479	0.596142991521
6.8565	118.7559	-398.040698	4	1.0	0.0879995285756
16.4367	114.3647	-394.409453	7	1.0	0.0
16.4636	114.3635	-394.366152	7	0.701493661549	0.298506338451
9.9431	109.5759	-390.484745	20	0.302261774253	0.697738225747
6.8295	118.889	-387.851763	4	1.0	0.0
9.712	109.1491	-387.357049	24	1.0	0.00615831887774
11.8754	115.5421	-386.792814	8	1.0	0.0
9.9707	109.793	-386.689735	20	0.140765258722	0.859234741278
18.1018	114.2416	-377.924511	19	0.322339999405	0.677660000595
17.8601	104.7108	-377.737471	0	1.0	0.101818306391
11.9288	107.0717	-374.445839	1	1.0	0.0
11.936	107.1867	-374.354234	1	1.0	0.0
18.9894	113.0793	-374.161251	15	0.55047804943	0.44952195057
18.9619	113.1213	-374.116251	15	0.372626587075	0.627373412925
18.9485	113.0908	-374.085457	15	0.432969669158	0.567030330842
18.9575	113.0593	-374.036659	15	0.391611105821	0.608388894179
10.3647	109.5542	-372.870619	10	0.216076536494	0.783923463506
17.639	113.2349	-367.485938	21	1.0	0.0
17.6505	113.2381	-367.460187	21	1.0	0.0
17.7	113.2814	-367.361842	-1	0.0	0.0796707820335
6.7095	118.8137	-365.38524	4	0.60146906213	0.39853093787
6.8253	118.8106	-364.556103	4	1.0	0.0647828515219
12.9734	116.2008	-364.192389	31	0.796293063324	0.203706936676
12.9087	116.4981	-360.979177	-1	0.0	0.0849308894302
12.7339	116.6009	-360.975882	28	0.334092374377	0.665907625623
12.7002	116.5444	-360.898727	28	0.702485500567	0.297514499433
12.8405	116.6099	-360.898665	-1	0.0	0.260902962546
12.7438	116.5653	-360.81039	28	0.673129088414	0.326870911586
12.6868	116.7578	-360.074957	-1	0.0	0.0310337016271
12.9133	116.4556	-359.972793	-1	0.0	0.133147706873
12.8902	116.4911	-359.847538	-1	0.0	0.00783596389433
16.4635	114.4818	-358.661179	7	0.283014590962	0.716985409038
18.4266	114.1547	-358.38549	18	0.448986017411	0.551013982589
6.8669	118.7166	-356.202288	4	1.0	0.286332528629
6.907	118.8428	-356.04188	4	0.558030126026	0.441969873974
12.6373	116.6562	-355.687661	29	1.0	0.0
6.8604	118.7438	-352.622408	4	1.0	0.0
17.8665	104.6619	-351.641996	0	1.0	0.148592169336
18.9783	113.1269	-346.093095	15	0.465667070717	0.534332929283
9.7015	109.0805	-345.997074	24	0.482140457985	0.517859542015
9.6752	109.2168	-345.997055	24	1.0	0.0948568153472
9.6767	109.161	-345.609167	24	1.0	0.0
9.6754	109.1872	-336.700974	24	1.0	0.0
6.8679	118.7319	-334.565809	4	1.0	0.115758412874
12.5653	116.5121	-333.989053	-1	0.0	0.311271993349
9.9486	109.6466	-332.907355	20	0.841159714277	0.158840285723
9.8865	109.6522	-332.842644	20	0.479027452887	0.520972547113
9.9283	109.6138	-332.255687	20	0.576076238102	0.423923761898
9.9259	109.5875	-332.15765	20	0.417084028195	0.582915971805
9.9208	109.5147	-332.120148	20	0.193282320265	0.806717679735
9.9345	109.7018	-332.096419	20	0.477281054974	0.522718945026
9.9345	109.5407	-332.045159	20	0.270473330799	0.729526669201
17.9623	104.8659	-330.838093	0	0.424432122816	0.575567877184
6.8002	118.8678	-329.73907	4	1.0	0.0
6.8185	118.8215	-329.684508	4	1.0	0.0
6.8082	118.7698	-329.564753	4	1.0	0.0
12.9672	116.1628	-328.703836	32	1.0	0.0966361452877
17.9128	104.5913	-323.105989	0	1.0	0.0
13.1413	116.1041	-322.861374	25	1.0	0.0
18.9602	113.0928	-321.888434	15	0.489799087476	0.510200912524
18.9547	113.8868	-321.79102	17	1.0	0.0
18.4582	114.0158	-321.409865	18	1.0	0.0
18.9651	113.0667	-320.88423	15	0.391611105821	0.608388894179
12.6239	116.5722	-319.804084	30	1.0	0.0718711035569
12.593	116.5487	-319.598295	30	1.0	0.0
17.6967	113.1197	-318.537289	-1	0.0	0.121413767554
17.6587	113.1664	-318.421317	22	1.0	0.0
9.8415	113.7947	-316.841441	2	1.0	0.0
9.7399	109.3888	-315.826392	-1	0.0	0.196414386295
11.3917	115.1901	-315.794898	8	1.0	0.0
18.1112	114.1771	-315.402476	19	0.536187459949	0.463812540051
18.3895	114.2699	-315.33972	19	0.148081379146	0.851918620854
18.0994	114.1703	-315.213832	19	0.566911006111	0.433088993889
18.076	114.195	-315.120104	19	0.544918779278	0.455081220722
12.3281	117.4038	-313.417077	13	0.624770513362	0.375229486638
16.558	113.5421	-307.865829	9	0.672187791296	0.327812208704
14.1817	106.4197	-303.712741	1	0.50347803956	0.49652196044
12.7972	116.5241	-303.125848	28	0.417557052954	0.582442947046
13.105	116.6167	-301.61457	-1	0.0	0.642412092326
18.9049	113.9063	-298.598174	17	1.0	0.172775955236
16.4735	114.3503	-298.180362	7	0.492151317077	0.507848682923
12.9811	116.3132	-297.632167	27	0.502234702626	0.497765297374
9.9215	109.2603	-296.509359	23	0.85189506397	0.14810493603
6.9004	118.8767	-296.458263	4	0.483063936569	0.516936063431
6.8397	118.7708	-296.409433	4	1.0	0.0467754137732
6.8419	118.7641	-296.371306	4	1.0	0.175394755378
6.8625	118.7457	-296.278957	4	1.0	0.0519123254212
6.8335	118.759	-296.278917	4	1.0	0.0
19.0401	113.0521	-294.193439	15	0.663768048982	0.336231951018
11.038	123.3229	-291.976002	11	0.647466153265	0.352533846735
11.0567	123.381	-291.92766	11	1.0	0.0
11.074	123.4184	-291.892839	11	1.0	0.0
11.0942	123.4289	-291.853701	11	1.0	0.0
9.6903	109.1898	-291.113385	24	1.0	0.0
9.6981	109.2492	-291.007517	24	1.0	0.0
9.6769	109.1193	-290.914013	24	0.942625185813	0.0573748141866
9.6717	109.1574	-290.383332	24	1.0	0.0886626427767
12.9826	116.2504	-288.978681	31	0.92049901606	0.0795009839404
8.419	122.1019	-288.532375	12	1.0	0.0
8.4342	122.1538	-288.484944	12	1.0	0.0
8.4319	122.1225	-288.456352	12	1.0	0.0
8.4259	122.1066	-288.436984	12	1.0	0.0
8.425	122.1709	-288.341269	12	1.0	0.131926623467
8.4182	122.1597	-288.295518	12	1.0	0.0
6.842	119.0078	-287.253335	4	0.207509730203	0.792490269797
9.6803	109.1179	-287.218357	24	0.963624824226	0.0363751757743
12.9589	116.1748	-283.205147	32	1.0	0.110021588257
12.9121	116.0945	-283.118373	-1	0.0	0.209935138392
12.9115	116.1716	-282.883812	32	1.0	0.159778427571
12.7269	116.5634	-281.623963	28	0.977744898925	0.0222551010745
9.9149	109.6656	-281.598124	20	0.508308885909	0.491691114091
12.758	116.6882	-281.554162	-1	0.0	0.181495389313
9.9518	109.7368	-281.494798	20	0.281183440505	0.718816559495
12.7336	116.4819	-281.3818	26	1.0	0.0
12.7201	116.5525	-281.230534	28	0.733590362389	0.266409637611
18.8838	114.0665	-281.199906	17	0.828599526475	0.171400473525
9.9391	109.7136	-280.705288	20	0.455818340855	0.544181659145
9.8896	109.2122	-278.141189	23	0.445840575786	0.554159424214
12.6022	116.585	-274.474622	30	1.0	0.0
12.5715	116.577	-274.399075	30	0.767625262274	0.232374737726
18.9429	113.0688	-270.403202	15	0.391059030992	0.608940969008
18.9102	113.3056	-270.023778	14	1.0	0.0
6.7207	122.2103	-266.631701	12	0.032272550784	0.967727449216
6.7981	118.7338	-266.162745	4	1.0	0.00337258833439
16.3049	114.657	-265.473318	7	0.0547962949263	0.945203705074
6.8563	118.8281	-265.089484	4	1.0	0.227910492865
6.8603	118.7812	-264.772448	4	1.0	0.00482886813963
12.9526	116.3437	-259.857754	27	0.900381039901	0.0996189600988
12.9599	116.3615	-259.718754	27	1.0	0.0
12.9242	116.3438	-259.640095	27	0.991286959652	0.00871304034761
12.9621	116.4936	-259.559694	-1	0.0	0.081048336448
12.9529	116.3153	-259.256114	27	0.910884121708	0.0891158782924
19.0188	113.125	-258.188586	15	1.0	0.0733793411448
17.9221	104.6446	-254.975385	0	1.0	0.300851530414
6.8418	118.8043	-254.195879	4	1.0	0.0
6.8576	118.7385	-254.102056	4	1.0	0.0
6.8563	118.7384	-254.031012	4	1.0	0.0
18.4788	114.0298	-253.10231	18	1.0	0.0
18.4609	113.984	-252.987446	18	0.973753921128	0.0262460788722
12.9834	116.1581	-250.639312	32	1.0	0.0966361452877
9.918	109.6779	-246.780829	20	0.469353951958	0.530646048042
8.2916	122.435	-246.436089	12	0.0948141840622	0.905185815938
8.3402	122.1814	-246.354416	12	0.579452095958	0.420547904042
12.9239	116.3779	-246.158549	27	1.0	0.0
9.9751	109.7592	-246.01067	20	0.195297290334	0.804702709666
8.3269	122.0966	-245.84237	12	0.46118393378	0.53881606622
9.8849	109.2439	-238.322392	23	0.615222628557	0.384777371443
9.6043	109.6412	-238.322296	-1	0.0	0.0619009541858
9.906	109.2438	-238.272309	23	0.775409558543	0.224590441457
9.9322	109.2542	-237.794381	23	0.69644232266	0.30355767734
6.8673	118.7129	-234.692032	4	1.0	0.345379257106
6.8728	118.813	-234.582913	4	1.0	0.360970347761
12.6095	116.5936	-234.104189	30	1.0	0.102748695164
19.0592	113.0526	-232.686424	15	0.633763797683	0.366236202317
9.8379	113.84	-230.790477	2	1.0	0.0
10.6151	109.5533	-230.02984	10	0.319845140761	0.680154859239
10.6078	109.3611	-229.986246	10	0.538555712451	0.461444287549
10.5559	109.4207	-229.937038	10	1.0	0.0
16.4782	114.3514	-229.070939	7	0.461974176921	0.538025823079
16.4968	114.3534	-228.689153	7	0.344227223324	0.655772776676
12.711	116.5624	-228.481123	28	0.977744898925	0.0222551010745
12.7492	116.504	-228.393624	26	1.0	0.0
12.7274	116.5661	-228.337617	28	0.874119339918	0.125880660082
12.7231	116.5826	-228.146036	28	0.759568862773	0.240431137227
19.0472	113.1737	-228.039755	15	0.656728087358	0.343271912642
17.7288	113.1848	-227.853681	-1	0.0	0.0322326965856
17.997	104.6178	-223.69973	0	0.987378273283	0.0126217267172
12.9502	116.1419	-219.933937	32	0.902168583736	0.0978314162643
12.9471	116.0916	-219.893227	-1	0.0	0.0619581084486
12.9542	116.1063	-219.66925	-1	0.0	0.0905963315012
12.9722	116.254	-219.589113	31	1.0	0.0
16.6196	113.5952	-219.44635	9	1.0	0.0
16.6035	113.5927	-219.386919	9	1.0	0.0
16.6145	113.5958	-219.260417	9	1.0	0.0
13.1289	116.125	-213.868726	25	0.708394189352	0.291605810648
13.1367	116.1085	-213.755975	25	1.0	0.0
12.532	116.4754	-211.392287	-1	0.0	0.367967984221
6.796	118.7926	-209.982512	4	1.0	0.137070842613
9.9348	109.5789	-206.279375	20	0.343605300402	0.656394699598
19.0162	113.1561	-201.645033	15	0.50004545161	0.49995454839
12.7404	116.5771	-198.725554	28	0.624273803218	0.375726196782
6.8042	118.7324	-197.979612	4	1.0	0.0
6.8981	118.9252	-197.879849	4	0.5048527169	0.4951472831
9.6798	109.1786	-197.66521	24	1.0	0.100462246636
10.575	109.4757	-196.394008	10	0.767216174315	0.232783825685
12.567	116.545	-195.87757	30	0.6188036081	0.3811963919
12.6074	116.5555	-195.783619	30	1.0	0.0
12.9502	116.1808	-193.113871	32	1.0	0.0
12.9929	116.282	-193.016951	-1	0.0	0.00720709192095
12.9292	116.1791	-192.935848	32	1.0	0.0
6.8218	119.0968	-186.733695	4	0.107731347454	0.892268652546
6.8735	118.7917	-186.650825	4	1.0	0.113738047148
6.8594	118.792	-186.525222	4	1.0	0.070761471327
9.7169	109.1959	-183.334094	24	1.0	0.0
6.8838	118.701	-183.259556	4	0.805967807866	0.194032192134
10.7366	109.3901	-179.171946	10	0.400877105046	0.599122894954
9.638	109.1509	-176.526657	24	1.0	0.184824367877
10.5491	109.4319	-176.428245	10	1.0	0.0
16.2304	116.5234	-175.581771	-1	0.0	0.067596819869
16.2153	116.5163	-175.459779	-1	0.0	0.0621891628283
19.0141	114.0101	-174.266496	17	0.735624906292	0.264375093708
6.8289	118.7224	-174.182227	4	1.0	0.0
12.8883	116.3837	-171.846244	27	0.748549725569	0.251450274431
12.912	116.3657	-171.753227	27	1.0	0.0605512527012
12.9173	116.4152	-171.69575	27	0.835993910238	0.164006089762
12.913	116.399	-171.591873	27	0.911440202878	0.0885597971219
12.9287	116.3638	-171.526271	27	1.0	0.0
18.3261	113.8418	-171.471805	-1	0.0	0.16497125875
18.485	114.0778	-171.47177	18	1.0	0.0
12.9181	116.4214	-171.357413	27	0.706337652921	0.293662347079
6.825	118.7536	-168.472192	4	1.0	0.0
6.8497	118.7847	-168.390068	4	1.0	0.0
6.8264	118.774	-168.301325	4	1.0	0.0467754137732
10.5691	109.3592	-167.850366	10	0.528991479407	0.471008520593
16.461	114.392	-165.788349	7	0.518168460473	0.481831539527
16.4459	114.3648	-165.726547	7	1.0	0.0
16.4465	114.3679	-165.573872	7	1.0	0.0
8.7501	123.4992	-161.64062	12	0.024323438648	0.975676561352
19.0618	113.1072	-161.583321	15	0.999931302313	6.86976872311e-05
12.5616	116.5789	-159.811015	30	0.609991528532	0.390008471468
12.5637	116.5626	-159.687009	30	0.766027430853	0.233972569147
9.7954	110.0293	-152.977514	16	1.0	0.0
9.5674	109.665	-150.829398	-1	0.0	0.170524470962
9.3174	109.5442	-150.800609	-1	0.0	0.0146926012614
9.9246	109.647	-147.933301	20	0.885925628515	0.114074371485
19.0578	113.0984	-147.763678	15	0.966829030337	0.0331709696628
12.9542	116.2209	-145.394915	31	0.921007002291	0.0789929977092
12.1974	117.9008	-142.550968	-1	0.0	0.121499051421
12.3521	117.3509	-142.530246	13	0.430755378443	0.569244621557
6.5896	119.0443	-142.22174	4	0.109035934497	0.890964065503
6.8414	118.7302	-142.185544	4	1.0	0.164121302943
6.8284	118.7912	-142.155957	4	1.0	0.0540289505825
6.8656	118.7377	-142.115341	4	1.0	0.0
6.8105	118.7938	-141.892823	4	1.0	0.299460648529
19.1426	112.981	-141.565541	-1	0.0	0.0103183366033
19.1539	112.9665	-141.552521	-1	0.0	0.153956308669
6.8149	118.6896	-141.257215	4	1.0	0.250963146657
6.8022	118.6759	-141.201704	4	0.710188214567	0.289811785433
9.9069	109.2602	-140.808786	23	1.0	0.0
9.8845	109.3049	-140.759143	23	0.570856068764	0.429143931236
9.8861	109.2674	-140.492658	23	1.0	0.0
11.0916	123.3876	-137.472992	11	1.0	0.0
12.9694	116.3773	-135.90617	27	1.0	0.0202061557509
7.2051	118.8163	-135.891896	4	0.129977182656	0.870022817344
12.9636	116.3605	-135.823109	27	1.0	0.0
12.9684	116.3878	-135.778859	27	0.73251207271	0.26748792729
12.9662	116.3699	-135.341372	27	1.0	0.0
13.0107	116.443	-134.910862	-1	0.0	0.11553321537
19.1018	113.061	-133.658893	15	0.417898093604	0.582101906396
9.6633	109.2604	-131.522573	24	1.0	0.263930843423
9.596	108.9758	-131.522558	-1	0.0	0.24429321013
6.7938	118.7889	-131.136055	4	1.0	0.0
6.7717	118.8924	-131.094418	4	0.640453664424	0.359546335576
6.8117	118.8757	-131.032431	4	1.0	0.0
6.7742	118.8326	-130.903047	4	1.0	0.181746534325
13.0574	116.1249	-130.69586	32	0.655873540984	0.344126459016
12.602	116.6112	-128.541198	30	1.0	0.0
8.4307	122.1109	-128.321863	12	1.0	0.0
8.4638	122.1696	-128.122142	12	1.0	0.215878580585
8.4146	122.1475	-127.959444	12	1.0	0.0
9.7141	109.2625	-124.155615	24	1.0	0.262471415266
10.7099	109.4656	-121.411299	10	0.58107281869	0.41892718131
9.7586	109.3901	-117.055161	-1	0.0	0.220136449169
12.7274	116.5782	-114.832002	28	0.704017172919	0.295982827081
12.7183	116.5308	-114.782589	28	0.396189210776	0.603810789224
14.0336	114.7286	-114.7519	-1	0.0	0.171761049704
12.6871	116.5382	-114.685625	28	0.455595256842	0.544404743158
12.7013	116.5711	-114.511841	28	0.759568862773	0.240431137227
12.7137	116.5535	-114.385889	28	0.920905715025	0.0790942849753
13.0156	116.2193	-111.997259	-1	0.0	0.0118724990417
6.8317	118.748	-109.58513	4	1.0	0.096116917653
6.8158	118.7568	-109.54141	4	1.0	0.0057245805762
6.8106	118.7731	-109.44834	4	1.0	0.0
6.8392	118.7038	-109.31915	4	1.0	0.250963146657
6.8262	118.7275	-109.268608	4	1.0	0.0154134048332
14.5136	123.2108	-108.759303	-1	0.0	0.312149921303
16.4154	114.352	-106.93196	7	0.918489809042	0.0815101909575
16.3929	114.3338	-106.361142	7	0.459062246076	0.540937753924
6.8886	118.8469	-104.90884	4	0.600395926598	0.399604073402
9.6907	109.1551	-102.585994	24	1.0	0.0
9.7193	109.194	-102.327437	24	1.0	0.0
19.123	113.1342	-101.75758	15	0.275299360615	0.724700639385
19.0708	113.0642	-101.693493	15	0.754071727422	0.245928272578
6.9081	118.7435	-99.523183	4	0.759362108507	0.240637891493
12.6242	116.5729	-94.853616	30	1.0	0.0106568578365
9.8979	109.1223	-93.390782	-1	0.0	0.443576063807
9.8631	109.2647	-93.251026	23	0.723756522731	0.276243477269
6.8236	118.794	-93.221877	4	1.0	0.0
6.8308	118.7836	-93.161628	4	1.0	0.00386650829173
9.6707	109.1949	-90.332414	24	1.0	0.0183408360215
9.6686	109.1838	-90.184091	24	1.0	0.0762659206345
18.0417	114.253	-86.625727	19	0.245842361947	0.754157638053
17.5578	113.1946	-85.895745	22	0.391382682884	0.608617317116
17.7494	113.037	-85.895742	-1	0.0	0.660267951116
18.0913	103.9377	-84.45266	0	0.0919916010216	0.908008398978
9.9174	109.6308	-81.095793	20	0.835543339126	0.164456660874
10.6021	109.9349	-78.380148	3	1.0	0.0
9.7007	109.2475	-78.355323	24	1.0	0.0
19.0394	113.1519	-78.270368	15	0.774779621385	0.225220378615
6.7997	118.8065	-76.571627	4	1.0	0.0467857016091
6.7939	118.7849	-76.445446	4	1.0	0.0
6.827	118.8447	-76.400265	4	1.0	0.296310142616
6.8104	118.8183	-76.300601	4	1.0	0.0
6.7961	118.7701	-76.181496	4	1.0	0.123646062463
18.9591	113.8294	-76.041212	17	0.640912286653	0.359087713347
19.0428	113.1072	-72.5578	15	1.0	0.150922157662
6.8501	118.7215	-71.993298	4	1.0	0.215189801902
13.0986	116.4505	-71.486564	-1	0.0	0.410001679839
12.981	116.1701	-70.886676	32	1.0	0.110021588257
12.9749	116.1333	-69.966054	32	0.889559837308	0.110440162692
6.8094	118.7685	-66.64877	4	1.0	0.0
6.8296	118.7139	-66.601966	4	1.0	0.069589651899
6.8227	118.7654	-66.497	4	1.0	0.0412845168967
6.8199	118.732	-66.332815	4	1.0	0.20002643271
9.6898	109.2792	-65.512914	24	1.0	0.355452950713
12.9339	116.324	-64.563203	27	0.991286959652	0.00871304034761
12.933	116.3886	-64.437166	27	0.932012038462	0.0679879615382
9.6675	109.1717	-64.343697	24	1.0	0.0945113658818
9.9547	109.6658	-63.200528	20	0.501166868361	0.498833131639
17.8596	114.1247	-60.942967	19	1.0	0.0
17.9322	104.593	-60.148709	0	1.0	0.0
17.9182	104.5186	-60.046705	0	1.0	0.33519117976
12.5865	116.6027	-57.080004	30	0.909823696875	0.0901763031246
12.5508	116.8224	-57.079888	-1	0.0	0.517612000532
9.6178	109.1034	-56.967944	24	0.527067975645	0.472932024355
9.719	109.2268	-56.498509	24	0.894755601547	0.105244398453
10.0851	108.8484	-56.403886	-1	0.0	0.0868303976768
9.7126	109.2064	-56.203101	24	1.0	0.0
6.7686	118.7961	-55.663435	4	1.0	0.171069598583
18.4402	114.0412	-53.313387	18	1.0	0.0
10.5826	109.9077	-50.79437	3	1.0	0.17065573089
9.6668	110.3988	-49.647117	5	0.78351757172	0.21648242828
19.0319	113.1151	-45.514671	15	1.0	0.0
17.677	104.5175	-45.48227	0	0.50518061099	0.49481938901
6.8208	118.7881	-44.699594	4	1.0	0.0
6.8147	118.7384	-44.555593	4	1.0	0.0
6.8298	118.754	-44.495364	4	1.0	0.0
19.0643	113.1597	-34.371201	15	0.656518653361	0.343481346639
18.9003	113.9886	-32.683131	17	1.0	0.0
18.8483	114.1693	-32.657878	17	0.291257887167	0.708742112833
18.8781	114.0128	-32.615838	17	1.0	0.0092756679736
17.6153	113.1696	-32.489366	22	0.778419873896	0.221580126104
17.6553	113.1587	-32.438397	22	1.0	0.0
17.556	113.2012	-32.379311	-1	0.0	0.0409342599687
16.4015	114.4149	-31.890327	7	0.263832423436	0.736167576564
11.571	107.6597	-31.491549	1	1.0	0.0
16.4805	114.5151	-30.730928	7	0.187273511207	0.812726488793
9.7058	109.165	-28.746186	24	1.0	0.073616880468
17.8861	114.1375	-28.607163	19	1.0	0.0
17.8552	114.1213	-28.52752	19	0.951071652087	0.0489283479132
6.8195	118.7175	-28.487389	4	1.0	0.102396636795
6.8318	118.7234	-28.449575	4	1.0	0.0
6.8018	118.7562	-28.270417	4	1.0	0.0
19.0315	113.1162	-27.822475	15	1.0	0.0
6.8358	118.7215	-27.733344	4	1.0	0.0
18.9992	113.0921	-27.294633	15	0.993232249687	0.00676775031291
12.7809	116.5475	-21.1624	28	0.421972810409	0.578027189591
12.746	116.5059	-21.049544	26	1.0	0.0
6.825	118.8249	-20.78822	4	1.0	0.153297048791
13.1385	116.1066	-19.505162	25	1.0	0.0
12.3962	117.3516	-17.680001	13	0.374831945252	0.625168054748
9.6492	109.2226	-17.6232	24	1.0	0.0
7.0127	118.7208	-10.789358	4	0.248047325481	0.751952674519
6.8325	118.8199	-10.699324	4	1.0	0.372059520527
6.8071	118.8819	-10.589541	4	1.0	0.0
6.8558	118.8967	-10.511547	4	0.636844784231	0.363155215769
13.0354	116.0628	-10.401066	-1	0.0	0.0450447923272
13.045	116.1725	-10.401007	-1	0.0	0.231110444356
13.0296	116.1215	-10.361719	32	0.910205437645	0.0897945623553
12.9872	116.143	-9.621645	32	0.941223357398	0.0587766426024
19.0641	113.1827	-7.143644	15	0.574080211029	0.425919788971
19.0212	113.1335	-6.36409	15	0.924114769697	0.0758852303025
9.869	109.2222	-4.556451	23	0.612160855374	0.387839144626
9.7236	109.3182	-1.786932	24	0.488548084071	0.511451915929
17.9898	114.1465	-1.468538	19	0.647931711796	0.352068288204
10.074	109.6282	-6.4e-05	20	0.1616338686	0.8383661314
12.7937	116.5891	0.091953	-1	0.0	0.0227226699982
12.7928	116.5432	0.180349	28	0.417557052954	0.582442947046
10.0074	109.5794	0.485118	20	0.227572570328	0.772427429672
12.8022	116.5307	0.785895	28	0.417557052954	0.582442947046
12.7808	116.5703	0.910704	28	0.409335275434	0.590664724566
12.8158	116.6605	0.910761	-1	0.0	0.128180083391
12.923	116.5555	0.928046	-1	0.0	0.0251590973313
9.6436	109.169	3.774411	24	1.0	0.179056314371
6.7793	118.8194	3.858867	4	1.0	0.0
6.7813	118.785	4.023263	4	1.0	0.27091856247
6.7697	118.8146	4.333225	4	1.0	0.0
14.5686	123.0865	6.497769	-1	0.0	0.333920733113
14.5421	123.1456	6.529018	-1	0.0	0.323314985126
11.2073	123.6134	8.959827	11	0.305003610787	0.694996389213
11.1699	123.5997	9.038743	11	0.33539437402	0.66460562598
12.8831	116.6402	10.819605	-1	0.0	0.32723045116
12.9581	116.2134	10.862211	31	0.921007002291	0.0789929977092
9.9186	109.6102	10.863782	20	0.576076238102	0.423923761898
9.9033	109.6464	10.914076	20	0.716068727995	0.283931272005
12.9207	116.3664	10.9915	27	1.0	0.0
9.9396	109.633	11.138972	20	1.0	0.0
12.634	116.6984	11.252717	-1	0.0	0.0549095312304
12.9302	116.3575	11.273036	27	1.0	0.0
12.5952	116.5604	11.321044	30	1.0	0.0
12.6269	116.6006	11.359273	30	1.0	0.1296621682
12.6467	116.5916	11.459294	30	1.0	0.0916442568063
19.053	113.0681	11.48229	15	0.690673845924	0.309326154076
12.9508	116.3714	11.635245	27	1.0	0.0
10.6084	109.8824	11.885926	3	1.0	0.344214074107
9.8982	109.98	12.707307	16	1.0	0.0
9.7997	109.8608	12.910651	-1	0.0	0.159710941421
9.7877	109.9713	13.074501	16	1.0	0.0
19.0146	113.0981	15.239114	15	1.0	0.0
6.8246	118.7157	18.813653	4	1.0	0.131490613402
9.8258	113.7401	20.06951	2	1.0	0.0
16.5977	113.6049	21.415433	9	1.0	0.0
16.6415	113.6946	21.457511	9	0.194975347733	0.805024652267
6.8217	118.7719	23.885284	4	1.0	0.0648462556557
6.8256	118.7552	24.545755	4	1.0	0.0
12.629	116.5803	25.025712	30	1.0	0.0
19.0888	113.1068	31.428982	15	0.561995639003	0.438004360997
8.7233	123.521	36.083299	12	0.0239150614384	0.976084938562
12.6303	116.599	37.062341	30	1.0	0.0990586105771
12.6067	116.5953	37.131496	30	1.0	0.125360965779
12.643	116.5053	37.222627	-1	0.0	0.302028644741
12.6335	116.5891	37.290591	30	1.0	0.0
16.427	114.3573	40.43468	7	1.0	0.0
16.4355	114.3911	40.642742	7	0.444735592351	0.555264407649
17.6458	113.3193	42.000597	-1	0.0	0.450907617655
10.6792	110.0611	43.999864	3	0.516935629537	0.483064370463
19.0603	113.0865	44.620373	15	0.9537585324	0.0462414676002
19.0162	113.0908	44.989451	15	1.0	0.0
19.0509	113.0835	45.131886	15	1.0	0.0
6.8005	118.7021	46.971525	4	1.0	0.395811485825
9.772	109.08	50.748405	-1	0.0	0.00823616004775
12.8688	116.3866	51.888519	27	0.546757156272	0.453242843728
13.0178	116.0966	52.706655	-1	0.0	0.12671846446
20.8623	104.7302	54.27582	0	0.0311383130058	0.968861686994
12.6142	116.6264	55.010153	30	0.8721566231	0.1278433769
12.6207	116.656	55.233321	29	1.0	0.0
12.6165	116.5902	55.367978	30	1.0	0.0
12.634	116.5312	55.478312	-1	0.0	0.0670779247694
6.8314	118.8349	55.906929	4	1.0	0.044026913869
6.8223	118.7629	56.289547	4	1.0	0.227729636128
6.8124	118.7744	56.367975	4	1.0	0.122199687432
6.837	118.7245	56.464067	4	1.0	0.0
9.7578	110.4054	59.835706	5	1.0	0.0
19.0102	113.0438	59.862466	15	0.663768048982	0.336231951018
10.6105	109.976	62.410468	3	1.0	0.0783410739675
10.6042	109.8651	63.238173	3	1.0	0.372294419229
18.9739	113.2891	63.828616	14	1.0	0.0
18.9821	113.0001	63.980568	15	0.267362919959	0.732637080041
18.9005	113.9085	65.222519	17	1.0	0.22127624831
18.8787	113.9992	65.556872	17	1.0	0.0
18.8822	113.9924	65.594047	17	1.0	0.0
18.9097	113.9938	65.635993	17	1.0	0.0
9.7157	109.1645	68.680346	24	1.0	0.0912885821144
9.7121	109.2392	68.803267	24	1.0	0.0630932807038
9.7307	109.1718	69.111886	24	0.99947527568	0.000524724319735
6.7987	118.8487	70.197594	4	1.0	0.0503509422651
6.7821	118.852	70.29929	4	1.0	0.157213545506
12.3223	107.2264	71.565098	1	1.0	0.0
6.831	118.9124	72.460068	4	0.779152367778	0.220847632222
16.6471	113.5046	73.205687	9	0.335568320258	0.664431679742
16.5867	113.6525	73.372431	9	0.357864118948	0.642135881052
9.7913	110.3895	74.661027	5	0.611518277639	0.388481722361
9.9094	109.3841	78.398454	-1	0.0	0.365288942827
9.8628	109.2915	78.481802	23	0.709871137266	0.290128862734
9.7273	109.2049	80.212448	24	1.0	0.0
18.0872	114.1338	80.850902	19	0.384246128415	0.615753871585
8.3439	122.1913	83.634029	12	0.497143374808	0.502856625192
19.0091	113.2892	84.193612	14	1.0	0.0
19.0478	113.1162	84.25322	15	1.0	0.076216631837
19.0531	113.0188	84.875015	15	0.341509126323	0.658490873677
16.4356	114.3545	85.281752	7	0.894301594316	0.105698405684
16.4206	114.3466	85.383834	7	0.886884566579	0.113115433421
16.4281	114.3671	85.450904	7	1.0	0.0
16.4112	114.342	85.51615	7	0.753974856307	0.246025143693
16.3717	114.5039	85.589652	7	0.17194810479	0.82805189521
6.9225	118.367	88.037193	4	0.0639540278908	0.936045972109
6.776	118.8393	90.81902	4	1.0	0.0689734037161
6.8071	118.8227	91.19525	4	1.0	0.0
10.1741	110.3492	92.05493	5	0.128990222271	0.871009777729
17.7777	104.6925	92.134018	0	1.0	0.101818306391
10.5683	109.4881	92.885217	10	0.609124689612	0.390875310388
10.5836	109.4107	92.922157	10	1.0	0.0
9.7254	109.1203	93.133903	24	0.803467488303	0.196532511697
6.818	118.8085	96.407682	4	1.0	0.0137512944971
13.005	116.1427	98.630749	32	1.0	0.0
19.0383	113.1421	99.192652	15	0.932590942991	0.0674090570095
12.6174	116.6128	100.284148	30	1.0	0.0
9.9257	109.6395	100.82203	20	1.0	0.0
9.9222	109.6711	100.879154	20	0.591515936284	0.408484063716
9.9246	109.7056	100.942872	20	0.393138296812	0.606861703188
9.9159	109.2936	101.225842	23	0.725483672754	0.274516327246
9.7831	110.4422	103.000339	5	0.562891175064	0.437108824936
9.7464	109.2798	103.202771	24	0.642053292651	0.357946707349
12.3037	117.5917	104.044102	13	0.227475634843	0.772524365157
16.6001	113.5281	106.259955	9	0.658709321162	0.341290678838
16.6477	113.5969	106.523347	9	0.732001635361	0.267998364639
10.6267	109.9721	108.308859	3	1.0	0.170890392889
18.3382	114.3023	109.802575	19	0.205936430168	0.794063569832
10.4824	109.9087	109.920091	3	0.792298705524	0.207701294476
9.6825	109.2516	112.89338	24	1.0	0.0
12.7722	116.566	113.511366	28	0.550868324359	0.449131675641
12.7793	116.5753	113.628278	28	0.420786771733	0.579213228267
12.6523	116.6679	118.082589	29	0.713005754875	0.286994245125
6.8303	118.837	118.258121	4	1.0	0.111192712399
17.6378	113.1903	118.336182	22	0.77565173819	0.22434826181
17.6668	113.1822	118.34262	22	0.90694673762	0.0930532623796
17.6638	113.2368	118.381179	21	1.0	0.0
17.6448	113.2442	118.436603	21	1.0	0.0
12.635	116.6567	118.669758	29	1.0	0.0
6.8302	118.7718	118.756862	4	1.0	0.0478813479093
6.8389	118.78	119.059346	4	1.0	0.00595465129632
17.8823	114.1295	121.275573	19	1.0	0.0
18.1416	104.2331	125.180818	0	0.180355816509	0.819644183491
17.9775	104.4901	125.180819	0	1.0	0.160129444386
17.8683	104.4604	125.490589	0	1.0	0.202539116131
13.0451	116.1102	127.485937	-1	0.0	0.19727926739
12.9251	116.243	127.765383	31	0.821048198334	0.178951801666
19.0472	113.1416	129.531687	15	0.905704091035	0.094295908965
19.0127	113.1236	129.671193	15	0.978337059617	0.0216629403833
19.0235	113.063	129.807036	15	0.717947482702	0.282052517298
19.0212	113.1309	129.921029	15	0.989959018872	0.0100409811276
18.9186	113.9415	130.329639	17	1.0	0.276955338491
9.6995	109.1861	130.965154	24	1.0	0.0
12.6067	116.5588	133.960624	30	1.0	0.0
19.0231	113.0723	139.893777	15	0.619158326492	0.380841673508
10.6165	109.9381	141.805832	3	1.0	0.10494671706
10.5346	109.4463	146.158224	10	0.902070634789	0.0979293652114
10.5506	109.4169	146.517331	10	1.0	0.0
16.5756	113.593	149.490412	9	0.837479833	0.162520167
9.7336	109.2062	150.903079	24	1.0	0.041792120895
6.6789	118.6987	153.951131	4	0.275779046343	0.724220953657
10.5887	109.9173	154.248645	3	1.0	0.0
10.5706	109.9585	154.281284	3	1.0	0.193457607732
10.581	109.9603	154.38469	3	1.0	0.00475539226887
10.5922	109.9333	154.473055	3	1.0	0.0
17.9518	114.1557	156.079007	19	0.642946910975	0.357053089025
18.0065	114.1797	156.127402	19	0.496908473361	0.503091526639
12.6382	116.6909	156.144353	-1	0.0	0.0510545939025
9.7976	110.4785	156.285913	5	0.419337176339	0.580662823661
17.9608	114.1145	156.453536	19	0.658667330509	0.341332669491
17.9962	114.1531	156.518885	19	0.602350143367	0.397649856633
18.8472	113.9501	156.573328	17	0.797086810639	0.202913189361
17.9334	114.1542	156.606798	19	0.746821563408	0.253178436592
13.0057	116.1318	158.18676	32	1.0	0.0
13.0202	116.1384	158.275581	32	1.0	0.0
6.7958	118.8443	158.87761	4	1.0	0.0285384301866
6.8002	118.8337	158.923494	4	1.0	0.0503509422651
6.7993	118.7259	158.965657	4	1.0	0.200365787979
6.7826	118.8196	158.9784	4	1.0	0.0720662958572
6.7751	118.7441	159.301504	4	1.0	0.218700629836
15.2977	106.0533	159.762863	-1	0.0	0.216381149865
19.8775	116.2958	161.896296	-1	0.0	0.251235912612
9.9166	109.3753	163.571683	-1	0.0	0.325639164698
10.6882	109.9502	163.635665	3	1.0	0.433945563928
3.0171	117.8119	164.437514	-1	0.0	0.125250315615
18.9583	112.9636	166.818097	15	0.161273728544	0.838726271456
12.6636	116.7494	168.014992	-1	0.0	0.203399224933
10.4383	110.0634	171.135536	3	0.686046035661	0.313953964339
10.4457	109.9501	171.259417	3	1.0	0.17656200037
10.4422	109.9851	171.885725	3	1.0	0.0
8.4586	121.9344	172.847072	12	0.151049859437	0.848950140563
8.4465	122.1504	172.847176	12	1.0	0.0
8.4329	122.158	172.895094	12	1.0	0.0
8.4578	122.1164	172.939851	12	1.0	0.0
14.5098	123.1161	173.876926	-1	0.0	0.319833092923
6.8065	118.7684	178.998684	4	1.0	0.0
6.832	118.9019	179.28391	4	0.772754672765	0.227245327235
6.8163	118.7839	179.848834	4	1.0	0.0219407104112
9.7251	109.234	181.402757	24	1.0	0.372571780516
6.8303	118.6306	183.467378	4	0.384359263353	0.615640736647
19.0151	113.1133	183.492533	15	1.0	0.161694133405
19.0454	113.1522	183.6593	15	0.804114304416	0.195885695584
19.0422	113.0909	183.947471	15	1.0	0.0
9.849	110.0653	184.621057	16	0.888744148783	0.111255851217
18.9632	113.9124	185.283709	17	1.0	0.0
18.9743	113.9022	185.352144	17	1.0	0.0
18.9599	113.8401	185.806558	17	0.787045398727	0.212954601273
19.0199	113.8948	185.806614	17	1.0	0.252245493924
18.9854	113.9034	185.919885	17	1.0	0.0
9.7034	109.1423	192.181475	24	1.0	0.0413992996989
16.5826	113.5431	194.573524	9	0.830656135359	0.169343864641
6.7555	118.8113	198.103994	4	1.0	0.0185064035457
6.7893	118.8184	198.10803	4	1.0	0.18917603618
6.7873	118.7969	198.272099	4	1.0	0.200207684437
6.8372	118.8054	198.295871	4	1.0	0.00388362582287
9.9512	109.6566	198.392574	20	0.682205373233	0.317794626767
9.6115	108.8971	200.99919	-1	0.0	0.0686019675923
9.591	108.9653	201.06556	-1	0.0	0.294279486533
17.4752	113.2829	202.025835	-1	0.0	0.540356158204
10.6641	109.8463	202.188974	3	1.0	0.372294419229
13.0218	116.1354	204.048279	32	1.0	0.0
19.0363	113.113	205.257253	15	1.0	0.0
12.9315	116.3567	206.501606	27	1.0	0.0
17.8457	104.644	207.59263	0	1.0	0.148592169336
17.8277	104.5512	207.658575	0	1.0	0.245103533517
17.8471	104.5536	207.718403	0	1.0	0.0457659231293
17.8287	104.6214	208.673456	0	1.0	0.148592169336
9.9121	109.3526	216.084846	-1	0.0	0.0198134493457
9.909	109.2708	216.353405	23	1.0	0.0
9.9101	109.2759	216.428528	23	0.954207022372	0.0457929776279
9.9056	109.2825	216.533428	23	1.0	0.0
12.6005	116.6069	216.985228	30	1.0	0.0
12.6163	116.6173	217.121215	30	1.0	0.0
6.7514	118.785	217.198554	4	0.946613739846	0.0533862601538
9.8916	109.2779	217.494541	23	1.0	0.0
6.8121	118.7657	217.530735	4	1.0	0.0
6.7895	118.7832	217.617576	4	1.0	0.0
6.7731	118.8108	218.03766	4	1.0	0.0799281772315
16.6406	113.5291	221.221668	9	0.51461136088	0.48538863912
19.0196	113.114	222.8029	15	1.0	0.0
19.0261	113.1755	222.852196	15	0.526568944767	0.473431055233
19.0189	113.0917	222.945055	15	1.0	0.0285968495134
19.0553	113.1044	223.018578	15	1.0	0.159211378589
19.0522	113.12	223.113728	15	0.867075908854	0.132924091146
9.679	109.2517	225.597434	24	1.0	0.0257790428439
12.3576	117.4759	226.26064	13	1.0	0.0
12.2997	117.4169	226.300288	13	0.659427602981	0.340572397019
12.3502	117.4516	226.33457	13	1.0	0.0
12.3012	117.3593	226.414896	13	0.532665729405	0.467334270595
10.641	110.0173	227.272726	3	0.989400950846	0.0105990491542
17.8958	114.1611	227.654908	19	0.677627090389	0.322372909611
10.6922	109.9104	230.275621	3	1.0	0.373482122296
9.6841	109.1857	231.07284	24	1.0	0.0
9.7124	109.1484	231.134851	24	1.0	0.0
9.6988	109.1091	231.194715	24	0.88995760418	0.11004239582
9.6977	109.207	231.397544	24	1.0	0.147081717098
9.7184	109.2344	231.465272	24	1.0	0.276431784776
9.7422	109.3282	231.552596	24	0.381537372964	0.618462627036
9.6969	109.1816	231.697003	24	1.0	0.0708085170481
10.4868	110.0308	231.909943	3	0.913452102086	0.0865478979137
12.6174	116.6504	234.944723	29	0.810555868377	0.189444131623
19.0448	113.3143	237.234429	14	1.0	0.0
12.953	116.1424	237.380848	32	0.955604090228	0.0443959097721
17.9364	104.4375	239.958121	0	1.0	0.158375142607
17.9186	104.4773	240.073936	0	1.0	0.0
9.4622	115.7171	242.331819	6	0.557443772829	0.442556227171
9.2974	116.08	242.332044	6	0.0582204657307	0.941779534269
9.4738	115.7467	242.356793	6	1.0	0.0
9.4438	115.7564	242.419395	6	1.0	0.0
9.4787	115.7265	242.542736	6	0.610326908185	0.389673091815
16.5796	113.565	244.390534	9	0.78955986028	0.21044013972
16.4314	114.3806	246.128802	7	0.615973737781	0.384026262219
12.7857	116.5565	248.797866	28	0.550868324359	0.449131675641
6.8056	118.8283	249.241189	4	1.0	0.363263524653
6.7892	118.8044	249.268799	4	1.0	0.0467857016091
6.7917	118.7844	249.354231	4	1.0	0.0
6.7743	118.8109	249.546082	4	1.0	0.0
6.7669	118.832	249.847479	4	1.0	0.00888016910331
9.6033	108.9968	251.028175	-1	0.0	0.0566727500938
9.6363	109.0369	251.104679	-1	0.0	0.0566727500938
17.895	114.1245	252.5516	19	1.0	0.0
17.883	104.7278	253.4561	0	1.0	0.0
18.2504	114.2873	255.337129	19	0.217232615347	0.782767384653
18.91	113.888	255.356778	17	1.0	0.293699003507
10.6455	110.0437	256.91611	3	0.650116043258	0.349883956742
11.9788	117.3937	257.566443	13	0.165058993068	0.834941006932
12.6159	116.5715	257.71952	30	1.0	0.0810605479045
9.7029	110.4578	266.034301	5	0.727513587906	0.272486412094
17.8059	104.6521	266.592306	0	1.0	0.148592169336
17.7931	104.5877	266.740903	0	1.0	0.272028288484
18.9923	113.0922	267.648184	15	0.790092100175	0.209907899825
19.0372	113.089	267.68599	15	1.0	0.0
18.9996	113.1085	268.124113	15	0.842796263874	0.157203736126
3.0555	117.7345	268.654708	-1	0.0	0.127003460145
3.0558	117.7772	269.048263	-1	0.0	0.121423864131
3.0653	117.7945	269.129071	-1	0.0	0.117274309047
12.653	114.815	270.768936	-1	0.0	0.155257319041
17.6269	113.1655	275.05249	22	1.0	0.0
13.0891	115.9071	279.014559	-1	0.0	0.741450387322
13.0176	116.147	279.048544	32	0.858097841352	0.141902158648
14.0558	107.8301	279.725584	1	0.497546437941	0.502453562059
6.7765	118.773	281.055621	4	1.0	0.0321810689801
10.6788	109.9293	282.87559	3	1.0	0.342803447401
10.6129	109.8471	285.780665	3	1.0	0.372294419229
19.0821	113.0889	289.535048	15	0.591332621106	0.408667378894
19.0854	113.1961	289.628016	15	0.317661637386	0.682338362614
17.9866	114.1053	289.816954	19	0.594918216399	0.405081783601
16.6327	113.6067	289.846262	9	0.978206735652	0.0217932643483
18.0244	114.1576	289.864288	19	0.647931711796	0.352068288204
18.0108	114.1283	289.95896	19	0.594918216399	0.405081783601
17.9974	114.1227	290.059751	19	0.647931711796	0.352068288204
17.9599	114.0989	290.168306	19	0.450656932252	0.549343067748
12.6232	116.6622	293.505979	29	1.0	0.0
12.6514	116.5945	293.596915	30	1.0	0.0443973025227
9.7194	110.3994	293.883659	5	1.0	0.0
9.6822	110.4442	293.949239	5	0.698242647016	0.301757352984
9.7632	110.5964	294.163129	5	0.322142359383	0.677857640617
12.6804	116.5595	294.227904	28	0.529985763281	0.470014236719
9.9174	109.5398	297.824747	20	0.249925694688	0.750074305312
10.112	109.5956	297.824814	20	0.110526182408	0.889473817592
15.9605	115.7707	298.165159	-1	0.0	0.485759043241
10.4709	109.9878	302.674905	3	1.0	0.0
17.9132	114.1423	305.638853	19	0.98017225031	0.0198277496901
17.841	114.1255	305.689766	19	0.708246902183	0.291753097817
17.8564	114.1287	305.79436	19	1.0	0.0
19.0397	113.1336	306.588721	15	1.0	0.0024633407474
19.0081	113.0361	306.70082	15	0.648019924426	0.351980075574
12.6344	116.6468	307.401028	29	0.821658918839	0.178341081161
17.9181	104.6487	312.445516	0	1.0	0.267711096127
17.8972	104.5582	313.08491	0	1.0	0.1768310302
17.8622	104.6003	313.084926	0	1.0	0.0
12.6667	116.7223	314.6266	-1	0.0	0.203399224933
6.8147	118.8207	318.25597	4	1.0	0.0
6.7974	118.8398	318.84047	4	1.0	0.0503509422651
18.9749	113.9013	319.941594	17	1.0	0.0
12.9041	116.2056	320.074641	-1	0.0	0.2223233334
12.894	116.2612	320.156169	-1	0.0	0.0753162978701
9.7286	109.1239	320.936646	24	0.824945713708	0.175054286292
12.9039	116.1592	321.012856	32	0.657831785465	0.342168214535
9.725	109.142	321.116846	24	1.0	0.138968405845
18.9882	113.2777	321.470023	14	1.0	0.0
9.6909	110.4131	323.142245	5	1.0	0.0
12.635	116.6151	327.277807	30	1.0	0.0820843242643
12.6617	116.5963	327.368959	30	1.0	0.0443973025227
12.6693	116.5997	328.153642	30	1.0	0.0443973025227
19.0188	113.0348	332.00313	15	0.663768048982	0.336231951018
9.7885	109.5861	332.141629	20	0.136460391989	0.863539608011
19.0283	113.1205	332.217561	15	1.0	0.0
9.6353	109.1693	337.702674	24	0.949501714174	0.0504982858265
9.6257	109.2466	337.702687	24	0.77721155551	0.22278844449
9.6147	109.1866	338.024574	24	0.806772351767	0.193227648233
9.6157	109.2017	338.079618	24	0.738681784869	0.261318215131
9.6595	109.2652	338.407465	24	1.0	0.358735235311
19.0575	113.1661	340.0437	15	0.656728087358	0.343271912642
19.0485	113.1712	340.115643	15	0.656728087358	0.343271912642
19.038	113.0721	340.198223	15	0.756385305701	0.243614694299
9.4191	115.786	340.955397	6	0.561182099223	0.438817900777
9.53	115.7843	341.122647	6	0.469542451581	0.530457548419
9.558	115.8065	341.154544	6	0.279731046922	0.720268953078
10.6338	109.8333	342.2133	3	1.0	0.385639384593
6.8049	118.732	342.288059	4	1.0	0.0
6.8148	118.7392	344.056249	4	1.0	0.0
6.8286	118.7175	344.248681	4	1.0	0.0
10.673	109.9838	346.222128	3	1.0	0.419574213984
17.8846	114.1933	347.17036	19	0.477416937919	0.522583062081
17.8634	114.1577	347.561722	19	0.526205470825	0.473794529175
17.8391	104.5785	349.418757	0	1.0	0.0
16.5993	113.6087	349.643909	9	1.0	0.0
17.9075	104.7508	350.347428	0	1.0	0.0
10.4639	109.9646	352.840952	3	1.0	0.0
10.5477	110.1219	352.974038	3	0.442320544241	0.557679455759
10.4656	109.9765	353.061836	3	1.0	0.0
10.5462	110.1039	353.194731	3	0.531019655438	0.468980344562
10.4452	109.9786	353.404005	3	1.0	0.0
9.7756	110.5645	356.996252	5	0.415748307005	0.584251692995
9.7211	110.3938	357.061303	5	1.0	0.0
9.7007	110.4496	357.098718	5	0.631833948155	0.368166051845
9.7592	110.4305	357.209746	5	0.692651111937	0.307348888063
9.7067	110.3946	357.320464	5	1.0	0.0
9.7632	110.5283	357.320475	5	0.415748307005	0.584251692995
12.6285	116.5188	359.297219	26	0.899678312012	0.100321687988
12.6162	116.5449	359.748001	30	0.916904396927	0.0830956030733
9.955	109.5612	360.420806	20	0.334562479039	0.665437520961
9.9235	109.7331	360.420821	20	0.301732181267	0.698267818733
9.9265	109.6065	360.547353	20	0.576076238102	0.423923761898
6.7852	118.8291	361.232184	4	1.0	0.0302823430453
6.7901	118.756	361.318674	4	1.0	0.0
7.0633	118.6954	361.474215	4	0.201421287218	0.798578712782
6.7451	118.8293	361.805963	4	0.986171053474	0.0138289465264
6.7908	118.845	361.942884	4	1.0	0.0503509422651
6.7882	118.809	362.30355	4	1.0	0.0467857016091
6.8274	118.9275	362.303602	4	0.511302027222	0.488697972778
19.1079	113.1447	367.376117	15	0.311545141601	0.688454858399
19.0797	113.0716	368.168693	15	0.636919062522	0.363080937478
17.8263	104.5263	368.560833	0	0.961347735683	0.0386522643167
16.5544	113.5477	372.123822	9	0.78955986028	0.21044013972
6.8245	118.699	373.237862	4	1.0	0.250963146657
10.4661	109.2446	375.961664	-1	0.0	0.184178064849
6.814	118.6504	376.744506	4	0.635337059815	0.364662940185
10.1228	110.4372	383.677249	5	0.128990222271	0.871009777729
19.0115	113.0515	384.378129	15	0.663768048982	0.336231951018
19.0204	113.0999	384.408079	15	1.0	0.0
19.0412	113.125	384.428147	15	1.0	0.158696019892
19.072	113.1096	384.599879	15	0.745267104872	0.254732895128
18.2113	114.161	390.156294	19	0.284161262488	0.715838737512
18.1594	114.2312	390.317245	19	0.400372454956	0.599627545044
18.4242	113.9851	391.766018	18	0.91768161652	0.0823183834805
6.7942	118.7526	393.933115	4	1.0	0.0
6.8274	118.7527	394.005373	4	1.0	0.0
6.8209	118.6789	394.031743	4	0.903862317621	0.0961376823794
6.8298	118.6897	394.847985	4	1.0	0.259533565118
17.7073	113.2224	396.406977	21	0.419133723992	0.580866276008
17.6452	113.1482	396.542164	22	0.844468579758	0.155531420242
12.6195	116.6233	399.391121	30	1.0	0.0820843242643
12.6409	116.5803	399.451103	30	1.0	0.100953137702
12.6609	116.6053	399.564841	30	1.0	0.0443973025227
12.6217	116.5831	399.9182	30	1.0	0.0
12.3821	117.4791	402.032707	13	0.959648275864	0.0403517241365
12.3311	117.439	402.172239	13	1.0	0.0
12.3393	117.4694	402.270101	13	1.0	0.0
13.0242	116.1744	402.320407	-1	0.0	0.00358544375369
12.7145	116.3865	402.876664	-1	0.0	0.526006833394
12.9139	116.2703	402.876717	-1	0.0	0.0567635713843
10.582	109.9125	406.234798	3	1.0	0.0
16.4154	114.329	409.861321	7	0.432164838503	0.567835161497
16.4231	114.2863	409.950176	7	0.164805981704	0.835194018296
9.4779	115.7564	412.784458	6	1.0	0.0
19.0487	113.0706	413.038706	15	0.754071727422	0.245928272578
18.9864	113.0997	413.067399	15	0.894424815313	0.105575184687
18.9991	113.0978	413.102215	15	1.0	0.0
18.9471	113.0375	413.490757	15	0.348782469801	0.651217530199
18.9583	113.0324	413.597955	15	0.37778861713	0.62221138287
9.7085	109.0304	415.25766	-1	0.0	0.030355197106
9.6672	109.1384	415.787227	24	0.98453558652	0.0154644134804
12.6263	116.6673	416.839404	29	0.815561266933	0.184438733067
9.6607	109.1015	416.882984	24	0.846086255907	0.153913744093
12.6072	116.682	416.97457	29	0.443676894282	0.556323105718
12.9859	116.3661	417.915313	27	0.943779453952	0.0562205460478
10.7146	109.8458	421.217342	3	0.892511666823	0.107488333177
6.838	118.7815	423.725147	4	1.0	0.021685220917
6.8069	118.736	424.185736	4	1.0	0.0
6.8115	118.7432	424.269034	4	1.0	0.00465946219783
19.0331	113.0448	424.516368	15	0.663768048982	0.336231951018
19.0821	113.0961	424.548174	15	0.692288723327	0.307711276673
19.044	113.091	424.65829	15	1.0	0.0
16.572	113.5725	424.978383	9	0.830656135359	0.169343864641
18.9288	113.9465	425.149535	17	1.0	0.0662056552105
9.9065	109.6197	427.906827	20	0.576076238102	0.423923761898
9.7266	108.9115	428.907342	-1	0.0	0.472518545533
18.6589	103.7853	429.322915	0	0.0621534996922	0.937846500308
9.8779	109.2913	434.410247	23	0.938820591422	0.0611794085783
9.8665	109.278	434.465394	23	0.977145953191	0.022854046809
10.6587	110.0411	434.483674	3	0.692364748024	0.307635251976
9.8626	109.2573	435.039241	23	0.681535441012	0.318464558988
9.6639	109.2172	443.273461	24	1.0	0.0
9.6518	109.3176	443.3351	24	0.683862252701	0.316137747299
12.6452	116.6121	444.200488	30	0.913022802284	0.0869771977159
9.8956	109.0683	447.133679	-1	0.0	0.0629317361579
9.6736	109.1705	447.133734	24	1.0	0.122083034391
13.0041	116.1292	447.444036	32	1.0	0.0
12.9702	116.0529	447.516732	-1	0.0	0.0910359737639
6.7685	118.8157	448.690478	4	1.0	0.0
6.7806	118.7988	448.741889	4	1.0	0.0633326549948
10.5997	109.9532	449.925326	3	1.0	0.0
6.8103	118.6466	451.75737	4	0.557183236533	0.442816763467
19.0365	113.0869	452.061921	15	1.0	0.0
19.1006	113.0639	452.323096	15	0.407830406718	0.592169593282
10.4097	109.9438	454.125343	3	1.0	0.379252419938
10.392	109.9598	454.407951	3	1.0	0.352243205
9.8966	113.9128	454.87363	2	0.617086695443	0.382913304557
9.8515	113.7874	455.561598	2	1.0	0.0
9.8189	113.818	455.636225	2	1.0	0.0
9.8558	113.7384	455.700244	2	0.961840343083	0.0381596569167
13.024	116.2261	455.763443	-1	0.0	0.0788122479168
9.7566	110.384	459.245938	5	0.900578508537	0.0994214914634
9.7592	110.5322	459.253391	5	0.395733897534	0.604266102466
9.7286	110.4813	459.277602	5	0.499225534604	0.500774465396
9.697	110.4278	459.317566	5	0.727513587906	0.272486412094
12.6707	116.6385	461.357945	-1	0.0	0.053503505437
12.6672	116.6505	461.39494	29	0.552531335762	0.447468664238
12.707	116.6392	461.892179	-1	0.0	0.041176852339
17.8343	104.6785	463.28404	0	1.0	0.148592169336
17.9463	114.1854	463.789494	19	0.523875165165	0.476124834835
17.9234	114.1278	463.95187	19	0.721456177487	0.278543822513
12.8768	116.2173	465.556632	-1	0.0	0.0799978981613
9.4704	115.7841	468.75167	6	0.645138049711	0.354861950289
9.4901	115.7456	468.80562	6	0.903948333491	0.0960516665088
10.16	110.4409	469.146254	5	0.116900374404	0.883099625596
17.6425	113.1689	470.132142	22	1.0	0.0
17.641	113.1863	470.194692	22	0.959302840506	0.0406971594944
19.0307	113.1914	479.972345	15	0.509208076546	0.490791923454
8.4823	122.0365	484.472449	12	0.335965259301	0.664034740699
8.4905	122.1108	484.998937	12	0.804501793529	0.195498206471
8.3916	122.1438	485.225529	12	1.0	0.324219123069
13.083	108.1842	490.529455	1	0.607339701453	0.392660298547
17.9396	104.5714	492.574491	0	1.0	0.0
19.1152	113.1678	494.339107	15	0.325620745947	0.674379254053
12.6381	116.6657	496.836658	29	1.0	0.0
12.6498	116.6645	497.021029	29	0.874061661568	0.125938338432
17.9094	114.2048	498.166341	19	0.523875165165	0.476124834835
9.6648	109.2417	498.224949	24	1.0	0.378249318439
9.6842	109.1873	498.280325	24	1.0	0.0
17.9239	114.2042	498.919268	19	0.523875165165	0.476124834835
6.7999	118.7545	502.12928	4	1.0	0.0
10.5898	109.9864	508.002805	3	1.0	0.268822724876
18.9402	113.8298	509.489038	17	0.640140649095	0.359859350905
18.9615	113.7664	509.595218	17	0.521972315452	0.478027684548
16.5855	113.5608	510.706079	9	0.830656135359	0.169343864641
16.6115	113.5711	510.786098	9	0.779970678539	0.220029321461
12.3416	117.4582	510.891081	13	1.0	0.0
9.7034	109.1485	513.020708	24	1.0	0.0
9.7235	109.1601	513.071756	24	1.0	0.118985528198
9.8379	109.3243	513.46449	23	0.300863313116	0.699136686884
10.6749	109.8858	515.908689	3	1.0	0.405495076413
18.2397	114.2503	516.738859	19	0.274402320074	0.725597679926
18.2148	114.2177	517.024726	19	0.414859216861	0.585140783139
9.7598	109.6088	517.070662	20	0.118994969945	0.881005030055
19.0517	113.0944	518.267492	15	1.0	0.00199157717435
19.0196	113.0226	518.407962	15	0.554516733904	0.445483266096
6.7752	118.7699	522.149503	4	1.0	0.0457027485637
6.7919	118.7453	522.186217	4	1.0	0.0740451219549
6.7071	118.9624	522.234531	4	0.223250730574	0.776749269426
6.7967	118.7872	522.291146	4	1.0	0.0
6.7837	118.7363	522.337728	4	1.0	0.228045485198
10.1759	110.3519	523.733792	5	0.128990222271	0.871009777729
9.7247	109.201	523.78867	24	1.0	0.0
10.6297	109.897	527.284632	3	1.0	0.176246208428
12.6955	116.7643	528.608079	-1	0.0	0.150513435778
9.711	109.2573	530.305426	24	1.0	0.0
12.9981	116.1644	534.394093	32	0.867119099157	0.132880900843
12.9893	116.2478	534.498623	31	1.0	0.0
9.7767	110.4189	534.541254	5	0.723617248088	0.276382751912
9.8296	110.5746	534.617608	5	0.383161128972	0.616838871028
9.7017	109.4355	534.691674	-1	0.0	0.113026435471
9.6617	109.2971	534.774894	24	1.0	0.355452950713
9.6775	109.2884	534.890936	24	1.0	0.355452950713
9.6883	109.1488	534.924646	24	1.0	0.0413992996989
9.6944	109.1735	534.977032	24	1.0	0.0
9.6984	109.3307	534.977042	24	0.481119457568	0.518880542432
10.0616	110.2389	535.007214	5	0.109405383662	0.890594616338
9.4595	110.4715	535.007223	5	0.171552287622	0.828447712378
12.6153	116.7065	536.825771	-1	0.0	0.101868278543
12.6737	116.6026	537.003443	30	0.967292032012	0.0327079679882
10.6543	109.8481	538.311702	3	1.0	0.372294419229
12.8606	106.5557	538.570386	1	0.865686597198	0.134313402802
17.999	104.6573	540.930192	0	1.0	0.0264451082609
17.9291	104.7565	541.844357	0	1.0	0.0
17.7767	104.741	542.340913	0	0.677124913651	0.322875086349
19.0218	113.1977	544.165385	15	0.365353194485	0.634646805515
13.0023	116.1827	544.765523	32	0.749965779805	0.250034220195
12.9841	116.1514	545.244153	32	1.0	0.209391971779
12.6136	116.6105	545.726497	30	1.0	0.0
6.8042	118.7879	546.557464	4	1.0	0.137070842613
6.8313	118.8292	546.622722	4	1.0	0.00207102171482
10.4809	109.9536	546.638094	3	1.0	0.246436253286
6.7971	118.7733	546.761627	4	1.0	0.213915796474
7.0152	118.5872	546.883468	4	0.153222485012	0.846777514988
6.8008	118.7588	546.954809	4	1.0	0.0
12.6018	116.5577	549.760034	30	1.0	0.0
17.9847	114.0537	550.361766	19	0.225560064299	0.774439935701
17.9528	114.1936	550.636961	19	0.523875165165	0.476124834835
18.9081	113.7588	551.921968	17	0.478354892627	0.521645107373
16.6187	113.6267	553.235108	9	0.703279121723	0.296720878277
9.7078	109.0423	556.720036	-1	0.0	0.022362906228
18.9936	113.0225	557.469248	15	0.475461345604	0.524538654396
12.9144	116.264	557.573772	31	1.0	0.0
19.0374	113.1041	557.593085	15	1.0	0.159211378589
12.8994	116.2983	557.879859	-1	0.0	0.00344026484208
12.6049	116.5779	559.09138	30	1.0	0.0821837193193
10.6453	109.9189	561.18086	3	1.0	0.14651544191
5.4664	120.7378	563.693439	-1	0.0	0.351372054078
17.9246	114.2205	565.090368	19	0.508968997503	0.491031002497
9.6509	109.2098	572.007741	24	1.0	0.0
17.877	114.1932	572.733425	19	0.465295355878	0.534704644122
17.636	113.1363	572.924142	22	0.516188771636	0.483811228364
12.5924	116.6471	573.87201	29	0.441788964618	0.558211035382
6.7931	118.7697	575.864621	4	1.0	0.0695762118982
6.7804	118.7268	575.968891	4	1.0	0.167500762626
9.8279	110.0412	577.451894	16	1.0	0.0
9.8161	109.9484	577.66242	16	1.0	0.0
9.4512	115.7597	578.695481	6	1.0	0.0
9.4768	115.6856	578.724589	6	0.295128218637	0.704871781363
9.4569	115.781	578.732297	6	0.707861893007	0.292138106993
9.4665	115.7554	578.758517	6	1.0	0.0
12.9399	116.3197	579.145418	27	0.944399034243	0.0556009657566
12.9761	116.4058	579.46813	27	0.540711363536	0.459288636464
12.6697	116.671	579.617154	29	0.462998430986	0.537001569014
18.2437	114.0555	581.473034	-1	0.0	0.000754270068609
18.1628	114.1587	581.848143	19	0.443111716933	0.556888283067
18.1845	114.1835	582.196331	19	0.414859216861	0.585140783139
10.4866	110.1031	582.357234	3	0.621917670504	0.378082329496
10.4731	110.0079	582.406542	3	1.0	0.26187813763
10.4699	110.0394	582.479794	3	0.774489401973	0.225510598027
17.951	114.2157	583.537698	19	0.523875165165	0.476124834835
17.9079	104.7711	583.851278	0	1.0	0.0
17.7868	104.6608	596.713429	0	1.0	0.202982082046
17.876	104.6758	596.943467	0	1.0	0.210853029772
17.9112	114.3025	599.116749	19	0.159963791197	0.840036208803
