18.8189	285.0587	-6.5e-05	33	1.0	0.0
5.156	290.533	-598.939638	-1	0.0	0.0230304219692
4.739	290.3911	-598.614738	42	0.426380022552	0.573619977448
5.127	290.5155	-598.576193	46	0.612800905515	0.387199094485
18.7238	285.2883	-598.489301	19	0.830617710197	0.169382289803
18.725	285.3018	-598.4497	19	0.995157785046	0.00484221495374
18.6851	285.3336	-598.381957	19	0.443010593284	0.556989406716
18.8003	285.2196	-598.307658	19	0.281993665443	0.718006334557
8.7226	286.3317	-596.674492	9	1.0	0.0
7.3443	283.1951	-595.874447	10	0.059510875422	0.940489124578
19.386	290.0435	-592.130982	1	1.0	0.0
5.2117	290.7284	-591.915805	52	0.748800865627	0.251199134373
18.9732	287.0242	-591.846962	17	1.0	0.0
14.0616	275.5282	-591.727574	28	0.849395416997	0.150604583003
10.2302	279.6301	-591.612548	-1	0.0	0.105451906577
22.4321	278.1405	-589.982277	2	0.568387515611	0.431612484389
22.422	278.0694	-589.893294	2	1.0	0.0
18.5438	287.4694	-588.437175	18	1.0	0.0
11.1121	273.3525	-587.854758	27	1.0	0.0
12.0368	273.7272	-587.827948	24	1.0	0.0
10.4419	280.1152	-587.507078	11	0.601950300931	0.398049699069
6.8726	285.7628	-582.599725	15	0.811850456992	0.188149543008
10.4552	273.8221	-580.261656	26	0.160805848043	0.839194151957
10.7067	278.6842	-579.455348	25	1.0	0.0
5.3187	284.2918	-579.428386	20	0.0544570007622	0.945542999238
10.7894	278.3032	-579.367731	-1	0.0	0.044100428459
10.6738	278.703	-579.367731	25	0.79916030194	0.20083969806
6.8065	284.4304	-577.192992	16	1.0	0.0
6.7643	284.6473	-577.192929	16	1.0	0.0
18.7372	285.0521	-574.97631	33	0.42953169887	0.57046830113
18.8473	285.1822	-574.923118	-1	0.0	0.0517448916055
10.2825	279.3772	-573.019784	43	0.994339705916	0.00566029408439
10.2318	279.3989	-572.935965	43	0.999974473727	2.55262729138e-05
13.7112	274.4832	-572.513145	36	1.0	0.0
13.6888	274.5431	-572.419147	36	1.0	0.0
13.7537	274.3329	-572.419145	36	1.0	0.205605197897
4.0854	282.9513	-568.855568	13	1.0	0.0
4.0795	282.955	-568.821195	13	1.0	0.0
7.2642	273.7387	-567.5426	40	0.608362247094	0.391637752906
8.3054	273.6776	-567.542421	-1	0.0	0.697856787731
7.2405	273.6712	-567.306421	-1	0.0	0.0342023734431
12.2502	273.3479	-567.070318	24	0.867034426185	0.132965573815
8.6003	276.9215	-561.607612	5	1.0	0.06577205226
8.57	277.0137	-561.155713	5	1.0	0.0
7.6811	274.5829	-560.031101	38	1.0	0.275353009437
18.1517	281.2337	-557.677337	23	0.21020094009	0.78979905991
18.136	281.2694	-557.645554	-1	0.0	0.000242976653845
5.1913	290.6289	-557.084918	49	0.563740659274	0.436259340726
8.657	286.2922	-554.714671	9	1.0	0.0
4.5943	290.568	-553.039052	42	1.0	0.0949360135073
4.6126	290.5462	-552.91758	42	1.0	0.0518174268038
4.6519	290.5103	-552.775713	42	0.988143077089	0.0118569229112
10.749	278.9712	-552.238167	25	0.514036375889	0.485963624111
3.9258	282.8282	-549.50531	13	1.0	0.0
3.9198	282.9255	-549.46525	13	0.939106725301	0.0608932746989
18.5211	287.3999	-544.430091	18	1.0	0.0
18.5325	287.5029	-544.219703	18	0.882247112045	0.117752887955
4.8851	282.2455	-542.534085	12	1.0	0.0
4.8954	282.1351	-542.473741	12	0.684959427256	0.315040572744
10.1268	279.3708	-539.547001	-1	0.0	0.0156409248838
8.7172	286.2113	-537.864834	9	1.0	0.0
11.7397	278.8654	-535.875609	-1	0.0	0.718458991498
10.7279	279.3159	-535.804982	31	0.660547903494	0.339452096506
10.7789	279.3421	-535.641541	31	0.530408755988	0.469591244012
6.3741	283.361	-535.173256	10	0.507405437508	0.492594562492
19.3097	290.0683	-532.872373	1	1.0	0.0
18.9631	287.0401	-531.593103	17	1.0	0.0
7.3951	285.3844	-531.530825	15	0.143080284975	0.856919715025
6.8367	285.6456	-531.530421	15	1.0	0.0
6.8295	285.6075	-531.461772	15	0.979208334301	0.0207916656992
5.0801	290.4797	-530.220316	46	0.912468014233	0.0875319857668
7.5769	274.516	-530.099424	38	0.862725193153	0.137274806847
20.2458	285.5082	-528.764612	-1	0.0	0.914624629383
18.3113	280.8158	-528.762809	22	0.849390685042	0.150609314958
19.7664	287.2541	-528.448681	6	1.0	0.0
21.591	280.277	-528.404896	4	0.95537011765	0.0446298823505
19.7997	287.3015	-528.201933	6	1.0	0.0
5.255	290.7915	-527.500987	-1	0.0	0.00978565881794
12.4698	273.7619	-526.67654	24	0.858675771894	0.141324228106
4.9779	290.4746	-520.564687	-1	0.0	0.178665681385
7.7174	274.4512	-518.014233	38	1.0	0.410626839014
5.2204	290.6083	-516.06228	49	0.914852014481	0.0851479855194
5.1941	290.5432	-515.928049	-1	0.0	0.064892860505
17.701	284.1773	-515.711401	-1	0.0	0.923470646223
5.0898	290.4615	-515.663511	46	0.912468014233	0.0875319857668
19.2481	290.1776	-514.70955	1	0.53788953887	0.46211046113
19.2296	290.2711	-514.7095	1	0.3505493299	0.6494506701
10.2893	279.4403	-510.057827	-1	0.0	0.0579908422725
10.3174	279.462	-510.008705	43	0.832067982397	0.167932017603
14.3623	274.3898	-508.431448	35	0.636822819265	0.363177180735
5.883	282.9567	-506.498891	10	0.180429407673	0.819570592327
8.3571	276.8815	-506.356056	5	1.0	0.0
13.4722	274.4616	-505.898351	36	1.0	0.0787067173243
5.2309	290.88	-504.678494	-1	0.0	0.0142799332212
5.3058	290.8975	-504.561091	-1	0.0	0.0533693344819
18.7678	285.0477	-504.333469	33	0.602318311001	0.397681688999
10.7553	278.4945	-501.563445	25	0.51524137611	0.48475862389
10.7166	278.6359	-501.50744	25	1.0	0.0
10.7701	278.4677	-500.976812	25	0.51524137611	0.48475862389
6.8573	285.6065	-499.251154	15	0.885918721869	0.114081278131
7.3203	285.3995	-499.19046	15	0.162277510223	0.837722489777
6.8073	285.7307	-499.116215	15	0.811850456992	0.188149543008
4.7521	290.4112	-498.822232	-1	0.0	0.033171882923
6.8808	285.6541	-498.668811	15	1.0	0.0
4.8904	290.4295	-497.933451	42	0.415139939299	0.584860060701
4.9577	290.4363	-497.853346	-1	0.0	0.178665681385
18.9494	287.6816	-497.608963	7	1.0	0.0
18.1586	281.2374	-497.009659	23	0.219214939758	0.780785060242
18.1287	281.3029	-496.948098	-1	0.0	0.253551207762
18.7633	285.2925	-496.297055	19	0.759329463102	0.240670536898
18.8343	285.1071	-487.992411	33	0.480328599164	0.519671400836
18.8254	285.0802	-487.341055	33	0.846737145195	0.153262854805
10.7512	279.2453	-485.806271	31	1.0	0.0
4.664	290.5365	-485.602613	42	0.855481613813	0.144518386187
10.7734	279.203	-485.177997	31	0.817387398128	0.182612601872
19.2048	289.7284	-480.911589	1	0.278367252648	0.721632747352
10.1475	274.1947	-476.403233	26	0.918828241729	0.0811717582708
10.4011	279.4563	-475.773773	44	0.935788442987	0.0642115570128
10.1538	280.067	-474.933809	11	0.987828762904	0.0121712370961
10.3182	280.0466	-474.93377	11	1.0	0.0
10.322	279.9993	-474.866685	11	1.0	0.0
18.5114	287.3243	-470.676852	18	1.0	0.0697712626231
10.7141	278.9916	-469.992876	25	0.427818136186	0.572181863814
4.9291	282.1508	-469.079913	12	0.770669249128	0.229330750872
6.8797	274.2005	-465.790147	-1	0.0	0.453481618457
4.0057	282.8308	-465.444245	13	1.0	0.0
5.1528	290.7997	-462.616895	-1	0.0	0.0232738572458
13.7068	274.5286	-461.445383	36	1.0	0.0
13.6695	274.5964	-461.44536	36	1.0	0.355974478785
13.4931	274.4047	-461.321897	36	1.0	0.0
13.6052	274.1012	-461.321839	36	1.0	0.0
14.3749	274.4295	-458.480096	35	1.0	0.0
7.762	274.3012	-457.307738	38	0.773113173752	0.226886826248
7.5721	274.4775	-457.307695	38	0.799413900667	0.200586099333
7.6985	274.5258	-457.280384	38	1.0	0.140603402467
7.7665	274.2202	-457.27589	38	0.564044453475	0.435955546525
6.8312	285.661	-450.245454	15	1.0	0.0
8.4969	273.5779	-445.707651	-1	0.0	0.648635987791
10.212	280.1922	-444.855063	11	0.630690361885	0.369309638115
10.7789	279.3046	-444.177707	31	1.0	0.0
3.9177	282.8134	-443.857226	13	1.0	0.0
5.0262	290.5192	-443.749993	46	0.709448879561	0.290551120439
8.5952	286.2653	-443.625411	9	0.660769382127	0.339230617873
8.6895	286.3193	-443.453379	9	1.0	0.0
8.6965	286.2012	-443.218301	9	1.0	0.0
5.2947	290.895	-437.017788	-1	0.0	0.237004112646
5.2435	290.9335	-436.734936	47	1.0	0.0
5.2702	291.0537	-436.540135	-1	0.0	0.385432076282
10.2324	279.4051	-436.43775	43	1.0	0.0
12.7394	278.8884	-436.259177	-1	0.0	0.857299431091
10.2281	279.2898	-436.258149	-1	0.0	0.257657756579
10.6707	278.6065	-435.899805	25	0.741180553991	0.258819446009
16.4126	273.7289	-433.675464	-1	0.0	0.0207876044868
5.212	290.6454	-428.916108	50	0.852429480646	0.147570519354
22.4887	278.017	-427.808773	2	1.0	0.0
9.2593	286.4182	-426.139687	9	0.147526258625	0.852473741375
4.6587	284.2954	-424.370038	20	0.65469295137	0.34530704863
14.3275	274.5285	-424.239381	35	0.361273469331	0.638726530669
4.6934	284.4264	-424.167205	20	0.14596161701	0.85403838299
7.5414	274.1566	-422.364699	37	1.0	0.0
7.5216	274.1991	-422.309075	37	1.0	0.0
7.5438	274.0239	-422.235009	-1	0.0	0.124898722922
21.1473	280.8658	-421.773122	3	1.0	0.0
7.5503	274.1943	-421.715981	37	1.0	0.0
19.3005	289.9417	-418.205632	1	0.759934799194	0.240065200806
9.1239	276.4877	-418.052734	5	0.222166823326	0.777833176674
4.6206	290.5046	-417.005188	42	1.0	0.325851561645
4.5798	290.3075	-416.943926	42	0.633643180325	0.366356819675
4.612	290.4625	-416.753092	42	1.0	0.0
4.7425	290.5413	-416.415193	42	0.428395685449	0.571604314551
4.7278	290.6327	-416.224331	-1	0.0	0.359322468258
13.514	274.4412	-415.879786	36	1.0	0.0753867370651
14.0427	275.7291	-413.48494	28	1.0	0.0
22.5612	277.9612	-411.645993	2	1.0	0.0
12.1109	273.4084	-411.510449	24	0.859924058945	0.140075941055
5.1611	290.5431	-405.951704	-1	0.0	0.064892860505
18.7427	285.0088	-404.884085	33	0.469593860258	0.530406139742
18.7573	285.0256	-404.786891	33	0.602318311001	0.397681688999
5.2468	290.9169	-404.509596	47	1.0	0.0
7.5929	274.0732	-401.665445	-1	0.0	0.00766330065232
7.5823	274.6081	-401.635258	38	0.975048216092	0.0249517839079
7.7353	274.3992	-401.572097	38	0.972766101691	0.0272338983086
7.6464	274.5446	-401.572055	38	1.0	0.0
7.7586	274.2676	-401.522025	38	0.772058578711	0.227941421289
7.6537	274.7078	-401.522014	38	0.826132299826	0.173867700174
4.9049	282.2623	-399.833906	12	1.0	0.0
4.9436	282.1968	-399.394402	12	0.7261874502	0.2738125498
21.6192	280.169	-398.52431	4	0.453487181599	0.546512818401
10.2497	274.3401	-396.291481	26	1.0	0.0
10.2434	274.2893	-396.27382	26	1.0	0.416761529639
10.5002	279.2668	-395.426777	39	1.0	0.0
10.5326	279.2675	-395.33332	39	1.0	0.0
14.7312	276.2905	-395.086584	-1	0.0	0.32738014177
4.9978	290.4474	-393.80341	46	0.643523495456	0.356476504544
18.5771	287.2492	-391.597751	18	1.0	0.412630766246
19.1859	287.7839	-391.513009	7	1.0	0.0
4.3842	282.6829	-391.48036	13	0.409825442799	0.590174557201
4.0363	282.7654	-391.48008	13	1.0	0.0
4.6842	290.4288	-391.425327	42	0.594262369511	0.405737630489
10.8197	278.8847	-387.327469	25	0.568589126964	0.431410873036
10.7306	279.2476	-387.327469	31	1.0	0.0
10.8314	279.1683	-387.261734	31	0.639745377802	0.360254622198
10.7162	279.2424	-387.214426	31	0.817387398128	0.182612601872
10.7991	279.2673	-387.103863	31	1.0	0.0
13.7359	274.5817	-387.020874	36	1.0	0.355974478785
13.7161	274.541	-386.961688	36	1.0	0.0
13.7482	274.5378	-386.935019	36	1.0	0.0
13.7504	274.5108	-386.878772	36	1.0	0.0
10.7964	278.4008	-385.892446	25	0.505926499469	0.494073500531
5.1355	290.5471	-385.389227	-1	0.0	0.21340228718
5.1816	290.3728	-385.15656	-1	0.0	0.0365448476447
18.1714	281.172	-384.653274	23	0.313443735082	0.686556264918
8.6214	276.9703	-382.307521	5	1.0	0.0
6.8163	285.751	-380.769759	15	0.762107679638	0.237892320362
6.8235	285.6478	-380.433243	15	1.0	0.0
5.2181	290.953	-379.294902	-1	0.0	0.111160317082
5.244	290.8422	-379.235323	48	1.0	0.0
4.157	283.0852	-378.597966	13	0.719138739579	0.280861260421
4.1578	283.0071	-378.480049	13	1.0	0.0
4.1363	282.9968	-378.438421	13	1.0	0.0
10.6732	278.6369	-376.097449	25	0.940201075339	0.059798924661
10.7298	278.4331	-376.044088	25	0.51524137611	0.48475862389
4.7206	284.3195	-374.046112	20	0.812143574953	0.187856425047
4.6733	284.32	-373.991675	20	0.840363278843	0.159636721157
13.5643	275.2294	-371.262315	29	0.403686483529	0.596313516471
18.8295	285.0728	-371.211166	33	1.0	0.0
9.3513	286.512	-370.160572	-1	0.0	0.0396705268322
5.2646	290.8324	-367.409734	-1	0.0	0.0586711104994
10.2185	274.3253	-365.616379	26	1.0	0.0
10.2382	274.3149	-365.378582	26	1.0	0.0
5.2735	290.962	-363.882463	-1	0.0	0.00403779695129
14.3765	274.4791	-363.600104	35	0.529991354898	0.470008645102
14.4394	274.1724	-363.571446	35	0.160461585435	0.839538414565
14.3044	274.5861	-363.44756	35	0.295773461682	0.704226538318
14.3343	274.4026	-363.359156	35	0.744373813215	0.255626186785
7.66	274.4126	-362.799502	38	1.0	0.0
7.6655	274.4752	-362.733692	38	1.0	0.0134816128032
7.0446	274.6289	-361.491183	34	0.383142200985	0.616857799015
6.9314	274.4636	-361.491178	-1	0.0	0.0934837997968
7.0378	274.4886	-361.442249	34	0.394948595483	0.605051404517
7.1015	274.28	-361.442234	34	0.379648609133	0.620351390867
7.1698	274.3965	-359.521092	34	1.0	0.0
7.3314	274.1614	-357.02915	37	0.818824084697	0.181175915303
5.2271	290.7608	-355.43542	52	1.0	0.0
5.2488	290.7254	-355.263344	-1	0.0	0.0460612503349
13.5032	274.3846	-352.88464	36	1.0	0.0
10.788	278.577	-347.450575	25	0.701782924002	0.298217075998
10.7353	278.7751	-347.369251	25	0.977498336437	0.0225016635626
10.716	278.7657	-347.247127	25	0.977498336437	0.0225016635626
5.9408	283.1837	-346.921753	10	0.206760498734	0.793239501266
5.266	290.8575	-345.039148	-1	0.0	0.0187095164981
4.6186	290.5624	-342.220637	42	1.0	0.0
4.6448	290.5248	-341.934507	42	1.0	0.0
22.6132	277.7654	-341.868416	2	0.402238960842	0.597761039158
22.4897	278.0007	-341.868392	2	1.0	0.0
22.4764	277.7561	-341.499382	2	0.421942006953	0.578057993047
4.7007	284.3153	-338.352572	20	1.0	0.0
4.7838	284.3201	-338.156437	20	0.427253219536	0.572746780464
4.579	290.5311	-336.075991	42	1.0	0.0
14.2025	274.5008	-333.376485	35	0.238049336706	0.761950663294
3.9352	282.7679	-333.251818	13	1.0	0.0
18.8227	285.35	-333.096923	19	0.263961285834	0.736038714166
18.9162	284.976	-332.638458	-1	0.0	0.340384796123
19.008	287.1017	-332.042353	17	1.0	0.0
19.0358	287.1192	-331.83607	17	1.0	0.0
8.5656	276.9785	-330.673014	5	1.0	0.0
8.6163	277.1587	-330.592425	5	0.478994006545	0.521005993455
8.6942	276.6946	-330.59239	5	0.436644424822	0.563355575178
10.4818	279.409	-329.681013	44	0.389514202134	0.610485797866
7.6572	274.4363	-325.765052	38	1.0	0.310911607418
7.5959	274.5721	-325.582171	38	1.0	0.387062515661
7.6047	274.7455	-325.582162	38	0.488650908525	0.511349091475
7.7011	274.3741	-325.582151	38	1.0	0.0
19.7817	287.2772	-325.379646	6	1.0	0.0
10.2441	274.3867	-325.039252	26	1.0	0.320065110788
6.4249	283.1109	-323.866781	10	0.238284878808	0.761715121192
5.2294	290.7247	-320.135653	52	0.780114481646	0.219885518354
4.6958	284.3104	-318.132457	20	1.0	0.0
19.3506	289.8715	-315.65857	1	0.529737404998	0.470262595002
18.7173	285.2048	-313.982198	19	0.277947516145	0.722052483855
5.2844	290.8247	-313.862419	-1	0.0	0.13011374804
5.6804	291.2074	-313.810913	-1	0.0	0.778866002041
5.2131	290.9658	-313.744605	-1	0.0	0.0887657022109
18.2852	280.751	-310.641878	22	1.0	0.0
18.2639	280.7248	-310.518885	22	1.0	0.0
18.3192	280.7639	-310.518829	22	0.812824545494	0.187175454506
18.2156	280.8886	-310.453711	22	0.447511113045	0.552488886955
5.0491	290.3888	-309.946781	-1	0.0	0.419766903801
5.0098	290.4519	-309.681626	46	0.651012647111	0.348987352889
18.2287	280.7372	-308.915484	22	0.7806510063	0.2193489937
18.1331	281.0412	-308.915469	23	0.298063470509	0.701936529491
18.1037	280.9705	-308.895374	23	0.260734606046	0.739265393954
18.1633	281.0875	-308.796598	23	0.640993753093	0.359006246907
7.6274	274.5781	-306.158318	38	1.0	0.0230152434582
15.6782	273.558	-304.699832	30	0.600840422881	0.399159577119
18.8393	285.0733	-303.743452	33	0.910363165177	0.0896368348233
4.8512	282.2139	-300.054619	12	0.866015694746	0.133984305254
4.8957	282.1562	-299.999308	12	0.879321405511	0.120678594489
13.4941	274.3695	-297.866021	36	1.0	0.000690944735705
13.6283	274.0908	-297.793865	36	1.0	0.0
13.5727	274.3488	-297.703549	36	1.0	0.225237351084
13.5119	274.3413	-297.703517	36	1.0	0.0
13.5959	274.1566	-297.625583	36	1.0	0.0
13.5334	274.4897	-297.566824	36	1.0	0.08669852607
13.7404	274.4952	-296.998281	36	1.0	0.136080171487
7.5409	274.3218	-295.230037	37	0.597775846334	0.402224153666
7.5205	274.1713	-295.181627	37	1.0	0.0
7.6063	273.9876	-295.134661	-1	0.0	0.261440562615
7.4808	274.233	-295.134646	37	0.804905622091	0.195094377909
4.6305	290.4769	-295.053938	42	1.0	0.154293471301
4.6027	290.6485	-294.934732	-1	0.0	0.192506670508
10.736	279.1548	-294.665359	31	0.557647002476	0.442352997524
5.2543	291.0797	-292.990399	-1	0.0	0.518829873775
5.2459	290.9215	-292.846934	47	1.0	0.0
10.8773	279.0678	-292.696298	-1	0.0	0.141547668402
9.8701	275.086	-290.001612	-1	0.0	0.0544180042726
5.1903	290.6143	-287.694177	-1	0.0	0.0233643392433
5.205	290.6414	-287.576848	50	0.94749856624	0.0525014337598
18.7928	284.947	-285.114858	-1	0.0	0.131304605856
4.1538	291.9792	-284.846676	-1	0.0	0.946624194066
10.2647	274.1875	-283.696701	26	1.0	0.0
18.7269	285.3106	-282.531796	19	0.816738800459	0.183261199541
18.8621	285.1557	-282.510818	-1	0.0	0.227065975563
5.1278	290.6621	-275.66991	-1	0.0	0.104736610962
5.0742	290.4458	-275.582468	46	0.912468014233	0.0875319857668
7.6485	274.4935	-272.580093	38	1.0	0.0134816128032
7.6422	274.4482	-272.473259	38	1.0	0.326420514185
7.6089	274.727	-272.473258	38	0.639563648997	0.360436351003
7.7593	274.2785	-272.432946	38	0.628708374566	0.371291625434
7.6621	274.5067	-272.397765	38	1.0	0.0
7.6519	274.4708	-272.29214	38	1.0	0.124203222843
15.6775	273.7507	-268.322741	30	0.827235338043	0.172764661957
22.1924	278.7324	-266.565006	2	0.127300028469	0.872699971531
9.6426	276.4303	-265.361762	5	0.129966204995	0.870033795005
8.5773	277.0312	-265.361278	5	1.0	0.0344844072618
8.5704	277.0888	-265.292777	5	0.887398382194	0.112601617806
8.5819	276.8602	-265.292769	5	1.0	0.149203547648
18.7611	284.9939	-263.317384	33	0.448260486856	0.551739513144
18.7219	285.0422	-263.249685	33	0.469593860258	0.530406139742
18.7322	284.9906	-262.901698	-1	0.0	0.0166417555618
4.5759	290.5276	-260.935144	42	1.0	0.0332964388731
10.1952	274.3508	-259.647767	26	1.0	0.0
18.9506	287.0409	-259.393492	17	1.0	0.0
5.2565	290.9065	-256.724251	47	0.795737787285	0.204262212715
18.5714	287.4594	-256.576685	18	1.0	0.0
4.1218	283.033	-254.990297	13	1.0	0.0388524609242
5.2135	290.6744	-252.74677	50	1.0	0.0
7.7336	274.407	-251.428398	38	0.977755657016	0.0222443429838
7.6917	274.4191	-251.24018	38	1.0	0.327802828352
10.2608	279.3909	-249.374345	43	1.0	0.0
10.2302	279.4036	-249.318881	43	1.0	0.0
6.826	285.5963	-248.003452	15	0.7681725317	0.2318274683
5.227	290.6296	-246.587747	51	1.0	0.0
7.3002	273.9069	-246.275847	40	0.623208882018	0.376791117982
7.3917	273.6326	-246.275841	41	1.0	0.0
13.8091	274.4335	-246.145272	36	1.0	0.473965206591
13.8187	274.5324	-246.145268	36	1.0	0.00187670117979
21.5841	280.2575	-245.760408	4	1.0	0.0
18.4334	287.3192	-245.56796	18	1.0	0.336250611696
13.9346	274.3119	-245.455728	36	0.587124817091	0.412875182909
11.2257	273.3211	-244.436574	27	1.0	0.0
6.2943	283.3423	-243.418055	10	0.742798302174	0.257201697826
6.2942	283.4117	-243.064935	10	0.469462125267	0.530537874733
10.4049	279.7986	-240.696918	11	0.919064438307	0.0809355616934
10.3891	279.9265	-240.656342	11	0.924028701018	0.0759712989824
18.7451	285.107	-240.341345	-1	0.0	0.214461283358
18.7345	285.323	-240.341278	19	0.650735073986	0.349264926014
6.9131	285.8045	-237.73492	15	0.501492665855	0.498507334145
18.2824	280.8269	-237.591763	22	0.934999182913	0.065000817087
4.5888	290.528	-234.66978	42	1.0	0.0
4.4029	290.7119	-234.66963	-1	0.0	0.636628175648
5.1838	290.5588	-232.348035	-1	0.0	0.064892860505
18.5379	287.2955	-231.543433	18	1.0	0.0
5.2664	290.892	-225.800591	47	0.672721120559	0.327278879441
7.4876	273.9059	-223.562348	-1	0.0	0.147950007008
7.748	274.3585	-222.530291	38	0.891302936263	0.108697063737
7.6064	274.5937	-222.461262	38	1.0	0.400321257519
11.1378	273.889	-220.113067	-1	0.0	0.0286049165441
10.7623	278.6821	-219.383992	25	1.0	0.0
5.2133	290.6939	-218.901555	53	1.0	0.0
5.2024	290.595	-218.381274	49	0.998478291627	0.00152170837277
6.4079	283.3776	-217.712605	10	0.452192921991	0.547807078009
18.5881	287.3388	-213.725304	18	1.0	0.127545447625
12.5651	273.4257	-210.521611	24	1.0	0.0
12.7113	273.3244	-210.343946	24	0.610201090666	0.389798909334
12.182	273.5592	-209.989856	24	1.0	0.0
4.6544	284.2944	-207.926923	20	0.596922493744	0.403077506256
7.4947	274.2723	-206.209487	37	0.629945587417	0.370054412583
10.7485	278.4003	-201.513636	25	0.51524137611	0.48475862389
7.7263	274.3547	-196.00948	38	1.0	0.0
7.6544	274.7053	-196.009463	38	0.826132299826	0.173867700174
7.7522	274.2822	-195.938866	38	0.65355714238	0.34644285762
7.6697	274.6779	-195.938849	38	0.826132299826	0.173867700174
7.6984	274.4567	-195.891669	38	1.0	0.197800352219
4.852	282.224	-194.976411	12	0.879321405511	0.120678594489
4.8336	282.2707	-194.930882	12	0.994233890696	0.00576610930406
4.854	282.1832	-194.769065	12	0.879321405511	0.120678594489
5.2128	290.7058	-194.356156	53	1.0	0.0
18.7621	285.3015	-189.490105	19	0.816092306038	0.183907693962
18.9462	285.3076	-189.489981	-1	0.0	0.392691779456
5.221	290.9263	-189.39102	47	0.792391730286	0.207608269714
5.4885	284.7365	-189.038293	21	0.842627255694	0.157372744306
5.4853	284.7619	-188.852793	21	1.0	0.0
5.4536	284.5851	-188.769468	21	0.140704476143	0.859295523857
5.4954	284.7641	-188.769447	21	1.0	0.0
5.5115	284.7856	-188.378158	21	0.791105206482	0.208894793518
18.4565	287.325	-186.680735	18	1.0	0.395106386552
5.2073	290.675	-186.492642	50	0.895509702943	0.104490297057
5.2043	290.6892	-186.405614	53	1.0	0.0
5.1535	290.6627	-186.337233	-1	0.0	0.142250318325
10.3717	279.4992	-186.215224	-1	0.0	0.0733633344142
10.4517	279.4419	-186.215193	44	1.0	0.0
10.4405	279.4532	-186.115346	44	0.898776820229	0.101223179771
5.1984	290.4951	-186.100868	45	1.0	0.0
5.5089	283.4544	-185.834387	10	0.125218583904	0.874781416096
4.5915	290.5547	-183.948042	42	1.0	0.0
14.0311	275.765	-182.493878	28	0.850876755515	0.149123244485
14.0561	275.7375	-182.418662	28	1.0	0.0
14.0968	275.6228	-182.33879	28	1.0	0.0
19.7061	287.2823	-176.544838	6	1.0	0.0
5.2826	290.4881	-175.093348	-1	0.0	0.240313094109
5.1528	290.5916	-174.837662	-1	0.0	0.108077160068
5.1942	290.6537	-174.772705	50	1.0	0.0
4.6731	290.486	-173.914189	42	0.657651486401	0.342348513599
13.1398	277.5996	-172.305758	-1	0.0	0.00387842618471
13.2447	277.2083	-172.305711	-1	0.0	0.228039326803
10.5506	280.0587	-172.065608	11	0.48941312958	0.51058687042
10.7091	279.1617	-170.132431	31	0.495631178568	0.504368821432
15.7585	273.6217	-160.584068	30	0.675792901638	0.324207098362
14.4358	274.4516	-160.096353	35	0.592983033656	0.407016966344
5.2024	290.6337	-159.940951	-1	0.0	0.0
5.2444	290.6279	-159.82715	51	0.630294889043	0.369705110957
5.391	289.7956	-158.710232	-1	0.0	0.900845963286
5.1864	290.5956	-155.777535	49	0.659066368697	0.340933631303
7.3101	273.8423	-155.459187	40	1.0	0.0
10.7519	278.5891	-155.45108	25	0.968805390409	0.0311946095915
18.602	287.3297	-155.034745	18	1.0	0.0
10.7174	278.8781	-154.996163	25	0.695172902907	0.304827097093
21.5802	280.1985	-153.827038	4	0.787935881457	0.212064118543
6.1303	283.2118	-152.836171	10	0.305603827291	0.694396172709
5.2307	290.5609	-151.568322	-1	0.0	0.134882970163
10.281	274.2376	-150.497498	26	1.0	0.187440559967
13.9882	273.3663	-149.925936	-1	0.0	0.0711811265005
4.8054	290.4693	-148.919442	-1	0.0	0.170466208881
4.6799	284.2536	-148.837377	20	0.416375279868	0.583624720132
4.6977	284.3192	-148.624729	20	1.0	0.0
4.724	284.2535	-148.349462	20	0.454690163702	0.545309836298
18.8121	285.062	-145.832629	33	1.0	0.0
4.5896	290.5573	-143.992264	42	1.0	0.0
4.7351	290.6106	-143.92386	-1	0.0	0.250586317892
19.787	287.2673	-143.317671	6	1.0	0.0
18.5291	280.7721	-142.421036	-1	0.0	0.214776168621
18.1613	281.105	-142.421	23	1.0	0.0
18.0987	281.1445	-142.356804	23	0.313443735082	0.686556264918
16.7156	273.8826	-141.217056	-1	0.0	0.232199289174
13.5177	274.291	-140.930684	36	1.0	0.301771982146
13.5616	274.2069	-140.853363	36	1.0	0.249835919506
5.1638	290.7464	-140.483153	-1	0.0	0.140676168978
8.5977	276.9252	-140.455628	5	1.0	0.0
8.6321	276.7186	-140.411055	5	0.531333478219	0.468666521781
13.3526	275.406	-139.411565	29	0.548110779904	0.451889220096
6.3367	283.2786	-138.721299	10	0.523013536602	0.476986463398
10.8344	279.2704	-138.441855	31	0.902851459031	0.0971485409694
6.3381	283.2606	-138.410436	10	0.447144673297	0.552855326703
5.1815	284.041	-131.385076	-1	0.0	0.0669752376806
4.7233	284.2981	-131.384734	20	1.0	0.0
4.6953	284.305	-131.28637	20	1.0	0.0
5.1717	290.6485	-129.696117	-1	0.0	0.145673738891
22.1977	278.7833	-128.216122	2	0.11930115683	0.88069884317
10.8121	279.44	-127.586915	-1	0.0	0.143013353716
5.2635	290.6226	-125.722109	-1	0.0	0.0418887802876
4.2567	292.0583	-123.228965	-1	0.0	0.948767248557
9.307	286.5495	-121.435154	-1	0.0	0.0380028092038
10.1696	279.3371	-120.411952	-1	0.0	0.0964174676085
10.2676	279.4304	-120.235208	43	1.0	0.0
5.2442	290.9063	-119.658112	47	0.801177044959	0.198822955041
4.5341	290.5149	-119.223015	42	0.918794855694	0.0812051443059
4.5974	290.4207	-119.1448	42	1.0	0.0
5.5126	283.3823	-118.442812	10	0.139858997472	0.860141002528
10.489	279.261	-118.334813	39	1.0	0.0
5.2165	290.7015	-118.217048	53	1.0	0.0
18.3152	280.7148	-114.705944	22	1.0	0.0
18.4451	280.1859	-114.648546	-1	0.0	0.818640682014
21.1274	280.899	-112.912217	3	1.0	0.0
7.681	274.3254	-112.379831	38	0.773113173752	0.226886826248
7.6402	274.5152	-112.295774	38	1.0	0.0
7.6398	274.553	-112.215357	38	1.0	0.0748271894811
7.6632	274.5686	-112.215333	38	1.0	0.0
10.9462	273.6113	-109.235107	27	0.407614911719	0.592385088281
21.4979	280.448	-106.563998	4	0.211910679971	0.788089320029
18.4759	287.0526	-106.495281	-1	0.0	0.232273442605
5.4882	290.8149	-105.551177	-1	0.0	0.41095652983
18.2172	292.2222	-105.550572	0	1.0	0.0
5.2309	290.6356	-105.016358	51	0.579907479083	0.420092520917
18.9615	287.69	-104.776822	7	1.0	0.0
18.7336	285.2648	-103.166437	19	1.0	0.0
5.0636	290.5054	-95.775495	46	1.0	0.0
8.7352	286.2805	-92.631197	9	0.999870990791	0.000129009208635
5.2438	290.6286	-86.69462	51	0.667589655072	0.332410344928
19.5802	287.8866	-86.01075	-1	0.0	0.0211433834076
4.6996	284.2542	-84.420895	20	0.431346915225	0.568653084775
18.1747	280.9854	-83.949376	23	0.268920461091	0.731079538909
18.1831	281.1283	-83.861054	23	0.652299306676	0.347700693324
6.8744	285.7939	-83.171776	15	0.669503153295	0.330496846705
5.2191	290.5741	-82.204215	-1	0.0	0.0110698504034
10.2393	274.3588	-81.380323	26	1.0	0.0681899913691
22.6264	278.0077	-80.013503	2	0.853989410078	0.146010589922
5.1726	290.7418	-78.282605	-1	0.0	0.077161105979
6.2567	283.2961	-75.442456	10	0.758544673499	0.241455326501
6.2275	283.34	-75.246543	10	1.0	0.0
10.8461	278.6619	-75.064806	25	0.932273408595	0.0677265914054
14.316	274.446	-73.42081	35	0.66160838347	0.33839161653
14.372	274.2302	-73.42076	35	0.239100891082	0.760899108918
5.1988	290.5795	-72.637979	49	0.697340538043	0.302659461957
8.5097	273.352	-71.943429	-1	0.0	0.697856787731
10.2901	279.8726	-71.712852	11	1.0	0.0
10.2897	279.8749	-71.706051	11	1.0	0.0
5.4796	290.8506	-69.828026	-1	0.0	0.315734602727
21.1486	280.9325	-69.249829	3	1.0	0.0
21.1682	280.6806	-69.023204	3	0.283675968655	0.716324031345
21.1182	280.9142	-69.023175	3	1.0	0.0
18.275	280.6813	-64.855969	22	0.649659662284	0.350340337716
18.304	280.7693	-64.855929	22	0.849390685042	0.150609314958
7.4598	274.1513	-63.597349	37	0.914970175993	0.0850298240075
4.5537	290.5587	-63.378067	42	1.0	0.135047885036
5.2038	290.6937	-62.71933	53	1.0	0.0
5.5317	290.9089	-62.580103	-1	0.0	0.290964690576
4.8548	282.1725	-58.340431	12	0.842661181802	0.157338818198
4.8193	282.3016	-58.305997	12	1.0	0.0
10.2883	279.457	-56.230768	43	1.0	0.0
10.4276	279.4521	-56.230751	44	1.0	0.0
10.4183	279.5469	-55.973238	-1	0.0	0.186056028904
4.6763	284.293	-54.291008	20	0.784011483776	0.215988516224
6.6429	284.7302	-50.639103	16	1.0	0.0
6.659	284.7665	-50.453309	16	1.0	0.0
4.6152	290.3686	-47.59878	42	0.8175355325	0.1824644675
4.6112	290.3282	-46.822085	42	0.582611544855	0.417388455145
18.7816	284.5721	-45.706108	-1	0.0	0.766634739185
7.6779	274.5173	-43.339198	38	1.0	0.0
7.6083	274.6696	-43.317458	38	0.824285585876	0.175714414124
5.7542	285.7777	-42.794483	14	1.0	0.0
6.7348	292.0421	-38.947624	-1	0.0	0.953235434385
5.2618	290.844	-37.925817	48	1.0	0.0
5.2402	290.8145	-37.250465	-1	0.0	0.109078179588
4.5347	290.2804	-34.310334	-1	0.0	0.0739366977741
10.8651	279.0773	-31.82206	-1	0.0	0.0476205536872
5.1916	290.9292	-31.436519	-1	0.0	0.22324407677
18.736	285.269	-30.653339	19	1.0	0.0
5.2388	290.5559	-29.739814	-1	0.0	0.1786690589
5.1967	290.6509	-29.616958	50	1.0	0.0
18.1501	281.0664	-27.604961	23	0.359056018746	0.640943981254
18.2758	280.8623	-25.69928	22	0.694072307489	0.305927692511
8.72	286.2717	-24.431834	9	1.0	0.0927899010833
18.858	285.0527	-23.182785	33	0.723163467314	0.276836532686
18.8388	285.0534	-23.073953	33	1.0	0.0
7.1872	274.5911	-22.234761	34	0.356765662746	0.643234337254
13.4896	274.4252	-21.465958	36	1.0	0.0615144294488
13.5085	274.4061	-21.317966	36	1.0	0.0
4.7553	284.3438	-20.872419	20	0.412400071228	0.587599928772
14.421	274.2391	-16.864627	35	0.282474439845	0.717525560155
8.6943	285.8773	-16.818393	9	0.127333083251	0.872666916749
6.7269	286.201	-15.307582	-1	0.0	0.0330501049657
5.2101	290.6275	-14.118581	51	0.433178992191	0.566821007809
5.2213	290.7133	-14.049394	52	0.678322418889	0.321677581111
5.2341	290.6314	-13.997014	51	0.985576631417	0.0144233685826
10.435	279.5186	-12.198248	-1	0.0	0.254715097328
10.1937	274.4164	-11.29564	26	0.83996662082	0.16003337918
6.2217	283.0814	-7.422971	10	0.327041822344	0.672958177656
6.2118	283.129	-7.422936	10	0.328662711129	0.671337288871
6.1887	283.033	-7.298364	10	0.314028029902	0.685971970098
5.2107	290.5959	-6.7676	49	1.0	0.0
7.0839	285.6125	-5.479261	15	0.307555001244	0.692444998756
6.8277	285.5253	-5.479144	15	0.479356614043	0.520643385957
22.5402	277.8569	-4.398283	2	0.703994811184	0.296005188816
5.4872	284.6955	-1.716759	21	0.47675634165	0.52324365835
5.4937	284.753	-1.66483	21	1.0	0.0
18.8189	285.0587	-6.5e-05	33	1.0	0.0
5.2401	290.7307	1.929191	52	0.780114481646	0.219885518354
5.2656	290.8081	1.929234	-1	0.0	0.181472286544
7.3626	273.6134	8.080283	41	1.0	0.0
7.706	274.4515	8.182735	38	1.0	0.310911607418
7.8013	274.1575	8.227921	-1	0.0	0.189501436036
7.6231	274.5188	8.260109	38	1.0	0.212418103388
7.6821	274.55	8.287731	38	1.0	0.0716131317077
21.5334	280.2026	8.985233	4	0.661713253035	0.338286746965
5.2172	290.6666	9.518443	50	1.0	0.0
18.5741	287.5201	9.590427	18	0.632778006102	0.367221993898
4.5677	290.5536	9.874743	42	1.0	0.0
18.5647	287.4384	10.134449	18	1.0	0.0
6.2199	283.3316	10.881211	10	1.0	0.0
18.1006	292.162	13.000504	0	1.0	0.0
5.2257	290.7774	16.80488	52	0.848412166688	0.151587833312
14.0883	275.7599	19.077181	28	0.820010246849	0.179989753151
15.1552	275.149	19.254851	-1	0.0	0.00272030347157
8.2906	276.8423	20.972907	5	1.0	0.0
19.451	280.6564	22.545122	-1	0.0	0.83851213967
18.1685	281.1144	22.545208	23	1.0	0.0
18.5842	287.2412	24.944822	18	0.869865902879	0.130134097121
7.0001	274.6148	27.801022	34	0.358916489365	0.641083510635
7.0175	274.5421	27.846262	34	0.394948595483	0.605051404517
6.9124	274.5274	27.87816	34	0.358916489365	0.641083510635
5.1858	290.6167	29.233234	49	0.565648177086	0.434351822914
10.4223	279.8616	29.313221	11	0.974028001088	0.0259719989121
10.3444	280.1019	29.31326	11	0.897742303388	0.102257696612
10.4639	279.2505	30.143836	39	1.0	0.0
12.3729	273.7973	30.224187	24	0.916711747139	0.0832882528613
10.3995	279.4505	30.299412	44	0.981689449198	0.0183105508024
10.436	279.4019	30.453637	44	0.395412962137	0.604587037863
13.7648	274.8144	31.224923	-1	0.0	0.141984990285
10.2626	279.3418	31.447407	-1	0.0	0.0964174676085
15.6764	273.725	31.730519	30	1.0	0.0
15.7454	273.4798	31.730572	30	0.326734974404	0.673265025596
4.7264	284.2879	36.03599	20	0.676094600978	0.323905399022
5.2432	290.9132	37.938587	47	1.0	0.0
5.244	291.0669	37.991398	-1	0.0	0.463634311355
5.2308	290.9413	38.275939	47	0.915338219857	0.0846617801428
5.2486	290.933	38.326255	47	1.0	0.0
4.6223	290.3887	40.698341	42	1.0	0.221703025355
5.2193	290.8359	42.434681	48	1.0	0.0
5.244	290.8827	42.58848	47	0.672721120559	0.327278879441
5.2197	290.7286	43.885596	52	0.780114481646	0.219885518354
13.7335	274.4423	47.621075	36	1.0	0.322671092105
13.733	274.5307	47.621097	36	1.0	0.0
13.6749	274.5477	47.668416	36	1.0	0.214485787965
5.7874	285.6997	48.819063	14	1.0	0.0
6.2772	283.4297	49.363388	10	0.466192692129	0.533807307871
18.2489	280.807	49.485786	22	0.832936194894	0.167063805106
18.5544	286.9268	49.809337	-1	0.0	0.351896853284
4.9386	282.2817	52.082474	12	0.781360561379	0.218639438621
21.5521	280.2728	52.206721	4	1.0	0.0
5.2442	290.7739	52.719477	52	1.0	0.0
8.4983	276.8651	56.229972	5	1.0	0.324012161244
8.5337	277.0047	56.229972	5	1.0	0.00727055382548
8.6427	276.7311	56.229975	5	0.575969647972	0.424030352028
10.4281	279.5761	59.125868	-1	0.0	0.254715097328
10.4518	279.3402	59.125903	-1	0.0	0.155177619127
5.2375	290.6207	59.57096	51	0.462524652323	0.537475347677
5.2182	290.6929	59.716568	53	1.0	0.0
7.3165	273.8322	59.906053	40	1.0	0.0
7.306	273.7914	59.951261	40	0.84832249207	0.15167750793
5.205	290.7598	60.403711	-1	0.0	0.0311341560536
19.4027	290.0326	64.242727	1	1.0	0.0
5.2624	290.803	68.347584	-1	0.0	0.0231115697952
6.9401	285.5061	71.771145	15	0.342095404403	0.657904595597
10.7654	278.6585	71.979011	25	1.0	0.0
10.4319	279.9057	72.020816	11	1.0	0.0
4.615	290.4477	72.594752	42	1.0	0.0
4.6005	290.3997	72.655197	42	1.0	0.0
4.6988	290.0084	72.695953	-1	0.0	0.800241715698
4.6304	290.3964	72.784553	42	1.0	0.263350186134
10.7596	278.1854	74.326663	-1	0.0	0.358235832389
5.2278	290.8476	79.435179	48	1.0	0.0
5.5782	290.9173	79.985371	-1	0.0	0.290964690576
10.7619	279.2438	81.197518	31	1.0	0.0
11.1336	278.9366	81.200894	-1	0.0	0.301968730278
13.5082	274.2588	84.477499	36	1.0	0.0912509238467
5.254	290.7412	86.328093	-1	0.0	0.0935747465019
5.1322	290.4263	89.69849	-1	0.0	0.00375973651793
5.1188	290.4561	90.002932	46	0.752280238025	0.247719761975
6.3434	282.9578	90.405406	10	0.200352064817	0.799647935183
6.2591	283.2368	90.405475	10	0.512035337183	0.487964662817
10.4126	279.4424	90.445892	44	1.0	0.0
5.2632	290.6703	90.54375	-1	0.0	0.0944998293517
5.256	290.6312	90.598234	51	0.357887821506	0.642112178494
9.6993	286.4248	91.117186	-1	0.0	0.301406930512
7.673	274.3783	91.392438	38	1.0	0.0
7.6602	274.5745	91.452461	38	1.0	0.0
8.6098	276.9421	93.092179	5	1.0	0.0
18.573	287.3056	94.47632	18	1.0	0.0
18.739	287.1677	94.811493	18	0.438864920708	0.561135079292
5.2879	290.6518	95.100534	-1	0.0	0.0508126687363
7.2405	274.2057	98.239676	34	0.344369953575	0.655630046425
7.2118	274.3127	98.328909	34	0.602327513929	0.397672486071
18.719	285.3168	100.333772	19	0.688417315031	0.311582684969
18.7112	285.258	100.406572	19	0.777576514963	0.222423485037
18.4368	287.6195	101.071998	-1	0.0	0.10705690559
6.1301	283.405	101.59139	10	0.373081042098	0.626918957902
5.2095	290.6553	102.379048	50	1.0	0.0
14.4467	274.3308	103.587803	35	0.388339246906	0.611660753094
14.4302	274.1814	103.661755	35	0.155739704513	0.844260295487
5.1055	290.439	104.63915	46	0.782276581498	0.217723418502
5.2079	290.6608	105.719688	50	1.0	0.0
5.3036	290.7285	106.219663	-1	0.0	0.0475162972268
4.6175	290.5987	110.976091	42	0.591560995863	0.408439004137
7.3134	273.7865	111.01945	40	1.0	0.0
5.2268	290.631	111.745195	51	1.0	0.0
18.871	285.0999	112.601645	33	0.473965987001	0.526034012999
18.7852	285.1464	112.676315	-1	0.0	0.108870443015
18.1279	280.9809	113.216778	23	0.310739356261	0.689260643739
18.1017	280.9945	113.254167	23	0.310739356261	0.689260643739
5.2332	290.6277	117.791666	51	1.0	0.0
18.157	281.1103	118.341977	23	1.0	0.0
13.5953	274.1379	120.564054	36	1.0	0.0
13.5461	274.3998	120.604974	36	1.0	0.0883356683043
13.5425	274.3558	120.687254	36	1.0	0.0
13.3846	275.2921	122.389142	29	1.0	0.0
5.0784	290.5171	122.661408	46	1.0	0.0
5.0863	290.4999	122.748069	46	1.0	0.0
13.3886	275.3727	122.760344	29	0.558860912892	0.441139087108
5.0532	290.4333	122.90033	46	0.651012647111	0.348987352889
5.1986	290.5017	122.943204	45	1.0	0.0
5.5564	284.7027	123.980527	21	0.376596209596	0.623403790404
5.5393	284.759	124.645395	21	0.819404706059	0.180595293941
7.4919	273.7624	126.027176	-1	0.0	0.199801393517
7.444	274.1689	126.083754	37	1.0	0.0
7.5527	273.7114	126.083759	-1	0.0	0.0984987418868
8.847	286.1564	126.795113	9	0.466953016347	0.533046983653
8.6536	286.051	126.795158	9	0.259152347217	0.740847652783
5.1831	290.705	128.366305	-1	0.0	0.171140664001
13.7144	274.4981	128.651904	36	1.0	0.0
13.7976	274.2702	128.651912	36	0.631596992368	0.368403007632
13.7331	274.4002	128.692721	36	1.0	0.473965206591
18.4951	287.3027	130.432466	18	1.0	0.131531435779
14.0101	275.9533	130.995684	28	0.363826904092	0.636173095908
14.0052	275.6698	130.995725	28	1.0	0.0
18.275	280.7847	131.883927	22	1.0	0.0
18.2493	280.7231	132.055228	22	1.0	0.0
15.6855	273.7051	134.565108	30	1.0	0.0
18.7524	285.3577	135.220995	19	0.379452557065	0.620547442935
5.2273	290.7544	136.969822	52	0.958036791158	0.0419632088419
10.798	279.3077	138.483436	31	0.991214331911	0.00878566808863
10.5616	279.4232	138.533084	-1	0.0	0.271303539702
5.8219	283.0005	141.001516	10	0.176647204714	0.823352795286
5.8142	283.1213	141.00155	10	0.184594146822	0.815405853178
7.6479	274.6259	141.303572	38	0.826132299826	0.173867700174
7.682	274.355	141.397229	38	1.0	0.0
5.2256	290.6796	143.291649	-1	0.0	0.0423379023325
5.5642	290.98	143.352723	-1	0.0	0.290964690576
5.2249	290.4919	144.910453	45	1.0	0.0
6.2413	283.3113	146.610889	10	1.0	0.0
4.5948	290.4343	148.537083	42	1.0	0.0121507423917
4.6105	290.4512	148.597633	42	1.0	0.0
10.7999	278.7084	149.205395	25	0.977498336437	0.0225016635626
10.7939	278.6588	149.25787	25	1.0	0.0
10.7951	278.5896	149.61398	25	0.741180553991	0.258819446009
10.7618	278.8666	150.01391	25	0.718740538421	0.281259461579
5.2442	290.8777	150.077458	47	0.648879099728	0.351120900272
7.2984	273.9084	153.747369	40	0.637427144549	0.362572855451
13.6021	274.1035	159.325244	36	1.0	0.0
13.5394	274.271	159.431906	36	1.0	0.121923352914
14.3511	274.4281	160.362246	35	1.0	0.0
14.4837	274.0495	160.380728	35	0.104284855477	0.895715144523
13.6974	274.4731	160.460503	36	1.0	0.0
5.8788	283.3946	161.06186	10	0.192165907656	0.807834092344
5.9093	283.2786	161.278721	10	0.234147219484	0.765852780516
5.212	290.6113	164.74345	49	0.767459504195	0.232540495805
5.3301	290.7737	165.082263	-1	0.0	0.245217326631
4.7266	284.2921	166.597999	20	0.770119596616	0.229880403384
4.7344	284.2452	166.648623	20	0.364926251737	0.635073748263
8.2105	282.4579	166.677829	-1	0.0	0.2313581613
5.1893	290.6067	170.676451	49	0.711289392313	0.288710607687
21.5479	280.2412	171.991444	4	1.0	0.0
18.5883	287.3008	172.958921	18	1.0	0.0
9.917	279.8064	173.842607	-1	0.0	0.312181686861
10.1429	279.7613	174.040609	11	0.461824914541	0.538175085459
7.1712	274.3657	176.546648	34	1.0	0.0
7.2056	274.586	176.546651	-1	0.0	0.0149685787338
4.6066	290.3752	176.908898	42	0.954470453296	0.0455295467039
5.2359	290.8196	179.529864	-1	0.0	0.213567111313
10.1917	274.2069	180.121682	26	1.0	0.0
10.1803	274.0999	181.016782	26	0.572452185319	0.427547814681
7.4494	273.4667	183.92221	-1	0.0	0.258902577565
5.4982	283.3632	185.457925	10	0.136968018116	0.863031981884
8.6677	286.3158	187.522868	9	1.0	0.0
18.1947	292.0575	187.737943	0	1.0	0.0
5.2164	290.6991	191.558223	53	1.0	0.0
5.4198	290.7793	191.618187	-1	0.0	0.265438277282
5.2316	290.7384	191.762318	52	0.780114481646	0.219885518354
14.3853	274.5327	194.868727	35	0.372771068098	0.627228931902
14.3499	274.3327	194.868765	35	0.40102909353	0.59897090647
15.4456	273.9181	194.952505	30	0.236765202765	0.763234797235
5.4971	284.7192	198.071113	21	0.633684200954	0.366315799046
14.0366	275.5471	199.082526	28	1.0	0.0
13.9735	275.593	199.082557	28	1.0	0.0
14.0103	275.6334	199.329354	28	0.936350995003	0.0636490049974
7.6741	274.4744	199.669681	38	1.0	0.0739595527161
5.198	290.6765	199.72643	-1	0.0	0.0798223043495
5.2182	290.7434	199.832812	52	0.685868925664	0.314131074336
10.2395	280.1121	202.546924	11	0.959358137547	0.0406418624533
10.0492	280.1393	202.573996	11	0.616569215081	0.383430784919
10.2135	280.2405	202.618583	11	0.471986236022	0.528013763978
4.5618	290.302	203.128848	42	0.561286861711	0.438713138289
4.6063	290.4733	203.128926	42	1.0	0.0
10.3026	279.8415	203.318164	11	0.996942318223	0.00305768177711
6.19	283.3162	207.579455	10	1.0	0.0
6.2107	283.4856	207.579489	10	0.312999142727	0.687000857273
6.2365	283.3115	207.705581	10	1.0	0.0
5.2475	290.7659	207.884805	52	0.976911952967	0.0230880470335
21.5393	280.32	208.177298	4	0.563766909359	0.436233090641
10.7055	278.9473	209.114414	25	0.568589126964	0.431410873036
18.4548	287.2758	210.042648	18	1.0	0.395106386552
18.4814	287.4039	210.256949	18	0.927037541077	0.0729624589234
18.5093	287.4455	210.531784	18	1.0	0.0
5.224	290.5402	214.215153	-1	0.0	0.0222039284337
7.3377	273.702	214.646137	40	0.548190644089	0.451809355911
7.3371	273.8569	214.646149	40	1.0	0.0
7.3309	273.9554	214.69595	-1	0.0	0.0923451169867
7.3804	273.6012	214.695976	41	1.0	0.0
7.2937	273.767	214.695984	40	0.992360060291	0.007639939709
14.3948	274.4947	218.715476	35	0.507492218555	0.492507781445
14.4248	274.3571	218.855236	35	0.436542644243	0.563457355757
5.2196	290.7997	219.905345	-1	0.0	0.203675965353
3.4793	282.4156	221.923224	-1	0.0	0.24454644751
18.1967	292.0072	222.5263	0	1.0	0.0
7.4769	273.8972	222.620875	-1	0.0	0.0403728128382
4.4766	282.6944	224.757886	13	0.383691488906	0.616308511094
4.1685	282.9208	224.758131	13	1.0	0.0
7.3141	283.1106	224.921982	10	0.0591685065473	0.940831493453
18.1522	281.1411	228.812342	23	0.526615885769	0.473384114231
18.1954	281.1537	229.360748	23	0.389250046891	0.610749953109
13.6434	274.4939	229.617377	36	1.0	0.265418672226
13.6734	274.607	229.931523	36	1.0	0.355974478785
11.0759	273.3898	229.985583	27	1.0	0.0
6.8154	285.7428	230.644579	15	0.669503153295	0.330496846705
6.6414	285.6857	230.644696	15	0.392719692242	0.607280307758
6.2743	283.3936	237.848781	10	0.605898252897	0.394101747103
5.2395	290.7678	240.731433	52	1.0	0.0
5.513	284.9275	240.876453	21	0.129208191608	0.870791808392
5.2412	290.7593	240.926965	52	0.958036791158	0.0419632088419
5.2148	290.7141	241.092602	-1	0.0	0.0463500473602
14.3806	274.5608	245.760186	35	0.301521810831	0.698478189169
8.3628	276.9674	246.113174	5	0.811984974126	0.188015025874
14.3909	274.6292	246.213659	35	0.189361664621	0.810638335379
5.2	290.5732	246.333099	-1	0.0	0.0832747349295
4.6953	290.2313	248.417873	-1	0.0	0.417049575087
7.6774	274.4836	250.124147	38	1.0	0.0134816128032
7.6942	274.5027	250.196958	38	1.0	0.045814970059
8.7359	286.3283	251.334614	9	1.0	0.0
10.5228	279.232	253.078023	39	1.0	0.0
5.243	290.7938	253.737239	-1	0.0	0.0231115697952
4.605	284.2545	254.768127	20	0.319532722495	0.680467277505
5.2006	290.7269	255.699055	-1	0.0	0.0245038442127
18.8305	284.9338	256.362405	32	0.988627824812	0.0113721751878
4.625	290.4397	259.863708	42	1.0	0.0749748159647
18.58	287.3365	263.846148	18	1.0	0.042837385011
18.7239	285.2655	265.544581	19	1.0	0.0
5.1496	290.4211	266.568959	46	0.655103055412	0.344896944588
5.2032	290.6685	267.385105	50	1.0	0.0
5.2093	290.6015	267.492556	49	1.0	0.0
13.5796	275.2574	269.538157	29	0.394170506209	0.605829493791
10.6876	278.2154	272.8944	-1	0.0	0.282960904856
10.4807	279.4352	273.867641	44	0.584333035157	0.415666964843
11.1226	273.3776	274.028351	27	1.0	0.0
10.2257	274.3277	276.809556	26	1.0	0.0
10.231	274.1507	277.355125	26	0.967528964535	0.0324710354645
10.2885	279.296	278.990638	-1	0.0	0.166257227518
15.5758	273.6489	279.309806	30	0.915532212021	0.084467787979
15.6054	273.6647	279.500211	30	0.887110794494	0.112889205506
8.753	286.202	279.676068	9	1.0	0.148817622335
8.013	273.4153	282.044533	-1	0.0	0.648635987791
4.7993	284.3559	283.560048	20	0.249179606284	0.750820393716
5.2019	290.6555	285.189066	50	1.0	0.0
5.1911	290.5836	285.75676	49	0.657658755768	0.342341244232
5.2136	290.5905	286.039417	49	1.0	0.0
6.1762	283.0865	292.299763	10	0.325029305497	0.674970694503
6.1634	282.9933	292.426514	10	0.312285987981	0.687714012019
5.1845	290.7651	292.663837	-1	0.0	0.085318445491
7.3149	273.8887	295.308862	40	0.941149697367	0.0588503026329
14.0096	275.5428	295.914296	28	0.902783446227	0.0972165537735
7.3232	285.3829	296.568365	15	0.152710063424	0.847289936576
6.8415	285.6851	296.639964	15	1.0	0.0
10.4332	279.4355	299.61205	44	1.0	0.0
10.3871	279.3326	299.6596	44	0.366557330389	0.633442669611
7.1942	274.3356	299.816639	34	1.0	0.0
7.2467	274.1652	299.873523	-1	0.0	0.122793671559
7.2513	274.1394	299.955587	-1	0.0	0.140008202612
5.2541	290.6089	300.691488	-1	0.0	0.090492941653
13.3559	275.2624	301.129778	29	1.0	0.0
4.6012	290.4886	301.157316	42	1.0	0.151639502815
5.0493	290.7196	301.157456	-1	0.0	0.173504041765
8.5232	273.4774	302.411288	-1	0.0	0.648635987791
5.2574	290.7297	305.141457	-1	0.0	0.0437610278565
10.3528	279.8285	305.39382	11	1.0	0.00349885458431
10.3371	279.9935	305.548576	11	1.0	0.0227882049686
10.568	278.8125	308.903617	25	0.522232110436	0.477767889564
10.5908	278.735	308.903729	25	0.619437929447	0.380562070553
10.441	279.4375	311.049496	44	0.925545957643	0.0744540423568
5.2121	290.8503	311.366705	48	0.827214130079	0.172785869921
5.209	290.8841	311.429674	-1	0.0	0.253588196426
5.2139	290.7815	311.487272	52	0.977665325014	0.0223346749855
12.6422	273.5642	312.703469	24	0.789462110425	0.210537889575
12.4522	273.5987	312.703533	24	1.0	0.0
11.9262	273.7078	313.022258	24	0.756558895828	0.243441104172
7.501	273.9566	316.321455	-1	0.0	0.0403728128382
17.8916	281.3838	317.74755	-1	0.0	0.403212327978
17.8136	281.5445	317.829878	-1	0.0	0.403212327978
15.6457	273.7274	318.595104	30	1.0	0.0
4.614	290.5247	321.880656	42	1.0	0.0
4.6124	290.4667	321.929006	42	1.0	0.00107559036589
4.6496	290.5285	321.929046	42	1.0	0.0
5.2343	290.7608	323.966752	52	1.0	0.0
15.1004	275.9556	324.7956	-1	0.0	0.262201128637
18.5814	287.2497	325.876963	18	1.0	0.418533961399
14.3961	274.4289	326.447937	35	1.0	0.0
5.3017	285.6328	327.63376	14	1.0	0.0
5.278	285.7092	327.633808	14	1.0	0.0
4.8591	282.3275	327.734196	12	0.870811832678	0.129188167322
4.8733	282.3241	327.977195	12	0.859820650671	0.140179349329
5.4562	284.7377	328.276361	21	0.758533345782	0.241466654218
8.2597	286.9577	330.673348	8	1.0	0.0
11.5318	289.301	330.932467	-1	0.0	0.712645578006
5.24	290.5949	331.544546	49	0.579156084405	0.420843915595
5.1996	290.4672	331.596507	-1	0.0	0.0565581613373
5.2264	290.6292	331.636024	51	1.0	0.0
5.249	290.6133	332.14277	-1	0.0	0.0347042391062
8.2975	276.8587	332.425333	5	1.0	0.0
18.7363	285.2859	336.619609	19	1.0	0.0
6.3038	283.1949	344.435774	10	0.355993912566	0.644006087434
10.2441	274.4067	346.546254	26	0.900897193229	0.0991028067708
10.2582	274.2093	346.607206	26	1.0	0.0
10.2515	274.1738	347.006064	26	1.0	0.0
7.3276	273.8162	347.128266	40	1.0	0.0
7.3748	273.5629	347.210121	41	1.0	0.0
7.3268	273.7555	347.210131	40	0.887458322313	0.112541677687
13.757	274.3916	348.520475	36	1.0	0.481548635578
13.6835	274.4769	348.577387	36	1.0	0.0
21.5511	280.2438	348.782164	4	1.0	0.0
13.3555	275.3147	351.535382	29	0.86142859985	0.13857140015
19.9738	282.4336	351.975043	-1	0.0	0.0666332475767
14.3734	274.4413	352.016703	35	1.0	0.0
10.2608	280.0139	352.025026	11	1.0	0.0
10.2442	279.9534	352.066585	11	1.0	0.0863970131651
10.2518	280.0319	352.07908	11	1.0	0.0
14.301	274.7501	352.153271	-1	0.0	0.095278429849
13.3572	275.2561	352.168703	29	1.0	0.0
5.0747	290.5422	352.18792	-1	0.0	0.0154607071537
5.0864	290.4818	352.235156	46	0.855690475633	0.144309524367
5.2144	290.4831	354.702183	45	1.0	0.0
21.1286	280.8987	355.587764	3	1.0	0.0
4.6052	290.2661	358.281344	-1	0.0	0.00478507050972
12.0569	273.3492	362.555692	24	0.68518362145	0.31481637855
7.3598	273.8467	362.65285	40	0.918329703218	0.0816702967816
7.3164	273.8736	362.759637	40	0.925332212601	0.0746677873991
18.5591	287.2951	364.33569	18	1.0	0.139217550617
18.5537	287.3864	364.428438	18	1.0	0.424913548574
10.7756	278.8108	373.780149	25	0.886319082894	0.113680917106
4.5133	290.044	375.511544	-1	0.0	0.760143090468
18.1068	281.0271	376.455373	23	0.310739356261	0.689260643739
5.2324	290.7745	378.25248	52	0.977665325014	0.0223346749855
5.2007	290.8155	378.537466	-1	0.0	0.0863556492089
7.3286	273.728	380.883956	40	0.741548835088	0.258451164912
5.9372	283.3431	381.36294	10	0.233662173863	0.766337826137
5.2206	290.6048	381.708599	49	1.0	0.0
7.67	274.5098	383.196138	38	1.0	0.0
8.2282	286.9712	388.271477	8	1.0	0.0
8.3219	286.9519	388.361977	8	0.51601694006	0.48398305994
8.2411	286.9737	388.451949	8	1.0	0.0
18.7805	284.8892	389.373853	32	1.0	0.0
18.7806	284.8658	389.62707	32	1.0	0.0
5.2205	290.7445	396.397241	52	0.780114481646	0.219885518354
5.2238	290.6715	396.479645	50	0.895509702943	0.104490297057
6.31	283.3468	397.067075	10	0.635341401408	0.364658598592
14.3969	274.4552	398.408001	35	0.771503163626	0.228496836374
14.3705	274.421	398.462554	35	1.0	0.0
15.0666	273.9886	398.492811	30	0.137408252665	0.862591747335
14.426	274.4469	398.614694	35	0.723325922198	0.276674077802
18.6642	287.4293	399.952395	18	0.689631148066	0.310368851934
18.8003	287.2595	400.035548	18	0.438262424069	0.561737575931
10.3947	279.3709	400.093069	44	0.366557330389	0.633442669611
10.4149	279.4448	400.156836	44	1.0	0.0
10.3686	279.2329	400.198956	-1	0.0	0.163683536308
13.355	275.4658	400.313599	29	0.317869852555	0.682130147445
13.3291	275.3247	400.377395	29	0.741127443276	0.258872556724
10.4672	279.5884	400.452811	-1	0.0	0.125022189492
19.0035	287.6297	402.007874	7	1.0	0.0
18.1285	286.8885	402.127824	-1	0.0	0.0875056040313
19.098	287.5371	402.288934	7	1.0	0.0
4.8743	282.287	403.439797	12	1.0	0.0
13.1793	277.3375	403.552147	-1	0.0	0.0619166636897
5.2219	290.5901	403.908477	49	0.995659678354	0.00434032164629
5.7178	285.7345	406.637853	14	1.0	0.0
4.7316	284.3006	409.395297	20	0.835344030405	0.164655969595
7.448	283.9118	409.491339	-1	0.0	0.0319827250031
4.5968	290.3437	409.858424	42	0.633643180325	0.366356819675
10.9746	273.4601	410.07111	27	0.799617956216	0.200382043784
6.3466	282.8062	410.253197	10	0.109417607833	0.890582392167
7.4067	273.5207	413.253129	-1	0.0	0.217949517904
8.5536	276.8126	415.556789	5	0.749069446358	0.250930553642
18.8301	285.0635	419.183644	33	1.0	0.0
6.5461	286.6364	421.214846	-1	0.0	0.0796715210609
4.5575	290.5244	421.632286	42	1.0	0.0
5.2162	290.8333	421.878586	48	0.878656427972	0.121343572028
11.1411	273.372	423.193732	27	1.0	0.0
13.6505	274.2917	423.385121	36	1.0	0.220072728864
7.1985	274.3707	425.751135	34	1.0	0.0
7.1707	274.4065	425.777122	34	0.914737642714	0.0852623572861
7.1845	274.4909	425.816862	34	0.371372518047	0.628627481953
7.1772	274.3126	425.81687	34	0.661172253978	0.338827746022
8.6938	286.2291	425.984154	9	1.0	0.0
8.2331	286.9804	428.0335	8	1.0	0.0
8.2323	286.9659	428.142343	8	1.0	0.0
10.5306	279.1979	429.002844	-1	0.0	0.0598339950608
14.7712	275.2187	429.085605	-1	0.0	0.158028937703
10.7758	278.7346	430.947338	25	0.977498336437	0.0225016635626
4.5813	290.4108	433.40957	42	1.0	0.0
4.576	290.3994	433.490421	42	1.0	0.187793086276
4.6052	290.4273	433.637305	42	1.0	0.0749748159647
10.1944	280.1135	435.181951	11	0.803350190503	0.196649809497
5.1871	290.7923	435.649098	-1	0.0	0.203675965353
5.2209	290.7587	435.828582	52	1.0	0.0
10.276	279.4901	436.823944	-1	0.0	0.146117337466
10.2612	279.3451	436.930434	-1	0.0	0.0631045544482
10.3344	279.5315	436.95946	-1	0.0	0.186056028904
17.8888	281.4067	437.778301	-1	0.0	0.393574118698
17.8542	281.533	437.859141	-1	0.0	0.393574118698
8.7219	286.2604	438.282758	9	1.0	0.0
5.2449	290.6973	439.329112	-1	0.0	0.120672644983
5.8283	281.9171	441.569808	-1	0.0	0.324170342644
10.845	279.1092	445.058249	31	0.557647002476	0.442352997524
10.8765	279.2526	445.058257	31	0.6238557946	0.3761442054
6.1928	283.389	447.557623	10	0.543996199664	0.456003800336
13.5257	274.3154	448.07059	36	1.0	0.148332198847
4.5666	290.4951	449.407773	42	0.820977879629	0.179022120371
4.543	290.5849	449.456418	42	0.765464773199	0.234535226801
4.6155	284.2054	452.82589	20	0.218244615393	0.781755384607
5.171	290.733	455.436642	-1	0.0	0.133843241312
10.7766	278.756	456.418383	25	0.977498336437	0.0225016635626
4.2718	291.9624	457.090511	-1	0.0	0.944318674291
22.4328	277.9762	460.650499	2	1.0	0.0
5.0629	290.5163	461.229795	46	1.0	0.0
5.0664	290.5146	461.484305	46	1.0	0.0
6.7351	284.6098	462.653842	16	1.0	0.0
4.5705	290.4499	463.643897	42	1.0	0.291707649128
4.4485	290.4216	464.421103	-1	0.0	0.237801313099
4.5332	290.5639	464.421141	42	1.0	0.0818751168745
4.5451	290.5432	464.624683	42	1.0	0.0563918361695
10.6905	278.8096	465.039912	25	0.778191718818	0.221808281182
15.6403	273.6275	467.086148	30	1.0	0.0
14.3511	274.466	469.211768	35	0.735796752176	0.264203247824
14.4214	274.3101	469.24791	35	0.390973837395	0.609026162605
21.5738	280.2763	472.422232	4	1.0	0.0
5.2227	290.7421	473.341147	-1	0.0	0.0376552185824
5.1348	290.4202	477.266461	46	0.658278419432	0.341721580568
5.2161	290.5865	477.967383	49	0.822160843889	0.177839156111
5.6956	290.9538	478.017588	-1	0.0	0.548802756463
5.5082	284.78	478.189686	21	1.0	0.0
10.4354	279.6045	481.446473	-1	0.0	0.26976115295
18.8006	285.0332	482.334017	33	0.578557111412	0.421442888588
4.6097	290.4464	482.673962	42	1.0	0.0
5.2492	290.935	483.570784	47	0.896761561267	0.103238438733
8.705	286.1922	484.747555	9	1.0	0.0792053661764
18.1671	281.1188	485.86925	23	1.0	0.0
5.2107	290.7834	486.395911	52	0.848412166688	0.151587833312
13.3551	275.2654	488.14949	29	1.0	0.0
13.3029	275.4615	488.242931	29	0.327698341846	0.672301658154
18.8128	284.8569	491.197329	32	1.0	0.0
18.8652	284.9394	491.263666	32	0.8443033216	0.1556966784
10.2589	280.0483	491.714494	11	1.0	0.0
10.2759	274.2192	493.3212	26	1.0	0.0
10.2859	274.154	493.382177	26	0.965928505265	0.0340714947352
4.6089	290.4099	494.837568	42	1.0	0.0
7.1635	274.3891	501.544279	34	1.0	0.0
7.4061	273.3904	501.817398	-1	0.0	0.512527085223
14.3299	274.4113	502.059994	35	0.736094354067	0.263905645933
10.5195	279.1314	504.256795	-1	0.0	0.141047183474
7.6732	274.6173	505.852751	38	0.847962886294	0.152037113706
7.6715	274.5292	505.919448	38	1.0	0.0
7.668	274.5593	505.95624	38	1.0	0.0
7.6819	274.6669	506.017062	38	0.826132299826	0.173867700174
4.855	282.263	507.39413	12	1.0	0.0
8.7111	286.2513	511.139759	9	1.0	0.0
4.8441	290.4077	512.344365	42	0.426380022552	0.573619977448
4.8474	290.3771	512.397051	-1	0.0	0.033171882923
4.8724	290.306	512.410647	-1	0.0	0.490166596072
5.0396	290.4575	512.410745	46	0.80083861301	0.19916138699
8.3441	276.9333	513.921852	5	0.976367611799	0.023632388201
8.3163	276.823	513.921854	5	1.0	0.103429535716
13.7463	274.0558	515.637589	36	0.629620621234	0.370379378766
4.1699	282.7654	516.532011	13	0.768428668154	0.231571331846
4.157	282.8924	516.532051	13	1.0	0.142913690809
7.4747	273.9115	517.887547	-1	0.0	0.109633252559
4.6003	290.4118	518.941087	42	1.0	0.0
13.6781	274.4591	522.650242	36	1.0	0.0845362307566
13.6398	274.5848	522.69964	36	1.0	0.405412201889
13.7488	274.3801	522.755909	36	1.0	0.135224073073
5.5236	284.7616	523.728758	21	1.0	0.0
18.7691	284.8613	523.985247	32	1.0	0.0
18.795	284.9617	524.777271	32	0.8443033216	0.1556966784
5.1951	290.6459	532.948816	50	0.94749856624	0.0525014337598
10.3268	279.915	535.527364	11	1.0	0.0
10.3499	279.8988	535.587635	11	1.0	0.0
10.4719	279.4469	537.619038	44	0.770873535112	0.229126464888
10.3873	278.4267	538.629074	-1	0.0	0.303472094278
17.9072	281.6321	538.996867	-1	0.0	0.601513851296
18.7833	284.8885	539.351007	32	1.0	0.0
18.9307	284.9635	539.351115	-1	0.0	0.0439252695288
18.7534	284.7794	539.468436	-1	0.0	0.378298663898
5.2477	290.8042	539.556252	-1	0.0	0.00978565881794
8.3463	286.6535	540.243344	8	0.0816152060569	0.918384793943
13.5299	275.2336	540.908165	29	0.479600720772	0.520399279228
5.0706	290.4615	541.806079	46	0.912468014233	0.0875319857668
14.3849	274.4174	547.545867	35	0.979740561774	0.0202594382256
14.3514	274.3465	547.845729	35	0.390973837395	0.609026162605
4.8697	282.3658	550.172002	12	0.520084114477	0.479915885523
10.3894	279.3005	550.530831	-1	0.0	0.315548503039
4.8788	282.4023	550.61827	12	0.341673297659	0.658326702341
10.2539	279.3517	551.406038	43	0.855826818915	0.144173181085
5.2257	290.5933	552.183284	49	1.0	0.0
5.2501	290.5104	552.342535	45	1.0	0.0
19.2506	289.5028	553.939347	1	0.167160264583	0.832839735417
5.8518	282.9857	554.648271	10	0.19354017701	0.80645982299
19.4745	290.0483	557.103039	1	1.0	0.0
19.4387	290.0341	557.210268	1	1.0	0.0
5.2164	290.7768	557.669534	52	0.977665325014	0.0223346749855
5.2497	290.8567	558.334547	48	1.0	0.0
12.1955	273.6199	558.821291	24	1.0	0.0
5.189	290.4123	559.618844	-1	0.0	0.179533100974
5.225	290.6031	559.618926	49	0.820238411983	0.179761588017
4.5569	290.6103	561.074337	42	0.509262760773	0.490737239227
4.5271	290.5338	561.170577	42	0.933239315876	0.0667606841245
4.5664	290.4945	561.324437	42	0.81253843662	0.18746156338
18.2093	292.1496	565.913618	0	1.0	0.0
5.2058	290.7179	566.648916	52	0.748800865627	0.251199134373
18.1771	281.105	566.784157	23	1.0	0.0
18.7337	285.2762	567.47922	19	1.0	0.0
13.6164	274.4498	568.031091	36	1.0	0.434269676786
15.66	273.6765	568.826633	30	1.0	0.0
15.6273	273.5995	568.912184	30	0.777070912534	0.222929087466
15.6202	273.8053	568.914142	30	0.486273045756	0.513726954244
18.5539	287.3305	569.609915	18	1.0	0.0
10.376	279.406	569.773115	44	0.340664013642	0.659335986358
8.7033	286.3573	571.633406	9	0.911672981488	0.0883270185119
5.2486	290.7805	572.936702	52	0.686033383853	0.313966616147
5.4479	290.934	573.027231	-1	0.0	0.290964690576
8.3073	276.8449	574.853609	5	1.0	0.0
8.3255	276.8804	574.853634	5	1.0	0.0
10.4254	279.7599	576.123302	11	0.603060980914	0.396939019086
5.2062	290.78	578.972427	52	0.806464573218	0.193535426782
7.3646	273.626	579.821704	41	1.0	0.0
4.599	290.5509	581.540689	42	1.0	0.0
7.1339	274.4139	583.791711	34	0.679680226866	0.320319773134
20.7451	285.7424	584.176243	-1	0.0	0.938788140933
5.1837	290.5922	584.774192	49	0.572400050747	0.427599949253
10.4302	279.36	585.06342	44	0.335978052721	0.664021947279
13.3454	275.2518	585.116115	29	1.0	0.0
5.033	290.3829	586.343547	-1	0.0	0.131785663807
14.2709	274.4266	587.575144	35	0.484067021564	0.515932978436
13.7219	274.4521	589.509983	36	1.0	0.144499810693
13.728	274.5827	589.566385	36	1.0	0.358902399826
9.9314	275.0124	591.245958	-1	0.0	0.324385257001
9.932	275.1032	591.506909	-1	0.0	0.0661871518169
5.2321	290.6281	593.709644	51	1.0	0.0
18.8159	284.8977	593.732256	32	0.988627824812	0.0113721751878
5.1816	290.5442	595.345729	-1	0.0	0.064892860505
5.2175	290.6421	595.435433	50	0.711736383341	0.288263616659
10.913	273.8625	596.337624	-1	0.0	0.148901929769
