7.0569	280.9084	9e-05	41	1.0	0.401348989435
2.1898	290.4137	-598.78824	44	0.342814591104	0.657185408896
-0.337	293.6696	-598.702162	14	0.699914377159	0.300085622841
3.6682	288.7643	-598.308294	23	0.332926975859	0.667073024141
3.8621	288.7187	-598.308286	23	0.425429968242	0.574570031758
-0.6066	290.1748	-593.896365	35	1.0	0.478692429496
15.7687	282.8364	-591.189161	19	0.905211573158	0.0947884268417
15.777	282.8526	-591.117703	19	0.790935439723	0.209064560277
15.8031	282.7629	-591.061532	19	1.0	0.118138076774
15.7968	282.8118	-590.914582	19	1.0	0.0
15.8862	282.8247	-590.821035	19	1.0	0.33173800825
0.4788	288.2217	-589.487422	-1	0.0	0.0632055251908
1.2957	289.5358	-587.790172	32	1.0	0.0
4.8138	281.5627	-586.561805	20	0.380684026392	0.619315973608
-0.2002	284.6474	-584.282978	11	0.715959651763	0.284040348237
-3.1549	280.9764	-583.45229	16	1.0	0.0
2.6717	290.4749	-583.007975	46	0.734140054099	0.265859945901
2.6798	290.4191	-582.747478	46	0.765380139937	0.234619860063
2.6616	290.4908	-582.296315	46	0.785783683759	0.214216316241
0.948	285.3779	-581.789634	12	1.0	0.0
15.835	282.7936	-581.651539	19	1.0	0.0
0.9233	285.3439	-581.572434	12	0.511920816013	0.488079183987
2.3143	290.3495	-576.077794	44	0.337959093166	0.662040906834
2.6636	290.2194	-576.022291	-1	0.0	0.205211519582
2.5781	290.3407	-575.930847	-1	0.0	0.288721711379
2.5577	290.3241	-575.588591	-1	0.0	0.41059389349
4.0932	288.8903	-574.698241	23	1.0	0.0
2.2644	290.3823	-574.145135	44	0.462082227258	0.537917772742
1.1552	291.434	-574.093269	36	0.373101379526	0.626898620474
2.2215	290.3941	-574.009435	44	0.563558202632	0.436441797368
-0.0442	281.699	-570.303395	26	0.195006060695	0.804993939305
6.8423	280.684	-566.28921	40	0.570503679245	0.429496320755
2.7871	290.4856	-564.158909	47	1.0	0.0
2.848	290.4293	-564.158895	-1	0.0	0.307581582473
2.4715	290.0644	-564.071069	39	0.629970876158	0.370029123842
2.3562	290.1155	-563.945233	39	0.397706519062	0.602293480938
2.396	290.0951	-563.887757	39	0.659906150032	0.340093849968
2.4254	290.0641	-563.843266	39	1.0	0.0
15.8175	282.7895	-563.148732	19	1.0	0.0
-1.7001	282.2807	-560.032583	13	1.0	0.161154455081
6.8623	280.5655	-558.577288	40	0.238018011594	0.761981988406
7.1876	280.6412	-558.577192	40	0.207136816455	0.792863183545
15.6802	282.9788	-557.700819	-1	0.0	0.0786284905311
9.0637	279.8257	-557.547429	10	0.710692710078	0.289307289922
9.1635	279.7894	-557.547363	10	1.0	0.0
9.2203	279.8443	-557.506148	10	0.658707077982	0.341292922018
9.1966	279.7014	-557.014228	10	0.42334513487	0.57665486513
2.6371	290.4753	-556.554047	46	0.791964419352	0.208035580648
2.7358	290.4304	-556.554028	-1	0.0	0.292246902544
0.8948	288.7198	-554.310125	31	1.0	0.0
-1.5468	290.3659	-554.069348	-1	0.0	0.0497791905019
0.645	288.7667	-554.023518	31	0.311413162146	0.688586837854
0.8797	288.7632	-553.94376	31	0.631245242283	0.368754757717
2.7791	290.4938	-549.931292	47	1.0	0.0
-0.4418	289.9391	-549.601555	35	1.0	0.0966903834497
6.7654	280.6776	-549.188379	40	0.345478903192	0.654521096808
6.7373	280.6216	-548.840197	40	0.260005813026	0.739994186974
-0.6518	290.1835	-548.346969	35	1.0	0.446899796558
-0.6793	289.996	-548.224521	35	1.0	0.475756115465
2.7493	290.5272	-548.104973	-1	0.0	0.288980650251
-0.5304	292.226	-546.576637	21	1.0	0.0
-0.5444	292.2089	-546.503003	21	0.628791331435	0.371208668565
-0.4899	292.2483	-546.408883	21	1.0	0.0
7.0434	280.8933	-542.831174	41	0.978875823518	0.0211241764815
6.9902	280.9012	-542.779312	41	0.976377730117	0.0236222698826
6.9853	280.914	-542.753512	41	0.871114537035	0.128885462965
0.2904	291.1196	-539.21456	37	1.0	0.0
0.3347	291.1283	-539.062585	37	0.811826453385	0.188173546615
2.9588	290.7534	-536.005347	42	1.0	0.0
2.9167	290.7647	-535.883751	42	1.0	0.0
-0.2647	284.5469	-534.536006	11	0.813376708845	0.186623291155
4.5567	282.4359	-532.954598	4	0.981663125998	0.0183368740016
4.5122	282.3829	-532.925899	4	1.0	0.0
4.3798	282.3641	-532.904122	4	0.666374670465	0.333625329535
4.5159	282.3931	-532.904108	4	1.0	0.0
4.4752	282.434	-532.884256	4	1.0	0.0
15.8696	282.8238	-531.794909	19	1.0	0.168650947761
15.925	282.7244	-531.79484	19	0.926870430512	0.0731295694878
15.8398	282.8367	-531.688471	19	1.0	0.368593181459
15.8111	282.8118	-531.197524	19	1.0	0.0
15.8043	282.827	-531.09814	19	1.0	0.189111039201
15.8134	282.8471	-531.019338	19	1.0	0.383754119463
15.8169	282.8496	-530.919487	19	1.0	0.409521433196
15.7895	282.9225	-530.825842	19	0.311670674497	0.688329325503
-0.9033	280.8048	-529.416308	-1	0.0	0.0217011177683
-1.5428	280.9538	-529.348817	25	1.0	0.0
2.0932	290.3991	-527.716303	44	0.275669773529	0.724330226471
2.1536	290.3679	-527.637345	44	0.713371891726	0.286628108274
6.9157	280.6749	-526.949686	40	1.0	0.0
2.8142	290.4723	-523.64458	47	0.551672798841	0.448327201159
2.7931	290.4871	-523.440321	47	1.0	0.0
2.992	290.341	-523.440313	-1	0.0	0.244803328228
9.1397	279.7662	-518.783861	10	1.0	0.0
9.3409	279.7812	-518.636412	10	0.341927815217	0.658072184783
5.9145	280.1687	-518.191625	29	0.335812637209	0.664187362791
12.7222	280.5281	-513.542595	2	0.811238596665	0.188761403335
7.7901	288.6757	-512.623137	-1	0.0	0.203478186479
1.0382	285.4814	-511.572707	12	0.359426274236	0.640573725764
1.0788	286.93	-511.107508	-1	0.0	0.0578988809342
15.8319	282.8012	-509.751315	19	1.0	0.0946345980077
-0.4619	293.6511	-508.726417	14	0.715111604409	0.284888395591
-3.2901	283.4281	-508.70665	8	0.318661348697	0.681338651303
0.7828	288.7218	-506.4057	31	0.674739630294	0.325260369706
6.8134	280.6538	-505.122792	40	0.564315122025	0.435684877975
6.8243	280.6322	-505.051264	40	0.388448313416	0.611551686584
6.869	280.6646	-505.01832	40	0.939793225087	0.0602067749131
6.9949	280.5497	-504.953986	-1	0.0	0.0817163909814
6.9089	280.6658	-504.879182	40	1.0	0.0
2.839	291.4906	-500.501035	33	0.228932369339	0.771067630661
0.8518	288.7552	-499.754858	31	0.674739630294	0.325260369706
15.8542	282.8298	-499.424262	19	1.0	0.274605917385
15.8613	282.8057	-499.311669	19	1.0	0.0206022463777
-0.391	293.3395	-497.093487	14	0.13544266417	0.86455733583
-0.402	293.2819	-497.093443	14	0.104572618891	0.895427381109
-3.3754	291.162	-495.39886	15	0.573541745105	0.426458254895
-1.3458	282.3056	-494.761269	13	0.261430878355	0.738569121645
-1.689	282.4036	-494.588443	13	0.542521029896	0.457478970104
-1.8524	282.2094	-494.279607	13	1.0	0.16548714691
-1.8027	282.2923	-493.973999	13	1.0	0.0
-1.7743	282.2774	-493.973965	13	1.0	0.0
-2.6979	283.1838	-490.218533	8	0.0761026860499	0.92389731395
5.506	293.5161	-488.685007	9	0.111429137402	0.888570862598
6.1465	280.4038	-488.494242	29	0.221232299954	0.778767700046
2.6302	290.3244	-486.300042	-1	0.0	0.41059389349
4.9622	280.6576	-485.416051	27	1.0	0.0
4.9141	280.6285	-485.338912	27	1.0	0.0
2.8226	290.4736	-484.837267	47	0.580914428896	0.419085571104
2.776	290.4841	-484.755125	47	1.0	0.0
2.7588	290.4754	-484.638406	47	0.562728142282	0.437271857718
2.2338	290.3393	-482.034139	44	0.474284758488	0.525715241512
6.3756	280.5505	-480.679205	-1	0.0	0.243804280147
-0.4744	292.2446	-478.655245	21	1.0	0.0
-0.5221	292.1204	-478.605357	21	0.293710518974	0.706289481026
15.9204	282.829	-477.425756	19	1.0	0.258010858462
15.8341	282.7576	-477.267453	19	1.0	0.118457826388
15.826	282.761	-477.20468	19	1.0	0.118457826388
0.9445	290.9038	-477.014995	38	0.223461551295	0.776538448705
7.068	281.0429	-474.2967	41	0.407000642859	0.592999357141
7.0107	280.9443	-473.90199	41	1.0	0.406003391221
7.2088	280.9557	-473.829031	41	1.0	0.0
0.2584	291.0864	-473.281587	37	1.0	0.0
3.4225	290.3763	-467.822319	-1	0.0	0.194705507587
2.6282	290.2781	-467.755403	-1	0.0	0.316587594075
6.9085	280.7063	-467.409126	40	1.0	0.0
15.6276	283.0965	-467.367263	18	0.722978555794	0.277021444206
6.9489	280.6108	-467.316808	40	0.311221129185	0.688778870815
2.6985	290.6243	-467.265996	45	0.894519103868	0.105480896132
6.8978	280.6997	-467.182563	40	1.0	0.0549035206898
6.8826	280.6781	-466.788583	40	1.0	0.0
2.1027	290.5897	-464.802639	43	0.535345846195	0.464654153805
15.891	282.8126	-461.020466	19	1.0	0.333898058494
9.08	279.7956	-460.916514	10	0.78690819136	0.21309180864
9.2881	279.8192	-460.916443	10	0.646310110975	0.353689889025
9.2694	279.862	-460.869896	10	0.395178184839	0.604821815161
15.8218	282.871	-460.865133	19	0.651235458681	0.348764541319
9.5187	279.622	-460.84741	10	0.133085296986	0.866914703014
9.0197	279.8562	-460.821771	10	0.37599336174	0.62400663826
9.1536	279.8137	-460.821689	10	0.724511243533	0.275488756467
9.1712	279.7632	-460.720827	10	1.0	0.0
-1.9067	282.2229	-457.250697	13	1.0	0.0
-1.9162	282.2567	-457.200865	13	1.0	0.0
-0.1945	284.6048	-456.44961	11	1.0	0.0
15.6959	283.0723	-451.69955	18	0.470477073766	0.529522926234
15.7616	283.0474	-451.05056	18	0.220300563157	0.779699436843
3.0721	291.8457	-448.169665	33	0.709877560847	0.290122439153
-1.0106	282.8565	-444.362375	13	0.163642557724	0.836357442276
-1.0179	282.8694	-444.310361	13	0.158296256957	0.841703743043
-0.4119	293.6988	-441.247979	14	0.541968967519	0.458031032481
-0.3933	293.662	-441.180884	14	0.882678231814	0.117321768186
-0.3435	293.6535	-441.180852	14	0.978192246162	0.0218077538381
4.1184	288.8942	-440.913944	23	1.0	0.0
2.1871	290.5999	-440.522702	43	0.449738371232	0.550261628768
4.0126	288.8879	-440.328586	23	1.0	0.0
4.1484	288.8756	-440.328571	23	1.0	0.0
0.9925	285.3875	-438.632461	12	1.0	0.0
7.0539	280.9573	-438.336823	41	1.0	0.0
7.0806	280.9701	-438.336794	41	1.0	0.30100661952
6.9294	280.6798	-438.022712	40	0.673847038404	0.326152961596
2.4077	290.5302	-434.83795	43	0.242844086834	0.757155913166
2.6778	290.4935	-434.1781	46	0.803651885996	0.196348114004
2.6026	290.4441	-433.795612	46	1.0	0.0
1.3855	289.6539	-432.147551	32	1.0	0.107690885747
-1.8154	282.3208	-428.653819	13	1.0	0.0
-0.3823	281.6971	-428.653637	26	0.235063384061	0.764936615939
-0.4542	293.6295	-427.620467	14	0.69127467186	0.30872532814
2.4345	290.0328	-427.215955	39	0.765314521586	0.234685478414
2.4658	290.0966	-427.215915	39	0.60280867419	0.39719132581
2.3934	290.0433	-427.046539	39	1.0	0.0
5.0367	281.4057	-425.168563	20	0.694540082621	0.305459917379
4.9646	281.4813	-425.127601	20	0.363413086546	0.636586913454
-3.1307	283.4696	-421.954616	8	0.363688984756	0.636311015244
2.7916	289.3466	-420.56318	30	1.0	0.238264465313
-3.0884	291.1405	-419.963241	15	0.246583339295	0.753416660705
5.0143	281.2777	-417.811158	20	0.507510579704	0.492489420296
9.1134	279.7488	-415.427885	10	0.92026873923	0.0797312607698
9.2764	279.8383	-415.427845	10	0.456527385635	0.543472614365
2.1534	290.3251	-415.186201	44	0.356773657471	0.643226342529
6.1206	280.1985	-414.123447	29	0.552034853803	0.447965146197
6.8553	280.6618	-412.092461	40	0.939793225087	0.0602067749131
7.1197	280.6941	-411.990938	40	0.212750424835	0.787249575165
6.8113	280.6472	-411.877516	40	0.55020522898	0.44979477102
6.8537	280.6618	-411.315148	40	0.939793225087	0.0602067749131
6.0613	280.2804	-405.81755	29	0.758563006267	0.241436993733
6.103	280.3098	-405.782784	29	0.578729726794	0.421270273206
-0.3159	290.0052	-404.302369	35	1.0	0.0
-0.3474	290.0395	-404.207922	35	1.0	0.0
-0.1758	284.5967	-402.129651	11	1.0	0.0
0.8634	284.1746	-402.129559	-1	0.0	0.0188701447857
5.5751	280.6166	-402.123829	28	1.0	0.0
6.4858	280.5004	-401.726824	-1	0.0	0.14703821385
-0.4665	292.2643	-401.660585	21	0.674820812532	0.325179187468
7.4268	281.1181	-401.616386	-1	0.0	0.480039801381
15.7795	282.7769	-401.49456	19	1.0	0.168165209007
2.6767	290.4443	-399.894873	46	1.0	0.0125675282452
-1.8133	282.343	-397.579582	13	1.0	0.0739231385133
2.6167	290.3356	-393.570419	-1	0.0	0.304208073155
2.6775	290.2916	-393.570395	-1	0.0	0.348456810383
-1.8903	282.2566	-392.823403	13	1.0	0.0
15.9065	282.8418	-391.045455	19	1.0	0.366480433737
15.8991	282.8264	-390.975569	19	1.0	0.328696819079
2.1269	291.5473	-386.840824	36	0.463705425409	0.536294574591
-0.3755	293.6314	-386.838692	14	0.965300734732	0.0346992652685
3.0399	290.7375	-386.326958	42	0.971214374827	0.0287856251728
2.9292	290.7873	-386.326956	42	1.0	0.0
2.7609	290.38	-379.244371	-1	0.0	0.0451527007823
5.0323	292.6751	-378.892793	9	1.0	0.0
15.8095	282.7826	-378.012982	19	1.0	0.0935824714532
15.8469	282.8113	-377.669512	19	1.0	0.1169333852
-0.9535	290.0811	-376.103494	35	1.0	0.487938068904
-1.9124	282.3622	-374.168752	13	0.727891526304	0.272108473696
7.0608	280.9473	-371.698974	41	1.0	0.0
8.752	280.4264	-371.698089	-1	0.0	0.0712721297741
-2.4472	281.4984	-370.726512	24	0.850628361238	0.149371638762
2.6214	290.576	-365.115913	45	1.0	0.0
1.1921	291.3705	-363.174004	36	0.313968861519	0.686031138481
15.7415	282.976	-359.031119	18	0.180980896619	0.819019103381
15.8261	282.778	-359.01536	19	1.0	0.373817310292
0.0606	285.0561	-358.821838	11	0.0904802401971	0.909519759803
-0.4956	292.2221	-356.117156	21	1.0	0.0
-3.3718	291.121	-356.08462	15	0.938739442325	0.0612605576747
16.0926	282.7072	-353.794184	19	0.431468080953	0.568531919047
16.0402	282.7224	-353.770831	19	0.600058456714	0.399941543286
15.8167	282.767	-353.750225	19	1.0	0.315692238404
16.1637	282.6307	-353.749972	-1	0.0	0.402866487973
-0.1969	284.5139	-353.577932	11	0.707445154606	0.292554845394
15.9126	282.7745	-353.40162	19	1.0	0.0422153447631
15.934	282.8115	-353.25012	19	1.0	0.325436893407
15.8285	282.7704	-353.123357	19	1.0	0.319716483484
8.9864	279.945	-353.076296	10	0.236972008299	0.763027991701
9.0715	279.7577	-353.076177	10	0.78690819136	0.21309180864
15.94	282.8033	-352.866517	19	0.867209105896	0.132790894104
0.4257	291.1215	-352.314863	37	0.566851873902	0.433148126098
12.7725	280.6155	-349.681188	2	0.509272572626	0.490727427374
-0.3244	293.6296	-348.133794	14	1.0	0.0
-0.9661	282.8472	-346.07812	13	0.163642557724	0.836357442276
2.5489	290.5257	-344.387094	-1	0.0	0.0202071130588
2.5786	290.5406	-344.322198	-1	0.0	0.0307559281261
2.6489	290.4887	-343.999492	46	0.803651885996	0.196348114004
2.7913	290.5406	-343.999457	-1	0.0	0.288980650251
2.5484	290.5538	-343.457069	45	1.0	0.0
-1.8178	282.3389	-341.900953	13	1.0	0.0
7.0395	280.9591	-339.963269	41	1.0	0.136525100663
7.1796	280.9438	-339.963209	41	1.0	0.0
7.162	280.9508	-339.828711	41	1.0	0.496489942243
7.0644	280.8878	-339.775243	41	1.0	0.401348989435
-0.383	293.6186	-339.186942	14	1.0	0.0
7.0316	280.9589	-339.166653	41	1.0	0.234943228156
-0.3737	293.3572	-338.174318	14	0.14736991784	0.85263008216
-0.2787	293.4393	-338.072555	14	0.187136100024	0.812863899976
-2.2881	281.1973	-337.985238	24	1.0	0.0
-2.2169	281.2801	-337.985228	24	1.0	0.0
-2.1844	281.2623	-337.956355	24	1.0	0.0
-1.6081	280.9455	-337.949314	25	0.802095576674	0.197904423326
-2.3928	281.2113	-337.926141	24	1.0	0.0
6.1571	280.3104	-337.897699	29	0.46180794144	0.53819205856
0.9276	288.7178	-337.256623	31	1.0	0.0
15.8327	282.7816	-337.043192	19	1.0	0.14681870136
0.8964	288.7085	-337.001324	31	1.0	0.0
15.8115	282.7849	-336.699001	19	1.0	0.0
0.0748	281.7687	-334.061332	26	0.137651228028	0.862348771972
6.8857	280.7006	-331.666113	40	0.914314468595	0.0856855314048
6.9237	280.7022	-331.639617	40	1.0	0.0
6.9979	280.7069	-331.570499	40	0.528420590649	0.471579409351
6.9762	280.7283	-331.487865	40	0.551082847407	0.448917152593
2.3895	290.0531	-331.221118	39	1.0	0.0
2.3445	290.0405	-331.111415	39	0.894091569925	0.105908430075
2.4133	290.0774	-330.967588	39	0.813330915707	0.186669084293
4.9468	280.4999	-330.649239	27	0.75307826912	0.24692173088
2.7092	290.4845	-330.197172	46	0.785783683759	0.214216316241
5.4796	287.2386	-323.88662	6	0.973511139951	0.0264888600485
5.227	287.3087	-323.850431	6	1.0	0.0
5.4378	287.2906	-323.850403	6	1.0	0.0
5.3488	287.233	-323.490807	6	1.0	0.0
-0.5277	289.9314	-318.487431	35	1.0	0.370807932645
15.8251	282.7704	-312.671057	19	1.0	0.315692238404
15.7425	282.7171	-312.643319	19	0.682337069161	0.317662930839
15.7842	282.8032	-312.504534	19	1.0	0.224697296402
15.7769	282.7512	-312.381841	19	1.0	0.101786734484
15.8204	282.7603	-312.300116	19	1.0	0.152262107294
15.8228	282.7433	-312.085287	19	1.0	0.177901210804
-1.7594	282.2703	-311.590866	13	1.0	0.0206889417933
15.8235	282.7695	-311.545924	19	1.0	0.315692238404
9.1775	279.7855	-311.363037	10	1.0	0.0
9.0528	279.8229	-311.295438	10	0.675615134189	0.324384865811
9.1214	279.7952	-311.21997	10	1.0	0.0
9.4959	279.567	-311.128185	10	0.117308651155	0.882691348845
2.1651	290.5702	-310.970508	43	0.440400250032	0.559599749968
9.1435	279.7588	-310.840486	10	0.94496555188	0.0550344481204
-0.4285	293.5667	-310.595176	14	0.758429213608	0.241570786392
2.8056	290.5345	-308.960442	-1	0.0	0.356844000605
7.1144	280.6284	-307.236674	40	0.182767083939	0.817232916061
6.8783	280.6009	-307.144217	40	0.322838695567	0.677161304433
7.3573	280.3627	-307.05515	-1	0.0	0.0250678948943
6.9076	280.6422	-306.965536	40	0.726913905411	0.273086094589
6.8982	280.668	-306.807773	40	1.0	0.0
6.9484	280.9393	-306.549674	41	0.860597983442	0.139402016558
7.2444	280.8841	-306.549571	41	0.557780425973	0.442219574027
7.6337	280.6566	-306.46029	-1	0.0	0.258982150731
4.781	292.9162	-305.733725	9	0.312808910235	0.687191089765
0.4414	284.2396	-302.235053	11	0.109499838139	0.890500161861
15.8593	282.7879	-301.47251	19	1.0	0.283061548995
-0.4547	290.1063	-300.7517	35	1.0	0.430007064767
2.8627	291.678	-295.993552	33	0.424480652648	0.575519347352
-2.9021	291.2079	-295.094678	15	0.230697480167	0.769302519833
2.6541	290.3626	-294.765906	-1	0.0	0.278916069546
2.6162	290.4337	-294.636941	46	1.0	0.0229075541996
4.4586	282.3968	-293.69189	4	1.0	0.0
4.5786	282.4117	-293.63613	4	1.0	0.0
2.7438	289.3139	-292.906911	30	1.0	0.0
2.6624	289.2342	-292.526803	30	1.0	0.318063562451
-3.367	283.2878	-292.396639	8	0.138710172659	0.861289827341
7.2712	281.1718	-292.323197	-1	0.0	0.430162453331
-3.362	283.3603	-292.192251	8	0.201317192151	0.798682807849
6.9414	280.773	-291.383643	40	0.330158567492	0.669841432508
7.0015	280.7075	-291.383589	40	0.486714971748	0.513285028252
1.3534	289.4756	-291.274075	32	0.858302068071	0.141697931929
-0.3259	289.9056	-289.602637	35	1.0	0.0966903834497
2.8088	290.379	-288.147209	-1	0.0	0.0568992195633
15.7916	282.7556	-287.546399	19	1.0	0.222037935744
15.8095	282.7505	-287.196816	19	1.0	0.0363906233431
-3.2177	280.2138	-287.186826	-1	0.0	0.12471880341
6.3814	276.8206	-287.031477	1	0.345841173249	0.654158826751
7.9721	276.5944	-287.030749	1	0.0346135085445	0.965386491455
6.3202	276.9368	-286.896974	1	1.0	0.0
6.3372	276.882	-286.680948	1	0.67767945963	0.32232054037
-0.4286	292.5803	-284.870989	22	0.867898024449	0.132101975551
2.2621	290.0933	-283.196727	39	0.34419171661	0.65580828339
-3.2262	285.6165	-282.943884	5	1.0	0.0
0.9717	285.3707	-279.349688	12	1.0	0.0
0.985	285.3702	-279.349661	12	1.0	0.0
0.9604	285.4324	-279.289853	12	0.726115400385	0.273884599615
1.0575	285.3457	-279.254722	12	0.457704719824	0.542295280176
0.989	285.3991	-279.190346	12	0.836604852452	0.163395147548
0.9554	285.4216	-279.07521	12	0.836604852452	0.163395147548
6.3209	279.0713	-278.942407	7	0.676559459601	0.323440540399
6.2676	279.0568	-278.922639	7	0.758497820454	0.241502179546
6.419	279.0392	-278.922591	7	0.730653677922	0.269346322078
2.1519	290.6866	-278.149172	43	0.442048784314	0.557951215686
2.1509	290.6398	-278.105071	43	0.711522070409	0.288477929591
15.8682	282.7764	-267.999276	19	1.0	0.279871248964
15.8128	282.7898	-267.848702	19	1.0	0.0480404550293
15.7917	282.7623	-267.762985	19	1.0	0.295375766647
6.9437	280.7734	-263.957672	40	0.324467716156	0.675532283844
6.8933	280.7274	-263.862773	40	0.962304898647	0.0376951013527
-3.3739	291.1157	-260.930291	15	0.911271598223	0.0887284017771
-3.3782	291.099	-260.373232	15	0.908023220325	0.0919767796749
-0.4384	293.6232	-260.202696	14	0.858302258499	0.141697741501
-0.3896	293.6953	-260.122876	14	0.699914377159	0.300085622841
-0.4183	293.6823	-260.098771	14	0.676207962495	0.323792037505
-0.4618	293.5262	-259.97751	14	0.419148889784	0.580851110216
-0.2582	293.5821	-259.977492	14	0.392780382227	0.607219617773
-0.9227	282.9625	-259.758191	13	0.15376901379	0.84623098621
-1.7224	289.0207	-259.265268	-1	0.0	0.178856215068
-2.8348	280.6864	-256.938126	16	1.0	0.0
0.55	289.0569	-253.373273	31	0.0960492271489	0.903950772851
2.8851	290.5395	-253.372441	-1	0.0	0.1563012515
2.8844	290.5793	-253.3724	-1	0.0	0.0381635314048
2.8888	290.1855	-253.015154	-1	0.0	0.0429557532622
2.4028	290.6178	-253.010019	-1	0.0	0.0889986811767
2.6535	290.41	-252.921013	46	1.0	0.0
-0.2259	284.5973	-252.57088	11	1.0	0.0
0.9108	288.6968	-250.120237	31	1.0	0.0
0.8458	288.6806	-249.995659	31	0.860279294133	0.139720705867
15.6843	283.091	-247.51358	18	1.0	0.0
-0.4389	293.5511	-244.024797	14	0.75612260456	0.24387739544
2.8087	290.5278	-243.743624	-1	0.0	0.317337486898
6.9123	280.7032	-243.564586	40	1.0	0.0
2.6089	290.4092	-241.091879	46	0.970113558538	0.0298864414625
-0.7996	290.148	-240.120804	35	1.0	0.478692429496
6.8113	280.6685	-236.458171	40	0.55020522898	0.44979477102
6.7657	280.612	-236.319917	40	0.327719353297	0.672280646703
6.9005	280.628	-236.161259	40	0.399827841571	0.600172158429
7.8609	282.3099	-233.460804	3	0.396291583453	0.603708416547
-0.8687	292.3156	-232.14263	-1	0.0	0.0237504415444
15.7988	282.7831	-231.844012	19	1.0	0.0
15.8016	282.8199	-231.750795	19	1.0	0.0
-0.6398	290.4936	-231.709778	35	0.744867154259	0.255132845741
16.2889	282.4962	-231.666222	-1	0.0	0.682568534873
15.8269	282.7558	-231.519388	19	1.0	0.0559563890042
15.8173	282.7566	-231.329125	19	1.0	0.0
5.5967	280.5499	-231.311764	28	1.0	0.0
5.8674	280.1815	-230.98571	29	0.257552624106	0.742447375894
2.6554	289.3171	-226.408383	30	1.0	0.0
2.6321	289.3052	-226.356383	30	1.0	0.0
2.8106	290.4944	-225.391744	47	0.771886466578	0.228113533422
15.8678	282.7764	-223.377043	19	1.0	0.267725666544
6.7297	280.6233	-219.326679	40	0.246535438056	0.753464561944
6.5013	280.7664	-219.326595	-1	0.0	0.531877205119
5.1008	292.5713	-218.721938	9	0.544104137435	0.455895862565
-0.4555	292.507	-218.393583	22	0.486024256209	0.513975743791
2.0958	290.6759	-217.340792	43	0.656016055177	0.343983944823
-0.2791	289.9232	-217.294	35	1.0	0.354619026451
0.248	291.0914	-216.508966	37	0.906745081719	0.0932549182814
0.2436	291.0269	-216.438249	37	0.659907358651	0.340092641349
0.2559	291.0504	-216.380084	37	1.0	0.0
4.9677	280.67	-215.551516	27	0.896570781045	0.103429218955
15.8685	282.8085	-214.273401	19	1.0	0.214949294156
15.8253	282.752	-214.143318	19	1.0	0.0
6.337	276.9532	-213.714297	1	0.783493004047	0.216506995953
6.4102	276.9439	-213.678745	1	0.61429306703	0.38570693297
-0.172	284.5692	-212.643569	11	1.0	0.0
2.1665	290.361	-209.512107	44	0.749160217377	0.250839782623
2.3381	290.366	-209.350815	44	0.333792126059	0.666207873941
-0.406	293.5809	-208.389532	14	0.974441359501	0.0255586404986
7.1364	280.6916	-205.54519	40	0.207136816455	0.792863183545
6.879	280.6673	-205.491544	40	1.0	0.0
6.8174	280.993	-204.902934	-1	0.0	0.208149525985
6.8568	280.6978	-204.902897	40	0.681450778253	0.318549221747
-3.0473	283.6066	-204.762505	8	0.266061600977	0.733938399023
-3.1932	283.5009	-204.762485	8	0.73397258382	0.26602741618
-3.219	283.5506	-204.705847	8	1.0	0.0
-1.8936	282.2534	-203.747864	13	1.0	0.0
1.4019	289.5763	-203.548091	32	1.0	0.0
-0.4572	284.0947	-202.108498	11	0.114867722436	0.885132277564
-0.1841	284.1038	-202.108487	11	0.111986270961	0.888013729039
2.7845	290.4989	-199.311898	47	0.735091275036	0.264908724964
15.848	282.7718	-196.250117	19	1.0	0.193229773738
15.982	282.7704	-196.190451	19	0.952739248992	0.0472607510084
15.919	282.7725	-196.145364	19	0.964926482756	0.0350735172435
15.8082	282.8044	-196.071943	19	1.0	0.0
15.9455	282.7552	-196.071849	19	1.0	0.0
6.9181	281.0439	-195.82862	-1	0.0	0.265190431395
15.8135	282.7547	-195.801163	19	1.0	0.16809324607
0.797	291.0696	-195.626926	38	0.0973699838422	0.902630016158
4.9495	281.492	-192.892022	20	0.382934119208	0.617065880792
2.2124	290.3944	-192.265726	44	0.539701382094	0.460298617906
3.9598	288.9043	-191.138796	23	1.0	0.0
4.1633	288.8529	-191.138766	23	0.962585045451	0.0374149545488
0.9262	285.4425	-190.936776	12	0.836604852452	0.163395147548
-3.3291	291.1687	-186.9319	15	0.512389520976	0.487610479024
-3.3416	291.1114	-186.854698	15	1.0	0.0
0.3306	291.1174	-186.581749	37	0.904322166088	0.0956778339122
-0.5306	292.6161	-183.563664	22	0.288340299315	0.711659700685
6.914	280.658	-182.853973	40	0.917199156969	0.0828008430307
6.7841	280.6081	-182.469519	40	0.372353066859	0.627646933141
-1.3693	281.0143	-179.349948	25	1.0	0.0
-1.5605	280.9957	-179.011639	25	1.0	0.0
-0.3897	293.6057	-172.346467	14	1.0	0.0
0.7443	284.2039	-171.003029	11	0.0786217799541	0.921378220046
-0.2347	289.8916	-170.914982	35	1.0	0.458969552807
15.8805	282.8188	-169.288976	19	1.0	0.314417316885
2.6957	290.4875	-168.096161	46	0.70457097836	0.29542902164
14.9162	286.963	-166.688315	0	1.0	0.0
15.1154	286.9723	-166.688156	0	0.960853777885	0.0391462221152
14.8056	286.986	-166.609439	0	1.0	0.0
14.7595	287.1667	-166.562501	0	1.0	0.0
-3.028	283.3874	-166.297908	8	0.18806410067	0.81193589933
-0.8555	290.0437	-162.219705	35	1.0	0.478851105463
-0.6118	289.7605	-162.153166	35	0.636306494405	0.363693505595
4.8522	280.4723	-161.314299	27	0.687938050523	0.312061949477
-2.126	290.037	-161.161613	-1	0.0	0.0648423355403
-1.1844	290.1227	-161.161559	35	0.713828549196	0.286171450804
2.8414	290.4127	-157.047111	-1	0.0	0.415814211961
2.2319	290.3998	-156.370363	44	0.463401572485	0.536598427515
15.8556	282.8004	-154.521863	19	1.0	0.0206022463777
15.8123	282.7526	-154.492641	19	1.0	0.0
15.7937	282.7795	-154.39898	19	1.0	0.0
2.6226	290.402	-154.035031	46	1.0	0.0
-0.3263	281.5117	-153.294431	26	0.34481486874	0.65518513126
-0.5014	281.5149	-148.137038	26	1.0	0.0
6.2847	276.8906	-146.730672	1	0.868868681469	0.131131318531
6.6723	276.7483	-146.704736	1	0.128797969461	0.871202030539
6.2351	276.88	-146.50059	1	0.536175826846	0.463824173154
-0.5048	292.2293	-146.151074	21	1.0	0.0
2.3488	290.005	-145.015	39	0.520468870936	0.479531129064
2.3888	290.0209	-144.750008	39	0.831861331716	0.168138668284
0.045	284.5858	-143.70096	11	0.325927553577	0.674072446423
-0.4277	289.8912	-141.899257	35	1.0	0.186197714665
-0.363	289.9416	-141.776609	35	1.0	0.0966903834497
2.3424	290.4183	-139.911312	44	0.211508513172	0.788491486828
6.8633	280.7778	-136.501282	40	0.440431622015	0.559568377985
-0.3607	292.5754	-136.443183	22	0.612991416161	0.387008583839
1.3633	291.7072	-136.443088	36	0.399689514665	0.600310485335
6.8956	280.6709	-136.428522	40	1.0	0.0
6.6942	280.6953	-136.121563	40	0.180932414974	0.819067585026
6.8742	280.683	-136.121493	40	0.747360786579	0.252639213421
6.9242	280.7155	-136.12145	40	0.973191544735	0.0268084552649
2.1809	290.3184	-133.653574	44	0.428648723897	0.571351276103
9.3217	279.9656	-133.294152	10	0.245751363282	0.754248636718
9.2372	279.9739	-133.057114	10	0.265562366835	0.734437633165
7.0257	280.986	-128.30453	41	0.961290706526	0.0387092934742
7.1053	280.9688	-128.224754	41	1.0	0.203646740315
2.5059	289.3418	-127.881938	30	1.0	0.281961205461
2.6989	289.2851	-127.826004	30	1.0	0.0
2.0747	290.6652	-127.41026	43	0.677907501528	0.322092498472
15.902	282.8084	-127.081825	19	1.0	0.256747170703
15.8317	282.787	-127.058439	19	1.0	0.0
15.8732	282.7898	-127.046377	19	1.0	0.0674817497713
15.8377	282.793	-127.030299	19	1.0	0.0
15.6692	283.0148	-126.985046	18	0.220717626398	0.779282373602
2.628	290.4353	-125.724395	46	1.0	0.0414295433461
2.6804	290.3909	-125.615708	-1	0.0	0.00792944664823
15.66	283.0958	-124.36667	18	1.0	0.0
-0.2947	293.6178	-122.278997	14	0.600978644866	0.399021355134
-0.4262	293.6224	-122.185852	14	1.0	0.0
-0.3677	293.6402	-121.720544	14	1.0	0.0
6.8359	280.6618	-121.685566	40	0.832153504673	0.167846495327
6.9549	280.7021	-121.545782	40	0.745924491576	0.254075508424
6.9074	280.6461	-121.345957	40	0.635988567333	0.364011432667
6.8793	280.7562	-121.254992	40	0.473725565354	0.526274434646
12.719	280.283	-121.070918	2	1.0	0.0
12.851	280.3062	-121.061725	2	1.0	0.0
5.5546	280.4825	-120.765179	28	0.976529864287	0.0234701357129
0.6721	288.7179	-119.751298	31	0.482564338298	0.517435661702
1.1623	288.5555	-119.751291	31	0.161783925642	0.838216074358
0.8472	288.6906	-119.660639	31	0.860108635013	0.139891364987
7.8131	281.9807	-117.200069	3	1.0	0.0
-0.5355	281.5289	-116.936053	26	1.0	0.0
1.0101	285.325	-115.214853	12	0.488914272669	0.511085727331
6.1166	280.2607	-113.767194	29	1.0	0.0
6.1	280.2474	-113.706251	29	1.0	0.0
6.101	280.2355	-113.577852	29	0.993004641527	0.00699535847277
15.8833	282.7498	-112.242939	19	1.0	0.161309047295
15.8572	282.7451	-112.216209	19	1.0	0.0960894770928
-0.5264	281.5	-109.700447	26	1.0	0.0
-2.8574	294.2527	-108.930978	-1	0.0	0.124145351703
2.8055	290.876	-108.930711	-1	0.0	0.00920460706454
2.6329	290.3903	-108.834022	46	1.0	0.0688254795536
2.5954	290.4525	-108.713468	46	1.0	0.0
2.2834	290.3564	-106.361346	44	0.401260588108	0.598739411892
2.2244	290.3323	-106.279914	44	0.521575644203	0.478424355797
2.2187	290.372	-106.097534	44	1.0	0.0
-3.3848	291.1726	-103.046801	15	0.464625537789	0.535374462211
15.8242	282.7433	-103.029472	19	1.0	0.160719198404
16.1588	282.7205	-103.029267	-1	0.0	0.0892478628295
-0.2763	284.956	-102.937191	11	0.120073934777	0.879926065223
-0.0681	285.0264	-102.937188	11	0.0970470631981	0.902952936802
15.8059	282.7078	-102.903063	19	1.0	0.36119874413
4.93	281.6096	-102.382585	20	0.316692677616	0.683307322384
2.5854	290.5578	-101.932802	45	1.0	0.0
5.0928	281.016	-97.915202	20	0.141236799953	0.858763200047
5.1153	280.996	-97.837455	-1	0.0	0.0117724818475
15.65	283.1049	-94.950902	18	0.909770828961	0.0902291710386
5.4021	281.0112	-94.886589	20	0.132148225163	0.867851774837
-3.1994	280.9601	-94.448952	16	1.0	0.0
-3.1937	280.9292	-94.426018	16	1.0	0.0
2.8152	290.4901	-93.108093	47	0.856996780061	0.143003219939
2.7672	290.459	-92.726676	-1	0.0	0.125046903817
2.8241	290.4821	-92.483699	47	0.89453598155	0.10546401845
1.7466	289.7432	-89.677462	32	1.0	0.0
1.714	289.7373	-89.628667	32	1.0	0.0
1.653	289.7586	-89.537896	32	1.0	0.0409545752361
-0.8582	291.1484	-86.706218	-1	0.0	0.206753442998
15.8967	282.8379	-86.090521	19	1.0	0.16243270829
15.8027	282.7829	-85.923897	19	1.0	0.0
0.5659	289.2873	-84.877736	31	0.0747308406077	0.925269159392
2.6161	290.4488	-83.527416	46	1.0	0.0
6.3537	279.0099	-82.043899	7	0.929295932156	0.0707040678445
6.3379	279.0654	-82.019367	7	0.767223701444	0.232776298556
6.2542	279.0005	-81.960021	7	0.883777991689	0.116222008311
4.8245	280.6012	-81.614925	27	1.0	0.0
4.9674	280.6781	-81.614921	27	0.848296092653	0.151703907347
7.2121	281.0229	-79.384256	41	0.407866558935	0.592133441065
-0.3843	292.5829	-78.105393	22	0.8055987138	0.1944012862
-0.3714	293.5835	-78.012161	14	0.776943652261	0.223056347739
-0.589	290.1686	-77.535857	35	1.0	0.446899796558
-2.1398	287.1551	-76.506316	-1	0.0	0.114426416195
6.1544	280.4823	-73.020199	-1	0.0	0.00601624797564
15.8304	282.772	-71.029338	19	1.0	0.315692238404
15.8395	282.7434	-70.9344	19	1.0	0.210468020084
15.9005	282.7459	-70.853661	19	1.0	0.117667276253
15.8748	282.7607	-70.758428	19	1.0	0.298074523286
15.8988	282.7483	-70.683902	19	1.0	0.0444356632454
2.4845	290.4561	-70.624645	-1	0.0	0.268392861075
15.8648	282.7477	-70.610722	19	1.0	0.161309047295
15.8291	282.7407	-70.299387	19	1.0	0.210468020084
2.6638	290.4033	-70.262541	46	0.820602274138	0.179397725862
15.8401	282.7393	-70.195688	19	1.0	0.210468020084
5.8411	280.8337	-69.859271	-1	0.0	0.0279268357332
-0.772	290.1454	-65.734537	35	1.0	0.446899796558
2.1346	290.3647	-64.161669	44	0.569558888453	0.430441111547
7.0845	280.7434	-57.092091	40	0.212750424835	0.787249575165
15.6457	283.1391	-56.998778	18	0.312060523248	0.687939476752
15.6141	283.2946	-56.766866	-1	0.0	0.597877507387
2.3733	290.0573	-56.387817	39	1.0	0.0
2.3916	290.0486	-56.276194	39	1.0	0.0
2.4311	290.0027	-56.276174	39	0.515359028713	0.484640971287
15.863	282.7487	-55.59927	19	1.0	0.221880725973
15.8778	282.7542	-55.590916	19	1.0	0.161309047295
0.7761	290.8072	-50.444167	38	0.0993871228985	0.900612877102
-0.1135	287.6169	-49.794892	-1	0.0	0.050631734656
-1.1255	288.1881	-49.720184	17	0.602612098084	0.397387901916
9.1296	280.0395	-48.775763	10	0.245751363282	0.754248636718
-0.4064	289.2932	-46.40047	34	0.283575979652	0.716424020348
-2.0769	282.3087	-46.161565	13	0.528745672286	0.471254327714
-2.0398	282.1185	-46.161517	13	0.432872066395	0.567127933605
-3.2049	283.5024	-46.051795	8	0.794594083376	0.205405916624
-3.0668	283.7245	-46.051783	8	0.170626431061	0.829373568939
-3.2263	283.5342	-45.932708	8	1.0	0.0
-3.1983	283.5366	-45.873826	8	1.0	0.0
-3.1477	283.6197	-45.8738	8	0.351007821998	0.648992178002
-1.2107	288.2384	-45.857935	17	0.800332941164	0.199667058836
-3.2015	283.5352	-45.814933	8	1.0	0.0
2.1175	290.6405	-45.270152	43	1.0	0.0
-0.4333	292.535	-41.266015	22	1.0	0.0
-0.2963	284.5782	-40.970178	11	0.901631638854	0.0983683611463
7.122	280.6496	-40.346389	40	0.212750424835	0.787249575165
6.9522	280.7278	-40.205161	40	0.968893136876	0.0311068631245
4.8639	292.8706	-37.797942	9	0.420412102921	0.579587897079
4.9433	292.885	-37.623594	9	0.393373934243	0.606626065757
0.1297	289.7676	-36.989845	34	0.118354342404	0.881645657596
-0.9276	290.4169	-36.722099	35	1.0	0.20730049972
6.1384	280.25	-36.234784	29	1.0	0.0
1.5584	289.7959	-34.056323	32	1.0	0.456547190128
-3.2983	291.1171	-33.114883	15	1.0	0.0
-1.9239	282.2197	-32.019566	13	1.0	0.0
15.8449	282.7553	-31.404038	19	1.0	0.118956867785
15.7712	282.7253	-31.381884	19	1.0	0.321962486868
15.799	282.7341	-31.357211	19	1.0	0.119536480855
15.9659	282.7528	-31.357112	19	1.0	0.0
-0.3815	293.6043	-31.241185	14	0.974441359501	0.0255586404986
-0.5448	293.6559	-31.241179	14	0.377886756509	0.622113243491
15.8213	282.7452	-31.043106	19	1.0	0.0
6.5864	280.557	-26.814335	-1	0.0	0.14703821385
0.8765	288.5815	-26.806464	31	0.294353736771	0.705646263229
15.9384	282.7766	-26.675239	19	1.0	0.0
15.8189	282.7497	-26.49168	19	1.0	0.0
-2.6167	285.593	-25.929212	5	0.212173243699	0.787826756301
2.6877	290.4576	-23.380609	46	0.818218201917	0.181781798083
2.5416	290.4844	-23.326351	-1	0.0	0.0369339076211
2.7273	290.4731	-23.245999	46	0.572638323723	0.427361676277
5.3262	287.2565	-19.932173	6	1.0	0.0
-0.3261	289.4032	-19.406308	34	1.0	0.0
-0.2319	289.4005	-19.393587	34	0.668169029892	0.331830970108
6.863	280.6525	-17.966712	40	0.709681155573	0.290318844427
6.8954	280.635	-17.93319	40	0.489862973871	0.510137026129
6.9703	280.6843	-17.839743	40	0.752166370239	0.247833629761
6.8727	280.7221	-17.680226	40	0.876025417599	0.123974582401
6.9901	280.6928	-17.268961	40	0.742871341049	0.257128658951
-0.8536	290.005	-15.295125	35	1.0	0.475756115465
5.0041	281.3719	-11.841108	20	0.781504432084	0.218495567916
5.0127	292.7051	-11.309854	9	1.0	0.0
-2.7553	291.2634	-10.472293	15	0.155706103185	0.844293896815
0.4325	281.5311	-9.266876	26	0.110857952851	0.889142047149
2.2208	290.3724	-8.372913	44	1.0	0.0
2.1535	290.2658	-8.311836	-1	0.0	0.00984149924799
-1.5137	281.0484	-7.473666	25	1.0	0.0
-1.4129	281.078	-7.473651	25	1.0	0.0
8.6129	282.4892	-6.870057	3	0.19555673281	0.80444326719
7.7706	282.0119	-6.524268	3	1.0	0.0
3.3633	291.7263	-2.139677	33	0.512652218887	0.487347781113
7.0569	280.9084	9e-05	41	1.0	0.401348989435
7.0869	280.9163	0.051717	41	1.0	0.401348989435
2.6544	290.4485	1.503279	46	1.0	0.0
15.871	282.7689	3.141358	19	1.0	0.223045417085
2.7062	290.5874	6.590574	45	0.924739336819	0.0752606631806
9.2711	279.9966	7.147153	10	0.223115504669	0.776884495331
2.5316	289.3323	7.289404	30	1.0	0.257710752365
2.9312	290.7806	7.661011	42	1.0	0.0
-3.2403	291.0975	8.991545	15	0.691475586842	0.308524413158
-0.5724	292.6617	10.103245	22	0.165429810265	0.834570189735
12.8135	280.3938	10.274455	2	1.0	0.0
2.6143	290.5904	11.438368	45	1.0	0.0
15.8146	282.7272	14.134458	19	1.0	0.28757561386
15.8294	282.7483	14.253609	19	1.0	0.153271372888
15.8924	282.7354	14.340886	19	1.0	0.16015248829
-0.6946	289.9303	14.386912	35	1.0	0.521379036601
15.8392	282.753	14.764454	19	1.0	0.311690152853
15.7064	283.1125	15.174377	18	0.697657248546	0.302342751454
15.7006	283.0948	15.194054	18	0.826509531442	0.173490468558
0.7775	288.6763	16.869594	31	0.624897726069	0.375102273931
0.8454	290.9406	17.541061	38	0.967378947086	0.0326210529138
6.2706	279.0033	19.656443	7	1.0	0.0
0.1259	289.5268	22.241024	34	0.131599571518	0.868400428482
-3.3622	283.4448	23.260542	8	0.279780183965	0.720219816035
1.8734	290.7256	23.346505	-1	0.0	0.0967859668003
-3.2941	283.4916	23.703605	8	0.501193326661	0.498806673339
15.9516	282.7555	23.855023	19	1.0	0.0
-0.2377	284.9796	24.811436	11	0.112209639928	0.887790360072
7.0785	280.9759	26.26336	41	1.0	0.433235550155
7.6391	280.682	26.339635	-1	0.0	0.277640113194
7.2249	280.9439	26.381652	41	1.0	0.0
7.3233	280.803	26.433492	-1	0.0	0.356670367464
0.3466	291.1311	28.411801	37	0.91768568077	0.0823143192304
-1.2127	288.2898	29.845072	17	0.881055685579	0.118944314421
2.2435	290.6692	30.407144	43	0.284494473636	0.715505526364
1.8903	290.7062	30.457973	-1	0.0	0.073663784486
5.0002	281.3551	32.174675	20	0.882713169366	0.117286830634
-3.2931	291.0933	34.476242	15	1.0	0.0
-0.9809	290.5591	35.132174	35	1.0	0.0
2.0277	290.3994	37.093379	44	0.187064180803	0.812935819197
5.993	280.0759	37.128383	29	0.259817961419	0.740182038581
-0.4342	292.5424	37.81143	22	1.0	0.0
-0.4186	292.5436	37.992577	22	1.0	0.0
-0.4562	292.5371	38.106498	22	0.903207802449	0.0967921975508
2.6155	290.4404	38.631321	46	1.0	0.0
-0.4124	281.5751	42.878964	26	0.440391948184	0.559608051816
-0.314	281.7169	42.931467	26	0.219653630726	0.780346369274
16.3451	282.4947	43.744292	-1	0.0	0.702137383418
15.8417	282.7408	43.802326	19	1.0	0.250638345792
15.8686	282.7915	43.820573	19	1.0	0.261266039718
15.825	282.7564	43.891321	19	1.0	0.0
3.9425	294.5895	48.837495	-1	0.0	0.177995601922
6.0686	280.292	51.099966	29	0.663051226398	0.336948773602
6.0867	280.2483	51.238395	29	1.0	0.0
6.1521	280.2481	51.310427	29	1.0	0.0
2.3332	290.4191	52.21542	44	0.219689548039	0.780310451961
0.7388	281.0121	54.789957	-1	0.0	0.312413500975
6.82	280.6743	57.486751	40	0.564315122025	0.435684877975
15.8644	282.7593	60.636334	19	1.0	0.223045417085
0.7023	288.712	62.819358	31	0.524712897717	0.475287102283
6.4995	280.5325	67.422794	-1	0.0	0.14703821385
0.899	290.9529	67.474204	38	0.440247442171	0.559752557829
0.7858	290.8576	67.558696	38	0.177915299824	0.822084700176
2.0923	290.3198	68.768465	44	0.223005080546	0.776994919454
-0.2879	289.4061	69.386786	34	1.0	0.0
-0.2134	292.7042	70.120543	22	0.121089003598	0.878910996402
2.7133	290.5933	71.790583	-1	0.0	0.460168641146
15.8007	282.8141	74.007066	19	1.0	0.0
15.7833	282.7838	74.685358	19	1.0	0.0993580807451
1.9394	292.5123	75.585707	-1	0.0	0.0717774474941
2.0751	290.664	75.975669	43	0.677907501528	0.322092498472
-2.0021	290.5295	78.543147	-1	0.0	0.0804174954877
-0.9634	289.9347	80.65143	35	1.0	0.538331795074
-0.9561	289.9078	80.651474	35	0.938070153137	0.0619298468625
5.5623	293.1356	84.156678	9	0.177841740317	0.822158259683
5.9355	280.0914	85.067021	29	0.335812637209	0.664187362791
12.1242	285.0301	89.405469	-1	0.0	0.128920877904
14.4411	287.0182	89.40585	0	1.0	0.0
14.9368	286.9981	89.407698	0	1.0	0.0
1.7582	290.7088	90.825326	-1	0.0	0.14362941689
2.7194	290.6612	91.853937	-1	0.0	0.0952631712361
-0.1847	284.5411	92.393588	11	0.923717522813	0.076282477187
2.0986	290.3574	94.861408	44	0.296981224107	0.703018775893
2.1445	290.3901	94.917248	44	0.427758087642	0.572241912358
1.6783	290.7197	94.967965	-1	0.0	0.37913650551
2.1826	290.3734	95.196027	44	0.748629037174	0.251370962826
4.8365	281.3475	95.620263	20	0.914024153176	0.0859758468236
4.7921	281.3714	95.823667	20	0.744311301855	0.255688698145
4.8481	281.3298	95.828518	20	0.970400657948	0.0295993420523
-3.1827	283.5754	97.318876	8	0.661249434834	0.338750565166
-0.5062	281.5674	97.324954	26	0.69365349256	0.30634650744
-2.7252	283.2566	97.401761	8	0.084548270533	0.915451729467
4.9027	292.6464	99.712159	9	1.0	0.0
4.9428	292.6343	99.959312	9	1.0	0.0
2.983	290.1146	100.037373	-1	0.0	0.121458468412
2.6315	290.4239	100.334667	46	1.0	0.0160499292581
2.6736	290.602	101.499466	45	1.0	0.0
6.3083	287.8529	102.37584	6	0.194900844338	0.805099155662
-1.2376	288.2909	102.89667	17	1.0	0.0
-1.2136	288.2365	103.002853	17	0.808884919982	0.191115080018
-1.2989	288.2668	103.09221	17	1.0	0.0
-1.431	288.322	103.092217	17	0.369035675362	0.630964324638
0.8183	290.8636	103.637095	38	0.205712672901	0.794287327099
2.4524	289.3974	106.594602	30	0.642706296431	0.357293703569
-0.5277	292.6008	107.79097	22	0.334701261045	0.665298738955
-0.4629	292.558	107.854715	22	0.847639771584	0.152360228416
1.648	289.7474	108.479605	32	1.0	0.0
7.3707	280.3796	108.806819	-1	0.0	0.00466783039654
-3.3276	291.0844	109.339955	15	0.908023220325	0.0919767796749
-0.3066	289.4156	109.543938	34	1.0	0.0
15.8129	282.7067	109.826658	19	1.0	0.379842199682
-0.4204	292.1666	109.847634	21	0.401330754702	0.598669245298
-0.3437	292.1753	109.847656	21	0.310612565765	0.689387434235
15.8316	282.7821	109.876179	19	1.0	0.184348873965
15.8527	282.6854	109.914659	19	0.679384560556	0.320615439444
15.8149	282.7474	109.980431	19	1.0	0.112206752783
15.8415	282.7729	110.140878	19	1.0	0.337830922057
2.3438	290.4256	110.385993	44	0.188388333007	0.811611666993
15.807	282.7709	110.41228	19	1.0	0.422054230437
2.5992	290.3381	110.679933	-1	0.0	0.288721711379
2.1934	290.3645	112.581302	44	1.0	0.0
2.1952	290.3586	112.581337	44	0.688144100848	0.311855899152
2.2177	290.3455	112.736761	44	0.640893661134	0.359106338866
2.4244	290.3173	113.153865	-1	0.0	0.0555106893673
2.7889	290.4382	113.153931	-1	0.0	0.125046903817
1.3622	289.7091	114.651388	32	0.800710137218	0.199289862782
6.3036	276.9235	116.860128	1	1.0	0.0
6.3075	276.8982	117.003146	1	1.0	0.0
6.4624	276.8927	117.003193	1	0.423245459134	0.576754540866
7.1089	280.9565	119.20067	41	1.0	0.203646740315
7.2038	280.9231	119.200717	41	1.0	0.0
7.0567	280.9436	119.915366	41	1.0	0.0
7.3311	280.9331	119.915459	41	0.4213977098	0.5786022902
2.9217	290.6538	120.87246	-1	0.0	0.0246386732679
0.4579	284.2049	123.703013	11	0.110936661768	0.889063338232
2.8906	291.614	124.830664	33	0.391735247144	0.608264752856
6.1602	280.2416	125.320348	29	0.862462518965	0.137537481035
0.3269	291.067	126.18304	37	0.953022966143	0.0469770338566
0.3087	291.0732	126.183101	37	1.0	0.0
0.3503	291.0442	126.218799	37	0.981681091809	0.018318908191
0.2809	291.0286	126.275155	37	0.83440025387	0.16559974613
0.3302	291.0761	126.305071	37	1.0	0.0
-0.4953	293.5607	129.150024	14	0.52517518598	0.47482481402
6.9411	280.6838	129.323055	40	0.752166370239	0.247833629761
6.9764	280.6961	129.490416	40	0.752166370239	0.247833629761
6.766	280.721	130.362655	40	0.238657438985	0.761342561015
15.8442	282.8077	131.062187	19	1.0	0.0946345980077
15.8494	282.7982	131.38459	19	1.0	0.0604070194505
15.8427	282.813	131.448434	19	1.0	0.318598633204
-0.5591	280.9629	132.032109	-1	0.0	0.196364139834
4.8915	281.3171	132.625079	20	1.0	0.0
4.7805	281.3706	132.742169	20	0.704221706902	0.295778293098
2.7161	290.5537	146.020488	-1	0.0	0.460168641146
0.873	290.931	146.084095	38	0.666929778884	0.333070221116
1.4184	290.6404	146.084101	-1	0.0	0.031716377482
0.7589	291.0965	146.084141	38	0.0768370883462	0.923162911654
-1.1262	288.2394	148.288803	17	0.746651008915	0.253348991085
-1.3687	288.2488	148.371515	17	0.566181947674	0.433818052326
0.7712	290.9442	152.160671	38	0.331874772588	0.668125227412
4.9101	280.5521	152.178133	27	1.0	0.0
1.9398	290.4392	153.620591	-1	0.0	0.222326957773
15.6539	283.0957	155.2079	18	1.0	0.0
5.6436	280.5834	156.109977	28	1.0	0.0
5.5917	280.5565	156.135769	28	1.0	0.0
4.9299	292.7128	156.720137	9	1.0	0.0
15.7635	282.778	160.089593	19	1.0	0.159599892192
12.6883	280.3849	162.0937	2	1.0	0.0
12.7292	280.3791	162.109989	2	1.0	0.0
-0.4139	289.4043	162.922255	34	0.500151878516	0.499848121484
-0.3363	289.2343	163.02181	34	0.186551756228	0.813448243772
-0.3315	284.4136	163.710708	11	0.340475718767	0.659524281233
-0.3792	284.3725	163.782462	11	0.251094397169	0.748905602831
-0.434	292.5693	164.749276	22	1.0	0.0
-0.4665	292.4609	164.803237	22	0.231890936046	0.768109063954
-0.3999	292.0614	169.854284	21	0.183399975629	0.816600024371
6.0608	280.0721	170.151717	29	0.215809209162	0.784190790838
0.8854	288.515	173.57467	31	0.190504998315	0.809495001685
4.9566	281.3751	173.713823	20	1.0	0.0
2.7584	290.3454	174.663791	-1	0.0	0.339095765232
2.6604	290.4132	174.663794	46	1.0	0.0
2.199	290.5183	175.110069	43	0.36092709874	0.63907290126
0.8578	290.9144	175.464798	38	0.614130309919	0.385869690081
-0.2322	292.7545	175.752701	22	0.0991815566298	0.90081844337
-1.0766	292.0624	178.296015	-1	0.0	0.38245015419
2.1196	290.6799	178.448285	43	0.677907501528	0.322092498472
2.0953	290.6247	178.71614	43	1.0	0.0
2.8419	290.4597	181.08083	-1	0.0	0.112600361809
3.2093	291.6691	181.673053	33	0.765363594681	0.234636405319
2.9947	291.9472	181.673067	33	0.336393573178	0.663606426822
2.0492	290.3997	182.463103	44	0.225942070539	0.774057929461
-1.5812	281.0945	184.142922	25	0.831837178465	0.168162821535
-1.8762	282.1469	184.174258	13	0.729200415612	0.270799584388
2.5953	290.4384	185.11485	46	1.0	0.0446151848977
6.2888	280.5543	188.411086	-1	0.0	0.336995579933
16.0019	282.7225	188.728942	19	0.650530662916	0.349469337084
15.8031	282.7754	188.762966	19	1.0	0.0135480658074
15.8301	282.7277	188.812384	19	1.0	0.350649728092
5.0418	292.9538	189.252959	9	0.273969024954	0.726030975046
6.813	280.6988	190.053897	40	0.401254650277	0.598745349723
6.9095	280.6892	190.053936	40	0.833057255069	0.166942744931
6.8874	280.7857	190.11575	40	0.390511121778	0.609488878222
6.871	280.6986	190.146525	40	0.865537649159	0.134462350841
6.9122	280.735	190.330061	40	0.915370354855	0.0846296451453
6.9378	280.7281	190.485881	40	0.994097523299	0.00590247670073
2.5845	290.4894	191.817576	-1	0.0	0.321635940626
-0.5154	281.4975	192.734348	26	1.0	0.0
-1.776	282.1921	192.857409	13	0.718736647235	0.281263352765
-0.254	284.6138	193.277023	11	0.901631638854	0.0983683611463
-0.2176	284.5863	193.277042	11	1.0	0.0
-3.1396	283.5827	193.798691	8	0.524663211584	0.475336788416
6.0538	280.2211	195.288433	29	0.746826301113	0.253173698887
6.0508	280.2729	195.289801	29	0.743163897101	0.256836102899
-0.4012	292.5737	196.851688	22	1.0	0.0
-1.0967	288.2426	200.916887	17	0.559876160111	0.440123839889
2.211	290.3832	208.925443	44	0.93332726758	0.0666727324205
7.1314	281.0719	209.846743	41	0.371975203781	0.628024796219
7.2406	281.0412	209.848388	-1	0.0	0.138596906333
7.5021	280.8318	209.848568	-1	0.0	0.464801270942
7.2021	281.1808	209.932971	-1	0.0	0.468347445534
4.8942	292.7017	213.112302	9	1.0	0.0
5.0415	292.6685	213.112325	9	0.949345534106	0.0506544658943
2.9578	290.668	213.427413	42	0.835028640394	0.164971359606
0.8698	290.925	214.142478	38	0.920511525808	0.0794884741919
3.1415	291.7291	215.317523	33	1.0	0.0
3.2787	291.7858	215.317555	33	0.613514585198	0.386485414802
16.0645	282.7589	216.416916	19	0.474520727354	0.525479272646
1.2106	290.745	217.342969	-1	0.0	0.344381627202
0.9691	285.3866	219.077009	12	1.0	0.0
0.9236	285.4186	219.156149	12	0.636491109484	0.363508890516
-3.2841	291.1286	219.374141	15	0.746240126209	0.253759873791
-2.8807	291.1946	219.374169	15	0.230697480167	0.769302519833
6.3428	276.9093	219.515409	1	1.0	0.0
6.3392	276.9259	219.576611	1	1.0	0.0
2.894	290.17	220.465465	-1	0.0	0.0458923320248
2.6536	290.48	220.465467	46	1.0	0.0713787871437
2.6062	290.4598	220.818157	46	1.0	0.0239417320696
5.893	279.0203	222.431984	7	0.335073856229	0.664926143771
4.7308	281.3752	222.496684	20	0.502661598955	0.497338401045
4.9179	281.3458	222.564957	20	1.0	0.0
2.6319	290.4024	224.479227	46	1.0	0.0
2.6473	290.4186	224.479262	46	1.0	0.0
0.8875	288.7418	225.641524	31	1.0	0.0
-0.4344	292.5367	228.34333	22	1.0	0.0
2.6005	290.6282	228.493173	-1	0.0	0.194779251983
-0.4245	292.5597	228.824337	22	1.0	0.0
6.9452	280.7208	233.420563	40	0.990827570274	0.00917242972606
-0.4983	281.5694	236.14549	26	0.73976321477	0.26023678523
0.8279	290.917	236.271453	38	0.499936023987	0.500063976013
0.8433	290.9568	236.29082	38	1.0	0.0
0.5976	290.9588	236.371656	38	0.111682857981	0.888317142019
0.2314	284.6524	239.932783	11	0.172961447935	0.827038552065
-0.0041	284.5925	239.932808	11	0.388942521221	0.611057478779
-0.4272	290.2607	241.556274	35	0.802902557404	0.197097442596
0.2269	291.1557	243.880702	37	0.577179571779	0.422820428221
4.049	288.9696	244.41618	23	0.965105836537	0.0348941634625
4.0671	288.9836	244.542164	23	0.836319164166	0.163680835834
2.5551	290.5847	245.458794	45	1.0	0.0
2.6919	290.4944	246.833333	46	0.785783683759	0.214216316241
3.1121	291.7248	251.016206	33	1.0	0.0
2.1893	290.3323	251.999813	44	0.570766780796	0.429233219204
15.8488	282.7767	254.736939	19	1.0	0.164521637793
15.7712	282.7634	254.777218	19	1.0	0.0332192399023
15.8371	282.7349	254.793307	19	1.0	0.408660613535
15.7982	282.7789	254.808874	19	1.0	0.0
16.0042	282.7458	254.814476	19	0.798266736376	0.201733263624
2.653	290.4205	255.514093	46	1.0	0.0
3.7008	290.5559	255.514278	-1	0.0	0.0276455864576
2.6289	290.399	255.611653	46	1.0	0.0
2.6149	290.4479	255.715226	46	1.0	0.0
2.756	290.4441	255.751934	-1	0.0	0.125046903817
2.4679	290.4359	255.772424	-1	0.0	0.00336397675211
2.6403	290.3808	255.848429	46	0.758372820497	0.241627179503
2.779	290.4078	255.854185	-1	0.0	0.316116871065
-1.1602	288.3444	256.163604	17	0.477956215719	0.522043784281
-0.3142	289.4462	257.158394	34	0.726171926288	0.273828073712
1.9626	290.7222	257.557275	43	0.24562184583	0.75437815417
7.1317	280.8932	258.31517	41	0.935733143281	0.0642668567188
7.1373	280.9223	258.506729	41	1.0	0.472145435963
7.1587	280.9021	258.866183	41	0.917782601154	0.0822173988457
7.1952	280.8826	259.018277	41	0.811614251514	0.188385748486
5.7045	280.9811	261.675787	-1	0.0	0.0846785870392
4.9342	281.3394	261.82343	20	1.0	0.0
1.2829	291.3613	266.991962	36	0.345184939063	0.654815060937
1.3262	291.3371	266.991979	36	0.364803066964	0.635196933036
-0.9116	290.5134	269.411817	35	1.0	0.0
-0.9469	290.4513	269.411851	35	1.0	0.0427172838067
-0.9678	290.5308	269.492998	35	1.0	0.0
-0.3244	284.5232	270.527008	11	0.579514666627	0.420485333373
2.7388	290.6986	271.246048	-1	0.0	0.105010869258
3.9465	290.7447	271.246203	-1	0.0	0.0453172554855
2.2482	290.5342	273.540443	43	0.297859015509	0.702140984491
6.8731	280.7178	273.555462	40	0.70139106432	0.29860893568
6.9586	280.6961	273.642503	40	0.752166370239	0.247833629761
6.9148	280.708	274.354881	40	1.0	0.0
2.1635	290.3757	274.595674	44	0.641541151979	0.358458848021
6.9227	280.7191	274.637199	40	0.994097523299	0.00590247670073
6.0437	280.1255	276.235981	29	0.335812637209	0.664187362791
15.3101	291.6422	276.324651	-1	0.0	0.462235807414
1.7424	289.7439	276.60555	32	1.0	0.0
2.3884	290.3876	277.056413	44	0.264257274374	0.735742725626
2.8046	290.2511	277.240253	-1	0.0	0.0429557532622
1.321	289.6	278.826169	32	1.0	0.0
3.054	291.7141	281.433906	33	0.937088913779	0.0629110862211
6.0349	280.2065	283.566612	29	0.532091503175	0.467908496825
2.6719	290.464	284.975505	46	1.0	0.0
-0.2979	290.0244	286.725661	35	1.0	0.0
-3.2525	285.6163	291.193108	5	1.0	0.0
2.1858	290.3411	291.496914	44	0.521575644203	0.478424355797
4.843	292.6594	291.55622	9	0.98319843889	0.0168015611104
1.9051	291.7802	294.947805	36	1.0	0.0
1.8355	291.745	295.003979	36	1.0	0.0
-0.4022	290.0269	295.262678	35	1.0	0.0
-0.4216	289.9818	295.561115	35	1.0	0.0966903834497
15.8578	282.7294	297.60098	19	1.0	0.122097288508
15.6706	283.0974	300.251366	18	1.0	0.0
-3.3158	291.1173	301.664857	15	1.0	0.0
-3.3167	291.0942	302.882405	15	1.0	0.0
5.6845	293.383	304.64186	9	0.126320412608	0.873679587392
-0.2897	289.3576	306.229382	34	0.609411335733	0.390588664267
-0.3254	289.3923	306.229434	34	1.0	0.0
4.9311	281.6072	308.422783	20	0.323370951942	0.676629048058
0.8479	290.949	308.820552	38	1.0	0.0
2.6932	289.1524	309.472342	30	1.0	0.0
0.8515	285.4741	309.877066	12	0.495323785735	0.504676214265
-0.917	290.3538	311.118042	35	1.0	0.580492196478
2.4404	290.3319	311.868201	-1	0.0	0.355627648269
2.093	290.776	311.868217	-1	0.0	0.117684948101
3.0752	291.8198	312.098273	33	1.0	0.0
7.1015	280.8945	314.719671	41	1.0	0.427676854212
7.0847	280.8556	314.833832	41	0.635221919429	0.364778080571
-0.2949	284.4943	317.949693	11	0.516444698869	0.483555301131
-1.2911	288.241	318.274848	17	0.939005410803	0.0609945891968
-0.9086	290.2294	319.365773	35	1.0	0.580492196478
2.2498	290.3551	319.911923	44	0.591608979665	0.408391020335
2.2033	290.3744	320.120078	44	1.0	0.0
7.1535	280.9992	320.15411	41	0.616183846571	0.383816153429
6.8283	280.5804	320.801794	40	0.329804776882	0.670195223118
2.6483	290.4312	325.82783	46	1.0	0.0414295433461
6.1441	279.0387	326.55103	7	0.968804986356	0.0311950136435
-3.2522	283.5325	326.862044	8	1.0	0.0
2.6662	290.4701	328.534391	46	1.0	0.0713787871437
3.1858	291.7061	329.621175	33	1.0	0.0
0.859	290.949	330.132572	38	1.0	0.0
5.6214	280.5458	331.629126	28	1.0	0.0
15.6451	283.0809	331.754578	18	0.617005989849	0.382994010151
-0.4182	292.5697	336.037086	22	1.0	0.0
-0.3764	292.5541	336.037105	22	0.727585534625	0.272414465375
2.7492	290.4301	336.430237	-1	0.0	0.202681462942
-0.5935	281.6867	341.407704	26	0.230583676013	0.769416323987
2.8108	290.4838	345.404663	47	0.926715722095	0.0732842779045
2.6158	290.5021	345.483365	-1	0.0	0.258419888093
2.1072	290.6228	347.521055	43	1.0	0.0
2.0557	290.6366	347.571916	43	0.677907501528	0.322092498472
2.0517	290.6555	347.701987	43	0.655767841191	0.344232158809
2.1105	290.6388	347.941751	43	1.0	0.0
2.7208	290.1617	347.941827	-1	0.0	0.105115410447
-0.285	289.4165	349.434402	34	1.0	0.0
3.0152	292.0708	351.368844	33	0.21903829324	0.78096170676
2.6941	290.5153	351.585293	-1	0.0	0.272669976728
3.0775	291.766	352.392982	33	1.0	0.0
6.9228	280.8305	352.94918	40	0.201213707587	0.798786292413
6.9311	280.8203	352.949223	40	0.246354565319	0.753645434681
7.9458	280.2132	352.949806	-1	0.0	0.380705299527
6.9385	280.6578	353.017839	40	0.569088143386	0.430911856614
6.929	280.7037	353.061325	40	1.0	0.0
8.621	280.1847	353.062225	10	0.0874906520649	0.912509347935
6.8861	280.678	353.084886	40	1.0	0.00786047154194
-1.3402	288.3513	354.058735	17	0.411425167685	0.588574832315
-1.2024	288.385	354.058756	17	0.331047735709	0.668952264291
2.6835	289.2969	354.623516	30	1.0	0.0
-0.3748	290.0372	354.845417	35	1.0	0.0
15.7979	282.7736	356.424176	19	1.0	0.0
15.8346	282.7503	356.564579	19	1.0	0.239413107329
6.6669	280.5811	356.918721	40	0.217709328957	0.782290671043
1.901	291.7537	360.136845	36	1.0	0.0
2.488	289.1495	361.982132	30	0.810098492923	0.189901507077
2.6032	289.1401	362.044496	30	1.0	0.0
2.7447	290.5478	364.108706	-1	0.0	0.356844000605
2.6494	290.4622	364.179045	46	0.879497347808	0.120502652192
-1.2666	288.2723	365.641536	17	1.0	0.0
3.2583	291.8428	366.606884	33	0.476860001385	0.523139998615
15.6772	283.1006	369.765933	18	1.0	0.0
15.6746	283.3292	370.861037	-1	0.0	0.649048160796
14.8833	283.1084	370.920083	-1	0.0	0.813076584175
15.6523	283.2854	370.920585	-1	0.0	0.567779816567
16.1012	283.0388	370.920918	-1	0.0	0.627274459058
2.5826	290.367	372.686015	-1	0.0	0.288721711379
2.6359	290.3648	372.949262	-1	0.0	0.162654163446
-0.831	290.0264	380.543921	35	1.0	0.475756115465
-1.1662	290.1953	380.71515	35	0.797600923781	0.202399076219
0.7148	290.965	380.845076	38	0.184601218866	0.815398781134
0.7749	290.9117	381.096412	38	0.269902244576	0.730097755424
2.6971	290.4065	385.186296	46	0.626415360646	0.373584639354
5.618	293.0563	389.784946	9	0.178665136538	0.821334863462
1.6585	289.753	393.328678	32	1.0	0.0
1.5591	289.425	393.500137	32	0.521418488471	0.478581511529
-2.1259	282.3197	393.932762	13	0.422807139045	0.577192860955
7.0197	280.8873	395.484522	41	0.96919068252	0.0308093174804
7.092	280.9425	395.484544	41	1.0	0.159432235804
7.0749	280.9491	395.56785	41	1.0	0.0
-3.1585	285.4233	395.655266	5	0.346186229332	0.653813770668
6.9377	280.9204	395.665224	41	0.843032753377	0.156967246623
7.0912	280.918	395.728543	41	1.0	0.406562397427
7.0689	280.9363	395.879496	41	1.0	0.0
7.0388	280.9621	395.942615	41	1.0	0.255161504236
7.2363	280.9356	395.942695	41	1.0	0.0
2.7129	290.4715	397.526933	46	0.652574048963	0.347425951037
-3.2475	285.6753	398.703036	5	0.900650904643	0.0993490953573
-3.1868	285.5706	398.703047	5	1.0	0.0
-3.2707	285.6008	398.766009	5	1.0	0.0
15.8691	282.8075	400.444252	19	1.0	0.173051679834
1.909	291.4038	400.50265	36	0.364803066964	0.635196933036
15.8584	282.789	400.703118	19	1.0	0.200203587513
15.84	282.7981	400.867638	19	1.0	0.0
0.5512	281.5581	401.682474	-1	0.0	0.0331746649918
2.6667	290.3848	403.178012	46	0.660060049062	0.339939950938
-1.1811	282.5219	403.829092	13	0.163642557724	0.836357442276
-3.257	285.6747	404.214917	5	0.91500818125	0.0849918187502
6.5012	280.7277	408.975047	-1	0.0	0.473389058746
7.2225	280.9319	409.006615	41	1.0	0.0107341065743
2.6097	289.1119	409.866306	30	1.0	0.0
-2.1564	290.5143	410.598307	-1	0.0	0.0622536401178
15.201	291.5572	414.370387	-1	0.0	0.451598930747
15.3316	291.6333	414.370478	-1	0.0	0.461228479193
2.6409	290.3995	415.234617	46	1.0	0.0
3.0561	291.7745	415.87228	33	0.992039023487	0.00796097651274
7.0989	280.7448	418.043151	40	0.207719652215	0.792280347785
15.8713	283.1439	418.912771	-1	0.0	0.267389518038
15.6964	283.0976	418.914321	18	0.974239126999	0.0257608730008
5.7681	279.0675	419.533806	7	0.219719251194	0.780280748806
2.8036	289.3168	419.573077	30	1.0	0.106430798522
7.7831	282.044	420.952525	3	1.0	0.0
7.8878	282.0882	420.995846	3	1.0	0.0
8.0016	282.038	420.995907	3	1.0	0.0
15.8059	282.7201	421.564005	19	1.0	0.0835579892091
15.8432	282.7459	421.635815	19	1.0	0.297820171491
15.8169	282.73	421.712096	19	1.0	0.28757561386
15.7795	282.7371	421.784445	19	1.0	0.348831789646
1.8842	291.6626	422.260037	36	1.0	0.0
-2.9671	291.1299	425.054414	15	0.222430764508	0.777569235492
1.4583	285.481	426.6891	12	0.0975034244558	0.902496575544
0.8713	285.4574	426.689112	12	0.775867059436	0.224132940564
-1.2632	288.3055	427.639958	17	0.9494340707	0.0505659292997
-1.2836	288.2949	427.687195	17	1.0	0.0
-1.2772	288.2635	428.102449	17	1.0	0.0
6.7701	280.5717	428.187843	40	0.255216802475	0.744783197525
6.7676	280.5119	428.240771	-1	0.0	0.00194077527817
5.4577	280.4638	428.287494	28	0.650428513081	0.349571486919
2.1304	290.5352	428.79719	43	0.350430540739	0.649569459261
5.3256	280.4176	429.160216	28	0.392435716637	0.607564283363
2.6589	290.4561	436.086891	46	1.0	0.0
6.8918	280.7314	439.972154	40	0.876025417599	0.123974582401
4.1368	288.7117	442.370903	23	0.498304423374	0.501695576626
5.0021	281.2965	447.129538	20	0.63771889677	0.36228110323
4.9128	281.3113	447.294999	20	1.0	0.0
-1.1772	288.2027	448.174577	17	0.808884919982	0.191115080018
-1.1221	288.2288	448.174607	17	0.808884919982	0.191115080018
-1.1713	288.2352	448.225721	17	0.808884919982	0.191115080018
3.168	291.675	459.0547	33	0.990992539282	0.00900746071821
1.7419	289.7807	464.646715	32	1.0	0.0908705378487
6.1428	278.9872	465.927031	7	1.0	0.0
6.4383	279.0281	465.927073	7	0.657952434234	0.342047565766
6.1345	278.9949	465.973435	7	0.970714196199	0.029285803801
6.1572	279.0377	466.015358	7	0.92980205572	0.0701979442796
6.2207	278.9817	466.015409	7	1.0	0.0
-0.5145	281.5259	466.043229	26	1.0	0.0
6.2305	279.2588	466.077414	7	0.21478787591	0.78521212409
0.1229	281.2444	466.110649	-1	0.0	0.105368420915
6.2261	278.9969	466.20172	7	1.0	0.0
5.0082	281.442	467.067262	20	0.532945318326	0.467054681674
2.638	290.4164	468.349505	46	1.0	0.0
1.7741	291.7176	471.720074	36	1.0	0.0
2.001	291.6822	471.720095	36	1.0	0.0
15.6993	283.1154	473.329834	18	0.633455232078	0.366544767922
-0.4296	292.6026	474.895596	22	0.538376613866	0.461623386134
2.6346	290.3941	476.226412	46	1.0	0.0
15.8768	282.7171	477.011987	19	1.0	0.439997950432
6.9747	280.9281	479.597381	41	1.0	0.433704480763
7.1095	280.9393	479.597423	41	1.0	0.333817729304
1.2841	289.7206	479.870465	32	0.728669790027	0.271330209973
7.1351	280.8706	479.98498	41	0.839833040967	0.160166959033
4.967	281.5892	480.290996	20	0.382934119208	0.617065880792
0.9171	285.4578	480.5173	12	0.726115400385	0.273884599615
7.9386	283.9922	481.604721	-1	0.0	0.106078368602
6.5098	280.4782	486.901955	-1	0.0	0.243804280147
6.7987	280.5281	486.902075	40	0.215499911199	0.784500088801
-1.7869	282.3165	487.477814	13	1.0	0.0
3.1511	291.5518	487.872087	33	0.364609309619	0.635390690381
1.4335	289.5557	487.917266	32	1.0	0.0
1.4426	289.5356	487.937375	32	1.0	0.0
-0.4118	292.8482	488.468115	-1	0.0	0.0317794559352
2.116	290.5328	489.615866	43	0.34398670727	0.65601329273
15.8349	282.7106	489.893432	19	1.0	0.285696611854
2.6386	290.4339	491.710548	46	1.0	0.0229075541996
-1.0388	290.46	492.946913	35	1.0	0.0757729819861
4.9154	280.5439	493.703134	27	1.0	0.0
5.3065	280.2924	493.762276	-1	0.0	0.000308437972621
7.0238	280.777	494.740423	40	0.258079558174	0.741920441826
2.6553	290.4479	496.548959	46	1.0	0.0
2.9351	290.4674	496.54898	-1	0.0	0.315595917531
2.5902	290.4436	496.651375	46	1.0	0.0
2.7858	290.4916	496.651405	47	1.0	0.0
2.6057	290.4161	496.725548	46	0.811871562125	0.188128437875
2.6105	290.3966	497.019763	46	0.994256483764	0.00574351623572
2.9225	290.6656	501.521069	42	0.762814904309	0.237185095691
0.8348	290.9556	502.289406	38	0.813427087209	0.186572912791
0.8522	290.9299	502.335709	38	0.967378947086	0.0326210529138
0.8453	290.9561	502.388205	38	1.0	0.0
2.2322	290.3752	502.488356	44	0.823712433293	0.176287566707
2.3533	290.3596	502.522332	44	0.315193628643	0.684806371357
2.2461	290.3637	502.786508	44	0.690735094287	0.309264905713
2.6343	289.0719	502.818859	30	1.0	0.0
2.208	290.3651	502.903764	44	1.0	0.0
3.0093	290.7331	505.706686	42	1.0	0.0
-3.1731	280.6858	511.303652	16	1.0	0.0
6.2815	279.3018	511.314421	7	0.185915705269	0.814084294731
6.6282	279.25	511.314507	7	0.182619898831	0.817380101169
6.1387	279.083	511.369711	7	0.615008620828	0.384991379172
6.3444	278.9829	511.369821	7	0.703561544166	0.296438455834
6.148	279.0251	511.590982	7	1.0	0.0
-1.2701	288.2228	511.820918	17	0.772560020609	0.227439979391
-2.9743	291.2492	513.392965	15	0.222430764508	0.777569235492
2.1922	290.291	518.684102	44	0.267876143843	0.732123856157
2.8296	290.4418	518.684238	-1	0.0	0.279543478289
15.6496	282.8242	520.404761	-1	0.0	0.0109159093162
15.9507	282.8222	520.404957	19	0.852987068063	0.147012931937
15.862	282.8069	520.43636	19	1.0	0.0206022463777
15.4553	283.1018	520.652803	-1	0.0	0.281519507364
15.7677	282.7689	520.677907	19	1.0	0.09823228533
-1.0295	281.048	523.188254	25	0.441878285048	0.558121714952
-0.8914	281.3589	523.203766	26	0.132022217472	0.867977782528
6.8875	280.6897	523.96579	40	1.0	0.0549035206898
7.1211	280.6008	523.965923	-1	0.0	0.0817163909814
6.8802	280.7566	525.817989	40	0.463547965861	0.536452034139
0.01	281.7142	528.268476	26	0.167439661264	0.832560338736
15.3527	291.5563	529.245473	-1	0.0	0.451887452066
0.4401	288.2104	530.427082	-1	0.0	0.0968279874604
7.1285	280.9707	532.2977	41	1.0	0.464560425816
-2.555	282.4184	532.98321	13	0.173204742766	0.826795257234
-2.3925	282.232	532.983247	13	0.26944158458	0.73055841542
2.6323	290.5714	533.628985	45	0.929020693967	0.0709793060333
1.6556	289.7059	534.9325	32	1.0	0.143622470995
1.4376	289.7389	534.932522	32	1.0	0.158996248954
-2.3818	290.3149	538.948511	-1	0.0	0.366762780944
-0.9865	290.5804	539.105684	35	1.0	0.0
-0.9296	290.5768	539.105712	35	1.0	0.0
2.6672	290.4467	539.573263	46	1.0	0.0
2.5921	290.4504	540.256516	46	1.0	0.0621382398137
0.9102	285.4602	542.089021	12	0.746191676248	0.253808323752
1.0563	285.5157	542.089038	12	0.252145355482	0.747854644518
5.2445	287.364	542.273919	6	1.0	0.0
15.9447	282.7384	543.346958	19	1.0	0.0
15.9018	282.7283	543.401193	19	1.0	0.277206064408
6.8766	280.7444	544.319882	40	0.776931432843	0.223068567157
4.0694	288.5616	544.645734	23	0.280628363491	0.719371636509
4.2468	288.5606	544.645751	23	0.271445844093	0.728554155907
-0.4005	292.8888	546.177064	-1	0.0	0.19034959084
2.1185	290.6208	547.08079	43	1.0	0.0
15.7409	283.1071	547.332492	18	0.522493831652	0.477506168348
-1.2757	288.0935	547.714647	17	0.244046585798	0.755953414202
-0.3635	284.4249	554.146045	11	0.37251851034	0.62748148966
-0.673	284.3955	554.252542	11	0.175028463105	0.824971536895
-1.1234	290.2301	562.851974	35	0.772624733893	0.227375266107
2.5811	289.1339	564.276461	30	1.0	0.0
2.6827	289.0817	564.326094	30	1.0	0.0
2.6637	290.4369	566.50273	46	1.0	0.0743717654693
3.0137	291.7723	566.563753	33	0.918974099637	0.0810259003629
0.8619	290.9493	572.766333	38	1.0	0.0
0.8843	290.9488	572.766364	38	0.615960212406	0.384039787594
0.8629	290.933	572.815368	38	0.967378947086	0.0326210529138
0.7394	290.9608	572.859348	38	0.224847702829	0.775152297171
-2.0581	281.3905	572.979983	24	1.0	0.0
4.7622	292.5963	573.372998	9	0.544485571675	0.455514428325
-3.3071	285.562	573.816223	5	1.0	0.0
2.6466	290.4458	577.72796	46	1.0	0.0186367927912
2.6229	290.4555	577.91544	46	0.869435189439	0.130564810561
2.0165	290.6033	578.37306	43	0.398966954371	0.601033045629
6.8806	280.9054	579.973277	41	0.511782659788	0.488217340212
4.896	281.3844	582.140413	20	0.764013683347	0.235986316653
4.8662	281.1986	582.140463	20	0.313217462581	0.686782537419
2.5597	290.4179	584.34026	-1	0.0	0.181043474869
2.554	290.3864	584.419354	-1	0.0	0.400975232319
2.5982	290.4167	584.480554	46	0.674605551149	0.325394448851
2.6077	290.4273	584.561232	46	0.988701684472	0.0112983155284
0.8198	290.9313	585.755359	38	0.518628223413	0.481371776587
7.5766	280.9564	586.692255	-1	0.0	0.0602167241983
-0.1514	284.5205	588.294724	11	0.59736744438	0.40263255562
-1.1553	288.1017	588.490263	17	0.246224853619	0.753775146381
6.2342	287.8636	595.506929	6	0.200281389094	0.799718610906
6.2161	287.9092	595.582985	6	0.192913021466	0.807086978534
-0.5062	283.2652	597.430515	13	0.117642820378	0.882357179622
-0.8462	289.9171	598.184626	35	1.0	0.475756115465
6.9131	280.7281	599.598456	40	0.994097523299	0.00590247670073
7.0089	280.7845	599.668675	40	0.220861668621	0.779138331379
6.8607	280.7333	599.702238	40	0.70139106432	0.29860893568
6.822	280.7612	599.734985	40	0.363731556266	0.636268443734
6.9374	280.7367	599.735055	40	0.783640396069	0.216359603931
