-19.8106	218.9148	-2.5e-05	7	0.792911511964	0.207088488036
-17.0029	210.8811	-585.894148	29	0.586912030079	0.413087969921
-17.1199	210.7742	-585.822828	-1	0.0	0.212767616544
-16.4442	211.3606	-585.721224	-1	0.0	0.0107374704417
-20.1949	217.8326	-576.627277	1	0.732325939115	0.267674060885
-20.404	217.5117	-576.595639	-1	0.0	0.0675159881961
-17.4889	212.0116	-575.32864	-1	0.0	0.0523803837161
-17.4729	211.8372	-575.328634	21	0.937341025371	0.0626589746294
-17.4854	211.8568	-575.326631	21	1.0	0.0
-17.0373	210.8713	-560.91707	29	0.671497427823	0.328502572177
-16.5365	211.3001	-560.916845	-1	0.0	0.742750651232
-15.8089	212.2685	-560.763269	-1	0.0	0.104065653146
-17.0558	210.8821	-560.571242	29	0.619819999884	0.380180000116
-15.8064	210.8965	-557.983194	19	0.637557261251	0.362442738749
-15.688	211.1009	-557.983142	19	1.0	0.0
-15.4973	211.4866	-557.983002	-1	0.0	0.104872241254
-15.821	213.8129	-546.364347	-1	0.0	0.315278169099
-16.3761	213.2212	-546.335162	18	0.317737760279	0.682262239721
-16.2289	213.353	-546.335069	18	0.322774451156	0.677225548844
-15.986	213.6925	-546.310451	-1	0.0	0.0197053434534
-16.1816	213.348	-546.083954	18	0.317737760279	0.682262239721
-20.1558	216.5945	-543.905001	0	1.0	0.0
-19.9975	216.7012	-543.904899	0	1.0	0.0
-20.1254	216.5472	-543.820041	0	1.0	0.0
-20.208	216.5217	-543.799594	0	1.0	0.0
-19.9586	216.7071	-543.750304	0	0.920528921581	0.0794710784186
-15.3371	209.332	-538.752093	11	0.276924287057	0.723075712943
-16.4159	212.105	-536.656015	27	0.586490758748	0.413509241252
-15.8367	212.5394	-536.65571	-1	0.0	0.127988060148
-16.1115	212.3173	-536.626798	25	0.970837259912	0.0291627400884
-16.3626	212.0564	-536.607207	27	0.750600199929	0.249399800071
-16.2343	212.2105	-536.565378	-1	0.0	0.230226352253
-16.4223	212.1171	-536.431042	27	0.586490758748	0.413509241252
-16.2275	208.9833	-530.022749	15	1.0	0.0
-16.2087	209.0493	-529.689841	15	0.774010125623	0.225989874377
-16.1954	208.9635	-529.381824	15	0.936075794214	0.0639242057858
-16.3476	209.074	-528.906547	15	0.312959313939	0.687040686061
-16.9229	220.2014	-528.284092	-1	0.0	0.684388428847
-19.8372	218.9014	-528.061475	7	1.0	0.0
-20.0962	218.7094	-527.926863	-1	0.0	0.151472364875
-19.7991	219.0123	-527.425121	5	0.696568502847	0.303431497153
-19.7629	218.9634	-527.239758	5	0.696568502847	0.303431497153
-14.1303	211.3615	-526.679832	3	0.147366618655	0.852633381345
-14.1009	211.2387	-526.581498	3	1.0	0.0
-13.4684	211.7634	-526.581128	-1	0.0	0.371797646005
-17.4772	211.693	-526.499937	22	1.0	0.0
-17.4706	211.8924	-526.499935	21	0.851480592697	0.148519407303
-17.483	211.891	-526.410627	21	0.959741010951	0.0402589890492
-17.319	212.2035	-525.486255	20	0.252852250903	0.747147749097
-17.035	210.8373	-521.330738	29	1.0	0.0
-17.0111	210.8187	-521.287157	29	1.0	0.0540246964453
-17.0463	210.8832	-520.649786	29	0.608082805713	0.391917194287
-17.0677	210.9879	-520.623217	-1	0.0	0.190071536237
-17.0684	210.9475	-520.508574	-1	0.0	0.190071536237
-17.0023	210.6118	-520.45095	-1	0.0	0.492392706392
-17.0157	210.7675	-520.415592	29	1.0	0.0
-19.7549	219.1238	-513.508978	5	1.0	0.0
-15.8394	211.5698	-511.680904	-1	0.0	0.032265525305
-15.8856	210.7964	-511.611579	23	0.490883747771	0.509116252229
-17.2338	211.1003	-508.911644	-1	0.0	0.716128428946
-16.513	211.7901	-508.911293	26	0.648013685588	0.351986314412
-16.1933	212.2727	-505.474279	-1	0.0	0.0123192735681
-15.8874	212.9664	-505.474097	18	0.975680033246	0.0243199667541
-16.525	211.0659	-501.217576	-1	0.0	0.0790017568818
-13.6464	210.5773	-498.290979	-1	0.0	0.177681633792
-16.3512	211.9924	-496.898234	27	0.452946791295	0.547053208705
-15.8102	212.6335	-496.879859	-1	0.0	0.0316722179291
-16.4421	212.0779	-496.803873	27	0.536263355637	0.463736644363
-16.4308	212.1797	-496.754308	27	0.268689182757	0.731310817243
-17.2543	210.229	-494.263899	12	1.0	0.0
-17.0052	210.8671	-494.214026	29	0.791799046493	0.208200953507
-16.9966	210.8327	-494.110496	29	0.875070668643	0.124929331357
-15.205	211.2131	-484.936513	-1	0.0	0.101204305087
-15.1374	208.9372	-481.147589	11	1.0	0.0
-15.2433	208.6747	-480.849504	6	0.638794135771	0.361205864229
-16.6152	208.2567	-476.905834	-1	0.0	0.0707304091931
-16.1654	208.4948	-457.956458	14	1.0	0.0
-16.196	208.5504	-457.956415	14	0.97826940445	0.0217305955503
-15.9957	208.7989	-457.956325	15	0.14504088693	0.85495911307
-16.0347	208.295	-457.625042	-1	0.0	0.0247080172078
-19.8482	218.9449	-456.045435	-1	0.0	0.066004899574
-16.2349	209.0053	-451.998313	15	1.0	0.310812791583
-16.2606	208.6306	-451.924251	14	0.800874294978	0.199125705022
-16.9959	210.7876	-447.335462	29	1.0	0.0
-17.1427	210.973	-447.29522	-1	0.0	0.247963555423
-17.275	211.806	-438.734449	-1	0.0	0.0781725428108
-16.3725	212.0593	-438.056473	27	0.938905854775	0.0610941452251
-16.409	212.1242	-438.008352	27	0.443519102926	0.556480897074
-16.2881	212.1396	-437.980297	27	0.144794261729	0.855205738271
-16.3766	211.8017	-437.936715	-1	0.0	0.277741934336
-16.3946	212.1532	-437.936689	27	0.288746964329	0.711253035671
-16.3718	212.0662	-437.885133	27	0.860791182044	0.139208817956
-17.5104	211.8884	-434.03116	21	1.0	0.0
-17.4919	211.866	-433.964145	21	1.0	0.0
-17.571	211.967	-433.884886	21	0.287977515007	0.712022484993
-19.3955	208.5902	-433.845749	-1	0.0	0.695943275985
-16.8797	212.3186	-433.844711	-1	0.0	0.373513496001
-17.4685	211.9134	-433.759993	21	0.733441266216	0.266558733784
-17.4748	211.9323	-433.569273	21	0.511682262576	0.488317737424
-13.6329	210.5902	-431.017405	-1	0.0	0.195097291513
-20.1596	216.5933	-429.503391	0	1.0	0.0
-16.6548	211.1868	-420.42181	-1	0.0	0.734723169854
-15.8444	211.1262	-412.126867	19	1.0	0.0
-15.18	210.766	-404.239411	10	0.595517110275	0.404482889725
-15.2011	210.7901	-404.23523	10	0.794105437253	0.205894562747
-15.2323	210.7455	-404.075915	10	0.652558327118	0.347441672882
-14.1118	210.9583	-395.424848	3	0.0867760233963	0.913223976604
-14.1151	211.2744	-395.42482	3	0.837952194219	0.162047805781
-14.1428	211.2598	-395.353654	3	1.0	0.0
-14.1629	210.9976	-395.302989	3	0.0823642609938	0.917635739006
-14.165	211.22	-395.240679	3	0.786145921628	0.213854078372
-15.4004	209.9716	-385.137599	17	1.0	0.0
-15.4227	209.9193	-384.856835	17	0.747958299399	0.252041700601
-19.8913	218.8367	-377.421968	-1	0.0	0.106109744555
-19.5861	218.9035	-377.421827	-1	0.0	0.166137564791
-19.8088	218.8536	-377.393361	8	1.0	0.0
-19.8043	218.8469	-377.362136	8	1.0	0.0
-20.8686	217.8669	-377.305277	-1	0.0	0.551212571973
-19.8168	218.8904	-377.304562	7	1.0	0.0
-20.4416	218.4324	-377.124703	2	0.124568634462	0.875431365538
-20.3452	218.6802	-377.124593	2	0.136188044989	0.863811955011
-20.3705	218.6696	-377.052665	2	0.136188044989	0.863811955011
-20.4964	218.4756	-377.00907	2	0.101705301113	0.898294698887
-20.3565	218.6791	-376.967454	2	0.136188044989	0.863811955011
-20.5918	218.2363	-376.893673	-1	0.0	0.176173468496
-20.5383	218.4107	-376.841132	2	0.080279171072	0.919720828928
-18.5294	210.0705	-368.21481	-1	0.0	0.46072941582
-17.1047	211.0018	-368.214203	-1	0.0	0.190071536237
-17.6713	211.4293	-364.845285	-1	0.0	0.476788713659
-16.0864	208.5527	-363.186501	14	0.786939299055	0.213060700945
-16.2283	208.9745	-360.508076	15	1.0	0.0
-16.0475	209.0173	-360.507995	15	0.234909400388	0.765090599612
-15.8752	209.3635	-360.486076	16	1.0	0.0
-16.3447	209.0734	-360.429562	15	0.321164047605	0.678835952395
-16.3271	208.4708	-360.422297	14	1.0	0.0
-15.8418	209.3668	-360.377589	16	1.0	0.0
-16.2243	208.9831	-360.335304	15	1.0	0.0
-16.2702	209.0361	-360.278336	15	1.0	0.0
-16.2454	208.9961	-359.895111	15	1.0	0.230278474717
-16.2348	208.9883	-359.864499	15	1.0	0.0
-16.3289	208.9288	-359.579631	15	0.330171460412	0.669828539588
-17.0289	210.8369	-358.829017	29	1.0	0.0837989885583
-17.0292	210.9033	-358.702009	29	0.527590753138	0.472409246862
-16.9404	210.8609	-358.441256	29	0.42970093935	0.57029906065
-16.9618	210.7533	-358.262245	29	0.778103885816	0.221896114184
-17.0043	210.7871	-357.901896	29	1.0	0.0
-17.0991	210.7299	-357.578628	-1	0.0	0.339692963074
-17.0243	210.6657	-357.533412	-1	0.0	0.0966549976324
-14.1384	211.2987	-356.686902	3	0.395822220283	0.604177779717
-16.067	210.716	-353.924946	23	1.0	0.0
-16.0401	210.8205	-353.924899	23	0.594657314692	0.405342685308
-16.0841	210.7645	-353.804798	23	1.0	0.0
-15.7272	211.0358	-353.769062	19	1.0	0.0
-15.9714	212.996	-353.657407	18	1.0	0.0
-15.99	212.9772	-353.641742	18	1.0	0.0
-16.0162	213.0269	-353.470177	18	0.706283117506	0.293716882494
-15.8488	212.8205	-353.470133	18	0.33725454753	0.66274545247
-15.6734	213.1917	-353.410642	9	0.9134424743	0.0865575256997
-15.4547	211.9848	-351.474936	-1	0.0	0.242075158066
-15.1686	209.01	-336.86538	11	0.818218767387	0.181781232613
-19.918	218.6393	-324.088389	4	1.0	0.0
-19.749	218.8837	-324.088248	-1	0.0	0.075193128119
-19.7226	218.792	-324.043713	-1	0.0	0.0629503887523
-19.8437	218.8228	-323.854237	8	0.702671699816	0.297328300184
-19.842	218.8436	-323.852114	8	0.998762451929	0.00123754807068
-17.2508	208.1804	-323.756429	-1	0.0	0.323083605602
-15.3301	210.6651	-323.006226	10	0.32421158871	0.67578841129
-15.1754	210.8145	-323.006157	10	0.794105437253	0.205894562747
-16.9784	210.8198	-314.640629	29	0.728444706185	0.271555293815
-16.9885	210.7904	-314.62311	29	1.0	0.0
-17.0081	210.8093	-314.563686	29	1.0	0.0
-17.0087	210.807	-314.502049	29	1.0	0.0
-16.9931	210.7964	-314.471876	29	1.0	0.255699943827
-17.0227	210.8529	-314.176082	29	0.792752645578	0.207247354422
-17.0862	210.8675	-313.881789	29	0.512328618926	0.487671381074
-17.0045	210.9294	-313.345164	-1	0.0	0.221007892604
-16.3311	212.017	-313.344789	27	0.423521798925	0.576478201075
-17.0547	211.0064	-313.297736	-1	0.0	0.338019374963
-16.959	210.8838	-313.219761	29	0.537464021224	0.462535978776
-16.4929	211.6961	-312.446202	26	0.65067051131	0.34932948869
-16.5123	211.7193	-311.954647	26	0.648013685588	0.351986314412
-15.3413	209.7955	-311.814886	17	0.540404330322	0.459595669678
-20.0729	218.5639	-310.680845	-1	0.0	0.104319161403
-16.7435	220.2239	-310.678572	-1	0.0	0.70138861912
-19.8228	218.8912	-291.363052	7	1.0	0.0
-19.7853	218.8371	-291.271791	8	1.0	0.0
-17.0189	210.8235	-288.672419	29	1.0	0.0
-17.0585	210.8885	-288.605211	29	0.627973466473	0.372026533527
-16.7708	210.8882	-288.548269	-1	0.0	0.531611418479
-17.0392	210.8458	-288.464794	29	0.81291369666	0.18708630334
-15.1685	211.09	-285.776239	10	0.170800352844	0.829199647156
-14.255	211.0407	-285.471074	3	0.0891283106332	0.910871689367
-14.1183	211.1576	-285.470999	3	0.237607752562	0.762392247438
-14.1327	211.2276	-285.345143	3	1.0	0.0
-13.9663	211.249	-285.277815	3	0.200594073081	0.799405926919
-12.7495	212.3018	-285.277028	-1	0.0	0.558517063671
-14.1577	211.2624	-285.18375	3	0.839166219286	0.160833780714
-14.1385	211.2047	-285.132632	3	0.714036215628	0.285963784372
-15.9389	212.9709	-283.240573	18	1.0	0.0
-16.4933	212.1739	-283.184611	27	0.279468913583	0.720531086417
-17.4797	211.8572	-281.324018	21	1.0	0.0
-20.0138	218.5633	-256.985923	4	0.890790848598	0.109209151402
-20.3659	218.0657	-255.214622	1	0.622977148098	0.377022851902
-20.613	218.1458	-251.93227	1	0.323805188827	0.676194811173
-20.3639	218.7205	-251.932015	2	0.0945677957202	0.90543220428
-16.1484	212.4207	-247.67769	25	1.0	0.0
-17.0312	210.8255	-245.33793	29	1.0	0.127817213477
-16.3815	211.5523	-245.30306	-1	0.0	0.0676428869975
-17.6448	210.378	-245.281034	-1	0.0	0.151012978946
-16.2296	211.3488	-244.6354	24	0.567255514176	0.432744485824
-16.7441	210.6109	-231.758062	-1	0.0	0.722470271095
-16.4101	211.0357	-231.757891	-1	0.0	0.00429070983832
-16.4612	208.5308	-218.623317	14	0.780141940276	0.219858059724
-16.1762	208.9842	-218.623206	15	0.77808643679	0.22191356321
-16.2213	208.9946	-218.569195	15	1.0	0.161740794683
-16.3074	208.6585	-218.264402	14	0.800874294978	0.199125705022
-20.3184	218.1205	-216.585141	1	0.493247936133	0.506752063867
-19.832	219.1888	-216.58462	-1	0.0	0.316049692868
-19.8658	218.7928	-212.604747	-1	0.0	0.25329003996
-19.3123	219.1784	-212.597823	-1	0.0	0.27792136247
-19.7669	218.8323	-212.351831	8	0.947310876255	0.0526891237449
-15.2126	210.7695	-211.633598	10	0.794105437253	0.205894562747
-15.2483	210.8278	-211.609839	10	1.0	0.0
-15.7705	211.0988	-208.259657	19	1.0	0.0
-15.7916	211.0673	-208.200731	19	1.0	0.0
-17.1132	211.41	-198.55539	-1	0.0	0.0110112959275
-17.0241	211.6067	-198.55534	-1	0.0	0.102166792356
-17.0084	210.8554	-194.327391	29	0.625603256953	0.374396743047
-17.1335	210.6029	-194.289341	-1	0.0	0.670406240341
-16.9239	210.8403	-194.266908	-1	0.0	0.0137107141678
-16.8909	211.117	-194.220183	-1	0.0	0.731010047886
-16.7519	210.8798	-194.220125	-1	0.0	0.596639929366
-16.9896	210.8237	-193.708401	29	1.0	0.225434254094
-20.3102	217.9612	-190.952984	1	1.0	0.0
-15.3682	213.1886	-183.510815	9	1.0	0.0
-16.1221	208.5241	-177.476291	14	1.0	0.0
-14.3702	210.8554	-176.167814	3	0.0753230976379	0.924676902362
-15.2302	212.4322	-176.105044	-1	0.0	0.249420193056
-15.0607	212.8368	-176.104909	9	0.730673684873	0.269326315127
-14.9809	212.8508	-175.985803	-1	0.0	0.000401824594633
-14.1251	211.2577	-169.120045	3	1.0	0.0
-14.1157	211.2512	-169.017036	3	1.0	0.0
-14.1017	211.2343	-168.988659	3	0.87598650976	0.12401349024
-14.1309	211.2619	-168.952584	3	1.0	0.0
-20.2422	217.8773	-165.815168	1	1.0	0.167884718248
-19.8561	219.1335	-158.964558	5	0.702709646309	0.297290353691
-19.8136	219.1609	-158.905126	5	0.760782622606	0.239217377394
-19.6338	219.0976	-158.90507	-1	0.0	0.243728161515
-19.8011	219.1446	-158.877268	5	1.0	0.107612556417
-19.399	219.2826	-158.877042	-1	0.0	0.437696826328
-20.028	218.7911	-158.85557	-1	0.0	0.411194623507
-19.5942	219.1868	-158.855245	-1	0.0	0.101998419435
-19.763	219.121	-158.824013	5	1.0	0.0
-19.7753	219.104	-158.78519	5	1.0	0.0
-16.3871	212.0709	-157.916123	27	0.937781826616	0.0622181733838
-16.4175	212.0579	-157.883191	27	0.901507118237	0.0984928817626
-16.2295	209.0988	-152.069799	15	0.287896504346	0.712103495654
-16.0145	209.1795	-152.069691	-1	0.0	0.00407342823668
-15.5908	209.4643	-152.029412	-1	0.0	0.00941914387592
-16.0392	209.1422	-152.028241	15	0.160439742025	0.839560257975
-16.2513	208.9775	-151.966348	15	1.0	0.212063586784
-16.2397	209.0338	-151.913068	15	1.0	0.0
-16.2607	209.0347	-151.281745	15	1.0	0.0
-20.0349	218.5866	-150.734748	4	1.0	0.0
-17.5225	211.8386	-140.808229	21	0.83935747208	0.16064252792
-17.265	212.0162	-140.771857	-1	0.0	0.0618169315495
-17.5042	211.8277	-140.18828	21	0.758618798555	0.241381201445
-15.2538	210.732	-139.378771	10	0.492234065421	0.507765934579
-17.0366	210.8294	-126.976072	29	1.0	0.0
-16.9881	210.7546	-126.439647	29	1.0	0.0
-16.7629	211.0684	-126.329165	-1	0.0	0.573562857957
-16.9034	211.023	-125.946489	-1	0.0	0.564354221952
-18.6349	208.3948	-125.944832	-1	0.0	0.492770477808
-16.3334	211.5377	-125.919435	24	0.332371209234	0.667628790766
-17.0654	210.9156	-125.897398	29	0.394966051213	0.605033948787
-20.2949	217.9715	-123.574378	1	1.0	0.0
-15.95	212.9301	-116.857919	18	1.0	0.0
-20.1612	218.4196	-101.567224	2	0.1468491107	0.8531508893
-19.8206	219.0281	-100.838099	5	1.0	0.0
-16.3151	212.0771	-96.793103	27	0.264678659785	0.735321340215
-16.4984	212.206	-96.744329	27	0.169980954243	0.830019045757
-17.5059	210.1907	-96.704855	12	0.882098276809	0.117901723191
-16.4212	212.112	-96.70432	27	0.586490758748	0.413509241252
-16.0256	212.6331	-96.676838	-1	0.0	0.00914771704419
-16.3948	212.0669	-96.608426	27	0.950368196149	0.0496318038506
-16.1753	208.4773	-91.907681	14	0.942434702747	0.0575652972528
-14.9962	212.7274	-89.103109	-1	0.0	0.0216827277634
-17.0497	210.7748	-87.688243	29	0.695996796365	0.304003203635
-17.005	210.7723	-87.610323	29	1.0	0.0
-17.3078	210.5385	-86.840822	12	0.83822733977	0.16177266023
-15.2212	208.9659	-74.100514	11	1.0	0.0
-15.1547	209.1695	-73.978797	11	0.276924287057	0.723075712943
-14.1356	211.2198	-66.668785	3	1.0	0.0
-14.1983	210.7955	-66.610549	3	0.0636878951178	0.936312104882
-14.0972	211.1835	-66.610466	3	0.424117787544	0.575882212456
-14.1449	211.23	-66.4022	3	1.0	0.0
-14.0316	211.4754	-66.342987	3	0.0718041048309	0.928195895169
-13.6887	211.9485	-66.28379	-1	0.0	0.345787934923
-14.4203	210.5267	-66.237125	-1	0.0	0.0693885611354
-14.1088	211.2754	-66.187432	3	0.725830881615	0.274169118385
-14.1384	211.2622	-66.062824	3	1.0	0.0
-15.3696	209.8565	-65.885637	17	0.584204214728	0.415795785272
-15.706	209.307	-65.875955	16	0.960668852424	0.039331147576
-13.407	211.7457	-65.795001	-1	0.0	0.382765223999
-14.1289	211.2192	-65.72744	3	1.0	0.0
-15.209	210.838	-61.253764	10	1.0	0.0
-16.2879	213.3903	-59.990151	-1	0.0	0.0851370687936
-16.0545	210.7511	-54.460192	23	1.0	0.0
-16.2173	208.936	-51.143525	15	1.0	0.0
-16.2244	208.967	-50.982933	15	1.0	0.118608412337
-15.9939	209.0511	-50.98283	15	0.199093826143	0.800906173857
-16.4163	208.488	-50.942586	14	1.0	0.0
-16.202	208.9707	-50.898655	15	1.0	0.273076566951
-16.3704	208.4368	-50.854073	14	0.914213001096	0.0857869989042
-16.2058	209.0639	-50.853993	15	0.50660637503	0.49339362497
-16.1131	208.8755	-50.799322	15	0.405108101627	0.594891898373
-16.1487	208.9179	-50.404608	15	0.660916794149	0.339083205851
-16.283	208.7194	-50.348885	14	0.722678974161	0.277321025839
-16.1379	208.8854	-50.348812	15	0.568370807457	0.431629192543
-15.4074	209.9152	-50.176793	17	0.728780886194	0.271219113806
-19.7223	219.1096	-48.808606	5	1.0	0.0
-19.8135	218.8339	-48.225503	8	1.0	0.0
-20.1708	218.1533	-48.183122	-1	0.0	0.0732901407135
-20.394	217.7448	-44.750898	1	0.308096570014	0.691903429986
-17.0007	210.7854	-24.879582	29	1.0	0.0
-17.0271	210.7727	-24.826949	29	1.0	0.0
-15.3915	212.9807	-19.531571	9	0.785842720517	0.214157279483
-15.3804	213.0967	-19.531557	9	1.0	0.0
-15.3698	213.2364	-19.275151	9	1.0	0.0
-16.5146	211.886	-15.46126	26	1.0	0.0
-16.386	212.0536	-15.461182	27	0.72025386838	0.27974613162
-16.8805	211.0488	-15.443049	-1	0.0	0.560133986782
-16.3465	212.0119	-15.42908	27	0.481615854288	0.518384145712
-15.9255	212.4957	-15.428848	25	1.0	0.0
-15.9334	212.4939	-15.400933	25	1.0	0.0
-16.4284	212.0761	-15.362818	27	0.889569349876	0.110430650124
-20.3391	217.9716	-8.544646	1	1.0	0.0598251820192
-14.5293	210.6412	-6.278918	-1	0.0	0.0756388571959
-15.021	210.3519	-5.882693	13	0.541217101946	0.458782898054
-19.8106	218.9148	-2.5e-05	7	0.792911511964	0.207088488036
-17.0101	210.8277	3.970683	29	1.0	0.0
-16.8998	210.6312	4.027954	-1	0.0	0.456245768333
-16.0469	211.465	4.028392	24	0.746571416872	0.253428583128
-16.1398	211.7094	4.058304	-1	0.0	0.111953381236
-16.983	210.7746	4.168503	29	0.913195773677	0.0868042263226
-15.2554	210.7822	7.800348	10	0.595517110275	0.404482889725
-15.229	210.8507	7.941149	10	1.0	0.0
-15.2504	210.8512	8.150799	10	1.0	0.0
-14.8887	211.0922	8.208493	10	0.123637460134	0.876362539866
-15.2245	210.9107	8.351658	10	0.505890503913	0.494109496087
-14.8879	211.1146	8.44794	10	0.131449457727	0.868550542273
-15.2812	210.878	8.467405	10	0.655465461392	0.344534538608
-16.2295	208.9529	13.813082	15	1.0	0.461160940813
-16.1858	208.9493	14.172688	15	0.898351251221	0.101648748779
-15.6769	209.4609	14.172929	16	1.0	0.0
-19.7565	219.1094	15.562173	5	1.0	0.0
-20.2694	217.8629	20.654212	1	1.0	0.221918806608
-14.1032	211.2127	33.425901	3	0.736676967582	0.263323032418
-14.0945	211.218	33.425947	3	0.752669047734	0.247330952266
-14.0022	211.2852	33.446229	3	0.216384315342	0.783615684658
-14.1107	211.2397	33.499119	3	1.0	0.0
-14.1239	211.2302	33.530406	3	1.0	0.0
-16.7529	212.3526	34.166806	-1	0.0	0.0039130704508
-16.4082	212.0769	39.147792	27	0.974773979767	0.0252260202326
-16.4296	211.6448	39.14802	-1	0.0	0.186129709401
-16.4196	212.0891	39.215014	27	1.0	0.0
-14.9998	212.7621	42.294044	-1	0.0	0.0161566490676
-16.7815	210.9808	42.406309	-1	0.0	0.560133986782
-17.0909	210.376	42.487533	12	0.963260841265	0.0367391587347
-17.0387	210.8153	42.545463	29	1.0	0.278380085409
-19.7534	219.0693	42.725751	5	1.0	0.0
-20.303	217.9712	43.063959	1	1.0	0.0
-16.9463	210.8908	43.485122	29	0.429469208995	0.570530791005
-19.8143	218.9037	54.700085	7	1.0	0.0
-19.8585	218.9363	54.724897	7	0.463519865101	0.536480134899
-18.9704	219.2746	54.725428	-1	0.0	0.633736785789
-19.817	218.891	54.748578	7	1.0	0.0
-19.8157	218.9219	54.773349	7	0.658099212454	0.341900787546
-19.8062	218.837	54.815681	8	1.0	0.0
-16.3067	212.0419	58.618009	27	0.294924448515	0.705075551485
-16.4109	212.0855	58.646064	27	1.0	0.0
-16.3849	212.0379	58.706903	27	0.620751850842	0.379248149158
-16.3676	212.0393	58.814693	27	0.80273109654	0.19726890346
-16.0741	211.4067	66.066344	24	0.784056284138	0.215943715862
-17.1113	211.0203	70.006908	-1	0.0	0.247963555423
-16.9844	210.7463	70.079799	29	0.973804152266	0.0261958477344
-17.0296	210.7828	70.1413	29	1.0	0.380449125616
-17.7042	208.8394	74.231234	-1	0.0	0.489651393369
-16.9554	210.161	74.257646	-1	0.0	0.127783594264
-16.5148	210.8291	74.257864	-1	0.0	0.000556471498203
-15.427	212.3634	76.932323	-1	0.0	0.0956218032725
-15.2071	208.9496	77.641779	11	1.0	0.0
-15.2159	208.9235	77.767979	11	1.0	0.0
-20.2968	217.7525	79.018303	1	0.388395284762	0.611604715238
-20.3193	217.9947	79.018338	1	1.0	0.26801682818
-20.3319	218.0446	79.06073	1	0.629402838742	0.370597161258
-20.3131	217.9857	79.077267	1	1.0	0.0
-16.3968	212.0526	88.141233	27	0.901507118237	0.0984928817626
-16.4108	212.0568	88.190209	27	0.901507118237	0.0984928817626
-17.2615	210.3255	91.082627	12	1.0	0.0
-17.015	210.7904	91.082735	29	1.0	0.0905502568404
-20.435	218.3646	95.636568	2	0.117709495225	0.882290504775
-20.3459	218.5081	95.636637	2	1.0	0.0
-16.124	211.3574	104.630443	24	1.0	0.0
-19.5775	218.7403	109.815074	-1	0.0	0.187070778798
-19.8567	219.0589	114.879213	5	0.851538765341	0.148461234659
-19.5668	219.0692	114.950819	-1	0.0	0.470027800841
-15.5448	210.0569	116.530981	17	0.298142182575	0.701857817425
-15.3009	210.0781	116.531086	17	0.337696928079	0.662303071921
-15.2091	210.2775	119.844945	13	1.0	0.0
-16.4048	212.0748	120.2733	27	0.992419486376	0.00758051362389
-15.9718	212.289	120.273536	-1	0.0	0.0529219385926
-16.4226	212.145	120.301397	27	0.336689385867	0.663310614133
-16.0384	212.421	120.3016	25	1.0	0.0
-16.4945	211.7666	120.333376	26	0.65067051131	0.34932948869
-15.487	212.7416	120.368381	-1	0.0	0.00950687277656
-16.3626	212.0488	120.400835	27	0.80273109654	0.19726890346
-16.726	211.357	120.44229	-1	0.0	0.000248490892464
-16.5619	211.696	120.491324	-1	0.0	0.0916898636973
-16.4146	212.0887	120.491425	27	1.0	0.0
-15.9843	212.9559	124.003114	18	1.0	0.0
-13.9586	214.3095	124.011652	-1	0.0	0.727725853928
-16.2676	210.8233	128.002821	23	0.449202874947	0.550797125053
-16.0744	211.3325	128.0628	24	0.809650048774	0.190349951226
-15.3612	213.1175	135.923437	9	1.0	0.0
-16.2184	208.9941	142.715664	15	1.0	0.157001982521
-16.2101	208.9834	142.891391	15	1.0	0.157001982521
-16.1606	208.8955	142.928991	15	0.732070205286	0.267929794714
-15.9608	209.3119	143.053871	16	0.960668852424	0.039331147576
-16.1713	208.9167	143.383036	15	0.855331620109	0.144668379891
-15.4909	210.4078	145.70233	-1	0.0	0.0392576692484
-15.2204	210.836	145.702495	10	1.0	0.0
-16.5689	211.8523	152.823356	26	1.0	0.0
-16.546	211.8639	152.868592	26	1.0	0.0
-16.5862	211.8907	152.907099	26	1.0	0.0
-16.5194	211.977	152.907204	27	0.120423963095	0.879576036905
-16.4359	212.0207	152.981354	27	0.310242859446	0.689757140554
-17.5075	211.8666	153.910124	21	1.0	0.0
-15.5832	208.2346	157.128791	-1	0.0	0.0253296336861
-15.1736	208.9498	157.129011	11	1.0	0.0
-16.1132	211.3385	166.108655	24	1.0	0.0
-16.1341	211.3307	166.147882	24	0.80431728807	0.19568271193
-14.1703	212.1453	167.367706	-1	0.0	0.371797646005
-16.08	210.7042	167.763788	23	0.991154881469	0.00884511853143
-19.7627	218.823	169.699807	8	0.750351627515	0.249648372485
-17.0132	210.8135	171.805008	29	1.0	0.0
-16.8728	210.8517	171.805074	-1	0.0	0.320024402271
-17.0154	210.7882	171.903105	29	1.0	0.108952382838
-16.992	210.7668	171.992179	29	1.0	0.0
-17.021	210.8104	172.095633	29	1.0	0.0
-17.0231	210.8057	172.199318	29	1.0	0.0
-17.5844	209.9743	172.684048	-1	0.0	0.204479664257
-16.9874	210.88	172.995246	29	0.556099283428	0.443900716572
-16.1993	208.3128	175.559483	-1	0.0	0.124143971054
-16.2156	208.1611	175.574816	-1	0.0	0.124143971054
-16.2825	208.0937	176.083733	-1	0.0	0.0776879853964
-16.3161	208.0988	176.31591	-1	0.0	0.0707304091931
-15.545	209.7436	182.785785	17	0.366967860967	0.633032139033
-15.1257	209.717	182.785868	-1	0.0	0.113693259513
-15.3544	209.9628	182.855321	17	1.0	0.0
-15.3696	209.9775	182.864051	17	1.0	0.0
-15.3351	210.1512	184.217653	13	0.461555099084	0.538444900916
-15.1815	210.283	184.217726	13	1.0	0.0
-15.2043	210.3188	184.220234	13	1.0	0.0
-16.3698	212.0418	185.258159	27	0.80273109654	0.19726890346
-16.3306	211.9989	185.310228	27	0.481615854288	0.518384145712
-16.0116	212.4123	185.310419	25	1.0	0.0
-16.3948	212.0255	185.351187	27	0.481615854288	0.518384145712
-14.2783	215.0616	185.48674	-1	0.0	0.805507299409
-18.1992	210.8721	202.447357	-1	0.0	0.412294114523
-17.7338	211.6054	202.447603	-1	0.0	0.476788713659
-20.3355	218.5398	203.256419	2	0.519044779861	0.480955220139
-20.6317	218.0729	203.71787	-1	0.0	0.111742391996
-20.3457	218.5414	203.718114	2	0.395706200822	0.604293799178
-20.3472	218.5045	203.765465	2	1.0	0.0
-20.6606	218.5993	203.784459	-1	0.0	0.255302708697
-20.3298	218.4089	203.784562	2	0.135533191867	0.864466808133
-16.2118	211.525	209.584703	24	0.408743722111	0.591256277889
-17.3792	209.1145	209.630613	-1	0.0	0.3816856689
-19.7818	219.0097	223.439212	5	0.772548679584	0.227451320416
-19.7811	219.0436	223.504479	5	1.0	0.0
-19.7773	219.0673	223.553071	5	1.0	0.0
-20.0982	218.4399	223.57816	2	0.0960436106057	0.903956389394
-19.7885	219.0666	223.578478	5	1.0	0.0
-19.952	218.811	223.612394	-1	0.0	0.105447922366
-19.6646	219.0174	223.612581	-1	0.0	0.266603256575
-19.8248	219.0744	223.889447	5	0.956185112632	0.0438148873681
-13.6168	210.4638	224.024045	-1	0.0	0.260652809945
-20.3467	217.87	232.424733	1	0.992326811339	0.00767318866066
-15.4517	209.8579	239.208412	17	0.520434218756	0.479565781244
-15.3888	209.9387	239.481898	17	1.0	0.0
-17.0299	210.7962	241.089808	29	0.998210820287	0.00178917971313
-16.9141	210.7132	241.13783	-1	0.0	0.0799650327306
-17.0255	210.8304	241.215857	29	1.0	0.0
-16.8986	210.9211	241.215897	-1	0.0	0.327891804994
-17.1736	212.3704	242.616565	-1	0.0	0.36317178635
-17.1456	212.2244	242.616572	20	0.498277125912	0.501722874088
-18.8638	208.7222	243.755379	-1	0.0	0.613869400044
-16.7177	211.5851	243.756311	-1	0.0	0.096988150493
-15.8969	209.0364	244.412381	15	0.140812627768	0.859187372232
-16.2438	208.9707	246.345662	15	1.0	0.0957303945849
-16.1938	208.8766	246.437992	15	0.61668424725	0.38331575275
-16.4014	209.0712	246.45398	15	0.229134608224	0.770865391776
-16.2498	209.0274	246.500743	15	1.0	0.0
-16.4377	208.4559	246.536814	14	0.918772540719	0.0812274592807
-16.3852	212.0668	254.590547	27	0.938905854775	0.0610941452251
-16.4085	212.0776	254.627426	27	1.0	0.0
-20.2891	217.8922	255.209424	1	1.0	0.0
-16.1084	211.3778	256.414382	24	1.0	0.0
-15.9725	211.4292	256.414466	24	0.672058644086	0.327941355914
-16.2883	211.2328	256.452366	-1	0.0	0.0637731235015
-15.2754	210.8888	256.480322	10	0.655465461392	0.344534538608
-15.1109	210.9904	256.52102	10	0.194084425858	0.805915574142
-15.2936	210.903	256.557868	10	0.655465461392	0.344534538608
-15.3304	210.5953	256.703926	10	0.177004713139	0.822995286861
-19.0803	219.2425	270.499976	-1	0.0	0.54931444814
-20.3491	218.3806	273.419363	2	0.114584753271	0.885415246729
-20.3257	218.5155	273.595507	2	0.756341811556	0.243658188444
-20.2342	218.4601	273.595552	2	0.176491407262	0.823508592738
-20.3176	218.5181	273.649693	2	0.608219565079	0.391780434921
-20.3216	218.4711	274.187309	2	0.278893762357	0.721106237643
-20.3317	218.5182	274.244683	2	0.754467778369	0.245532221631
-20.4532	217.5474	275.785632	-1	0.0	0.0675159881961
-20.3052	217.9484	275.7858	1	1.0	0.367893011156
-20.5252	217.4282	276.400889	-1	0.0	0.347309865834
-15.2144	209.0094	289.972736	11	0.82303857744	0.17696142256
-14.8402	209.1901	290.158192	-1	0.0	0.152506490855
-16.1843	211.6273	293.237242	-1	0.0	0.0676428869975
-16.0341	211.498	293.281311	24	0.529122846717	0.470877153283
-15.1293	212.1026	293.281803	-1	0.0	0.00412690029298
-16.9991	210.7937	296.5023	29	1.0	0.0
-16.9795	210.7559	296.622418	29	1.0	0.023501847249
-21.7381	213.9455	303.995036	-1	0.0	0.815791958657
-20.3012	216.3914	303.9991	0	0.775418175581	0.224581824419
-15.3948	213.0616	310.690222	9	1.0	0.0
-16.4196	212.085	315.542239	27	1.0	0.0
-16.4325	212.1627	315.552076	27	0.279468913583	0.720531086417
-16.4195	212.0643	315.58562	27	0.740884612738	0.259115387262
-16.5604	211.9289	315.652774	26	0.87171054506	0.12828945494
-16.3535	212.0401	315.652884	27	0.568802276699	0.431197723301
-16.4078	212.0472	315.687139	27	0.793728097053	0.206271902947
-16.3099	212.369	315.761874	-1	0.0	0.02683129757
-16.4137	212.0677	315.833442	27	0.950368196149	0.0496318038506
-16.1693	213.2107	317.870803	18	0.322774451156	0.677225548844
-15.7932	213.5447	318.003374	-1	0.0	0.112890635402
-15.7905	213.429	318.072539	-1	0.0	0.0113112732908
-16.1191	213.134	318.135018	18	0.322774451156	0.677225548844
-15.3885	209.7343	319.685214	17	0.540404330322	0.459595669678
-15.4183	209.7748	320.081809	17	0.540404330322	0.459595669678
-15.1618	212.1332	328.521077	-1	0.0	0.172464308581
-15.6798	211.7937	328.553394	-1	0.0	0.0140107394582
-16.0717	211.4569	328.63158	24	0.784056284138	0.215943715862
-16.0342	211.4729	328.723397	24	0.725909079278	0.274090920722
-20.4642	218.1979	330.742533	1	0.342872892126	0.657127107874
-20.3419	218.5344	330.742689	2	0.499892457046	0.500107542954
-20.3294	218.537	330.798639	2	0.603997535661	0.396002464339
-20.3467	218.5057	330.801995	2	1.0	0.0
-20.2632	218.4384	330.846879	2	0.187135866568	0.812864133432
-20.34	218.511	330.930571	2	1.0	0.0
-20.3447	218.5024	330.978958	2	1.0	0.0
-20.345	218.4953	331.240543	2	0.659852389877	0.340147610123
-19.5704	218.7601	335.796561	-1	0.0	0.167441984714
-16.4073	208.6489	340.995968	14	0.800874294978	0.199125705022
-16.2356	208.8639	340.996042	15	0.373282593143	0.626717406857
-16.2277	208.9076	341.051464	15	0.729083486516	0.270916513484
-16.245	208.9696	341.069276	15	1.0	0.118608412337
-16.2816	208.9128	341.118802	15	0.638590971754	0.361409028246
-15.4897	209.5023	341.119163	16	1.0	0.0
-16.3492	209.4182	341.156705	-1	0.0	0.141203718066
-17.5215	208.0793	341.229347	-1	0.0	0.468072241711
-16.1456	211.407	366.64901	24	1.0	0.0
-15.8927	211.5091	366.682475	24	0.437002036275	0.562997963725
-16.1716	211.4371	366.7049	24	0.665738246392	0.334261753608
-16.1113	211.3955	366.768669	24	1.0	0.0
-17.1888	211.8528	374.051644	-1	0.0	0.374883322755
-17.1586	212.1366	374.051669	20	1.0	0.0
-17.5024	211.3836	374.137981	-1	0.0	0.0378594078672
-14.9645	208.4032	375.862334	-1	0.0	0.0909360113703
-14.8697	208.6725	375.862403	6	1.0	0.0
-14.8409	208.6534	375.866355	6	1.0	0.0
-20.7306	217.173	379.203623	-1	0.0	0.691824719083
-19.979	218.6945	396.254738	4	1.0	0.0
-20.3643	218.2706	396.527092	-1	0.0	0.00894992020043
-20.1873	218.102	396.527142	1	0.391171713264	0.608828286736
-15.5322	209.9226	398.276041	17	0.520991397706	0.479008602294
-16.224	208.9769	399.770836	15	1.0	0.0
-16.242	208.9955	399.867561	15	1.0	0.100602140114
-16.2436	209.0235	399.878629	15	1.0	0.0
-16.2	209.0255	399.919066	15	0.774010125623	0.225989874377
-16.5269	208.6925	399.946283	14	0.562429867905	0.437570132095
-16.2348	208.8972	399.946417	15	0.632113785478	0.367886214522
-16.202	208.9238	399.982281	15	1.0	0.0259134749818
-16.1046	208.9371	400.667627	15	0.426130325555	0.573869674445
-16.5151	212.1701	403.657676	27	0.208850010156	0.791149989844
-16.396	212.0231	403.657684	27	0.518490221191	0.481509778809
-21.0484	216.7654	410.317896	0	0.330808018497	0.669191981503
-20.4338	218.0797	410.318423	1	0.509410805051	0.490589194949
-20.3212	217.9831	410.344102	1	1.0	0.0
-20.3153	218.5252	412.610646	2	0.603997535661	0.396002464339
-20.3192	218.4884	412.777843	2	0.433040128433	0.566959871567
-20.3211	218.5014	412.842943	2	0.598167268454	0.401832731546
-20.2284	218.4516	412.87901	2	0.175848403102	0.824151596898
-20.3059	218.5438	413.033891	2	0.395706200822	0.604293799178
-20.2716	218.4855	413.136431	2	0.261621260361	0.738378739639
-20.3596	218.5844	413.257885	2	0.168833396113	0.831166603887
-15.8366	211.7217	419.457619	-1	0.0	0.0372692823927
-16.2961	210.8412	419.613423	23	0.395966006898	0.604033993102
-16.4873	212.7364	433.822202	-1	0.0	0.0726778142568
-16.3206	212.911	433.822307	-1	0.0	0.00196730776951
-20.2634	217.9106	440.951676	1	1.0	0.0
-20.3971	218.0113	441.026235	1	0.747400941601	0.252599058399
-20.1888	217.8385	441.026263	1	0.760830538462	0.239169461538
-15.2134	210.3197	446.818065	13	1.0	0.0
-15.2595	210.2589	447.074671	13	1.0	0.0
-17.3243	211.9846	453.106035	-1	0.0	0.0286784051198
-17.1456	212.0857	453.139057	20	0.345544295275	0.654455704725
-16.9884	210.7432	457.575167	29	0.778103885816	0.221896114184
-20.0106	218.6532	461.75525	4	1.0	0.0
-19.7522	218.8208	463.17344	8	0.617784653877	0.382215346123
-20.0773	218.2956	463.230122	-1	0.0	0.187088317732
-17.4247	211.7416	463.693753	22	1.0	0.0
-16.4175	212.0959	465.152939	27	0.857512335276	0.142487664724
-16.2199	208.933	467.998773	15	1.0	0.0
-16.2415	208.9169	468.09213	15	0.881292918847	0.118707081153
-16.4423	208.7685	468.151553	14	0.533940166974	0.466059833026
-16.2106	208.9329	468.151655	15	1.0	0.0
-16.3692	208.5997	468.208884	14	0.800874294978	0.199125705022
-16.2257	209.0399	468.253896	15	0.994218593361	0.00578140663853
-15.3928	209.5549	468.267773	16	0.927832336231	0.0721676637691
-16.6339	208.2017	468.43338	-1	0.0	0.0703791413926
-16.209	208.9415	468.433574	15	1.0	0.0
-15.1689	210.8365	469.509197	10	0.893575782136	0.106424217864
-15.1152	210.841	469.509259	10	0.460129390098	0.539870609902
-15.3097	210.6	469.833132	10	0.186435122303	0.813564877697
-15.3194	210.9185	469.833148	10	0.505890503913	0.494109496087
-20.1822	218.0488	479.420517	1	0.399583201167	0.600416798833
-19.6341	218.4246	479.420851	-1	0.0	0.496319789302
-20.3607	217.8656	479.523749	1	0.808197682813	0.191802317187
-15.4766	209.6827	493.635208	17	0.413358865324	0.586641134676
-15.3389	209.7214	493.635279	17	0.493209798277	0.506790201723
-15.3899	209.9442	493.771926	17	1.0	0.0
-17.2474	211.201	501.60242	-1	0.0	0.100967364675
-17.0311	211.3277	501.602532	-1	0.0	0.000248490892464
-17.0796	211.3959	501.66856	-1	0.0	0.0766318275726
-17.1486	212.177	506.80855	20	0.761876968411	0.238123031589
-17.073	212.2339	506.842159	20	0.344699287461	0.655300712539
-17.1385	212.2406	506.842192	20	0.370332759598	0.629667240402
-17.1455	212.1772	506.962869	20	0.736066716213	0.263933283787
-17.3274	211.9327	507.018725	21	0.286435791138	0.713564208862
-17.1429	212.1299	507.018811	20	0.715774260547	0.284225739453
-17.4399	211.6759	507.065123	22	1.0	0.0
-17.2799	212.2969	507.065244	-1	0.0	0.0744164098164
-17.6942	211.1675	507.153005	-1	0.0	0.037006971154
-17.1717	212.1591	507.153301	20	1.0	0.0
-17.181	212.1512	507.248765	20	1.0	0.0
-17.4725	211.4708	508.570336	-1	0.0	0.512402037721
-17.3763	211.727	508.570388	22	1.0	0.0
-17.3947	211.7237	508.749996	22	1.0	0.0
-14.7221	208.7954	511.848219	6	1.0	0.0
-14.647	208.7677	511.857642	6	1.0	0.0
-14.7751	208.668	511.873186	6	1.0	0.0
-14.9962	208.3889	511.926015	-1	0.0	0.144986725643
-14.8104	208.6134	511.967595	6	0.879317997306	0.120682002694
-16.0589	210.7316	517.88863	23	1.0	0.0
-16.9603	210.6849	518.024997	28	1.0	0.0
-17.0676	210.797	518.088952	29	0.547725912468	0.452274087532
-16.1549	210.7411	518.105941	23	1.0	0.0
-16.2333	211.2623	518.125634	24	0.405436447904	0.594563552096
-17.0587	210.4036	518.167939	12	0.873259119599	0.126740880401
-16.9656	210.6834	518.247227	28	1.0	0.0
-17.3736	210.2713	518.33026	12	1.0	0.0
-20.4223	218.6367	526.932256	2	0.136188044989	0.863811955011
-20.3258	218.4669	526.986174	2	0.245885841107	0.754114158893
-20.3763	218.5239	527.008104	2	0.353253830567	0.646746169433
-16.003	211.2991	533.648289	24	0.458826635631	0.541173364369
-16.1721	211.1705	533.68277	-1	0.0	0.097254931552
-20.3048	217.9108	533.867096	1	1.0	0.0333904922303
-20.2648	217.8493	533.913931	1	0.907281088385	0.0927189116147
-20.4001	217.6096	533.941925	-1	0.0	0.0675159881961
-20.3073	217.7993	533.97323	1	0.563397688167	0.436602311833
-20.5657	217.5733	534.003759	-1	0.0	0.139549742347
-20.2622	217.8988	534.053166	1	1.0	0.0
-20.3072	217.8971	534.163688	1	1.0	0.0
-17.0714	211.333	534.926206	-1	0.0	0.000248490892464
-16.3902	212.0812	534.926543	27	0.90084409848	0.0991559015196
-16.4102	212.0482	534.983661	27	0.901507118237	0.0984928817626
-16.3592	212.0094	535.027962	27	0.481615854288	0.518384145712
-16.2916	212.2553	535.028008	-1	0.0	0.306884678699
-16.477	211.8129	535.059553	26	0.739503790467	0.260496209533
-16.4467	212.1163	535.141197	27	0.443519102926	0.556480897074
-16.99	210.7033	539.094571	28	1.0	0.0
-16.9823	210.6853	539.536397	28	1.0	0.0
-17.162	212.1452	548.994411	20	1.0	0.0
-17.1659	212.1662	549.011697	20	1.0	0.0
-17.368	211.8242	549.037552	21	0.350432622906	0.649567377094
-16.5545	212.4853	549.082365	-1	0.0	0.110712907565
-16.8267	212.389	549.134277	-1	0.0	0.48792942001
-17.069	212.2072	549.190526	20	0.470121437655	0.529878562345
-15.2609	210.6505	549.223558	10	0.308794570338	0.691205429662
-17.5361	211.511	549.237509	-1	0.0	0.457135202118
-17.2857	212.0234	549.377424	-1	0.0	0.028615443671
-16.2982	208.5031	549.731549	14	1.0	0.0
-16.1768	208.9331	549.731579	15	1.0	0.109874726432
-16.2498	208.9834	549.794225	15	1.0	0.237707081014
-16.1512	209.0222	549.794293	15	0.439788316185	0.560211683815
-16.2313	208.9475	549.890388	15	1.0	0.0
-15.7964	209.3717	549.890591	16	1.0	0.0
-19.9859	217.7894	550.28674	-1	0.0	0.21390210185
-15.3456	209.5199	559.530612	-1	0.0	0.184051349341
-19.8395	218.9055	560.402012	7	0.860161138435	0.139838861565
-19.7282	218.6539	560.661815	-1	0.0	0.0721344993111
-19.8636	218.6421	560.755429	4	1.0	0.0
-17.3547	210.169	564.106163	12	1.0	0.0
-20.3016	217.8858	577.142285	1	1.0	0.0333904922303
-15.9702	212.7569	591.444903	18	0.296723587489	0.703276412511
-17.2157	210.3167	592.838587	12	1.0	0.0
-17.0289	210.7696	592.838691	29	1.0	0.0291863648574
-16.8941	210.9361	593.129736	-1	0.0	0.39657162939
-16.9764	210.7061	593.258766	28	1.0	0.0
-20.2565	217.7734	594.245716	1	0.504935700709	0.495064299291
-20.2564	217.9003	594.310581	1	1.0	0.0
-16.4008	211.9758	594.89605	27	0.217058253714	0.782941746286
-16.3716	212.0102	594.947092	27	0.481615854288	0.518384145712
-16.1878	212.1121	594.947172	-1	0.0	0.231049608269
-16.415	212.0329	595.001072	27	0.605893942925	0.394106057075
-16.5094	211.8861	595.058298	26	1.0	0.0
