-3.2035	107.8383	-6.9e-05	34	0.959847769277	0.0401522307228
-7.5485	109.2647	-599.939685	43	0.528335654521	0.471664345479
-7.5182	109.2251	-599.867518	43	1.0	0.239395737158
-7.5215	109.2457	-599.804438	43	0.886338011887	0.113661988113
-9.0683	109.8197	-598.65661	37	0.650272944797	0.349727055203
-9.021	109.8114	-598.613326	37	1.0	0.0
-9.1197	109.7686	-598.487679	37	0.322400166461	0.677599833539
-9.0756	109.7497	-598.142168	37	0.303224648583	0.696775351417
-8.0903	114.2827	-596.292384	58	1.0	0.0
-6.6331	108.332	-595.999284	26	1.0	0.0
-6.6409	108.3339	-595.91895	26	1.0	0.0
-8.3503	114.396	-595.720892	-1	0.0	0.571804646199
-6.5801	108.3384	-595.609261	26	1.0	0.0520720671041
-2.6909	107.7923	-594.191662	29	1.0	0.0
-4.9848	109.2202	-592.360731	56	1.0	0.0
-4.956	109.1974	-592.266139	56	0.667948673931	0.332051326069
-4.9473	109.1831	-592.19191	56	0.574400478669	0.425599521331
-4.9641	109.1981	-591.935451	56	0.797220377326	0.202779622674
-7.8089	109.9706	-589.808048	47	0.130989697754	0.869010302246
-7.8809	111.8397	-585.457894	38	1.0	0.0
-4.858	108.884	-585.229292	55	0.722404135974	0.277595864026
-4.8668	108.8478	-585.162173	55	1.0	0.0
-8.1089	114.2982	-585.004682	58	0.98934953995	0.0106504600503
-8.3763	115.2323	-584.301384	19	0.378049264336	0.621950735664
-4.7214	104.0119	-583.45422	16	1.0	0.0
-3.8434	101.4234	-581.612538	12	0.35133808567	0.64866191433
-3.8455	101.4693	-581.419673	12	0.972168292004	0.0278317079962
-8.0289	114.442	-578.699859	49	1.0	0.0
-10.7652	112.0933	-577.157263	9	0.864420044424	0.135579955576
1.31	111.8978	-576.556282	2	1.0	0.0
-4.6895	108.4154	-574.582342	-1	0.0	0.202599872096
-4.719	108.3906	-574.521187	-1	0.0	0.0339651432279
-4.7137	108.3963	-574.430666	-1	0.0	0.0422288663337
-8.0717	114.2882	-573.420443	58	0.865088862922	0.134911137078
-8.0857	114.3396	-573.329962	58	1.0	0.0
-8.1033	114.3139	-572.836809	58	1.0	0.0
-9.596	108.6143	-572.786745	31	0.997246356631	0.00275364336895
-9.6089	108.6296	-572.748098	31	1.0	0.0
-9.6156	108.6165	-572.703814	31	1.0	0.0
-9.6005	108.581	-572.387964	31	0.667054102905	0.332945897095
-4.7092	108.5359	-571.027929	-1	0.0	0.0125274096735
-7.7374	112.6382	-568.107457	32	1.0	0.0
-7.7637	112.6351	-568.0025	32	0.930743778443	0.0692562215573
-7.9002	113.0569	-565.930789	-1	0.0	0.765786245685
-8.0157	111.2922	-565.557248	45	1.0	0.0
-7.9887	111.2169	-565.551573	45	1.0	0.0
-7.4036	109.1404	-560.863692	43	0.250208897565	0.749791102435
-7.5236	109.1946	-560.764718	43	1.0	0.45290359773
-7.5567	109.1572	-560.732256	43	1.0	0.0
-5.5182	108.5584	-559.27701	30	0.297870867346	0.702129132654
-5.5308	108.5921	-559.097811	30	0.516868485418	0.483131514582
1.3876	111.9711	-553.143553	2	0.804085933346	0.195914066654
-8.0724	114.2721	-551.88821	58	0.734203267219	0.265796732781
-8.1399	114.2386	-551.300599	-1	0.0	0.477628912897
-7.6836	109.1764	-548.116586	43	0.421210658166	0.578789341834
-4.5447	107.6312	-547.552028	36	0.721846897294	0.278153102706
-7.6742	109.0931	-547.389055	43	0.500396151517	0.499603848483
-10.9494	112.0314	-542.184719	9	1.0	0.0
-10.5223	111.898	-542.182973	9	0.459339969704	0.540660030296
-3.9055	101.4339	-540.931976	12	0.612297195113	0.387702804887
-1.5225	103.4155	-536.967988	10	0.737377428639	0.262622571361
-8.9736	109.8226	-536.855395	37	0.896383840655	0.103616159345
-9.0088	109.8283	-536.84867	37	1.0	0.0
-8.9932	109.8021	-536.801075	37	0.891629175898	0.108370824102
-11.2199	110.7254	-536.513663	6	1.0	0.0
-11.3505	110.5764	-536.51149	6	0.744055686429	0.255944313571
-7.5339	109.2328	-535.714636	43	1.0	0.0
-1.4855	103.4347	-533.962832	10	1.0	0.0
-3.5022	102.856	-533.844814	22	1.0	0.0
-4.6718	107.5522	-532.755703	36	0.407010979713	0.592989020287
-4.7493	107.5699	-532.594421	36	0.563757515153	0.436242484847
-4.7657	107.597	-532.59437	36	0.484292071208	0.515707928792
-4.7466	107.5716	-532.570216	36	0.612541276724	0.387458723276
-3.2711	113.9303	-530.898117	7	0.5994586822	0.4005413178
-7.6657	109.8482	-527.622829	47	0.275094037257	0.724905962743
-4.7178	108.1641	-525.661733	51	0.929731885362	0.0702681146383
-4.7121	108.1654	-525.606866	51	0.798812255488	0.201187744512
-4.8429	108.1794	-525.426212	51	0.496650648664	0.503349351336
-4.7372	108.304	-524.061389	50	1.0	0.0
-9.6097	108.6437	-523.056361	31	1.0	0.0
-9.6111	108.6741	-522.939623	31	1.0	0.0
-10.222	107.044	-519.722296	27	0.463172179666	0.536827820334
-10.0635	106.7515	-517.523848	28	0.721823826334	0.278176173666
-4.7199	108.7041	-517.352267	54	0.817304497015	0.182695502985
-0.9672	108.4958	-517.173275	14	0.775079491425	0.224920508575
-0.9671	108.5082	-516.851152	14	1.0	0.0
-0.973	108.5262	-516.704023	14	1.0	0.0
-4.8468	108.855	-516.094108	55	1.0	0.0
-4.8893	108.842	-516.054512	55	1.0	0.0
-4.8844	108.839	-516.003902	55	1.0	0.0
-4.5059	108.6147	-513.044495	52	0.877833749892	0.122166250108
-4.5771	108.5833	-513.041124	52	0.584437143429	0.415562856571
-3.8321	101.7944	-512.99636	12	0.0682011581401	0.93179884186
-3.8296	101.47	-512.996339	12	0.727473640557	0.272526359443
-8.0692	114.2295	-512.433152	-1	0.0	0.520002179378
-6.6421	108.3612	-506.835886	26	1.0	0.0
-7.5659	109.184	-501.741869	43	1.0	0.0
-7.5229	109.2232	-501.276587	43	1.0	0.160445266472
-7.5405	109.2287	-501.208007	43	1.0	0.0
-4.4504	107.538	-500.732647	36	0.247019783686	0.752980216314
-7.6762	109.8219	-498.406983	47	0.158568157905	0.841431842095
-4.6244	108.028	-497.933965	-1	0.0	0.438512484559
-4.7669	108.138	-497.933859	51	0.942192922917	0.0578070770829
-4.4552	107.9225	-497.829487	36	0.0876311866011	0.912368813399
-7.7364	112.6602	-496.855014	32	0.795838163108	0.204161836892
-10.1415	109.1658	-496.757182	-1	0.0	0.260233419175
-7.722	112.6428	-496.755858	32	1.0	0.0
-8.1236	114.3125	-493.0662	58	0.590536783226	0.409463216774
1.3092	111.9156	-492.875433	2	1.0	0.0
1.3031	111.915	-492.716542	2	1.0	0.0
-7.8821	113.5963	-490.792086	-1	0.0	0.529745562327
-3.8604	101.4597	-488.318055	12	0.883815270594	0.116184729406
-3.9046	101.4316	-488.143085	12	0.612297195113	0.387702804887
-7.9929	114.4331	-486.515878	49	1.0	0.0
-4.5649	107.6384	-482.907881	36	1.0	0.0
-7.5432	109.1667	-482.853616	43	1.0	0.0
-5.4974	108.6196	-480.692773	30	1.0	0.0
-5.4639	108.622	-480.642642	30	0.905693296418	0.0943067035819
-5.4997	108.6319	-480.556148	30	1.0	0.0
-5.4628	108.6181	-480.500278	30	0.80027157655	0.19972842345
-7.0372	111.134	-480.446425	-1	0.0	0.314897115169
-5.4889	108.6381	-480.415835	30	0.930075543878	0.0699244561223
-8.0179	111.2982	-480.382556	45	0.916563745246	0.0834362547542
-4.9984	109.2085	-473.267325	56	0.920784947636	0.0792150523639
-4.9832	109.1919	-473.21485	56	0.711015160012	0.288984839988
-4.9821	109.2081	-473.146149	56	1.0	0.0
-5.0708	109.2165	-473.055542	-1	0.0	0.0209255042926
-9.0419	109.8289	-468.638162	37	1.0	0.0
-9.0293	109.8439	-468.612073	37	0.650272944797	0.349727055203
-9.0284	109.7604	-468.486499	37	0.432623799923	0.567376200077
-9.0175	109.8182	-468.175009	37	1.0	0.0
-8.6587	116.3689	-463.310256	11	0.518161941863	0.481838058137
-8.6909	116.422	-463.045052	11	1.0	0.0
-7.7131	109.1694	-462.424233	43	0.407440426053	0.592559573947
-7.6157	109.7862	-462.002114	47	0.125485090031	0.874514909969
-7.5764	109.1018	-456.687763	43	0.803605912608	0.196394087392
-4.5674	107.6134	-456.360961	36	0.65168526236	0.34831473764
-4.4999	108.5893	-454.557783	52	0.967702725138	0.0322972748623
-4.4646	108.5736	-454.408912	52	0.967702725138	0.0322972748623
-1.4308	103.4931	-452.901018	10	0.348131651403	0.651868348597
1.2863	102.0307	-450.896268	-1	0.0	0.143428764258
-7.5254	109.1721	-449.922523	43	1.0	0.260484982176
-7.5437	109.2253	-449.779325	43	1.0	0.0
-4.5082	103.8303	-449.745667	17	1.0	0.35404630907
-7.4837	109.1415	-449.286969	43	0.517084484364	0.482915515636
-8.105	114.3178	-449.212487	58	1.0	0.0139308512021
-8.0918	114.3596	-448.936186	57	0.902311453561	0.0976885464391
-4.7781	108.1973	-448.879165	51	0.626693864063	0.373306135937
-8.0699	114.303	-448.827835	58	0.668128922223	0.331871077777
-8.9535	110.1597	-448.510408	37	0.064552516649	0.935447483351
-4.7079	108.1766	-447.877738	51	0.679915917477	0.320084082523
-4.6056	107.6736	-445.146741	36	0.996280180222	0.00371981977809
-4.8433	104.0421	-444.457321	16	1.0	0.106529705106
-4.6632	104.0367	-444.348176	16	1.0	0.0
-4.6794	103.9897	-444.063798	16	1.0	0.0
-3.4387	113.9645	-442.099069	7	0.348878214732	0.651121785268
-4.1832	101.7868	-441.695664	12	0.0655226431909	0.934477356809
-4.1494	101.8199	-441.59937	12	0.0682011581401	0.93179884186
-4.1648	101.8232	-441.552092	12	0.0682011581401	0.93179884186
-4.6587	107.5891	-439.610106	36	0.744032135467	0.255967864533
-4.7212	107.593	-439.567033	36	0.612541276724	0.387458723276
-4.6706	107.6008	-439.448592	36	0.686872417884	0.313127582116
-4.8184	104.3713	-438.916408	21	1.0	0.0
-7.5977	109.1761	-436.870072	43	1.0	0.291946903202
-10.7682	112.0618	-436.423105	9	1.0	0.0
-3.4283	102.7612	-436.105421	23	1.0	0.0
-3.4942	102.8314	-435.987378	22	0.520810598135	0.479189401865
-3.4827	102.8417	-435.783492	22	0.728231120058	0.271768879942
-7.9096	113.0736	-432.556524	-1	0.0	0.77269150235
-5.4765	108.6183	-431.853162	30	1.0	0.0
-2.7085	107.802	-427.632132	29	1.0	0.0
-2.6632	107.8076	-427.412799	29	0.863885589365	0.136114410635
-2.6971	107.7853	-427.309391	29	1.0	0.0
-8.1593	114.3984	-427.138788	-1	0.0	0.490732110963
-4.4925	107.6596	-427.084405	36	1.0	0.0
-8.1029	114.2909	-424.810233	58	1.0	0.0395008518899
-8.0749	114.3022	-424.696752	58	0.703946303321	0.296053696679
-9.4168	107.6463	-423.340884	25	0.0813096044544	0.918690395546
-3.214	107.789	-422.229107	34	0.913716759282	0.0862832407179
-9.3913	107.4899	-420.505846	25	0.530950589909	0.469049410091
-9.3951	107.4196	-420.424812	25	0.610414126905	0.389585873095
-4.8276	104.2091	-418.157015	16	1.0	0.0
-8.0198	114.439	-418.070705	49	1.0	0.0
-4.8847	108.848	-417.330263	55	1.0	0.0
-7.1029	109.6732	-416.300758	-1	0.0	0.387692748289
-7.7423	112.6651	-414.198406	32	0.621688154009	0.378311845991
-7.6007	112.6236	-414.152231	-1	0.0	0.256273043938
-7.7298	112.6884	-414.071733	32	0.528476293499	0.471523706501
-3.4425	102.7596	-408.658538	23	1.0	0.0
-4.5215	107.7386	-408.140546	36	0.517015853593	0.482984146407
-4.3638	103.8011	-407.509701	17	1.0	0.468800578939
-4.3608	103.7654	-407.42945	17	0.663319427987	0.336680572013
-4.3051	103.8457	-406.946294	17	1.0	0.0
-5.5353	108.6766	-406.531065	30	0.409438201892	0.590561798108
-8.1267	114.2697	-405.380458	58	0.54998797564	0.45001202436
-8.1116	114.2744	-405.052742	58	0.762316161827	0.237683838173
-7.6977	109.4706	-403.846858	-1	0.0	0.0114229049322
-11.2165	110.713	-401.863008	6	1.0	0.0
-4.515	103.8463	-400.855021	17	1.0	0.283777620764
-4.4333	108.5057	-400.067371	52	0.5479637901	0.4520362099
-8.6478	116.4214	-398.743803	11	1.0	0.0
-8.682	116.4464	-398.683156	11	0.991570630818	0.00842936918231
-3.885	101.464	-398.003993	12	0.910407787499	0.089592212501
-3.8828	101.488	-397.876196	12	1.0	0.0
-3.1094	107.7558	-397.853463	34	0.344725310649	0.655274689351
-7.5393	109.1677	-397.582128	43	1.0	0.114072218849
-10.2016	107.1215	-395.540853	-1	0.0	0.377480746602
-4.7443	108.1293	-395.245634	51	0.959153681427	0.0408463185727
-4.7628	108.16	-395.176931	51	1.0	0.0
-4.6825	108.1247	-395.166619	51	0.552864510416	0.447135489584
-7.7489	112.6364	-393.459127	32	1.0	0.0
-7.4264	113.0272	-393.458933	-1	0.0	0.787752884357
-7.5279	109.1859	-389.965776	43	1.0	0.203725835095
-8.0907	114.3058	-389.226914	58	1.0	0.062166065256
-8.032	114.3133	-389.12738	-1	0.0	0.116665146295
-2.6508	102.0219	-385.583956	13	1.0	0.0
-4.7577	104.1723	-384.633636	16	1.0	0.0
-3.5497	102.7582	-382.662663	23	0.305512342491	0.694487657509
-3.4691	102.7342	-382.569123	23	0.418910172297	0.581089827703
-7.4051	107.9402	-381.709451	26	0.101269646827	0.898730353173
-7.5516	109.185	-381.639917	43	1.0	0.0
-8.2637	115.224	-376.630983	19	0.34759186627	0.65240813373
-2.6669	102.0047	-375.611939	13	1.0	0.0
-3.1812	107.8674	-373.397652	34	0.585044575495	0.414955424505
-3.1738	107.8152	-373.031539	34	0.981417350348	0.0185826496518
-9.5893	108.6512	-372.473121	31	1.0	0.0
-8.9736	113.292	-371.093247	-1	0.0	0.269245079701
-8.0963	114.2814	-371.092763	58	1.0	0.0
-8.0979	114.303	-370.376645	58	1.0	0.0
-3.1427	108.183	-369.517225	42	1.0	0.0
-7.926	111.2687	-367.850321	45	0.959094776495	0.0409052235047
-4.8358	108.6827	-364.271099	-1	0.0	0.0363919441626
-5.5356	108.6278	-364.050445	30	1.0	0.0
-5.528	108.635	-364.026465	30	1.0	0.0
-6.6504	108.3178	-360.019999	26	1.0	0.0520720671041
-8.2269	111.3959	-357.717405	46	0.866383706896	0.133616293104
-8.0897	114.33	-355.94997	58	1.0	0.0
-3.606	106.4876	-355.914074	18	0.017849870172	0.982150129828
-8.0837	114.2985	-355.893377	58	0.895506206567	0.104493793433
-8.0592	114.2848	-355.760813	58	0.793262439619	0.206737560381
1.2962	111.87	-354.092949	2	1.0	0.0
-4.7141	108.3101	-353.582878	50	1.0	0.0
-4.7413	108.3037	-353.487186	50	1.0	0.0
-4.7334	108.2596	-353.394621	-1	0.0	0.0711547509424
-7.5225	109.1758	-351.38289	43	1.0	0.289387895744
-3.8938	101.4723	-351.264699	12	1.0	0.0
-3.8371	101.4642	-351.059629	12	0.922146459616	0.0778535403841
-4.3999	108.1562	-349.048869	-1	0.0	0.566305277314
-8.3182	115.2271	-344.899443	19	0.53990635504	0.46009364496
-8.5359	117.1061	-341.275285	11	0.0383950504266	0.961604949573
-4.4935	107.6365	-339.654215	36	0.670216930243	0.329783069757
-4.3757	107.331	-339.20082	-1	0.0	0.00513230418221
-4.3684	107.3624	-339.100447	36	0.0929013847302	0.90709861527
-4.449	103.7735	-338.382271	17	0.718303000227	0.281696999773
-7.8384	111.8395	-336.245341	38	1.0	0.0
-7.8435	111.9295	-336.229604	38	0.409866293711	0.590133706289
-7.8687	111.8626	-336.176923	38	1.0	0.0
-7.9019	113.4972	-332.076992	-1	0.0	0.650955686246
-4.7342	108.1424	-331.59096	51	1.0	0.0
-4.7185	108.1503	-331.534474	51	1.0	0.0
-4.7657	108.1508	-331.4908	51	1.0	0.0
-4.7285	108.1227	-331.451109	51	0.716265240822	0.283734759178
-7.5665	109.2319	-326.279084	43	1.0	0.313702297361
-4.7191	108.6248	-324.922694	53	0.762273026652	0.237726973348
-4.7454	108.5396	-324.881391	53	0.677215804299	0.322784195701
-10.1049	106.5616	-323.756416	-1	0.0	0.0151137606861
5.1572	98.8597	-323.00439	0	1.0	0.0
5.1924	98.8737	-322.783663	0	1.0	0.0
-4.7065	107.5615	-322.092097	36	0.677719229314	0.322280770686
-2.7109	107.7826	-321.397019	29	1.0	0.0
-2.855	107.842	-321.389055	29	0.319621541455	0.680378458545
-2.7178	107.7725	-321.38903	29	1.0	0.0
-1.1253	105.4793	-321.334916	-1	0.0	0.00400496411316
-4.2574	108.597	-319.57265	-1	0.0	0.391176450034
-4.4028	108.5382	-319.545943	52	0.617639188468	0.382360811532
-4.5603	108.6279	-319.518143	52	0.533595808134	0.466404191866
-4.4396	113.2704	-318.900145	5	1.0	0.0
-4.4765	113.3171	-318.855426	5	0.676183900047	0.323816099953
-4.423	113.2632	-318.801306	5	1.0	0.0
-8.3611	115.2535	-317.499645	19	0.499949409813	0.500050590187
-8.3275	115.3182	-317.446357	19	0.716312497333	0.283687502667
-8.3504	115.2817	-317.205661	19	0.597726148181	0.402273851819
-8.331	115.2466	-316.664256	19	0.674889515156	0.325110484844
-3.483	102.8643	-316.516029	22	0.970464907808	0.0295350921925
-3.4971	102.7753	-316.451429	23	0.592307155145	0.407692844855
-3.5283	102.8239	-316.134727	22	0.372339198798	0.627660801202
-0.9577	108.4784	-315.425596	14	0.534026855249	0.465973144751
-7.6919	109.1283	-310.829873	43	0.416529292842	0.583470707158
-7.7721	109.1377	-310.361507	43	0.292845170717	0.707154829283
-8.0214	111.2737	-309.159328	45	1.0	0.0
-4.9892	109.1963	-308.85473	56	0.859459036469	0.140540963531
-4.9808	109.1856	-308.718191	56	0.656755460671	0.343244539329
-5.004	109.2022	-308.715823	56	0.792333874101	0.207666125899
-7.8729	112.7048	-307.902683	-1	0.0	0.237963909869
-4.5221	107.6942	-305.880445	36	0.913711030432	0.0862889695678
-4.4259	107.5957	-305.724489	36	0.292328348894	0.707671651106
-7.5231	109.2405	-304.332626	43	1.0	0.389204142337
-7.5467	109.1992	-304.292226	43	1.0	0.177804280925
-4.8642	104.0379	-303.999145	16	0.966039753966	0.0339602460344
-8.1024	114.4098	-302.897007	-1	0.0	0.526376927549
-4.1889	101.7568	-300.882992	12	0.0631552523901	0.93684474761
-4.9074	108.9415	-300.291374	56	0.241535675928	0.758464324072
-4.8549	108.8814	-299.803113	55	0.791103591219	0.208896408781
-7.5417	109.1798	-297.404229	43	1.0	0.197420175411
-9.3969	107.5133	-293.275632	25	0.291551511637	0.708448488363
-7.5343	109.1497	-292.986208	43	1.0	0.17794140593
-3.2039	113.7453	-292.809603	8	0.985628250967	0.0143717490327
-8.3368	109.6988	-292.280613	-1	0.0	0.492593723518
-2.6433	102.0368	-284.634547	13	1.0	0.0
-2.6567	102.0832	-284.634506	13	1.0	0.0
-2.7918	102.0794	-284.582333	13	0.791471471421	0.208528528579
0.796	102.5906	-283.661814	-1	0.0	0.0533311153872
-8.0032	114.2239	-283.657648	-1	0.0	0.00910829611289
-8.0727	114.2897	-283.490191	58	0.865088862922	0.134911137078
-8.1035	114.2661	-283.289586	58	0.785760975689	0.214239024311
-4.4783	107.6421	-280.886413	36	0.807212759211	0.192787240789
-3.9148	101.4275	-277.080975	12	0.488700395074	0.511299604926
-7.5887	109.1169	-275.536827	43	1.0	0.451494690373
-3.308	113.9005	-275.089335	7	1.0	0.0
-7.7461	112.6342	-274.930606	32	1.0	0.0
-3.3434	113.9076	-274.756435	7	1.0	0.0
-8.2845	115.2597	-273.582685	19	0.532406850906	0.467593149094
-8.3253	115.2579	-273.45129	19	0.689897834156	0.310102165844
-8.0955	114.323	-273.349481	58	1.0	0.0
-8.0928	114.2736	-273.19219	58	1.0	0.383623154795
-5.0326	104.7339	-272.076606	20	0.398093572496	0.601906427504
-8.1057	114.2978	-269.832627	58	1.0	0.0
-8.2714	114.374	-269.767073	-1	0.0	0.329763959611
-8.0874	114.2928	-269.697844	58	0.90171112505	0.0982888749502
-8.1086	114.2837	-269.652682	58	0.992784060863	0.00721593913744
-8.0956	114.2804	-269.606577	58	1.0	0.0
-10.0364	106.6693	-266.165229	28	0.781748457867	0.218251542133
-11.245	110.7877	-262.989326	6	1.0	0.0
-7.5762	109.5418	-259.961477	48	0.347154045442	0.652845954558
-7.5689	109.6009	-259.611175	48	0.261981945974	0.738018054026
-4.5832	107.684	-257.474639	36	1.0	0.210137711307
-4.677	107.7751	-257.47458	36	0.245108231115	0.754891768885
-4.5289	107.603	-257.048796	36	0.424597476368	0.575402523632
-3.9471	101.5326	-256.424789	12	0.239094464341	0.760905535659
-9.518	107.9025	-255.378084	24	1.0	0.0
-8.5202	113.9962	-253.458117	39	0.240283737776	0.759716262224
-8.5359	114.0083	-253.386667	39	0.293094636387	0.706905363613
-3.4832	102.775	-252.254095	23	0.690016916863	0.309983083137
-8.645	116.4177	-250.398308	11	1.0	0.0
-4.7768	108.3075	-249.26498	50	1.0	0.0
-4.7661	108.2846	-249.235388	50	1.0	0.0
-8.3489	115.5278	-248.505837	19	0.0517457109928	0.948254289007
-0.9679	108.5734	-247.079129	14	0.357458393044	0.642541606956
-0.9995	108.5189	-247.019746	14	1.0	0.0
-1.0087	108.5178	-246.939591	14	1.0	0.0
-4.9729	109.222	-246.601775	56	1.0	0.0
-4.8976	109.2356	-246.520193	56	0.275441546683	0.724558453317
-8.338	113.7195	-240.763858	-1	0.0	0.529745562327
-8.3033	115.2609	-240.465414	19	0.689897834156	0.310102165844
-8.1526	111.3089	-239.50362	46	1.0	0.0
-8.0835	114.313	-238.300507	58	0.836671721978	0.163328278022
-8.0704	114.292	-238.167119	58	0.793262439619	0.206737560381
-7.8696	111.8716	-237.844679	38	1.0	0.0
-7.8398	111.8379	-237.650085	38	1.0	0.0
-3.4771	102.8761	-235.913719	22	0.672490043696	0.327509956304
-3.4801	102.8653	-235.61093	22	1.0	0.0
-3.1265	108.1913	-235.552226	42	1.0	0.0
-6.4932	108.1959	-235.520508	26	0.892246113074	0.107753886926
-3.165	107.8805	-234.550357	34	0.428410278432	0.571589721568
-3.1941	107.8281	-234.338852	34	1.0	0.0
-3.2134	107.8145	-234.249109	34	1.0	0.0
-3.2535	107.7941	-234.073182	34	0.710183832548	0.289816167452
0.7705	104.5268	-226.582202	-1	0.0	0.0722271086353
-8.3468	114.3965	-225.832912	-1	0.0	0.563764520983
-3.2673	113.6451	-225.641702	8	0.85687096752	0.14312903248
-10.2284	106.924	-224.24105	27	1.0	0.0
-7.6868	109.0106	-224.189948	43	0.268595413981	0.731404586019
-9.6603	108.6156	-223.408819	31	0.855247163489	0.144752836511
-9.3692	108.5431	-221.562299	31	0.240559895641	0.759440104359
-9.3884	107.4643	-220.794212	25	1.0	0.0
-9.5819	107.5668	-220.794183	25	0.0859424413374	0.914057558663
-9.3898	107.453	-220.705861	25	0.828729128025	0.171270871975
-8.3335	115.2639	-219.097016	19	0.649843265975	0.350156734025
-8.1896	115.2532	-218.805809	19	0.196755209983	0.803244790017
-4.4882	107.6591	-218.225246	36	1.0	0.0
-4.7697	108.7191	-218.016716	54	1.0	0.0
-4.7705	108.7235	-217.928263	54	1.0	0.0
-7.7487	112.6894	-217.819371	32	0.612190780847	0.387809219153
-7.7361	112.6754	-217.760549	32	0.795838163108	0.204161836892
-5.5586	108.6266	-215.906944	30	0.786916001204	0.213083998796
-5.0466	104.5546	-213.185014	-1	0.0	0.134266516638
-5.0926	104.5969	-213.13217	20	0.297063138892	0.702936861108
-5.0855	104.6071	-213.068357	20	0.342063197122	0.657936802878
-3.8809	101.4439	-212.418087	12	0.612297195113	0.387702804887
-8.0761	114.3125	-211.621313	58	0.836671721978	0.163328278022
-3.8866	101.3793	-211.548699	12	0.229669828173	0.770330171827
-4.4926	107.672	-210.554315	36	1.0	0.0
-4.8115	104.3917	-210.3952	21	1.0	0.0
-7.6028	109.7891	-207.515953	47	0.129484221527	0.870515778473
-7.9413	113.9125	-206.899385	-1	0.0	0.460541665866
-4.5192	107.6514	-205.713652	36	0.923922441363	0.0760775586372
-4.9433	109.2314	-200.15306	56	0.530099687743	0.469900312257
-4.9568	109.256	-200.115163	56	0.335070472846	0.664929527154
-4.9624	109.2226	-199.941034	56	0.929784763704	0.0702152362958
-4.9817	109.2068	-199.804121	56	1.0	0.0
-8.0979	114.3043	-198.813562	58	1.0	0.0
-8.0891	114.3265	-198.642231	58	1.0	0.0
-3.3609	102.7181	-197.596258	-1	0.0	0.0676303377533
-3.4606	102.7727	-197.596231	23	1.0	0.0
-4.5865	107.7099	-194.916849	36	1.0	0.0
-7.4016	109.2765	-194.440118	43	0.254866536526	0.745133463474
1.5912	99.3024	-193.232048	0	0.449195283722	0.550804716278
-8.0669	114.2692	-190.348798	58	0.598744132009	0.401255867991
-8.0845	114.2775	-190.213287	58	1.0	0.321714971422
-0.9873	108.542	-188.268766	14	0.825802724163	0.174197275837
-0.9877	108.5191	-188.169989	14	1.0	0.0
-8.3013	115.2434	-187.897912	19	0.643006616741	0.356993383259
-8.1669	111.4046	-187.884447	46	1.0	0.0170171579772
-8.1781	111.4235	-187.810271	46	0.789013265726	0.210986734274
-7.042	111.2402	-187.317692	-1	0.0	0.35271657132
-7.5591	109.1111	-186.593375	43	1.0	0.479900963809
-7.542	109.1304	-185.930883	43	1.0	0.43072030461
-4.4716	108.5691	-183.972693	52	1.0	0.0
-4.9531	109.0645	-182.428182	-1	0.0	0.0535318177585
-5.5431	108.6316	-179.267685	30	0.848217908576	0.151782091424
-5.3204	108.4714	-179.190306	30	0.113293177191	0.886706822809
-5.4764	108.5477	-178.763521	30	0.261933078498	0.738066921502
-8.1652	111.3023	-178.630278	46	1.0	0.0
-8.1758	111.3382	-178.57698	46	1.0	0.239526026878
-8.1805	111.3097	-178.518433	46	1.0	0.0
-4.4718	105.8394	-178.066889	18	0.804691820671	0.195308179329
-4.5	105.8431	-177.993594	18	0.890785463057	0.109214536943
-8.0369	114.4411	-177.391068	49	1.0	0.0
-8.0425	114.492	-177.336018	-1	0.0	0.238170440049
-4.2974	103.8554	-176.367624	17	1.0	0.194389812012
-7.9189	113.064	-175.70922	-1	0.0	0.775396584795
-4.6305	107.8328	-175.407464	36	0.170734349649	0.829265650351
-4.6612	107.771	-175.324437	36	0.254739091069	0.745260908931
-4.7606	107.5656	-175.188678	36	0.484292071208	0.515707928792
-7.9765	111.2589	-173.696134	45	1.0	0.0
-6.5035	108.2395	-173.089578	26	1.0	0.17642690224
-2.9359	108.084	-172.558341	41	0.769949690979	0.230050309021
-2.9526	107.9686	-172.453223	-1	0.0	0.0575097286748
-2.9819	108.082	-172.453169	41	0.568584390907	0.431415609093
-1.472	103.4268	-170.646494	10	1.0	0.0
-4.553	107.688	-164.958311	36	0.99699067635	0.00300932365046
-9.4177	107.4961	-164.123204	25	0.465144209563	0.534855790437
-9.42	107.4382	-163.948833	25	0.610655979324	0.389344020676
-9.4303	107.4803	-163.792999	25	0.509744879177	0.490255120823
-9.4033	107.4319	-163.661247	25	0.722736578441	0.277263421559
-8.1067	114.2888	-163.246506	58	0.950947685844	0.0490523141561
-8.087	114.2808	-162.881226	58	1.0	0.095867436565
-9.662	108.6688	-161.334603	31	0.750047917606	0.249952082394
-9.5815	108.6835	-161.296708	31	0.750047917606	0.249952082394
-3.3655	113.9027	-159.418403	7	1.0	0.0
-8.5174	114.1161	-159.403391	39	1.0	0.118430938399
-3.3216	113.9636	-159.011421	7	0.439366174708	0.560633825292
-9.289	107.5677	-157.945185	25	0.100685285831	0.899314714169
-4.468	113.2839	-154.554301	5	1.0	0.0
-4.4358	113.2833	-154.392957	5	1.0	0.0
-4.4683	113.1648	-154.383217	5	0.448269844259	0.551730155741
-3.1595	102.5923	-153.771937	15	0.522257525594	0.477742474406
-4.7136	108.502	-153.352415	53	0.677215804299	0.322784195701
-4.6606	108.147	-153.306819	51	0.51874486498	0.48125513502
-4.8425	108.193	-152.581322	51	0.491220005794	0.508779994206
-5.0016	109.2252	-149.009055	56	0.589169882747	0.410830117253
-4.9785	109.1782	-148.93493	56	0.558038689132	0.441961310868
-7.4031	108.0462	-146.06952	26	0.115356925696	0.884643074304
-8.0315	114.3846	-145.97376	-1	0.0	0.45240064612
-4.6733	104.0026	-139.66485	16	1.0	0.0
-10.1524	106.7186	-137.106283	28	0.800699016708	0.199300983292
-10.1582	106.9289	-136.26861	27	1.0	0.0
-8.0617	114.3259	-135.509291	58	0.635428341228	0.364571658772
-3.0891	108.1296	-135.484379	42	0.723436102294	0.276563897706
-3.1081	108.1816	-135.364812	42	1.0	0.0
-7.9962	114.2488	-134.729519	-1	0.0	0.627295557622
-7.591	109.2138	-132.953326	43	1.0	0.313702297361
-7.5667	109.17	-132.855649	43	1.0	0.0
-8.67	116.3795	-132.667356	11	0.633498251949	0.366501748051
-4.7526	108.5866	-132.333986	53	1.0	0.0
-8.152	111.3882	-130.366132	46	1.0	0.0
-8.4002	111.3584	-130.32813	-1	0.0	0.327110432316
-8.1981	111.3253	-130.269788	46	1.0	0.046019229246
-8.1512	111.2952	-130.151996	46	1.0	0.173319040244
-4.9636	109.2494	-129.239175	56	0.435417996177	0.564582003823
-8.51	113.9771	-127.630406	39	0.294239735955	0.705760264045
-8.4142	113.9471	-127.578866	39	0.1931648382	0.8068351618
-8.7402	114.1315	-127.100856	39	0.16720661277	0.83279338723
-7.5844	109.1874	-124.026881	43	1.0	0.161200106663
-7.5525	109.1902	-123.003478	43	1.0	0.0
-7.5542	109.1957	-122.924429	43	1.0	0.0
-2.4644	115.9054	-122.905632	-1	0.0	0.100656778261
-4.5917	107.6896	-122.874009	36	1.0	0.0
-2.5774	115.9495	-122.797904	-1	0.0	0.0157374141858
-7.5571	109.1872	-122.785051	43	1.0	0.0266100484647
-7.5654	109.1955	-122.721276	43	1.0	0.103883444264
-7.5494	109.2312	-122.645684	43	1.0	0.0
-7.8561	111.887	-119.134642	38	0.763531266575	0.236468733425
-4.9519	108.8737	-115.352228	-1	0.0	0.0534200727496
-4.8055	109.1156	-115.352165	-1	0.0	0.0158602943842
-4.8941	108.9023	-114.79267	55	0.613197566616	0.386802433384
-4.7934	108.7773	-114.575452	54	0.561752563278	0.438247436722
-7.9456	114.2076	-114.543681	-1	0.0	0.410657185401
-4.7873	108.7323	-114.241431	54	0.816854232697	0.183145767303
-4.9235	109.1123	-113.57827	-1	0.0	0.0222486657972
-4.9256	109.0603	-113.569614	56	0.275082109658	0.724917890342
2.6548	99.9348	-112.337321	0	0.529112454558	0.470887545442
-9.5569	107.798	-111.11693	24	0.791297023982	0.208702976018
1.3939	111.7802	-110.652555	2	0.552428768463	0.447571231537
-5.1264	104.6582	-110.639335	20	0.612545946947	0.387454053053
-5.1484	104.7108	-110.529551	20	1.0	0.0
-4.517	107.669	-110.431225	36	1.0	0.0
-5.1155	104.689	-110.215351	20	1.0	0.0
-3.2313	113.7396	-103.045325	8	1.0	0.0
-3.2222	113.7031	-103.037468	8	1.0	0.0
-4.7963	104.1827	-103.020478	16	1.0	0.0
-4.8742	104.1218	-102.924336	16	1.0	0.060956264368
-3.1818	113.6574	-102.885794	8	1.0	0.0
-7.561	110.1898	-102.33423	44	1.0	0.0
-7.0587	111.8827	-96.676601	35	0.741584245997	0.258415754003
-7.5736	109.1124	-96.570458	43	1.0	0.276000947624
-7.548	109.1497	-96.443121	43	1.0	0.0
-7.5663	109.1456	-96.134849	43	1.0	0.0147948700634
-7.5742	109.1272	-96.022135	43	1.0	0.242962792428
-3.3337	113.8884	-95.839536	7	1.0	0.0
-7.5454	109.1268	-95.766002	43	1.0	0.42675326517
-8.0928	114.3357	-94.653397	58	1.0	0.0
-8.4559	114.507	-94.554052	-1	0.0	0.314843273137
-2.8597	108.1327	-91.684187	41	1.0	0.0
-2.8921	108.1273	-91.055068	41	0.783200401265	0.216799598735
-4.3159	103.8386	-88.748908	17	1.0	0.0
-4.3228	103.8313	-88.710572	17	1.0	0.0
-5.5372	108.6057	-87.834694	30	0.759501733686	0.240498266314
-8.689	116.3926	-87.107464	11	0.866646959953	0.133353040047
-4.5245	108.6278	-84.974426	52	0.566415790035	0.433584209965
-4.4869	108.5897	-84.924281	52	1.0	0.0
-7.661	110.2936	-84.468048	44	0.895483130572	0.104516869428
5.208	99.0543	-83.071138	0	1.0	0.0
-7.5336	109.2293	-82.778228	43	1.0	0.0
-4.6805	107.5688	-81.741025	36	0.661584698281	0.338415301719
-4.2052	111.4028	-80.613388	3	0.960695008209	0.0393049917911
-1.0043	108.4997	-80.286682	14	0.964670003089	0.0353299969111
-0.9982	108.4475	-80.249817	14	0.339116249309	0.660883750691
-8.0824	114.3693	-77.425144	57	1.0	0.0
-8.0287	114.2703	-77.324242	-1	0.0	0.286011560514
-3.2187	107.7663	-77.298026	34	0.482701257681	0.517298742319
-3.2212	107.8157	-77.262979	34	1.0	0.0
-3.2126	107.8386	-77.225973	34	1.0	0.0
-3.1855	107.7713	-77.192193	34	0.566367889046	0.433632110954
-3.2078	107.8281	-77.157361	34	1.0	0.0
-4.9774	109.224	-74.047342	56	1.0	0.0
-4.9608	109.212	-73.982859	56	0.868596478467	0.131403521533
-4.9465	109.2651	-73.930557	56	0.257560594138	0.742439405862
-4.9473	109.154	-73.639555	56	0.342905433495	0.657094566505
-8.6346	116.446	-72.420846	11	1.0	0.0
-7.9698	113.8472	-71.884062	-1	0.0	0.455605273598
-8.0866	114.2676	-70.142908	58	0.884130046051	0.115869953949
-7.0591	111.9116	-69.417366	35	1.0	0.0
-7.0756	111.2228	-66.464833	-1	0.0	0.329596833046
-1.4338	101.0673	-65.265503	-1	0.0	0.0559167460045
-7.5614	109.1607	-65.139157	43	1.0	0.0228031056349
-7.5564	109.1433	-65.04948	43	1.0	0.0523688384814
5.1589	98.831	-64.780413	0	1.0	0.0
1.3051	111.9263	-64.740077	2	1.0	0.0
-8.6449	111.6882	-64.419956	-1	0.0	0.0653521431431
-8.2467	111.388	-64.342673	46	0.859347285929	0.140652714071
-8.1705	111.3894	-64.254751	46	1.0	0.0
-8.3471	115.2873	-63.156593	19	0.746554779486	0.253445220514
-8.3239	115.2669	-63.079948	19	0.689897834156	0.310102165844
-3.9356	101.5701	-62.495698	12	0.170503273142	0.829496726858
-8.9838	109.819	-59.902298	37	1.0	0.0
-8.9953	109.7699	-59.812095	37	0.44738377085	0.55261622915
-9.2709	109.9257	-59.812067	37	0.134486747675	0.865513252325
-8.999	109.8768	-59.686986	37	0.386143060316	0.613856939684
-3.1265	108.1556	-57.049912	42	1.0	0.0
-3.1173	108.1949	-56.849263	42	0.90409669275	0.0959033072501
-8.0898	114.1935	-56.818885	-1	0.0	0.200998782063
-8.08	114.2629	-56.778804	58	0.795054391844	0.204945608156
-8.1078	114.2189	-56.500138	-1	0.0	0.434942968974
-4.5311	107.7495	-52.930684	36	0.514977094991	0.485022905009
-4.8199	107.7621	-52.930555	36	0.134116460351	0.865883539649
-4.5944	107.6741	-52.897094	36	0.980359821941	0.0196401780588
-4.6342	107.5169	-52.849815	36	0.265368872093	0.734631127907
-4.5798	107.7272	-52.849789	36	0.86551139766	0.13448860234
-4.6163	107.5984	-52.707067	36	0.793361311611	0.206638688389
-8.4574	114.1058	-52.65936	39	1.0	0.302653112093
-6.4736	108.247	-48.62296	26	1.0	0.0
-3.4547	102.8626	-48.106176	22	0.642916840349	0.357083159651
-3.5051	102.8534	-47.987487	22	1.0	0.0
-3.4894	102.8553	-47.927228	22	1.0	0.0
-3.4913	102.8676	-47.868084	22	0.956922761959	0.0430772380406
-3.6365	102.9212	-47.821771	-1	0.0	0.443310458605
-3.4927	102.9212	-47.821709	-1	0.0	0.106066140122
-3.5243	102.8519	-47.772476	22	0.583224531911	0.416775468089
-3.4839	102.8515	-47.730904	22	1.0	0.0
-7.5915	109.1736	-46.585681	43	1.0	0.272917556263
-7.57	109.1346	-46.550034	43	1.0	0.0523688384814
-9.3978	107.4255	-44.252283	25	0.553047036606	0.446952963394
-9.4268	107.4449	-44.175529	25	0.532226539149	0.467773460851
-5.156	104.7074	-43.951423	20	0.842489960601	0.157510039399
-4.7724	108.5782	-39.020807	53	1.0	0.0
-4.7728	108.5373	-38.812103	53	0.676336502154	0.323663497846
-8.5294	114.1283	-37.976276	39	1.0	0.061276752584
-3.3348	113.919	-36.500728	7	1.0	0.0
-3.3478	113.8853	-36.449018	7	1.0	0.0
-3.3504	113.9282	-36.074813	7	0.718201819634	0.281798180366
3.926	99.3733	-35.435688	0	1.0	0.0
-9.3984	107.6334	-31.228875	25	0.0820392965793	0.917960703421
-7.7913	112.7005	-29.598968	32	0.362493234237	0.637506765763
-7.7482	112.6492	-29.344586	32	1.0	0.0
-8.0296	114.2634	-28.864726	-1	0.0	0.342207651602
-7.4931	110.1742	-27.75441	44	1.0	0.0
-3.4595	102.7689	-22.423166	23	1.0	0.0
-8.3239	115.3161	-21.343381	19	0.833461396277	0.166538603723
-8.3582	115.31	-21.304605	19	0.642385306512	0.357614693488
-8.3131	115.2823	-21.249759	19	1.0	0.0
-8.3353	115.2846	-21.048548	19	1.0	0.0
-7.8808	115.4995	-21.048398	19	0.0389908633687	0.961009136631
-4.5245	107.6694	-19.81992	36	1.0	0.0152900269359
-7.575	109.1911	-18.81631	43	1.0	0.0146647680171
-7.5736	109.1382	-18.731342	43	1.0	0.0562428640097
-7.5534	109.1359	-18.427417	43	1.0	0.0523688384814
-8.5261	114.1084	-17.701177	39	1.0	0.227019645717
-8.511	114.1486	-17.233958	39	0.9433908483	0.0566091516997
-4.3007	103.8115	-15.718745	17	1.0	0.310661360735
-7.4188	109.9414	-12.976842	-1	0.0	0.284890065842
-3.3429	113.859	-11.140001	7	0.555319802067	0.444680197933
-4.7648	108.7374	-9.759581	54	1.0	0.0
-4.6106	107.6305	-8.221073	36	0.95161758829	0.0483824117101
-4.5868	107.6383	-7.985362	36	1.0	0.0
-8.0936	114.3126	-7.302396	58	1.0	0.062166065256
-8.101	114.2837	-6.986121	58	1.0	0.0
-4.4923	103.8718	-6.747347	17	1.0	0.39964627159
-4.5214	105.8582	-3.912537	18	0.757147806477	0.242852193523
-4.485	105.8415	-3.820337	18	1.0	0.0
-8.1791	111.3327	-1.07226	46	1.0	0.255617213034
-7.1778	110.7183	-1.037931	-1	0.0	0.27405461894
-7.1029	111.926	-0.254846	35	0.790689709472	0.209310290528
-3.2035	107.8383	-6.9e-05	34	0.959847769277	0.0401522307228
-2.6467	106.2049	2.878658	-1	0.0	0.100402400674
-4.573	107.7044	3.5139	36	1.0	0.0439824952655
-9.548	107.9127	6.718093	24	1.0	0.0
-10.1806	107.0392	7.451529	27	0.498118786062	0.501881213938
-10.0451	106.943	8.102004	27	0.651416148119	0.348583851881
-9.3702	107.4841	10.690475	25	0.451590777806	0.548409222194
-4.8202	104.1697	11.280841	16	1.0	0.0
-4.9661	109.2044	12.993846	56	1.0	0.0
-4.9776	109.211	13.048279	56	1.0	0.0
-8.2912	115.1768	14.220436	19	0.216270046919	0.783729953081
-7.6367	109.2557	18.321612	43	0.405463675335	0.594536324665
-4.4615	103.8209	19.7121	17	1.0	0.0
-4.4465	103.8291	19.789499	17	1.0	0.0
-4.4775	103.8337	19.994334	17	1.0	0.0
-4.8618	104.4172	20.734136	21	1.0	0.0
-4.8335	104.4228	20.77032	21	1.0	0.0
-4.8496	104.4297	20.817995	21	1.0	0.0
-8.0699	114.3202	21.185106	58	0.836671721978	0.163328278022
-7.6811	109.9235	26.863632	47	0.912997505144	0.087002494856
-7.6456	109.9334	26.958225	47	0.621195264884	0.378804735116
-3.8448	101.52	27.028199	12	0.422822348004	0.577177651996
-3.4508	102.7607	28.445988	23	1.0	0.0
-3.3885	102.7271	28.615209	23	0.359110842477	0.640889157523
-8.1111	114.2591	30.313705	58	0.560790945881	0.439209054119
-7.5569	109.1708	36.091384	43	1.0	0.0
-7.5412	109.1933	36.997771	43	1.0	0.0715087921495
-7.6235	109.5223	39.569991	48	0.260686002672	0.739313997328
-7.6118	109.5647	39.69577	48	1.0	0.0
-7.609	109.5594	39.767316	48	1.0	0.0
-8.3314	115.3073	41.793262	19	0.915295594323	0.0847044056766
-4.7307	108.7145	42.08335	54	1.0	0.0
-8.3184	115.2915	42.10306	19	1.0	0.0
-8.3172	115.3038	42.103096	19	0.915295594323	0.0847044056766
-8.2994	111.1515	42.986135	-1	0.0	0.0654453968583
-8.1835	111.4276	42.986258	46	0.712436263286	0.287563736714
-8.1727	111.4167	43.101095	46	0.952228322582	0.0477716774179
-8.181	111.3751	43.180706	46	1.0	0.0290065274485
-8.0952	114.37	46.556201	57	1.0	0.0
-8.0948	114.2691	47.894918	58	0.747947335195	0.252052664805
-8.9596	109.8259	48.308046	37	0.811588507968	0.188411492032
-8.9651	109.8452	48.389797	37	0.728928120716	0.271071879284
-8.087	114.2588	48.402968	58	0.658663743455	0.341336256545
-2.9476	108.0892	48.433546	41	0.769540382158	0.230459617842
-2.8534	108.4041	48.433645	-1	0.0	0.622276893177
-4.3477	103.7019	48.623594	17	0.332534500887	0.667465499113
-3.077	102.5028	48.708761	15	1.0	0.0
-2.9257	108.1177	49.055481	41	1.0	0.0
-6.6625	108.3881	50.628629	26	0.948153923533	0.0518460764672
-1.5757	103.6479	51.559146	10	0.110916841025	0.889083158975
-7.6635	109.868	51.746088	47	0.3721515446	0.6278484554
-7.7449	109.6968	51.776898	-1	0.0	0.0966465093503
-7.6276	109.8447	51.860728	47	0.220420913248	0.779579086752
-7.6491	109.8202	52.057462	47	0.194476732152	0.805523267848
-4.5216	107.6704	54.493297	36	1.0	0.0336444329113
-7.4288	110.1148	54.917757	44	1.0	0.0
-7.359	110.0533	54.956104	-1	0.0	0.00837115267437
-4.5739	107.693	54.999139	36	1.0	0.0
-4.7716	108.1836	56.332979	51	0.721817798912	0.278182201088
-4.0528	107.139	56.334831	-1	0.0	0.422702019577
-4.7548	108.2476	56.397708	50	0.945062527693	0.0549374723066
-5.4593	108.6437	58.423404	30	0.720646727626	0.279353272374
-9.9567	106.658	59.930913	28	0.410154750655	0.589845249345
-4.4384	107.6535	66.094877	36	0.548399556463	0.451600443537
-4.4461	107.5997	66.612579	36	0.36610408224	0.63389591776
-4.4879	107.6527	70.116584	36	1.0	0.0
-4.4579	103.8279	71.057768	17	1.0	0.0
-7.5445	109.1608	71.375947	43	1.0	0.0
-7.5966	109.2244	71.457231	43	1.0	0.313702297361
-7.5676	109.1663	71.519584	43	1.0	0.0
-7.558	109.1342	71.572687	43	1.0	0.0661199744515
-7.5446	109.1584	71.626895	43	1.0	0.0
-7.5654	109.2137	71.84673	43	1.0	0.436775314119
-8.0942	114.2845	75.403755	58	1.0	0.0
-8.5504	114.1109	79.383035	39	0.959299250671	0.0407007493294
-3.1267	108.1357	89.33763	42	1.0	0.0
-3.3889	102.7136	90.769241	23	0.27811217614	0.72188782386
-3.4069	102.7638	91.135581	23	0.638771137606	0.361228862394
-3.1976	108.1313	91.481539	42	0.75291730251	0.24708269749
1.3502	111.8055	91.493722	2	0.807657107968	0.192342892032
-5.8671	108.9074	93.81785	-1	0.0	0.341884141705
-4.4903	105.8627	95.695216	18	1.0	0.0
-4.4985	105.8399	95.728673	18	0.988555867529	0.011444132471
-4.5146	105.8808	95.767477	18	1.0	0.0
-8.1411	111.8823	97.816157	38	0.265702691542	0.734297308458
-7.6037	109.1843	101.740089	43	1.0	0.184601727917
-6.9013	108.5593	101.802478	26	0.217390729594	0.782609270406
-2.5449	108.2512	104.5241	-1	0.0	0.462797999699
-7.0926	111.871	104.977441	35	0.69924695542	0.30075304458
-7.0884	111.8805	105.045105	35	1.0	0.0
-8.1153	114.3781	106.49281	-1	0.0	0.14397388747
-4.708	107.6154	110.528687	36	0.603203151754	0.396796848246
-4.6544	107.6005	110.581372	36	0.921220663161	0.0787793368392
-4.6595	107.6223	110.731899	36	0.686872417884	0.313127582116
-4.6594	107.6096	110.931506	36	0.839300979716	0.160699020284
-7.6953	109.9115	112.933651	47	0.606454102491	0.393545897509
-7.6889	109.9117	113.003866	47	0.766270124212	0.233729875788
-7.7112	109.8896	113.108531	47	0.375527640337	0.624472359663
-7.6305	109.5484	115.033513	48	0.527223343685	0.472776656315
-7.616	109.5602	115.136056	48	1.0	0.0
-7.6112	109.5643	115.228797	48	1.0	0.0
-8.6334	116.4164	115.550131	11	0.860941952985	0.139058047015
-7.6105	109.5693	115.560967	48	1.0	0.0
-8.6587	116.4296	115.599776	11	1.0	0.0
-7.7262	109.6204	115.610901	48	0.224405651403	0.775594348597
-6.6378	108.3695	117.774101	26	1.0	0.0
-4.5451	107.7544	119.920639	36	0.585624993327	0.414375006673
-9.2528	108.8129	120.9448	31	0.144664095578	0.855335904422
-8.2678	111.6171	121.340161	40	1.0	0.0
-9.337	108.6607	121.470186	31	0.253656573822	0.746343426178
-8.2264	115.1657	121.700215	19	0.158857337364	0.841142662636
-9.4229	108.6053	121.957075	31	0.348857527757	0.651142472243
-8.5401	114.1205	122.089227	39	1.0	0.118430938399
-8.754	113.9547	122.434994	-1	0.0	0.019511735363
-8.5419	114.1305	122.435083	39	1.0	0.061276752584
-4.5037	103.8324	125.416698	17	1.0	0.281224173088
-7.8509	113.6216	125.827959	-1	0.0	0.523120767538
-8.0656	114.4467	126.441478	49	1.0	0.0
-8.127	114.3872	126.555772	-1	0.0	0.399801564846
4.1234	115.5618	128.138973	1	0.0471384939376	0.952861506062
-4.4903	107.6637	128.290035	36	1.0	0.0
-4.7959	108.595	128.738423	53	1.0	0.0
-4.7348	108.5829	128.743208	53	0.839328933696	0.160671066304
-4.7534	108.623	128.794441	53	0.785972466345	0.214027533655
-7.0577	111.9081	129.111806	35	1.0	0.236619712905
6.4072	116.8917	129.418327	1	1.0	0.0
-6.7573	106.5993	129.553737	4	1.0	0.0
-6.7813	106.5535	129.609143	4	1.0	0.0
-6.7704	106.5905	129.628359	4	1.0	0.0
-4.3129	103.8326	129.867056	17	1.0	0.0
-4.809	108.2202	129.878603	51	0.421368809507	0.578631190493
-4.8921	108.1592	129.967909	-1	0.0	0.240797350796
-4.7802	108.1643	130.103238	51	1.0	0.0
-4.5702	108.5231	132.797506	52	0.539082373637	0.460917626363
-7.0813	111.8904	133.459401	35	1.0	0.0
-7.0944	111.8508	133.542606	35	0.439967193805	0.560032806195
-10.0417	106.6691	134.253208	28	0.82735336122	0.17264663878
-10.0952	106.694	134.273926	28	1.0	0.0
-2.6458	102.0063	134.492682	13	1.0	0.0
-10.1525	106.8861	134.782791	27	0.933161330114	0.0668386698863
-4.9636	109.2267	136.032214	56	0.880919442795	0.119080557205
-4.9851	109.1608	136.171716	56	0.337593120862	0.662406879138
-4.5372	107.7624	139.497533	36	0.444052992788	0.555947007212
-3.8597	101.4788	139.793324	12	1.0	0.0
-3.9135	101.4755	139.868567	12	0.62931545972	0.37068454028
-3.9134	101.455	139.946344	12	0.585474380539	0.414525619461
-3.8601	101.5119	139.97531	12	0.5069244136	0.4930755864
-3.8733	101.5179	140.044181	12	0.517980491372	0.482019508628
-2.7873	108.1738	140.602848	41	0.662162540021	0.337837459979
-8.1859	111.2585	141.839084	46	0.522010811607	0.477989188393
-2.7949	108.1304	141.94851	41	1.0	0.0
-7.0976	111.9149	147.725427	35	1.0	0.29256544654
-7.0813	111.8889	148.014034	35	1.0	0.0
-4.5173	105.8307	149.001279	18	0.557761856982	0.442238143018
-3.148	108.11	150.613095	42	1.0	0.0
-3.1493	108.0904	150.962775	42	0.723436102294	0.276563897706
-4.5571	107.5344	152.11585	36	0.253274109987	0.746725890013
-8.0984	114.3224	153.028994	58	1.0	0.0
-8.1001	114.3257	153.121819	58	1.0	0.0
-8.0651	114.3136	153.368377	58	0.780023689318	0.219976310682
-7.4687	109.2118	155.160666	43	0.611458657292	0.388541342708
-7.4549	109.2357	155.210203	43	0.51417912364	0.48582087636
-7.4783	109.2345	155.254959	43	0.745112553617	0.254887446383
-2.6439	116.03	156.038	-1	0.0	0.0502668965308
-4.5342	113.2494	158.904386	5	0.85032863382	0.14967136618
-4.5025	113.2203	158.966071	5	0.700880818028	0.299119181972
-4.4905	113.2377	159.017029	5	0.981411378174	0.0185886218261
-4.4739	113.2335	159.054151	5	1.0	0.0
-0.6128	104.5142	160.019923	10	0.0349288074667	0.965071192533
-7.6997	109.1703	160.488964	43	0.41018796533	0.58981203467
1.3927	111.9942	160.706795	2	0.620631598866	0.379368401134
-7.6748	109.8966	161.097117	47	0.55867622729	0.44132377271
-7.6685	109.884	161.14009	47	0.455634113289	0.544365886711
-7.6526	109.9038	161.227985	47	0.554286632744	0.445713367256
-7.6533	109.8991	161.282212	47	0.560484695725	0.439515304275
-1.3604	104.0986	162.31735	10	0.049569634491	0.950430365509
-8.1945	111.3925	163.349581	46	1.0	0.0170171579772
-8.1993	111.3348	163.460334	46	0.943414431753	0.0565855682467
-8.2428	111.3586	163.498645	46	0.67827217181	0.32172782819
-4.539	107.6741	163.709722	36	1.0	0.0
-4.5308	107.7042	163.830442	36	0.775896515663	0.224103484337
-1.443	103.4604	169.090815	10	0.660444477879	0.339555522121
-4.4592	107.718	171.790924	36	0.38593680346	0.61406319654
-8.0824	114.2428	172.655995	-1	0.0	0.238864336786
-8.0903	114.2596	173.307592	58	0.780120329495	0.219879670505
-8.1178	114.3258	173.559389	58	0.700386102518	0.299613897482
-7.5723	109.1469	174.633171	43	1.0	0.0451746013305
-4.6986	108.241	176.118619	-1	0.0	0.242765942037
-4.9034	108.4459	176.120782	-1	0.0	0.372802432689
-4.5065	103.8854	178.718151	17	1.0	0.377908754705
-4.5638	103.8532	178.751008	17	0.997791863408	0.00220813659193
-4.5274	103.888	178.785908	17	1.0	0.377908754705
-4.5002	103.9073	179.155203	17	1.0	0.546082790146
-8.1476	114.3528	180.334116	-1	0.0	0.490810329627
-8.5014	114.1217	181.35526	39	1.0	0.0
-8.5085	114.1427	181.604213	39	1.0	0.226491859671
-8.2338	115.176	181.637352	19	0.187861851244	0.812138148756
-8.4791	114.0966	181.725032	39	1.0	0.128630163433
-7.2887	112.0025	181.816022	35	0.0983492475776	0.901650752422
-10.0694	106.7796	184.662648	28	0.437092721865	0.562907278135
-4.8535	109.02	186.465876	56	0.245192160276	0.754807839724
-5.0884	109.0053	187.493306	-1	0.0	0.308725727419
-4.899	108.9822	187.62658	56	0.277305378468	0.722694621532
-8.1744	111.5912	188.203768	40	1.0	0.0
-8.2141	111.393	189.627627	46	1.0	0.186864541175
-9.3787	107.4556	190.349382	25	0.789676643704	0.210323356296
-9.4494	107.4834	190.423986	25	0.329024470353	0.670975529647
-9.4191	107.4102	190.483797	25	0.441162456712	0.558837543288
-9.4113	107.3893	190.593182	25	0.254703257657	0.745296742343
-8.3893	116.6283	190.749476	11	0.105777301341	0.894222698659
-7.0942	111.2257	192.136439	-1	0.0	0.314284599481
-8.5079	114.1211	192.847221	39	1.0	0.0571298974483
-7.1032	111.8669	196.32014	35	0.78654016337	0.21345983663
-4.8348	107.7758	196.994208	36	0.130083621477	0.869916378523
-4.5205	107.6946	197.085646	36	0.867271874753	0.132728125247
-8.5308	114.0888	198.150651	39	1.0	0.0201707569899
-7.5843	109.0787	198.261553	43	0.70608926304	0.29391073696
0.0046	103.6367	198.333582	10	0.033012416923	0.966987583077
0.026	103.6822	198.364611	10	0.0321079057444	0.967892094256
-8.0848	114.3408	199.311936	58	0.963056154414	0.0369438455856
-8.2069	114.1283	199.363515	-1	0.0	0.641820895883
-7.5707	109.1704	199.91626	43	1.0	0.0486017064533
0.8847	116.2339	202.331394	1	0.0459573564371	0.954042643563
-7.423	108.0892	203.150744	26	0.119201387694	0.880798612306
-8.595	114.1302	206.505199	39	0.567417894788	0.432582105212
-2.9941	108.0046	207.137594	-1	0.0	0.151829698754
-4.4767	108.5391	207.274722	52	1.0	0.0
-8.0902	114.366	208.65036	57	1.0	0.0
-6.4805	108.2508	208.916348	26	1.0	0.0
-6.4747	108.2772	209.078969	26	1.0	0.0
-8.0968	114.3075	209.524064	58	1.0	0.0
-7.7841	112.7691	214.668901	33	1.0	0.0
-7.6959	109.8696	216.026524	47	0.452005716068	0.547994283932
-7.0613	111.9227	216.547416	35	1.0	0.0837620450319
-7.0788	111.9027	216.791769	35	1.0	0.0
-3.8724	101.4779	217.908974	12	1.0	0.0
-3.8763	101.4798	217.980241	12	1.0	0.0
-3.8938	101.4628	218.018753	12	0.920033657902	0.0799663420975
-3.8663	101.4959	218.075645	12	0.69820216559	0.30179783441
-3.9175	101.4271	218.108923	12	0.463946874992	0.536053125008
3.1145	114.2462	218.13932	-1	0.0	0.0853785008481
-4.6337	107.6731	218.863543	36	0.659939854362	0.340060145638
-8.4828	114.1168	224.455347	39	1.0	0.0
-7.6297	109.6126	226.407818	48	0.344768062138	0.655231937862
-7.6437	109.4695	226.575484	48	0.124240294997	0.875759705003
-8.0977	114.337	228.731842	58	0.963056154414	0.0369438455856
-8.0907	114.2917	228.892985	58	0.947725636681	0.0522743633194
-4.4921	105.8743	231.641034	18	1.0	0.0
-4.4943	105.851	231.702829	18	1.0	0.0
-4.4697	105.8565	231.788178	18	0.772904706748	0.227095293252
-4.4438	105.9461	231.838507	18	0.175199030869	0.824800969131
-8.5624	114.0162	232.058299	39	0.328424177541	0.671575822459
-8.4705	114.1268	232.058339	39	1.0	0.0799305890043
-4.5972	107.7073	234.631107	36	1.0	0.0409136398688
-8.4768	114.1445	235.762983	39	0.932057512844	0.0679424871557
-2.9871	107.8892	238.631177	-1	0.0	0.117162183223
-4.5212	103.8604	238.678796	17	1.0	0.377908754705
-9.573	107.8915	239.887301	24	1.0	0.0
-9.5163	107.8301	239.938142	24	1.0	0.0
-9.5205	107.8664	240.010202	24	1.0	0.0
-10.1967	106.9512	240.920089	27	1.0	0.0
-3.1816	113.6915	241.999542	8	1.0	0.0
-7.6493	109.8936	242.655402	47	0.541152514602	0.458847485398
-7.7162	109.9704	242.866732	47	0.161406679557	0.838593320443
-7.8314	109.9978	242.932909	47	0.098629389292	0.901370610708
-7.5977	109.1673	243.506358	43	1.0	0.45248981176
-7.5803	109.1543	243.878907	43	1.0	0.27448321641
-4.5881	107.6681	247.418777	36	0.948067504374	0.0519324956256
-4.6106	107.6931	247.53292	36	0.938464823838	0.0615351761623
-4.5842	107.6978	247.605489	36	1.0	0.0
-8.5157	114.0733	247.80014	39	1.0	0.0
-8.4987	114.099	247.837904	39	1.0	0.35276149998
-8.5344	114.0835	247.885483	39	1.0	0.0
-8.5177	114.0731	248.135714	39	1.0	0.0
-8.5362	114.0655	248.40954	39	0.93020287914	0.0697971208603
-4.8305	108.8523	248.563913	55	0.907060113009	0.0929398869911
-5.0783	104.661	249.164662	20	0.522387921744	0.477612078256
-5.1107	104.7078	249.216278	20	1.0	0.0
-5.1101	104.7114	249.278785	20	0.991448478947	0.00855152105282
-5.102	104.7711	249.359882	20	0.375951327156	0.624048672844
-8.0817	114.3579	250.069347	57	0.921039371598	0.0789606284024
-8.0897	114.3339	250.13295	58	1.0	0.0
-8.0855	114.3684	250.237981	57	1.0	0.0
-8.1468	114.4107	250.385754	-1	0.0	0.399801564846
-8.0671	114.337	250.521558	58	0.635428341228	0.364571658772
-8.0796	114.3559	250.720855	57	0.920171453982	0.0798285460183
-4.9396	109.1259	252.496577	56	0.327949051451	0.672050948549
-4.9088	109.0682	252.553635	56	0.277305378468	0.722694621532
-4.5958	108.3578	252.685844	-1	0.0	0.0908510419933
-4.5957	108.3455	252.687955	-1	0.0	0.13349068337
-1.1144	108.4446	255.092625	14	0.22004093199	0.77995906801
-7.0741	111.9241	255.107646	35	1.0	0.290132809241
-1.0191	108.5482	255.219017	14	0.619153650742	0.380846349258
-4.3327	103.8747	259.619755	17	0.985513195062	0.0144868049383
-4.3146	103.8761	259.682453	17	0.974049814471	0.0259501855291
-4.2265	107.2145	263.129096	-1	0.0	0.194955587346
-10.8438	111.9862	266.524088	9	1.0	0.0
2.0128	99.1031	272.552338	0	0.515387203704	0.484612796296
-10.0605	106.7371	273.044344	28	0.708846893244	0.291153106756
-4.7362	104.1529	276.320309	16	1.0	0.0
-6.9778	111.8432	277.892209	35	0.195862253542	0.804137746458
-7.0896	111.9108	278.069742	35	1.0	0.132813027037
-8.1841	111.5821	278.073779	40	1.0	0.0
-8.0657	114.3306	284.502056	58	0.684284467482	0.315715532518
-8.0198	114.3005	284.550612	-1	0.0	0.395320840755
-8.0694	114.3573	284.600211	57	0.731409227248	0.268590772752
-7.6682	109.9166	285.168018	47	1.0	0.0
-6.4956	108.2914	290.46257	26	1.0	0.0618168385459
-4.6022	107.6531	291.310218	36	0.919782423968	0.0802175760316
-4.6258	107.6164	291.408199	36	0.95161758829	0.0483824117101
-4.6197	107.7087	291.493749	36	0.938464823838	0.0615351761623
-4.6356	107.66	291.598521	36	0.841851875458	0.158148124542
-9.9295	107.0	291.811368	-1	0.0	0.158866472091
-4.5721	107.6016	292.010154	36	0.680930118725	0.319069881275
-4.4789	108.6191	294.47006	52	0.724495504772	0.275504495228
-4.7828	108.6092	295.095332	53	1.0	0.0
-4.7476	108.6288	295.142567	53	0.704394941623	0.295605058377
-4.7703	108.5705	295.167919	53	1.0	0.0
-4.7897	108.8047	295.244463	55	0.907060113009	0.0929398869911
-7.6296	109.5838	295.483517	48	0.600771670348	0.399228329652
-7.6421	109.0337	296.260061	43	0.497618110857	0.502381889143
-8.3397	111.563	299.328178	40	1.0	0.0
-4.6861	107.5791	300.504149	36	0.680024414398	0.319975585602
-3.8476	101.487	300.791321	12	0.74913790247	0.25086209753
-3.8974	101.4904	300.835577	12	0.681049964942	0.318950035058
-3.861	101.468	300.879754	12	1.0	0.0
-3.8994	101.4552	300.914306	12	0.78949445975	0.21050554025
-3.8695	101.4096	300.939299	12	0.387925967555	0.612074032445
-3.8208	101.4564	301.100687	12	0.573599009163	0.426400990837
-3.8367	101.4866	301.162534	12	0.659094154556	0.340905845444
-7.7147	109.2045	301.210546	43	0.302160775794	0.697839224206
-0.4916	110.8448	301.271478	2	0.0416340158255	0.958365984174
-1.4577	103.4204	304.910359	10	1.0	0.0
-1.5022	103.416	305.051918	10	1.0	0.0
-8.0243	114.3379	305.794242	-1	0.0	0.122888513925
-4.5491	107.6583	307.666874	36	1.0	0.0803172187405
-4.5276	107.6562	307.85656	36	1.0	0.0557172807977
-4.5432	107.6811	307.949117	36	1.0	0.0
-8.1051	114.3205	308.673973	58	1.0	0.0
-7.6742	109.8781	313.011927	47	0.455634113289	0.544365886711
-7.0693	111.9177	313.405194	35	1.0	0.0
-7.0593	111.9148	313.481477	35	1.0	0.0
-7.0629	111.9135	313.627896	35	1.0	0.0
-8.3396	115.3037	315.230726	19	0.915295594323	0.0847044056766
-8.2779	115.2317	315.35087	19	0.494134338269	0.505865661731
-4.9366	109.0958	315.908503	56	0.319583900752	0.680416099248
-7.6032	109.1938	316.043441	43	1.0	0.4246081795
-4.4404	103.8646	318.312842	17	1.0	0.550497939224
-4.459	103.8349	318.584614	17	1.0	0.0
-4.7609	108.811	320.583837	55	0.907060113009	0.0929398869911
-4.7957	108.8316	320.707849	55	0.907060113009	0.0929398869911
-4.7757	108.8213	321.00469	55	0.735942514038	0.264057485962
-4.6883	108.7936	321.079536	-1	0.0	0.123361668226
-4.7287	108.7969	321.224529	55	0.735942514038	0.264057485962
-9.3551	108.8627	321.545274	31	0.142099570889	0.857900429111
-2.9856	107.9176	322.94103	-1	0.0	0.176407989681
-3.0503	102.4973	323.489239	15	1.0	0.0
1.3495	111.8407	324.058105	2	0.93471565488	0.0652843451201
-7.465	109.2384	325.109668	43	0.588765397472	0.411234602528
-8.0408	114.2922	325.645422	-1	0.0	0.0485990559166
-8.0237	114.3432	326.043066	-1	0.0	0.142525070017
-7.9935	114.3094	326.217836	-1	0.0	0.528016405706
-10.0032	106.6658	326.859718	28	0.629062913641	0.370937086359
-8.5027	114.0799	329.452569	39	1.0	0.0
-5.1524	104.7318	330.493557	20	0.783216467119	0.216783532881
-5.1339	104.6848	330.54722	20	0.790859117107	0.209140882893
-5.1434	104.7017	330.550479	20	1.0	0.0
-5.1037	104.6671	330.599831	20	0.822212109861	0.177787890139
-9.1608	109.5932	330.661851	37	0.103863652335	0.896136347665
-9.2676	109.3705	331.383936	-1	0.0	0.0547704382869
-9.2804	109.3945	331.645078	-1	0.0	0.0807621135205
-7.0935	111.8802	339.521013	35	1.0	0.0
-8.0382	114.3539	339.762425	-1	0.0	0.0491685918143
-7.0739	111.9156	339.830545	35	1.0	0.0
-4.5767	107.701	342.990425	36	1.0	0.0
-4.3727	107.587	343.128203	36	0.243588004081	0.756411995919
1.5106	111.8692	343.344145	2	0.541357253089	0.458642746911
-2.7944	108.1252	343.672683	41	1.0	0.0
-4.294	103.8226	344.83286	17	1.0	0.0
6.4058	116.8751	345.86693	1	1.0	0.0
-7.703	109.9614	349.743855	47	0.213531778666	0.786468221334
-7.8216	112.814	349.961601	33	0.676297823321	0.323702176679
-6.9481	106.6074	350.265206	4	1.0	0.0
-4.5332	108.5637	350.499213	52	0.75782686879	0.24217313121
-4.5003	108.536	350.60525	52	1.0	0.0
-8.5336	114.1035	354.734371	39	1.0	0.278973969396
-4.4899	105.865	354.966075	18	0.918852357848	0.0811476421521
-4.5147	105.8745	354.999029	18	0.832067679827	0.167932320173
-8.3228	115.2876	355.194575	19	0.94903550071	0.05096449929
-8.2954	115.2811	355.255522	19	1.0	0.0
-8.3478	115.3024	355.351153	19	0.746329183992	0.253670816008
-3.015	108.019	355.952202	-1	0.0	0.0575097286748
-2.1796	104.2799	357.362683	10	0.0309493809425	0.969050619058
-4.5856	107.7381	359.547591	36	0.585624993327	0.414375006673
-7.5759	109.2197	359.732999	43	1.0	0.313702297361
-4.584	107.7361	359.759216	36	0.581521608499	0.418478391501
-7.5763	109.221	359.857796	43	1.0	0.313702297361
-4.5568	107.6505	359.983734	36	1.0	0.0193355055745
-8.1088	114.3075	361.962084	58	1.0	0.0649404459381
-7.0008	111.9586	365.135137	35	0.245411860202	0.754588139798
-4.6074	108.5509	366.023701	52	0.540826123997	0.459173876003
-4.4809	108.5487	366.065052	52	1.0	0.0
-4.4933	108.5053	366.109661	52	0.657812348149	0.342187651851
-8.0097	114.385	367.797399	-1	0.0	0.386936276118
-8.046	114.3504	368.064059	57	0.616992585201	0.383007414799
-8.4593	114.1091	370.898407	39	1.0	0.234704995784
-7.6658	109.9211	376.464754	47	1.0	0.0
-7.7291	109.9133	376.519054	47	0.291023692758	0.708976307242
-7.6878	109.9161	377.255229	47	1.0	0.0
4.2757	115.748	381.283571	1	0.0523883556466	0.947611644353
-10.1726	106.938	382.089731	27	1.0	0.0
-10.1326	106.9373	382.107955	27	1.0	0.0
0.0099	103.6428	383.440049	10	0.0328412235981	0.967158776402
-7.6307	109.114	383.561365	43	0.599688702264	0.400311297736
0.0904	103.6183	383.565648	10	0.031345961075	0.968654038925
-4.549	107.6872	384.003917	36	1.0	0.0669431509567
-8.3061	115.3558	384.87707	19	0.215512075327	0.784487924673
-4.4311	103.8035	387.151238	17	1.0	0.482253358257
-3.9374	111.3989	389.305243	3	1.0	0.0
-7.8167	112.799	391.141412	33	0.88812275861	0.11187724139
-7.5493	109.1796	392.114839	43	1.0	0.0266100484647
-0.6478	104.4313	393.21867	10	0.0337677002697	0.96623229973
-8.1232	115.319	393.451335	19	0.122544344602	0.877455655398
-2.3573	106.0503	393.659427	-1	0.0	0.117705026642
-7.6488	109.9241	394.749608	47	0.639170808163	0.360829191837
-6.489	108.2561	395.711815	26	1.0	0.0
-6.4931	108.2893	395.842799	26	1.0	0.0
-8.1068	114.2982	395.858598	58	1.0	0.00795768370059
-8.1088	114.3012	396.037772	58	1.0	0.0
-8.1439	114.2613	396.199239	-1	0.0	0.268751407834
-4.6128	107.7139	396.858562	36	1.0	0.208770674211
-4.4423	107.5027	396.954614	36	0.167137218261	0.832862781739
-7.724	110.14	397.009001	44	0.87672606422	0.12327393578
-4.383	107.4641	397.059877	36	0.136048778187	0.863951221813
-4.6154	107.605	397.135129	36	0.759875230104	0.240124769896
-4.5745	107.5753	397.206491	36	0.422570112333	0.577429887667
-4.4344	113.8821	398.373698	-1	0.0	0.75803320586
-4.9485	108.8204	401.463538	-1	0.0	0.0741092712217
-4.7225	108.735	401.463555	54	0.892489992564	0.107510007436
-3.7851	101.7858	402.373452	12	0.0595055699884	0.940494430012
-3.8987	101.5239	402.373469	12	0.422822348004	0.577177651996
-3.862	101.633	402.40424	12	0.101821985686	0.898178014314
-3.8443	101.3299	402.404252	12	0.11117419452	0.88882580548
-8.4873	114.1037	402.969043	39	1.0	0.128630163433
-6.8897	106.4472	403.628358	4	1.0	0.0
-7.6755	109.9004	404.242083	47	0.560484695725	0.439515304275
-8.5748	114.2099	405.592463	39	0.223557577396	0.776442422604
-7.6045	109.0676	405.972612	43	0.720334871784	0.279665128216
-7.5932	109.0471	406.108927	43	0.541995151908	0.458004848092
-9.413	107.541	408.91264	25	0.155155863255	0.844844136745
-9.397	107.4659	408.9651	25	1.0	0.0
-9.3975	107.4485	409.011684	25	0.789676643704	0.210323356296
-9.3974	107.4725	409.185251	25	1.0	0.0
-3.2588	107.9747	410.309248	-1	0.0	0.280259617253
0.7913	102.7402	410.948268	-1	0.0	0.12529920021
-4.6985	108.482	413.096908	-1	0.0	0.144482471181
-4.7782	108.3751	413.32356	-1	0.0	0.391607081126
-3.4702	102.7555	415.880685	23	0.794285926935	0.205714073065
-3.4394	102.7737	416.093667	23	1.0	0.0
-4.9254	109.1071	416.66438	56	0.248436173186	0.751563826814
-7.7706	112.7795	417.391236	33	1.0	0.0
-7.767	112.7779	417.473343	33	1.0	0.0
-7.6434	109.6058	420.054439	48	0.430309817371	0.569690182629
-7.7026	109.6064	420.105588	48	0.340111815092	0.659888184908
-7.6823	109.7294	420.168891	47	0.0879673193888	0.912032680611
-7.645	109.5726	420.24576	48	0.560530446437	0.439469553563
-6.5092	108.2982	420.300072	26	1.0	0.23193975909
-7.6244	109.59	420.303648	48	0.537306355902	0.462693644098
-2.8155	108.1533	421.230526	41	1.0	0.0
-4.4997	108.5888	421.251106	52	0.984543607279	0.0154563927213
-4.5427	108.5859	421.560244	52	0.984543607279	0.0154563927213
-7.6739	109.9138	423.604329	47	0.994022103194	0.0059778968057
-7.6773	109.9296	423.6972	47	0.871044141892	0.128955858108
-7.582	109.9177	424.136565	47	0.182241616532	0.817758383468
-7.6277	109.0677	429.689042	43	0.70608926304	0.29391073696
-6.6975	108.3342	430.208291	26	1.0	0.0
-5.5027	108.6594	430.299702	30	0.672220251178	0.327779748822
-4.6966	108.1867	430.510631	51	0.693779254431	0.306220745569
-10.8522	112.0264	431.272129	9	1.0	0.0
-8.0652	114.2813	432.246737	58	0.734203267219	0.265796732781
-5.2017	104.7884	432.346329	20	0.310214087697	0.689785912303
-5.234	104.8436	432.54048	-1	0.0	0.247357303741
-3.0132	102.4553	433.84205	15	1.0	0.0
-5.3925	104.6038	434.603848	-1	0.0	0.418705273137
-7.5067	110.2368	435.342463	44	1.0	0.0
-8.1173	111.3766	436.34215	46	1.0	0.177884918002
-8.1486	111.3612	436.659283	46	1.0	0.11300086636
-1.4205	103.0249	438.931114	10	0.0613592588694	0.938640741131
-1.4786	100.9683	439.667421	-1	0.0	0.113284321898
-8.0457	114.3292	444.003192	58	0.523494118934	0.476505881066
-7.7865	112.8332	444.076625	33	0.536107690223	0.463892309777
-8.3208	115.2388	444.873772	19	0.586016433711	0.413983566289
-10.095	106.6392	446.696335	28	0.571279218398	0.428720781602
-10.0917	106.7135	446.749542	28	1.0	0.0
-2.9196	108.3207	447.588812	-1	0.0	0.436145084659
-2.6501	101.9383	449.467094	13	0.782203328548	0.217796671452
-8.5371	114.1342	451.522746	39	1.0	0.213852050207
-8.5732	114.1459	452.030152	39	0.75925106161	0.24074893839
-7.6029	109.1888	453.267055	43	1.0	0.357569506404
-7.5916	109.1426	453.736005	43	1.0	0.364526213424
-7.676	109.9188	453.994315	47	1.0	0.0
-7.7169	109.8848	454.055957	47	0.455634113289	0.544365886711
1.3657	111.8239	454.117804	2	0.978186079376	0.0218139206239
-7.6751	109.9212	454.152135	47	1.0	0.0
-8.0785	114.3696	456.642293	57	1.0	0.0
-8.1723	114.3992	456.749814	-1	0.0	0.570549298328
-7.8359	114.253	456.835774	-1	0.0	0.576516182453
-8.0592	114.3853	457.062724	-1	0.0	0.22715559554
-0.686	104.3576	458.435995	10	0.0323181088942	0.967681891106
-4.8286	109.0243	460.243652	-1	0.0	0.127077640528
-4.8678	109.0391	460.435994	56	0.277305378468	0.722694621532
-4.8956	108.9762	460.499484	56	0.277305378468	0.722694621532
-4.8617	109.0077	460.933295	56	0.277305378468	0.722694621532
-4.8409	108.9642	461.182956	-1	0.0	0.00271779350487
-4.7996	108.7038	461.408941	54	0.816854232697	0.183145767303
-5.0506	109.3607	462.010915	-1	0.0	0.508918352545
-4.7358	103.7614	462.805146	-1	0.0	0.126178003087
-4.7504	103.9964	462.805176	16	1.0	0.0
-4.5143	105.8882	466.076355	18	0.731229916173	0.268770083827
-4.513	105.891	466.266688	18	0.660485340766	0.339514659234
-7.9014	113.8777	468.185244	-1	0.0	0.519289786216
-4.5108	108.6749	468.509442	-1	0.0	0.116767688655
-11.2087	110.7188	470.859163	6	1.0	0.0
-9.7612	109.134	470.859311	31	0.0911960525443	0.908803947456
-11.1874	110.8745	471.257717	6	1.0	0.0
-8.6957	116.4203	472.266619	11	0.989027057933	0.010972942067
-8.6419	116.3652	472.372189	11	0.496095992913	0.503904007087
-8.6317	116.4501	472.48357	11	0.854419667103	0.145580332897
-8.5325	114.1497	473.43391	39	0.847601834633	0.152398165367
-2.8032	113.179	473.908248	-1	0.0	0.758788872332
-4.673	108.7041	474.438101	54	0.600788799074	0.399211200926
-4.6905	108.7228	474.516409	54	1.0	0.0
-7.6353	109.5801	479.93259	48	0.600771670348	0.399228329652
-7.6503	109.5939	480.008592	48	0.600771670348	0.399228329652
-7.6827	109.6455	480.130024	48	0.234223711679	0.765776288321
-3.2173	113.6924	480.670364	8	1.0	0.0
-7.9639	111.1701	480.898268	-1	0.0	0.243303027172
-7.7124	109.8879	481.859617	47	0.390328302558	0.609671697442
-7.7112	109.869	482.062468	47	0.423433872949	0.576566127051
-7.7185	109.8646	482.151742	47	0.323512910464	0.676487089536
-7.7013	109.8857	482.303346	47	0.455634113289	0.544365886711
-7.5791	109.1832	486.657326	43	1.0	0.241634922598
-7.5489	109.1519	486.766634	43	1.0	0.0
-7.535	109.1446	486.818289	43	1.0	0.233772982601
-7.5631	109.1539	486.847165	43	1.0	0.00809447389488
-7.5614	109.1768	486.9125	43	1.0	0.0
-7.5743	109.1233	487.559654	43	1.0	0.276000947624
-7.7875	112.7569	489.273383	33	1.0	0.0
-7.7732	112.7851	489.38597	33	1.0	0.0
-4.5308	108.5331	490.008949	52	0.776479234145	0.223520765855
-4.4724	108.5426	490.044513	52	1.0	0.0
-7.6673	109.9319	490.273482	47	0.681680639674	0.318319360326
-4.4534	108.5481	490.288149	52	1.0	0.0
-8.1696	111.3653	490.469214	46	1.0	0.0
-7.588	109.3029	495.075956	43	0.260865438229	0.739134561771
-7.6619	109.0551	495.676851	43	0.519702313886	0.480297686114
-4.725	108.2006	501.483925	51	0.599500766674	0.400499233326
-4.7544	108.1609	501.516435	51	1.0	0.0
-4.7346	108.1467	501.615458	51	1.0	0.0
-4.6089	107.6274	501.88867	36	0.918300145503	0.0816998544973
-4.6077	107.644	501.963783	36	1.0	0.0
-4.6118	107.6516	502.051488	36	1.0	0.0
-4.865	104.5056	502.619045	21	0.683876885464	0.316123114536
-8.303	115.2812	503.767038	19	0.94903550071	0.05096449929
-8.5143	114.0797	505.623147	39	1.0	0.0
-8.1615	114.3309	505.824831	-1	0.0	0.494532715573
-2.9808	107.9087	506.636252	-1	0.0	0.0244962680608
-8.2721	111.6398	507.690123	40	1.0	0.0
6.3859	116.8622	507.742642	1	1.0	0.0
6.4001	116.8944	507.814567	1	1.0	0.0
-4.5622	107.6583	511.24606	36	0.937314827241	0.0626851727587
-8.5191	114.1311	511.31671	39	1.0	0.061276752584
-4.5579	107.6729	511.350131	36	1.0	0.0636162049695
-8.4647	114.0881	511.484791	39	0.85128202898	0.14871797102
-7.6846	110.1509	521.208907	44	1.0	0.0
-10.0973	106.6905	522.408396	28	1.0	0.0
-10.1448	106.6901	522.48197	28	1.0	0.0
-10.0904	106.6803	522.570335	28	1.0	0.0
-10.134	106.7193	522.57038	28	0.986784361533	0.013215638467
-8.0663	114.3143	524.437365	58	0.826971193334	0.173028806666
-7.6574	109.9348	526.067768	47	0.652741358233	0.347258641767
-1.4515	102.9701	526.712121	10	0.0540956395422	0.945904360458
-2.8733	108.1192	530.339733	41	0.908243239871	0.0917567601285
-8.4897	114.1032	532.235871	39	1.0	0.176359175758
-8.4853	114.1501	532.323924	39	0.750258401065	0.249741598935
-8.4837	114.116	532.410361	39	1.0	0.0
-8.4918	114.128	532.529575	39	1.0	0.0
-5.1165	104.7074	532.767468	20	1.0	0.0
-8.1536	111.3815	534.59456	46	1.0	0.0
-8.1863	111.307	534.656408	46	1.0	0.0
-9.3932	107.4669	535.635843	25	1.0	0.0
-9.4028	107.4793	535.692713	25	0.683988200478	0.316011799522
-9.3942	107.4599	535.738707	25	1.0	0.0
-9.4197	107.4218	535.810344	25	0.717384242811	0.282615757189
-9.4131	107.4406	535.963826	25	0.789676643704	0.210323356296
-2.7539	108.1193	536.483557	41	0.664162275686	0.335837724314
-8.4786	114.1241	537.215202	39	1.0	0.0
-4.8989	109.1663	538.697597	-1	0.0	0.032394229765
-8.0509	111.1786	539.677768	-1	0.0	0.240025031624
-8.0154	111.2418	539.774145	45	1.0	0.0
-7.6187	109.1182	542.415681	43	0.73685130392	0.26314869608
-7.6378	109.0962	542.535618	43	0.720334871784	0.279665128216
-4.461	105.8977	543.48738	18	0.410120215494	0.589879784506
-8.3188	111.783	544.590548	38	0.194367422441	0.805632577559
-8.2267	114.0733	545.342492	-1	0.0	0.66353700194
-8.2871	115.2961	545.396642	19	0.716041789217	0.283958210783
-8.3147	115.3034	545.437689	19	0.895587977538	0.104412022462
-8.2877	115.2912	545.485856	19	0.891714427673	0.108285572327
-8.2962	115.2904	545.559818	19	1.0	0.0
-8.1368	111.3727	546.027861	46	1.0	0.0
-8.1542	111.3029	546.081324	46	1.0	0.0
-4.574	107.7253	548.74035	36	0.91734877237	0.0826512276301
-4.4467	107.6099	548.909941	36	0.424944693838	0.575055306162
-4.5684	107.6368	549.039598	36	1.0	0.0193355055745
-8.975	110.0393	549.824342	37	0.104580832213	0.895419167787
-4.0003	111.388	550.917628	3	1.0	0.0
-8.4793	114.1167	551.059856	39	1.0	0.0183087480932
-3.0219	102.5302	551.553847	15	0.885783085038	0.114216914962
-3.0068	102.4964	551.666352	15	1.0	0.0
-2.9891	102.5927	551.932015	15	0.571877733595	0.428122266405
-4.7651	108.4757	552.342303	-1	0.0	0.176716206067
-4.7869	108.1714	555.200605	51	0.893574633927	0.106425366073
-4.9432	108.1329	555.612251	-1	0.0	0.226157872044
-3.1395	102.4305	560.878557	15	0.712391299687	0.287608700313
-3.1261	102.4551	561.133259	15	1.0	0.0
-5.1398	104.7355	561.530636	20	0.676165909484	0.323834090516
-5.1282	104.7302	561.682067	20	0.875372320923	0.124627679077
6.3729	116.814	562.02273	1	1.0	0.0
-7.669	109.5852	563.042927	48	0.498330456221	0.501669543779
-7.6891	109.6078	563.129002	48	0.413619232288	0.586380767712
-7.6802	109.5505	563.213547	48	0.282457626955	0.717542373045
-4.4189	103.9345	565.524645	17	0.510498099067	0.489501900933
-7.6977	109.9654	568.275842	47	0.200315981721	0.799684018279
-7.6637	109.9258	568.329665	47	0.957593283267	0.0424067167332
-1.4426	103.4623	569.164893	10	0.629026472003	0.370973527997
-1.4544	103.4162	569.201153	10	1.0	0.0
-4.984	104.5334	569.210203	20	0.213843398094	0.786156601906
-10.8305	111.9972	571.402131	9	1.0	0.0
-8.0615	114.3551	572.646416	57	0.798141886878	0.201858113122
-8.0211	114.3889	572.684636	-1	0.0	0.351250710966
-7.9763	114.3821	572.836966	-1	0.0	0.0160121824893
-7.7383	110.3946	573.600891	-1	0.0	0.310809004025
-2.9884	112.1834	573.707447	3	1.0	0.0
-2.9461	112.1433	573.752243	3	1.0	0.0
-2.9682	112.1644	573.974424	3	1.0	0.0
-10.0818	106.726	574.770797	28	1.0	0.0
-7.6181	109.08	575.617826	43	0.720334871784	0.279665128216
-4.9078	108.9903	576.478569	56	0.245192160276	0.754807839724
-5.1616	109.0585	576.718184	-1	0.0	0.431376040604
-7.0989	111.9177	577.706686	35	1.0	0.337346661543
-7.5975	109.2696	577.839936	43	0.514198122361	0.485801877639
-7.587	109.2365	577.931391	43	0.976864503748	0.023135496252
-8.3854	113.8736	579.602524	-1	0.0	0.205478458825
-2.5008	105.4872	583.402462	-1	0.0	0.0813292391485
-4.6993	108.6597	587.528515	53	0.605976359128	0.394023640872
-4.5409	103.8889	588.633732	17	1.0	0.455440462593
-4.6082	107.7106	590.794554	36	1.0	0.0
-8.1351	111.3474	590.810013	46	1.0	0.323432367012
-4.6284	107.6486	590.893212	36	1.0	0.0
-4.6218	107.6031	591.02371	36	0.921220663161	0.0787793368392
-5.0676	104.7059	596.035388	20	0.651957188632	0.348042811368
-3.1664	113.3456	596.34336	-1	0.0	0.619000728906
