-15.488	219.0578	-6e-05	23	1.0	0.0
-17.8819	223.3414	-599.857413	2	1.0	0.138638875463
-13.384	213.4295	-598.404657	35	1.0	0.0
-13.2904	214.0347	-593.143213	46	1.0	0.0
-11.6952	209.5764	-590.743912	17	0.728455369245	0.271544630755
-12.5458	215.6653	-590.220828	21	1.0	0.0
-12.2875	215.6916	-590.220709	21	0.209087015567	0.790912984433
-12.5734	215.6564	-589.998078	21	0.884761272994	0.115238727006
-12.938	214.472	-589.790763	-1	0.0	0.03841695638
-12.8576	214.5877	-589.790713	-1	0.0	0.00351742667423
-12.7684	214.1123	-587.403974	42	1.0	0.0761244033354
-12.7338	214.0451	-587.331249	42	0.517993709809	0.482006290191
-12.7154	213.7664	-587.33124	32	0.174252882292	0.825747117708
-20.9169	228.8662	-586.554782	31	1.0	0.0
-17.4627	226.2099	-581.694885	8	0.957915267663	0.0420847323372
-20.5349	228.913	-581.577064	19	1.0	0.0
-20.493	228.8914	-581.574358	19	1.0	0.0
-17.9156	223.3964	-581.480668	2	1.0	0.080773232389
-17.8605	222.9829	-581.411657	2	1.0	0.0
-10.9682	215.4165	-579.191861	18	0.29019899459	0.70980100541
-10.9136	215.5323	-579.191832	18	0.29019899459	0.70980100541
-10.9066	215.5725	-579.191803	18	0.265073459272	0.734926540728
-17.7953	222.5397	-577.499601	2	0.284069906355	0.715930093645
-17.706	222.8265	-577.499465	2	1.0	0.0
-17.6989	222.9062	-577.480704	2	0.781890463474	0.218109536526
-17.7161	222.8571	-577.456315	2	1.0	0.0
-17.7323	222.7912	-577.41351	2	1.0	0.00171053274187
-17.8007	222.6688	-577.387381	2	0.44385831082	0.55614168918
-17.7219	222.8299	-577.355951	2	1.0	0.0
-13.759	216.21	-577.238601	39	1.0	0.233960865056
-16.232	220.0162	-577.19805	12	0.39882685558	0.60117314442
-14.1341	216.0185	-577.182788	-1	0.0	0.513105906901
-14.2726	216.3825	-577.182671	-1	0.0	0.710745162891
-13.8217	216.258	-577.141508	39	0.877294159092	0.122705840908
-13.8077	216.0994	-576.992971	39	1.0	0.201547299737
-10.6234	210.9807	-576.923355	-1	0.0	0.261942537695
-13.8031	216.2633	-576.922988	39	1.0	0.109932103874
-17.7181	222.8181	-576.830937	2	1.0	0.0
-17.7174	222.8477	-576.729294	2	1.0	0.0
-13.782	216.228	-576.58684	39	1.0	0.341816665767
-13.7972	216.2847	-576.208192	39	0.877294159092	0.122705840908
-12.7069	213.4671	-574.697839	32	0.411974132215	0.588025867785
-17.8646	223.1846	-573.803457	2	1.0	0.289736286323
-15.6264	214.1122	-572.383029	-1	0.0	0.187634647764
-13.879	216.1749	-572.382481	39	1.0	0.09562115805
-13.2353	214.0101	-571.427266	46	0.806834222248	0.193165777752
-13.2562	214.0257	-571.42724	46	1.0	0.154418845627
-13.2892	214.0609	-571.26456	46	1.0	0.0
-11.8769	209.5339	-571.211825	17	0.796767253424	0.203232746576
-12.7613	212.5629	-571.027931	-1	0.0	0.0637049648992
-17.3993	225.7936	-570.464831	4	0.954758766685	0.0452412333149
-13.859	216.1577	-564.610996	39	1.0	0.0
-24.951	228.9724	-561.928266	-1	0.0	0.933999718142
-24.7703	228.9288	-561.860198	-1	0.0	0.930013157902
-12.5729	212.4912	-560.329718	27	1.0	0.0
-13.6809	216.1802	-559.361469	39	0.970236450211	0.0297635497891
-15.9988	219.8932	-558.648408	13	0.776924805794	0.223075194206
-13.9013	216.2905	-557.720706	39	0.599943179092	0.400056820908
-12.6629	214.596	-557.656364	43	0.982452157104	0.0175478428963
-13.9106	216.033	-553.915161	39	0.59278791682	0.40721208318
-17.3055	225.7486	-552.286786	4	0.774181194091	0.225818805909
-13.6356	214.1533	-550.966052	45	0.582248903542	0.417751096458
-13.5652	214.2211	-550.966031	45	0.671566356795	0.328433643205
-16.4366	220.3818	-550.776962	-1	0.0	0.416600012287
-13.6106	214.2047	-550.549573	45	0.727934333865	0.272065666135
-17.8114	223.2803	-546.745677	2	1.0	0.33845811238
-13.0208	211.0948	-543.620002	7	0.552910389429	0.447089610571
-17.912	223.2625	-541.278195	2	1.0	0.0447665358458
-17.9306	222.9194	-541.022327	2	1.0	0.111370580794
-18.0759	222.7794	-540.982515	2	0.692559541546	0.307440458454
-17.937	223.2092	-540.982298	2	1.0	0.0
-18.0021	222.985	-540.939512	2	1.0	0.0
-18.0619	222.9889	-540.357439	2	1.0	0.0177722453483
-18.0718	223.0273	-540.246862	2	0.964695761889	0.0353042381111
-18.0603	223.0148	-540.124474	2	1.0	0.174438057072
-18.1748	223.6674	-539.905938	2	0.228529327024	0.771470672976
-20.9058	228.8521	-539.4123	31	1.0	0.0
-20.8863	229.2161	-539.374261	-1	0.0	0.296482113546
-12.7474	214.3047	-538.913766	42	0.375236511114	0.624763488886
-16.0864	219.5468	-537.198173	-1	0.0	0.196958102822
-15.9769	219.8134	-537.198074	13	0.963831288649	0.0361687113512
-17.8454	222.8782	-532.612168	2	1.0	0.182665703084
-17.6998	223.1005	-532.612068	2	1.0	0.0188107851828
-17.9903	222.5985	-532.581834	2	0.315098012235	0.684901987765
-17.7411	223.0837	-532.58159	2	0.957496205662	0.0425037943379
-18.8192	226.6379	-531.982506	33	1.0	0.0
-12.4222	215.7461	-528.12948	21	0.239263574737	0.760736425263
-12.7619	214.3988	-523.901336	43	0.449637533622	0.550362466378
-14.2703	212.3805	-523.389304	-1	0.0	0.033023859891
-11.8464	209.9302	-523.101468	16	0.737399945841	0.262600054159
-13.3001	215.1916	-519.393777	-1	0.0	0.367850036432
-15.98	219.813	-517.268235	13	1.0	0.0
-17.4655	226.171	-517.172896	8	0.740622775677	0.259377224323
-17.8755	223.3535	-513.349041	2	1.0	0.230673047551
-18.5597	226.7447	-509.819669	-1	0.0	0.0609077927735
-21.0048	228.6582	-509.561345	-1	0.0	0.00538789991289
-15.455	219.0441	-504.444059	23	1.0	0.0279865786463
-15.4392	219.0075	-504.313565	23	1.0	0.274933316832
-17.4584	226.3428	-503.461819	8	0.68399550041	0.31600449959
-13.819	216.1167	-503.38908	39	1.0	0.204038099868
-17.9059	223.5016	-499.304917	2	0.797431894063	0.202568105937
-16.3966	220.5668	-499.192614	-1	0.0	0.601094095903
-11.4496	215.3	-497.289125	18	0.816654894196	0.183345105804
-11.5198	215.1283	-497.202006	18	0.367940584504	0.632059415496
-13.3554	216.1339	-497.05456	-1	0.0	0.138211899721
-16.0112	219.7888	-496.372142	13	0.958835237482	0.0411647625177
-13.5591	214.0178	-493.676908	45	0.323356168644	0.676643831356
-13.4555	214.1318	-493.676873	45	0.329912019664	0.670087980336
-13.5916	214.1772	-493.410527	45	1.0	0.0
-13.6143	214.2363	-493.192967	45	0.649130283945	0.350869716055
-11.754	209.6715	-490.705837	17	0.814299873153	0.185700126847
-12.7295	214.0887	-490.522576	42	0.775296358745	0.224703641255
-12.7341	214.2789	-490.494221	42	0.546435269451	0.453564730549
-12.7839	213.9794	-490.467329	42	0.32060065511	0.67939934489
-12.7365	214.1434	-490.438505	42	0.914575427152	0.0854245728482
-12.7653	214.1112	-490.239971	42	1.0	0.0878048637816
-12.636	213.7706	-490.187439	32	0.172536880733	0.827463119267
-12.7271	214.0051	-490.01791	42	0.472746958114	0.527253041886
-12.9015	214.4483	-490.017903	-1	0.0	0.0267763714437
-13.496	214.3911	-488.662629	44	0.835573529624	0.164426470376
-17.843	223.2316	-487.436775	2	1.0	0.11203878533
-13.3078	214.0729	-486.276107	46	1.0	0.162937469996
-13.1772	214.6956	-484.911004	36	1.0	0.0
-13.1607	214.7822	-484.910993	-1	0.0	0.218016539541
-13.8734	216.3346	-484.076573	-1	0.0	0.0817730896695
-18.5751	226.4617	-482.804381	34	0.650877397718	0.349122602282
-18.0023	222.84	-482.411874	2	0.692559541546	0.307440458454
-17.9456	222.9537	-482.411811	2	1.0	0.102485924023
-17.9436	222.9948	-482.3714	2	1.0	0.000274729672383
-17.9618	223.0198	-482.345989	2	1.0	0.0
-13.2831	213.9576	-477.83149	46	0.862798574697	0.137201425303
-13.306	213.9314	-477.613325	46	0.770258830158	0.229741169842
-14.082	213.1372	-477.352368	-1	0.0	0.100939228072
-13.2955	213.8663	-477.352131	46	0.483541232487	0.516458767513
-18.0213	226.5687	-475.421919	20	1.0	0.0
-13.5074	214.4976	-473.840188	-1	0.0	0.0108308487178
-13.7437	216.2267	-470.429013	39	1.0	0.143568594584
-18.1756	226.8668	-467.353361	-1	0.0	0.0275420540568
-21.044	228.5304	-465.332342	-1	0.0	0.331998852295
-20.9939	228.8533	-465.332136	31	1.0	0.0
-20.9966	228.8312	-465.293236	31	0.910544848918	0.089455151082
-21.0012	228.9106	-465.221759	31	0.644227730709	0.355772269291
-15.8053	219.0183	-464.242557	-1	0.0	0.175877579318
-15.5021	219.2127	-464.242455	23	1.0	0.0
-15.6105	219.1361	-464.197688	-1	0.0	0.0794958961854
-15.5109	219.2911	-464.197648	24	0.589656976834	0.410343023166
-15.509	219.3679	-464.157585	24	1.0	0.0
-18.6096	226.8184	-463.526303	22	1.0	0.0
-17.9952	220.3872	-462.615822	10	0.482573020279	0.517426979721
-17.9212	220.8389	-462.615676	-1	0.0	0.118145253062
-17.7836	220.57	-462.60815	11	0.451176839691	0.548823160309
-18.0786	220.731	-462.458985	-1	0.0	0.301044776381
-15.5103	219.2362	-459.601391	23	0.629676632711	0.370323367289
-16.2497	220.0032	-459.48778	12	0.372334180314	0.627665819686
-13.2631	214.0332	-457.868455	46	1.0	0.00795136574082
-13.2748	214.0848	-456.922575	46	0.657409855023	0.342590144977
-11.8412	210.0725	-456.337676	-1	0.0	0.122190286629
-20.5248	229.1243	-456.14144	-1	0.0	0.233202413913
-13.3685	213.3681	-455.06618	35	1.0	0.0
-11.4584	215.2388	-453.975824	18	0.688583919975	0.311416080025
-12.5795	215.593	-450.811625	21	0.641642903208	0.358357096792
-18.0324	220.246	-450.25566	10	0.499508530306	0.500491469694
-18.0215	220.4898	-450.197477	11	0.429051893599	0.570948106401
-18.0835	220.3424	-450.145171	10	0.423124197707	0.576875802293
-17.2004	225.5941	-448.96616	4	0.450947192336	0.549052807664
-12.6345	212.2511	-448.803407	27	0.540003188561	0.459996811439
-12.5738	212.5439	-448.480911	27	0.77185144574	0.22814855426
-10.515	210.6581	-448.109728	-1	0.0	0.161370155066
-12.2838	209.6079	-448.108601	-1	0.0	0.54480598695
-17.8715	223.1057	-447.988924	2	1.0	0.00145240953448
-17.9136	225.5376	-446.425844	4	0.280165510855	0.719834489145
-17.7918	225.4575	-446.265586	-1	0.0	0.0109898295723
-15.4788	219.0397	-443.989072	23	1.0	0.0
-22.7516	219.0374	-443.446844	-1	0.0	0.306668102138
-17.9551	222.8012	-442.798834	2	0.692559541546	0.307440458454
-17.9187	222.9438	-442.797494	2	1.0	0.116838692561
-13.8243	216.1891	-440.976666	39	1.0	0.0
-13.2966	214.0622	-439.393061	46	1.0	0.0
-13.2878	214.0251	-439.339289	46	1.0	0.0
-13.3873	213.5238	-438.970986	-1	0.0	0.0271110885527
-13.3053	214.007	-438.97095	46	1.0	0.244062565831
-18.5073	226.4165	-438.461752	34	0.38308074006	0.61691925994
-18.4601	226.4103	-438.375796	-1	0.0	0.0799762430064
-18.543	226.4293	-438.065712	34	0.407897621737	0.592102378263
-13.3068	214.0558	-437.838589	46	1.0	0.0
-18.4757	226.5733	-437.51267	-1	0.0	0.409544529294
-12.6909	214.5748	-437.468118	43	1.0	0.0
-13.538	214.0133	-435.144705	45	0.316839733956	0.683160266044
-13.5012	214.1549	-434.956268	45	0.483819592641	0.516180407359
-13.8594	216.143	-434.071838	39	1.0	0.0
-13.8533	216.1849	-433.978838	39	1.0	0.0
-14.967	216.8581	-431.838246	-1	0.0	0.234292008819
-13.9546	216.0668	-430.457551	39	0.58039281497	0.41960718503
-11.7031	215.1153	-429.967391	18	0.252586577049	0.747413422951
-11.5196	215.3486	-429.967308	18	1.0	0.0
-12.7165	214.6034	-426.307818	43	1.0	0.0
-15.9912	219.8427	-424.275618	13	1.0	0.0
-16.0336	219.8609	-424.249156	13	0.928254986314	0.0717450136861
-16.8591	220.8242	-424.165405	3	1.0	0.0
-16.8478	220.8322	-423.937355	3	1.0	0.0
-16.7827	220.8336	-423.818665	3	0.70430099389	0.29569900611
-13.8408	216.155	-422.972676	39	1.0	0.0
-20.7756	218.4191	-421.764915	1	0.713708007178	0.286291992822
-13.5592	216.109	-421.273824	41	1.0	0.0
-13.3132	213.8437	-420.969436	46	0.483541232487	0.516458767513
-13.7226	216.3324	-416.670212	39	0.446620188545	0.553379811455
-12.8311	214.9493	-415.975226	21	0.0728743736792	0.927125626321
-12.6719	214.4399	-415.975213	43	0.686665594817	0.313334405183
-13.7093	216.2106	-415.938839	39	1.0	0.0
-12.7567	212.5266	-414.984979	26	0.710196407387	0.289803592613
-12.7938	212.2054	-414.984969	-1	0.0	0.117309924181
-11.0048	215.2608	-414.870593	18	0.192241651301	0.807758348699
-11.0159	215.4933	-414.870584	18	0.29019899459	0.70980100541
-18.6247	226.4606	-414.583292	34	0.748101922367	0.251898077633
-18.6144	226.656	-414.583151	-1	0.0	0.394620931833
-17.8451	223.1743	-414.566838	2	1.0	0.0695240068628
-17.8598	223.4441	-414.427896	2	1.0	0.0
-17.8623	223.1767	-414.329724	2	1.0	0.152328850112
-17.8499	223.4448	-414.09576	2	1.0	0.0
-18.6429	226.4871	-413.913471	34	1.0	0.0
-18.6523	226.3173	-413.775726	-1	0.0	0.231988673516
-18.6333	226.4959	-413.663591	34	1.0	0.00960963957186
-11.4579	215.1543	-409.320067	18	0.443748405187	0.556251594813
-15.4915	219.3641	-407.393367	24	1.0	0.0683635798838
-15.5966	219.144	-407.34166	-1	0.0	0.0491928816771
-15.5078	219.378	-407.341579	24	1.0	0.0
-15.5215	219.4072	-407.307555	24	0.952653781243	0.0473462187565
-15.5248	219.3812	-407.265936	24	1.0	0.0
-15.5196	219.4027	-407.234754	24	1.0	0.0
-20.9147	228.8634	-406.746409	31	1.0	0.0
-20.9369	228.8913	-406.693168	31	0.644227730709	0.355772269291
-16.8824	220.8466	-406.067787	3	1.0	0.0
-13.577	214.1688	-402.952608	45	1.0	0.0
-13.2011	214.3545	-402.952491	44	0.662462594675	0.337537405325
-13.609	214.2069	-402.851857	45	0.775785639612	0.224214360388
-13.5909	214.229	-402.824307	45	0.775785639612	0.224214360388
-13.5925	214.1454	-402.784881	45	0.962612418715	0.0373875812851
-13.5499	214.1682	-402.78485	45	0.823842632843	0.176157367157
-11.5386	215.3818	-400.683075	18	1.0	0.0
-11.712	209.6393	-399.556249	17	1.0	0.0
-11.7733	209.6407	-399.29053	17	1.0	0.0
-11.7818	209.6165	-399.267571	17	0.978601222427	0.0213987775733
-11.7868	209.5693	-399.218868	17	0.978601222427	0.0213987775733
-17.7724	222.5716	-398.134021	2	0.347001694606	0.652998305394
-17.6411	222.8356	-398.133889	2	1.0	0.114208785599
-16.0122	219.8697	-395.73304	13	1.0	0.0
-12.0885	209.4907	-393.794101	-1	0.0	0.0767293082986
-11.8434	209.8876	-393.794043	16	0.330736509859	0.669263490141
-13.7714	216.504	-392.315853	-1	0.0	0.6387956419
-17.8473	226.829	-392.171623	28	1.0	0.0
-17.5269	226.2539	-391.576312	8	0.875144610733	0.124855389267
-17.5344	226.4418	-391.130233	8	0.337538513298	0.662461486702
-13.851	216.0988	-388.546322	39	1.0	0.0
-16.2538	220.1443	-388.220726	12	0.889686439357	0.110313560643
-13.2746	213.9501	-387.302975	46	0.907902473266	0.0920975267335
-13.3841	214.038	-386.677855	46	1.0	0.225610726655
-17.7	223.1632	-382.33238	2	1.0	0.0
-17.6715	223.1693	-382.19155	2	1.0	0.0
-17.8224	223.3163	-382.158683	2	1.0	0.20498399752
-17.8167	223.2876	-382.039403	2	1.0	0.184141349713
-17.807	223.2982	-381.968671	2	1.0	0.20498399752
-13.0794	214.6369	-375.401104	36	1.0	0.0
-11.4643	215.3636	-374.839827	18	0.88647020304	0.11352979696
-18.6382	226.477	-367.469832	34	0.807238146986	0.192761853014
-13.2926	214.3404	-365.68844	44	0.793609397537	0.206390602463
-13.3039	214.3337	-365.673464	44	0.756986669774	0.243013330226
-17.7972	222.8787	-363.11346	2	1.0	0.182665703084
-18.4334	224.1745	-363.112621	2	0.0698834990947	0.930116500905
-17.8686	222.9766	-363.08111	2	1.0	0.0
-13.6831	216.2262	-362.547985	39	1.0	0.349659155324
-13.6936	216.24	-362.364848	39	1.0	0.131200528229
-13.7015	216.1857	-362.251762	39	1.0	0.0454042885095
-13.7693	216.2947	-362.188474	39	0.656955936257	0.343044063743
-17.8661	222.9958	-362.066845	2	1.0	0.0
-13.7232	216.2601	-361.863349	39	1.0	0.195195795396
-17.8783	222.9633	-361.857937	2	1.0	0.116838692561
-13.7326	215.8992	-361.739804	-1	0.0	0.282837652861
-13.6948	216.2162	-361.739753	39	1.0	0.0
-12.7025	214.2105	-361.723471	42	0.642434620688	0.357565379312
-13.5714	216.0668	-361.628388	41	1.0	0.0
-13.6923	216.3565	-361.628373	-1	0.0	0.164574392342
-13.7569	215.9121	-361.587902	-1	0.0	0.112150966938
-13.3588	215.9287	-361.587898	-1	0.0	0.260136338297
-20.548	228.8172	-351.46625	19	0.920334811526	0.0796651884741
-20.5034	228.8815	-351.401878	19	1.0	0.0
-20.5626	228.8651	-351.313762	19	1.0	0.0
-16.3048	220.1727	-348.245646	12	1.0	0.0
-17.6584	226.9236	-344.363169	25	0.21820831987	0.78179168013
-18.0464	220.2363	-343.454056	10	0.387231301407	0.612768698593
-17.6031	220.0805	-343.425028	-1	0.0	0.613153567915
-18.0398	219.9807	-343.415346	-1	0.0	0.634432102497
-13.5113	222.3513	-343.413388	-1	0.0	0.0738341068068
-17.584	220.0763	-343.411996	-1	0.0	0.629437501574
-18.0361	220.2969	-343.345603	10	0.645644312224	0.354355687776
-18.1606	219.973	-343.308795	-1	0.0	0.660880029861
-18.068	220.2969	-343.308696	10	0.488909675699	0.511090324301
-17.9456	220.2338	-343.263256	10	0.413882964344	0.586117035656
-13.3345	214.1571	-340.658534	47	0.575324994206	0.424675005794
-11.5859	215.3471	-340.442189	18	1.0	0.0
-13.8206	216.1964	-338.438683	39	1.0	0.0
-16.0028	219.805	-337.021643	13	1.0	0.0
-16.0696	219.8861	-337.021569	13	0.928254986314	0.0717450136861
-11.7976	209.6069	-336.802971	17	1.0	0.0
-15.4696	219.0298	-334.568613	23	1.0	0.0
-17.8578	223.2294	-332.853789	2	1.0	0.475685852897
-18.0528	223.8325	-332.829125	2	0.150121038237	0.849878961763
-17.8524	223.2568	-332.772966	2	1.0	0.403098184354
-17.8022	226.7409	-330.344497	29	1.0	0.0
-17.8889	223.1852	-327.615408	2	1.0	0.0856101501633
-17.8625	223.3159	-325.598752	2	1.0	0.192198032512
-18.5981	226.478	-325.336266	34	0.879870501359	0.120129498641
-13.8312	216.2123	-323.565538	39	1.0	0.0821849169803
-13.8836	215.9349	-323.504413	-1	0.0	0.112150966938
-13.8412	216.2451	-323.504373	39	0.968148553993	0.0318514460071
-13.8349	216.0987	-323.403249	39	1.0	0.0
-12.6143	214.5375	-323.389933	43	0.822458802489	0.177541197511
-13.8834	215.9119	-323.343064	-1	0.0	0.220161379811
-13.8349	216.1895	-323.343013	39	1.0	0.0
-15.392	219.1947	-317.218458	-1	0.0	0.0920228246455
-17.4979	226.2489	-316.075304	8	1.0	0.0
-17.5127	226.2895	-315.994479	8	1.0	0.0
-17.5677	226.1598	-315.963262	8	0.594418297654	0.405581702346
-17.5735	226.3522	-315.876745	8	0.735882915987	0.264117084013
-17.6772	226.9932	-315.536407	25	0.269551758828	0.730448241172
-17.9155	223.1518	-313.918535	2	1.0	0.169345318111
-17.9104	223.3384	-313.837721	2	1.0	0.336197456541
-17.9495	222.945	-313.65337	2	1.0	0.193906172674
-20.9295	228.8983	-313.422212	31	0.592493695412	0.407506304588
-17.7611	222.7513	-312.904358	2	0.705054790757	0.294945209243
-17.7304	223.1863	-312.904172	2	1.0	0.128629705493
-20.9323	228.8611	-312.815789	31	1.0	0.0
-16.1232	219.5511	-312.563701	-1	0.0	0.12394076137
-12.427	215.8598	-312.536483	21	0.135515207568	0.864484792432
-21.0366	228.7062	-312.207296	-1	0.0	0.00538789991289
-12.7863	215.4626	-312.174551	21	0.206164120861	0.793835879139
-18.664	226.543	-308.349576	34	1.0	0.0
-12.7163	214.0686	-308.197878	42	0.775296358745	0.224703641255
-12.7092	214.0906	-307.689668	42	0.63926795118	0.36073204882
-18.5972	226.5305	-307.660574	34	0.615249708798	0.384750291202
-20.6483	229.0276	-305.05679	-1	0.0	0.58222599128
-20.6572	229.0268	-305.029481	-1	0.0	0.58222599128
-20.6549	229.0183	-304.995584	-1	0.0	0.58222599128
-20.7342	228.918	-304.456164	30	1.0	0.0
-16.3332	220.1155	-303.932505	12	1.0	0.0
-11.9867	209.9742	-303.014342	16	0.292336310645	0.707663689355
-13.1229	210.8648	-300.540806	7	0.71041051299	0.28958948701
-20.5728	219.6121	-300.131713	0	1.0	0.0
-13.7302	216.2132	-297.919061	39	1.0	0.0249578203629
-13.3737	216.2629	-295.851767	38	0.94241020843	0.05758979157
-13.6567	215.732	-295.454166	-1	0.0	0.672634758734
-13.3386	216.2314	-295.45402	38	0.677144955579	0.322855044421
-12.838	213.131	-292.60249	-1	0.0	0.418430041825
-12.604	213.2877	-292.602416	-1	0.0	0.105315456074
-11.4424	215.2658	-290.901265	18	0.925419567525	0.0745804324746
-11.1791	215.3692	-290.901138	18	0.29019899459	0.70980100541
-11.3922	215.1685	-290.757426	18	0.50770425108	0.49229574892
-12.5445	212.4661	-289.665884	27	1.0	0.0
-13.0327	211.9528	-289.521388	-1	0.0	0.69339265667
-12.6683	212.2583	-289.521265	27	0.418056728634	0.581943271366
-12.4677	212.5105	-289.353157	27	0.496657761854	0.503342238146
-17.4707	226.3013	-283.964538	8	0.798783950983	0.201216049017
-13.1442	214.6428	-283.70997	36	1.0	0.0
-13.8082	216.1544	-283.52527	39	1.0	0.148894110711
-13.3929	214.3573	-283.516062	44	1.0	0.0
-13.8073	216.1927	-283.370127	39	1.0	0.00870007907188
-13.5008	216.2718	-283.370019	38	0.581162755765	0.418837244235
-17.9559	223.444	-282.533109	2	0.893308591413	0.106691408587
-12.6352	214.5605	-281.939185	43	1.0	0.0
-18.3089	225.5347	-281.662198	4	0.278867847768	0.721132152232
-12.4743	215.6954	-280.871854	21	0.528616840405	0.471383159595
-13.7012	214.1719	-280.867928	45	0.33631110805	0.66368889195
-17.8954	223.2936	-277.739708	2	1.0	0.241430009966
-12.2021	209.5777	-275.682856	-1	0.0	0.415440727114
-15.4906	219.1883	-275.238564	23	1.0	0.0
-15.4922	219.1797	-275.236843	23	1.0	0.0
-18.6837	226.5721	-274.657963	34	0.404322496383	0.595677503617
-18.8717	226.7013	-274.647221	-1	0.0	0.341251292815
-19.2479	229.0985	-273.640997	-1	0.0	0.865918888022
-15.5236	219.0666	-271.430056	23	1.0	0.175236002444
-16.3175	220.089	-269.370335	12	0.878332731	0.121667269
-13.0726	210.6062	-266.450433	7	0.293967920288	0.706032079712
-12.9916	210.9953	-266.450431	7	0.907461037069	0.0925389629314
-13.8807	216.4596	-262.112252	-1	0.0	0.587487603912
-13.829	216.2112	-261.976787	39	1.0	0.121310449174
-13.8234	216.3065	-261.729519	39	0.599943179092	0.400056820908
-13.478	214.1979	-255.817369	45	0.403972345139	0.596027654861
-18.0514	222.9768	-254.26614	2	1.0	0.0
-18.009	223.2069	-254.266068	2	1.0	0.066934659425
-18.0201	223.0776	-254.106835	2	0.928099121229	0.0719008787705
-13.7471	216.2175	-254.047062	39	1.0	0.205218261974
-17.9128	223.3595	-254.023409	2	1.0	0.396842710184
-13.8935	215.9954	-253.994353	-1	0.0	0.00682185090149
-18.0849	223.2732	-253.96677	2	0.635095819533	0.364904180467
-17.8616	223.0693	-253.736252	2	1.0	0.0128974773644
-13.7277	216.2345	-253.576094	39	1.0	0.293047717867
-13.7611	216.2555	-253.102277	39	1.0	0.109932103874
-13.6562	214.6087	-253.012303	-1	0.0	0.171363991983
-13.4718	214.9183	-253.012244	-1	0.0	0.295224916343
-12.4979	215.6999	-251.305492	21	0.534419346754	0.465580653246
-13.5877	215.973	-249.230247	40	0.648595099358	0.351404900642
-13.3508	216.2362	-248.906722	38	0.842408278072	0.157591721928
-13.407	216.1154	-248.854848	-1	0.0	0.0788074182771
-13.379	216.2635	-248.836002	38	1.0	0.0
-13.3988	216.2541	-248.807118	38	1.0	0.0
-20.8851	228.8109	-248.734629	31	0.498617113751	0.501382886249
-20.8927	229.0739	-248.734469	-1	0.0	0.119005136782
-16.6345	223.2335	-247.640094	2	0.0919462079107	0.908053792089
-17.8132	226.7122	-245.387814	29	1.0	0.0
-12.6243	214.4694	-238.202006	43	0.786672170908	0.213327829092
-17.8278	220.6578	-237.195717	11	0.427354819788	0.572645180212
-11.8491	209.5641	-237.159933	17	1.0	0.0
-12.5367	212.2673	-236.932886	27	0.471713668312	0.528286331688
-13.243	214.0205	-235.287779	46	1.0	0.114870636752
-15.4939	219.0848	-234.495421	23	1.0	0.106131284677
-10.9719	215.4951	-232.425006	18	0.29019899459	0.70980100541
-15.2488	222.0355	-232.274416	-1	0.0	0.664195627485
-13.8787	216.1957	-230.075244	39	1.0	0.00479907279348
-15.9757	219.8784	-224.537973	13	0.796083877148	0.203916122852
-18.6613	225.9833	-224.332258	-1	0.0	0.334680269764
-18.6781	226.3539	-224.240538	-1	0.0	0.15495350734
-18.6465	226.5312	-223.639145	34	0.844153564608	0.155846435392
-18.6281	226.5322	-223.552058	34	0.753502601982	0.246497398018
-13.3174	214.0154	-222.742438	46	1.0	0.213800810815
-17.8012	223.2877	-222.634822	2	1.0	0.405333806149
-13.3193	214.0547	-222.367507	46	1.0	0.0387039109054
-13.6392	213.9825	-221.24638	-1	0.0	0.0837414001565
-13.6669	214.048	-221.141095	-1	0.0	0.0837414001565
-13.1802	214.0476	-220.585051	46	0.466330482601	0.533669517399
-13.1456	214.1192	-220.42187	-1	0.0	0.0166213234472
-13.565	213.6074	-219.376108	37	1.0	0.0
-13.0784	214.0694	-219.375963	46	0.418866336767	0.581133663233
-13.8413	216.1757	-218.802851	39	1.0	0.0308316798007
-20.9495	228.8681	-213.497051	31	0.886586311489	0.113413688511
-18.0862	226.0772	-212.802419	-1	0.0	0.382373126078
-18.4864	226.1899	-212.78899	-1	0.0	0.218894474666
-13.5654	216.0885	-212.492656	41	1.0	0.0
-17.8003	223.1253	-211.185986	2	0.915019633923	0.0849803660765
-17.8213	223.4258	-211.185861	2	1.0	0.0
-12.4874	215.6581	-211.088092	21	1.0	0.0
-15.6865	220.1762	-210.940731	-1	0.0	0.568193152063
-12.5377	215.6716	-210.773153	21	0.947382107179	0.0526178928209
-17.903	223.2732	-210.734274	2	1.0	0.307921329095
-15.8492	219.5841	-208.638619	14	0.794029794855	0.205970205145
-17.8664	227.1246	-206.179971	25	0.247628513003	0.752371486997
-12.886	214.0736	-206.160313	42	0.311778353876	0.688221646124
-12.7497	214.2213	-206.158824	42	1.0	0.0449963532967
-17.7624	220.8186	-204.442655	-1	0.0	0.105120567445
-12.8835	212.5042	-197.359458	26	0.820032278725	0.179967721275
-9.9608	213.8491	-197.152082	5	1.0	0.0
-11.4469	215.2866	-196.935356	18	0.925419567525	0.0745804324746
-13.3547	213.3769	-193.00934	35	1.0	0.0
-15.9094	219.806	-188.330687	13	0.588456262236	0.411543737764
-18.004	222.9848	-188.194603	2	1.0	0.0
-13.8508	216.2297	-184.517162	39	1.0	0.0435449204448
-13.8842	216.1962	-180.958514	39	1.0	0.0450709286213
-12.7784	214.2355	-180.476576	42	1.0	0.0
-12.706	214.2193	-180.476531	42	0.776051656338	0.223948343662
-18.8299	226.5917	-180.161272	33	1.0	0.0
-11.7333	209.6767	-176.619103	17	0.710528374636	0.289471625364
-17.7261	226.9539	-175.870994	25	0.340167287154	0.659832712846
-17.7763	227.2496	-175.795789	15	0.320718162431	0.679281837569
-12.4802	215.6445	-171.937956	21	0.879721486014	0.120278513986
-18.6158	226.8154	-170.82361	22	1.0	0.0
-13.8422	216.1291	-170.756969	39	1.0	0.252564101298
-18.6259	226.5065	-170.532777	34	1.0	0.219774652615
-18.6398	226.5099	-170.416448	34	1.0	0.200508066626
-18.6142	226.6477	-170.29465	-1	0.0	0.426292375669
-17.6904	223.1062	-170.205535	2	1.0	0.183874112476
-17.8497	224.3707	-170.204835	2	0.0598749113649	0.940125088635
-17.7696	223.14	-169.780538	2	0.981236621826	0.0187633781737
-17.7868	222.7147	-169.486317	2	0.608741434741	0.391258565259
-13.5277	213.7119	-165.573498	37	1.0	0.0
-13.3938	213.97	-165.573456	46	0.967736269173	0.032263730827
-13.5339	216.2214	-165.445597	38	0.435065860806	0.564934139194
-13.5362	216.1249	-165.289789	41	0.5953496101	0.4046503899
-15.032	214.6994	-161.663984	-1	0.0	0.305606464249
-13.705	216.2101	-161.592945	39	1.0	0.0
-13.6973	216.1883	-161.54376	39	1.0	0.301597257012
-13.6992	216.3439	-161.512839	-1	0.0	0.0389454765149
-13.6897	216.2065	-161.431151	39	1.0	0.00663336491928
-13.7087	216.1978	-160.585057	39	1.0	0.0
-20.5789	228.8434	-160.096873	19	1.0	0.0
-20.7175	228.9091	-159.674646	30	1.0	0.0
-20.7582	228.946	-159.230754	30	0.879657690791	0.120342309209
-13.3067	214.0506	-159.209503	46	1.0	0.0
-17.9061	223.2037	-158.687381	2	1.0	0.0
-20.984	228.5996	-158.519893	-1	0.0	0.167723022912
-20.9763	228.9299	-158.519711	31	0.471475738468	0.528524261532
-20.8441	228.8797	-158.43174	31	0.610625640625	0.389374359375
-20.9315	228.9029	-158.356055	31	0.61668038259	0.38331961741
-13.2412	214.1431	-156.83127	47	0.777923893053	0.222076106947
-13.8322	216.1803	-154.781392	39	1.0	0.0
-11.9529	209.8797	-154.018994	16	0.251734847703	0.748265152297
-11.953	209.8476	-153.684904	16	0.21050976365	0.78949023635
-17.9839	220.5676	-153.273906	11	1.0	0.0
-13.8913	216.236	-147.26985	39	1.0	0.0499739445537
-18.7796	226.5872	-147.178177	34	0.256257967185	0.743742032815
-12.6783	213.4314	-146.548698	32	0.281289524985	0.718710475015
-12.3739	213.1623	-144.864174	-1	0.0	0.00610727176055
-18.6801	226.5416	-144.677139	34	1.0	0.0
-12.7604	214.2448	-144.473962	42	1.0	0.0
-18.6202	226.5442	-144.373287	34	0.649592184184	0.350407815816
-18.5443	226.5086	-144.091505	34	0.348107601861	0.651892398139
-15.4592	218.98	-144.010016	23	0.615579593211	0.384420406789
-15.5107	219.2066	-144.009973	23	1.0	0.0
-16.8751	220.8632	-143.546185	3	1.0	0.0
-16.8028	220.9597	-143.267644	3	0.315089497804	0.684910502196
-12.6403	213.6036	-141.951994	32	0.796158144537	0.203841855463
-13.6595	215.1707	-141.496594	-1	0.0	0.295224916343
-17.8561	223.2679	-140.822888	2	1.0	0.327012514001
-13.8815	216.1654	-140.543953	39	1.0	0.00410180238065
-13.5649	214.1462	-139.964128	45	1.0	0.0
-13.6017	214.2557	-139.70496	45	0.486819561099	0.513180438901
-14.5472	216.5418	-138.264549	-1	0.0	0.742849448136
-17.6856	223.1263	-138.139077	2	1.0	0.183874112476
-14.5894	216.3034	-138.102482	-1	0.0	0.785095154811
-14.4967	216.4619	-138.102447	-1	0.0	0.735739426832
-20.7666	228.9158	-135.114175	30	1.0	0.0
-13.757	216.2368	-134.922714	39	1.0	0.22598830129
-18.0283	220.2549	-130.267836	10	0.633843754024	0.366156245976
-17.8613	226.7015	-129.64213	29	1.0	0.0
-17.8105	226.7157	-129.534614	29	1.0	0.0
-17.4361	226.2358	-129.007999	8	0.723818919713	0.276181080287
-13.8365	216.2631	-123.533483	39	0.875307755167	0.124692244833
-18.0021	226.4921	-123.294987	20	0.824877226335	0.175122773665
-15.5341	219.4068	-122.961772	24	0.952879698093	0.0471203019066
-13.239	214.2573	-119.446911	47	0.822029133008	0.177970866992
-13.5372	216.0668	-119.013986	41	0.945672525395	0.0543274746045
-13.5457	216.0912	-118.972975	41	0.945672525395	0.0543274746045
-13.644	215.974	-118.658322	-1	0.0	0.298271551914
-12.5789	212.5162	-117.138055	27	1.0	0.0
-12.5519	212.4942	-116.844127	27	1.0	0.0
-12.4292	212.2918	-116.844087	-1	0.0	0.0251948674353
-18.9095	226.2912	-116.467817	-1	0.0	0.333012903243
-18.8296	226.6011	-116.467664	33	1.0	0.0
-16.2887	220.1378	-116.060609	12	1.0	0.0
-9.4888	210.5252	-114.082683	-1	0.0	0.382570418574
-17.3842	225.6866	-112.927197	4	0.786046819066	0.213953180934
-18.172	226.9528	-112.759642	-1	0.0	0.0463289804572
-18.1713	226.5624	-112.71649	20	1.0	0.0
-18.1965	226.5453	-112.685634	20	1.0	0.0
-17.9946	222.9079	-112.314629	2	0.975255061748	0.0247449382521
-17.9222	223.0474	-112.314554	2	1.0	0.0
-13.1734	213.815	-111.348293	-1	0.0	0.131537427809
-13.0662	214.0323	-111.348263	46	0.432878902676	0.567121097324
-17.8149	222.8446	-111.31644	2	0.969510901473	0.030489098527
-17.8197	222.9108	-110.602623	2	0.844773357574	0.155226642426
-18.599	226.4179	-109.612977	34	0.341171117602	0.658828882398
-18.6589	226.5416	-109.542803	34	1.0	0.0
-17.7046	223.1857	-106.770206	2	1.0	0.0
-15.7488	219.5209	-105.088764	14	0.563590891868	0.436409108132
-15.833	219.6221	-104.931248	14	0.406331790775	0.593668209225
-15.8325	219.5327	-104.92529	14	1.0	0.0
-9.8495	213.9249	-104.506033	5	1.0	0.0
-12.8781	212.4445	-104.139809	26	1.0	0.0
-21.0057	228.8451	-103.091336	31	1.0	0.0
-19.3768	226.9362	-102.595555	-1	0.0	0.207084240961
-13.349	216.4561	-102.092793	-1	0.0	0.598127802573
-13.3969	216.2397	-101.775866	38	1.0	0.0
-15.8123	218.8826	-100.642512	-1	0.0	0.423620817194
-15.5821	219.3086	-100.642375	24	1.0	0.216995980624
-17.5572	225.8718	-100.025035	4	0.690071415852	0.309928584148
-13.887	216.2165	-99.164698	39	1.0	0.0450709286213
-12.6451	213.5755	-95.865524	32	0.895665735784	0.104334264216
-12.6559	213.6126	-95.860045	32	0.653851750577	0.346148249423
-13.2621	214.0053	-90.732299	46	1.0	0.221400713388
-18.8784	226.6165	-86.494751	33	1.0	0.0
-13.4409	214.1878	-86.475696	45	0.322638998168	0.677361001832
-12.6143	214.4863	-86.208684	43	0.726967393293	0.273032606707
-17.5142	226.196	-83.691575	8	0.902715749551	0.0972842504493
-16.2479	220.1595	-83.398564	12	1.0	0.0
-18.6469	226.4948	-82.099578	34	1.0	0.0
-18.6198	226.5436	-81.875407	34	0.658145322228	0.341854677772
-13.853	216.2132	-81.70012	39	1.0	0.0821849169803
-20.7655	219.3406	-81.399211	0	0.541344322775	0.458655677225
-20.6024	219.5688	-81.399172	0	1.0	0.0
-17.7635	226.9776	-81.150695	25	0.616103891787	0.383896108213
-18.6683	226.5491	-81.100255	34	1.0	0.0
-17.7696	227.0149	-80.845332	25	1.0	0.0
-17.796	227.0236	-80.702304	25	1.0	0.0
-13.4079	216.4031	-80.424301	-1	0.0	0.45221127795
-11.5335	215.5945	-79.917434	18	0.198701059966	0.801298940034
-11.5496	215.3739	-79.878547	18	1.0	0.0
-15.2914	219.1653	-77.406033	-1	0.0	0.469907143269
-14.9276	216.5306	-73.895765	-1	0.0	0.812065069203
-13.373	213.9972	-73.816821	46	1.0	0.0
-13.4014	213.9851	-73.80238	46	0.978259959006	0.0217400409937
-13.3898	214.021	-73.507475	46	1.0	0.225610726655
-22.392	229.3343	-71.890428	-1	0.0	0.866306146503
-17.7129	226.8718	-69.963054	25	0.156741409114	0.843258590886
-17.8236	226.7106	-69.789118	29	1.0	0.0
-17.5457	226.2077	-68.540448	8	0.875144610733	0.124855389267
-17.6018	226.298	-68.470663	8	1.0	0.0
-17.5424	226.6833	-68.434242	-1	0.0	0.0432312142672
-17.6153	226.3168	-68.395052	8	0.993157682235	0.00684231776465
-17.3728	226.4428	-68.394952	8	0.321802658305	0.678197341695
-17.5493	226.27	-68.317115	8	1.0	0.0
-17.6253	226.316	-68.055167	8	0.913687096789	0.086312903211
-13.5691	214.0094	-65.664784	-1	0.0	0.00787295499277
-13.5787	214.164	-65.637621	45	1.0	0.0
-13.5541	214.0708	-65.626416	45	0.323356168644	0.676643831356
-13.5948	214.1833	-65.560927	45	0.91250597752	0.0874940224804
-13.5768	214.1289	-65.296904	45	0.553636256408	0.446363743592
-17.6854	223.1757	-61.881664	2	1.0	0.0
-13.5714	215.9344	-60.718039	40	0.896637804606	0.103362195394
-13.6101	216.0811	-60.658936	41	0.6763002699	0.3236997301
-13.2221	216.2243	-60.658783	-1	0.0	0.200285312607
-13.7278	216.2045	-58.742761	39	1.0	0.0
-13.1128	214.1255	-57.626627	-1	0.0	0.087370622087
-13.0392	214.2173	-57.626602	-1	0.0	0.138005162304
-15.4704	219.1235	-56.051264	23	1.0	0.283461659077
-15.4163	219.0697	-56.005264	23	0.881160383492	0.118839616508
-15.5089	219.1093	-55.985645	23	1.0	0.170775068182
-14.5121	219.99	-55.985111	-1	0.0	0.440109005956
-13.8721	216.162	-55.299413	39	1.0	0.0
-12.4565	215.864	-54.074824	21	0.133378454066	0.866621545934
-12.5609	215.5969	-53.814484	21	0.671169563154	0.328830436846
-20.5344	229.0524	-52.151638	-1	0.0	0.58222599128
-21.0463	228.982	-51.936927	-1	0.0	0.406690492163
-20.9456	228.8256	-51.860976	31	0.553520853125	0.446479146875
-17.8468	223.2654	-51.060216	2	1.0	0.33845811238
-16.8995	220.7898	-50.359806	3	0.693772633393	0.306227366607
-13.2929	214.0409	-49.829333	46	1.0	0.0
-13.4271	213.8129	-49.829321	-1	0.0	0.0743800490525
-17.8229	220.6653	-48.992355	11	0.451176839691	0.548823160309
-17.83	220.7228	-48.829092	-1	0.0	0.0717141543658
-13.2772	213.926	-48.214475	46	0.690325659451	0.309674340549
-15.6237	219.361	-45.9113	24	0.873195701646	0.126804298354
-18.6533	226.4673	-42.981923	34	0.742215147173	0.257784852827
-18.6906	226.5006	-42.950056	34	0.955486019164	0.0445139808364
-18.6712	226.5037	-42.494725	34	0.961140329493	0.0388596705069
-12.6013	212.4093	-38.848187	27	1.0	0.0
-17.7662	227.0141	-37.279203	25	0.94729064111	0.05270935889
-17.7807	227.0237	-37.141878	25	1.0	0.0
-17.8913	223.0694	-35.623627	2	1.0	0.176504811841
-17.9579	223.1682	-35.101015	2	1.0	0.0352373893588
-16.0145	219.7814	-34.131846	13	0.776937595039	0.223062404961
-15.9969	219.8255	-33.412289	13	1.0	0.0
-17.9226	220.5048	-30.732343	11	0.756981752886	0.243018247114
-17.9564	220.5691	-29.72566	11	1.0	0.0
-13.4191	216.2769	-29.700523	38	1.0	0.0
-12.5983	212.3284	-27.628591	27	0.678559037366	0.321440962634
-12.5674	212.3672	-27.580604	27	0.793442641924	0.206557358076
-12.5688	212.5086	-27.551799	27	1.0	0.0
-15.551	219.4006	-26.124283	24	1.0	0.0438599587476
-18.2703	225.5529	-25.572589	4	0.280165510855	0.719834489145
-18.5461	225.5418	-25.497578	-1	0.0	0.131686451167
-18.6916	226.2192	-25.497145	-1	0.0	0.392468157392
-21.0181	228.8763	-22.664242	31	0.870860583842	0.129139416158
-21.0305	228.8471	-22.498273	31	1.0	0.0
-20.8696	228.8	-22.468818	31	0.514330907555	0.485669092445
-17.9649	220.207	-20.747054	10	0.338699611901	0.661300388099
-18.8026	226.7904	-18.777425	-1	0.0	0.138337474398
-16.6525	223.2331	-14.815907	2	0.0935831577174	0.906416842283
-12.6019	213.6439	-12.724862	32	0.361026205329	0.638973794671
-13.5125	214.4947	-12.414607	44	0.563872097897	0.436127902103
-13.5096	214.3207	-12.414594	44	0.551035218607	0.448964781393
-13.4963	214.4918	-12.194731	44	0.605332849191	0.394667150809
-13.8783	216.088	-10.877618	39	1.0	0.0
-12.4953	215.578	-1.967271	21	0.455855161818	0.544144838182
-13.4275	216.2754	-1.186614	38	0.948883205532	0.0511167944679
-12.9491	216.5368	-1.186417	-1	0.0	0.722669348343
-15.488	219.0578	-6e-05	23	1.0	0.0
-12.5859	212.2934	2.601861	27	0.678559037366	0.321440962634
-20.9552	228.854	6.395745	31	1.0	0.137375625883
-20.8283	228.8136	6.436796	31	0.50984929383	0.49015070617
-20.84	228.7864	6.473712	31	0.434328545843	0.565671454157
-20.9968	228.8483	6.705505	31	1.0	0.0
-12.9256	212.4121	6.830144	26	1.0	0.0
-15.8103	219.527	6.842841	14	0.949719231889	0.0502807681108
-15.8228	219.5319	6.914197	14	1.0	0.0
-12.7425	214.2066	7.910186	42	1.0	0.0502116086324
-13.3509	214.0263	10.404847	46	1.0	0.225610726655
-17.7779	226.9804	12.863003	25	0.708311878698	0.291688121302
-17.7835	226.9988	12.957306	25	0.712519996875	0.287480003125
-12.7729	214.1172	13.234571	42	1.0	0.0761244033354
-12.7526	214.1447	13.573715	42	1.0	0.0
-17.8471	223.4245	14.636343	2	1.0	0.0
-17.9149	223.2031	14.71704	2	1.0	0.0
-17.9059	223.2131	15.153077	2	1.0	0.0
-18.6511	226.4941	16.377616	34	1.0	0.0
-18.6215	226.5031	16.945609	34	1.0	0.201752741395
-18.6497	226.5065	17.01713	34	1.0	0.200508066626
-18.517	226.4532	17.077905	34	0.388255147483	0.611744852517
-18.6779	226.5191	17.150019	34	0.82273053224	0.17726946776
-18.6519	226.513	17.218865	34	1.0	0.200508066626
-18.6045	226.5108	17.348584	34	0.688822486392	0.311177513608
-20.7256	228.8933	18.027468	30	0.86249179629	0.13750820371
-17.9647	220.3927	18.031825	10	0.355306263567	0.644693736433
-17.8138	220.6136	18.031912	11	0.451176839691	0.548823160309
-11.851	209.9468	18.08081	16	1.0	0.0
-17.9061	227.0473	19.116372	25	0.29878484016	0.70121515984
-17.909	227.1073	19.247743	25	0.28799186091	0.71200813909
-13.2014	214.482	19.924755	-1	0.0	0.000854014067456
-13.1093	214.5963	19.92479	36	1.0	0.0
-13.1294	214.619	19.963073	36	1.0	0.0
-13.1444	214.3192	19.973019	-1	0.0	0.150619540428
-13.8997	216.2609	23.171869	39	0.794315394016	0.205684605984
-12.6221	212.443	25.532369	27	0.804592461152	0.195407538848
-13.8815	216.0942	26.892028	39	1.0	0.0
-15.7073	218.6366	27.795505	-1	0.0	0.166688677999
-15.4592	219.0882	27.795649	23	1.0	0.263613708091
-17.4709	225.6953	30.338512	4	1.0	0.0
-13.3842	214.2499	31.213755	-1	0.0	0.124062860591
-11.3875	215.5981	32.255524	18	0.195027696443	0.804972303557
-8.7472	216.4603	32.2571	-1	0.0	0.475839524569
-11.3118	215.4729	32.288035	18	0.314905073647	0.685094926353
-10.2833	214.1912	33.780697	6	1.0	0.0
-12.6967	214.5538	36.020908	43	1.0	0.0
-12.2275	210.0541	36.390035	-1	0.0	0.494656416388
-12.5569	212.4549	36.390089	27	1.0	0.0
-12.5449	212.4654	36.642201	27	1.0	0.0
-13.2517	214.2503	37.432255	47	1.0	0.0
-13.5782	214.1545	37.540967	45	1.0	0.0
-13.2336	214.2244	37.865441	47	1.0	0.0
-13.25	214.137	38.020383	47	0.777923893053	0.222076106947
-13.3002	214.3839	38.020397	44	0.891825115925	0.108174884075
-13.33	213.8273	38.935922	46	0.449625608419	0.550374391581
-13.185	214.1323	38.935973	47	0.729829431228	0.270170568772
-13.3163	213.8242	39.886015	46	0.420050046805	0.579949953195
-20.9273	228.95	40.497486	31	0.47099008036	0.52900991964
-12.7409	214.2423	40.549031	42	1.0	0.0
-20.8862	228.944	40.641374	31	0.527463529263	0.472536470737
-20.846	229.2015	40.699074	-1	0.0	0.277491152811
-11.6543	214.9554	40.940359	18	0.196594919811	0.803405080189
-11.5638	215.3077	40.940413	18	0.904945795951	0.0950542040489
-13.9319	215.8849	41.718183	-1	0.0	0.407816418738
-13.8371	216.1556	41.71824	39	1.0	0.0
-17.7763	222.7801	42.212778	2	0.866024192076	0.133975807924
-17.6589	223.1413	42.212953	2	1.0	0.0
-16.0362	219.8422	44.287294	13	0.964912012294	0.0350879877057
-11.5884	214.7749	49.911115	-1	0.0	0.0957387925048
-11.435	215.2488	49.911219	18	0.816654894196	0.183345105804
-17.9279	220.5976	52.070423	11	0.821147351416	0.178852648584
-17.8775	227.5453	52.258012	15	0.46148148493	0.53851851507
-17.8274	227.0766	52.37396	25	0.251097180057	0.748902819943
-17.9385	220.3022	53.378499	10	1.0	0.0
-17.9551	220.2977	53.905843	10	1.0	0.0
-18.7964	226.522	54.201384	34	0.325393781137	0.674606218863
-13.5536	216.0622	54.562679	41	0.868564364111	0.131435635889
-13.4733	216.1783	55.056439	38	0.462437950232	0.537562049768
-13.0553	211.2707	55.172891	7	0.270679876582	0.729320123418
-11.8573	209.9217	56.39529	16	0.56446983386	0.43553016614
-11.8583	209.9548	56.42248	16	1.0	0.0
-13.3527	213.3678	60.833942	35	1.0	0.0
-13.0016	212.9416	60.835088	-1	0.0	0.18959508519
-21.1724	228.6494	61.449576	-1	0.0	0.184426853785
-21.1564	228.643	61.520616	-1	0.0	0.100521075934
-18.0025	222.9599	62.144295	2	1.0	0.0124810686621
-15.2766	215.6263	62.710005	9	0.649036944075	0.350963055925
-15.2651	215.5377	62.988942	9	1.0	0.0
-15.3038	215.7797	62.988948	9	0.237865379555	0.762134620445
-13.4604	213.9289	63.034091	46	0.444003120846	0.555996879154
-12.7799	214.2395	63.146725	42	1.0	0.0
-15.2688	215.4958	63.154482	9	0.904041697034	0.0959583029665
-15.2893	215.5842	63.255293	9	1.0	0.0
-11.8441	209.5672	65.218704	17	1.0	0.0
-13.371	214.3985	66.04812	44	0.912299849099	0.0877001509014
-17.9271	227.0601	68.829508	25	0.268513687094	0.731486312906
-17.9564	227.6347	71.533373	-1	0.0	0.066539324234
-18.0015	227.3955	71.651288	15	0.748642363739	0.251357636261
-17.4565	225.8121	76.108578	4	1.0	0.0
-13.3826	213.9426	76.771757	46	0.783059150021	0.216940849979
-17.7918	227.0164	78.63947	25	1.0	0.0
-17.8487	226.8578	78.659564	28	1.0	0.0
-17.7752	227.0167	78.690508	25	1.0	0.0
-16.2732	220.1955	80.496108	12	0.769583423432	0.230416576568
-15.4829	219.3709	82.119073	24	1.0	0.0586062401078
-12.9761	212.2509	82.709749	-1	0.0	0.319630492295
-12.9022	212.3119	82.70979	-1	0.0	0.0903456704
-18.6	226.464	85.971189	34	0.879870501359	0.120129498641
-15.6917	219.6883	86.555479	-1	0.0	0.144827073189
-12.5691	214.2474	86.744765	-1	0.0	0.0459066910902
-13.91	216.0883	89.596277	39	0.887915627119	0.112084372881
-12.5891	212.4626	91.58809	27	1.0	0.0
-12.5974	212.5787	91.662311	27	0.397055795545	0.602944204455
-12.5985	212.4581	91.725551	27	1.0	0.0
-12.7382	212.1032	91.812072	-1	0.0	0.423796899942
-12.5921	212.4377	91.812108	27	1.0	0.0452933393011
-12.6123	212.3765	91.912544	27	0.960090509481	0.0399094905185
-13.6278	215.2675	92.224748	-1	0.0	0.348500103685
-18.7282	226.5326	93.517523	34	0.41485494728	0.58514505272
-18.6684	226.5332	93.838136	34	1.0	0.0
-18.6329	226.6162	94.138525	-1	0.0	0.0658811605696
-12.8631	210.932	99.425634	7	0.851449054608	0.148550945392
-13.5258	213.5912	101.38403	37	1.0	0.0
-13.0825	214.1217	101.384185	46	0.40797035173	0.59202964827
-13.0825	214.041	101.433812	46	0.432878902676	0.567121097324
-13.0817	214.0678	101.483318	46	0.432878902676	0.567121097324
-17.967	220.2647	103.145668	10	0.650936566347	0.349063433653
-17.9984	220.073	103.179344	-1	0.0	0.439160915706
-13.8621	216.2066	106.160597	39	1.0	0.0821849169803
-12.6477	215.5026	107.239842	21	0.284599173308	0.715400826692
-17.7863	226.9773	107.314496	25	0.708311878698	0.291688121302
-17.6749	226.9454	107.356199	25	0.270020412226	0.729979587774
-17.8352	227.0253	107.432296	25	0.52806173	0.47193827
-17.8128	227.0301	107.68222	25	0.734638102149	0.265361897851
-13.4026	213.9478	109.197874	46	0.917501551498	0.0824984485016
-13.5883	214.1851	113.204919	45	0.884352658791	0.115647341209
-15.4774	219.0164	113.330741	23	1.0	0.0856753299474
-15.5886	219.3032	115.563285	24	1.0	0.250289508681
-16.1308	219.8188	120.211527	13	0.428544980615	0.571455019385
-13.5055	216.0	120.355798	-1	0.0	0.085797378427
-16.106	219.6706	120.582074	-1	0.0	0.0367645677525
-15.9684	219.9641	120.58219	13	0.331249741437	0.668750258563
-12.5534	212.4312	124.568928	27	1.0	0.0275534061176
-12.5457	212.4331	124.634809	27	1.0	0.0452933393011
-12.7957	214.3178	126.222061	42	0.318123124804	0.681876875196
-12.7673	214.1872	126.665356	42	1.0	0.0
-11.8906	210.0263	127.471956	16	0.275870080151	0.724129919849
-13.291	214.1898	127.569436	47	0.777923893053	0.222076106947
-20.8626	228.9319	128.674829	31	0.5992816198	0.4007183802
-20.8785	228.8157	128.942613	31	0.514330907555	0.485669092445
-15.5892	219.3609	130.65269	24	1.0	0.249943482012
-18.6488	226.4848	137.19155	34	1.0	0.0177338866671
-18.7136	226.8759	137.285925	22	1.0	0.0
-18.6633	226.4548	137.377089	34	0.583277478813	0.416722521187
-17.9515	227.1033	139.689352	25	0.28799186091	0.71200813909
-17.9629	226.8124	139.774016	28	1.0	0.0
-17.9232	227.0081	140.062487	25	0.248444132619	0.751555867381
-17.9533	227.1426	140.613023	25	0.263393748173	0.736606251827
-13.3281	213.2715	142.729558	-1	0.0	0.143300675018
-11.8246	209.9404	143.828239	16	0.745161141543	0.254838858457
-18.037	226.1283	143.966412	-1	0.0	0.337002337054
-13.3892	214.3641	144.245011	44	1.0	0.0
-15.5156	219.1034	144.583731	23	0.998458425651	0.00154157434938
-9.8562	213.9218	145.37741	5	1.0	0.0
-9.8741	213.9229	145.384372	5	1.0	0.0
-13.1665	214.7393	147.565531	36	0.71977259629	0.28022740371
-17.9583	220.2901	149.093508	10	1.0	0.0
-11.8928	209.4665	149.412304	17	0.681632197483	0.318367802517
-17.8802	220.7445	150.03613	-1	0.0	0.0527691730604
-12.5583	212.3977	150.37984	27	1.0	0.0
-12.5892	212.5101	150.462713	27	1.0	0.0
-13.0066	210.9652	152.833151	7	1.0	0.0
-12.0598	214.897	152.944354	-1	0.0	0.107128260741
-11.5667	215.3368	152.944586	18	1.0	0.0
-17.3895	225.6596	153.234343	4	0.671161404523	0.328838595477
-18.8686	226.6871	153.388207	-1	0.0	0.212588008508
-18.8249	226.5453	153.393253	34	0.256257967185	0.743742032815
-18.8825	226.6329	153.800665	33	1.0	0.0
-9.7508	213.4266	153.863179	-1	0.0	0.515430336133
-13.5364	215.9301	153.944972	40	1.0	0.0
-12.6852	214.637	154.559826	43	0.601682299148	0.398317700852
-15.5795	219.3442	158.155812	24	1.0	0.0
-12.7407	213.9785	160.364176	42	0.339069720943	0.660930279057
-12.6196	214.0132	160.364234	42	0.317961157324	0.682038842676
-17.532	225.7607	160.448778	4	1.0	0.0
-18.6442	226.8842	162.245979	22	1.0	0.0
-17.7728	227.2029	162.7498	-1	0.0	0.309506428622
-13.3338	213.7728	169.230886	-1	0.0	0.013838963006
-13.3431	214.3515	169.564416	44	1.0	0.0
-13.2483	214.1607	169.564417	47	0.755215768383	0.244784231617
-13.6745	213.8239	169.668507	-1	0.0	0.123095226603
-13.2995	214.26	169.668628	47	0.627430634155	0.372569365845
-13.2844	214.1602	169.769112	47	0.777923893053	0.222076106947
-13.2836	214.2169	169.984715	47	1.0	0.0
-13.2756	214.2296	170.084588	47	1.0	0.0
-15.5866	219.3304	171.968206	24	1.0	0.0
-12.5776	215.6281	173.165004	21	0.671169563154	0.328830436846
-17.8477	223.298	173.381879	2	1.0	0.184141349713
-21.0197	228.849	177.968842	31	1.0	0.0
-20.417	229.3163	177.969123	-1	0.0	0.655832666257
-21.053	228.8464	177.9953	31	0.615649013659	0.384350986341
-20.977	228.8437	178.046511	31	1.0	0.12975215104
-13.7711	216.1655	178.133258	39	0.989522201694	0.0104777983056
-21.0024	228.8172	178.142811	31	0.522703096494	0.477296903506
-20.9141	228.8481	178.394676	31	0.969647285293	0.0303527147069
-17.932	227.4482	179.365148	15	1.0	0.0
-15.4837	219.0711	182.110952	23	1.0	0.0
-15.5134	219.0413	182.264853	23	1.0	0.175236002444
-15.0677	218.6722	182.568209	-1	0.0	0.184585215644
-13.7844	216.1754	182.828518	39	1.0	0.0115679175219
-13.7817	216.2201	182.872292	39	1.0	0.277507777968
-13.7814	216.2227	182.945587	39	1.0	0.293466597228
-13.777	216.1915	183.11383	39	1.0	0.0612248516832
-17.8446	226.581	183.85347	20	0.785899955952	0.214100044048
-17.4536	226.3216	183.898159	8	0.717730256731	0.282269743269
-13.3709	214.0591	187.530236	46	0.674274625197	0.325725374803
-11.4759	215.3163	188.284721	18	0.925419567525	0.0745804324746
-17.8834	223.4513	190.308636	2	1.0	0.0
-17.9241	223.1016	190.905131	2	1.0	0.176504811841
-17.9225	223.2315	191.264685	2	1.0	0.281998900478
-12.6064	215.5882	191.84297	21	0.529644995861	0.470355004139
-17.8554	222.9823	191.963433	2	1.0	0.0
-17.8382	222.9085	192.227845	2	1.0	0.117036963795
-17.9744	223.5034	192.257873	2	0.703713973547	0.296286026453
-13.8965	216.2575	192.500384	39	0.825147177045	0.174852822955
-17.7339	226.9576	193.940764	25	0.38797712272	0.61202287728
-17.9811	226.8625	193.965097	28	1.0	0.0
-17.8027	226.9736	193.965187	25	0.496723870259	0.503276129741
-17.7988	227.0404	193.990156	25	0.532115176476	0.467884823524
-17.7715	226.9938	194.111279	25	0.708311878698	0.291688121302
-12.619	214.5536	196.48022	43	0.934925323156	0.065074676844
-17.6632	223.2069	198.77039	2	1.0	0.00412477154368
-13.4872	214.4268	199.548111	44	0.880311006347	0.119688993653
-18.7291	226.4801	205.844644	34	0.991022203536	0.0089777964642
-18.6503	226.5103	205.970882	34	0.961140329493	0.0388596705069
-13.9367	214.7353	206.247062	-1	0.0	0.442222571811
-13.755	214.9904	206.45465	-1	0.0	0.331897907213
-13.5397	215.2161	206.454738	-1	0.0	0.295224916343
-12.96	213.9655	208.787863	-1	0.0	0.0382904233422
-12.8024	214.2287	208.787901	42	0.841220891721	0.158779108279
-12.7688	214.1877	208.832921	42	1.0	0.0
-12.7758	214.1784	208.880292	42	1.0	0.0
-13.4039	213.9019	212.014172	46	0.473930182085	0.526069817915
-13.3323	213.9601	212.014199	46	1.0	0.0
-11.8657	209.9731	212.253899	16	1.0	0.0
-13.098	214.0181	214.369456	46	0.425336775267	0.574663224733
-13.0888	213.9513	214.849518	-1	0.0	0.136923402265
-17.9985	226.8039	215.818249	-1	0.0	0.0100834026693
-17.9553	227.0604	215.818391	25	0.28799186091	0.71200813909
-17.9926	227.1008	215.888524	25	0.277368524697	0.722631475303
-13.4383	214.3551	217.894573	44	0.957694765875	0.0423052341252
-13.8449	214.0284	217.933319	-1	0.0	0.172489468399
-13.4136	214.4448	217.933442	44	0.614983013434	0.385016986566
-13.4386	214.5794	217.959786	-1	0.0	0.0661087018595
-20.9821	228.8509	218.10935	31	1.0	0.0341513447113
-21.0343	229.1468	218.153906	-1	0.0	0.200261656175
-21.0213	228.8585	218.190233	31	1.0	0.137248700403
-21.0382	228.8806	218.260747	31	0.876001932856	0.123998067144
-20.9199	228.8631	218.368692	31	1.0	0.0
-13.4613	216.0882	219.285048	-1	0.0	0.0733703345891
-12.5417	212.4448	220.626369	27	1.0	0.0
-10.32	214.2673	221.207399	6	1.0	0.0
-11.8724	209.9592	222.778357	16	1.0	0.0
-13.4316	216.2421	223.500956	38	0.860724164541	0.139275835459
-13.3681	216.209	223.501003	38	0.815609732938	0.184390267062
-17.939	227.4431	225.451589	15	1.0	0.0
-17.8957	227.4503	225.564093	15	1.0	0.0
-12.5146	213.5146	231.917787	32	0.440760726315	0.559239273685
-18.6935	226.4857	234.15535	34	1.0	0.223947708497
-18.712	226.263	234.182179	-1	0.0	0.167098334775
-18.7302	226.4039	234.206766	34	0.321610105248	0.678389894752
-18.6272	226.4916	234.281743	34	1.0	0.0
-18.6588	226.7321	234.324771	-1	0.0	0.449859467719
-18.6748	226.4831	234.423002	34	0.946901798651	0.0530982013493
-18.5255	226.3972	235.226497	34	0.280952608183	0.719047391817
-18.6265	226.4309	235.293473	34	0.495329487617	0.504670512383
-18.6003	226.431	235.399839	34	0.407897621737	0.592102378263
-13.2618	214.2141	237.507313	47	1.0	0.0
-13.0082	211.028	237.727113	7	1.0	0.0
-13.744	213.9404	241.155602	-1	0.0	0.00958924872063
-13.5458	214.2271	241.155658	45	0.500703569299	0.499296430701
-15.8316	219.5636	245.241582	14	1.0	0.0
-11.7855	209.7957	245.399525	16	0.186706326177	0.813293673823
-13.8548	216.0995	246.005134	39	1.0	0.0
-22.5372	229.3183	246.753502	-1	0.0	0.879602745477
-20.9831	228.8945	248.991454	31	0.624096225807	0.375903774193
-20.8688	228.8455	249.172487	31	0.530908123734	0.469091876266
-15.5608	219.3763	249.627753	24	1.0	0.355998416825
-13.7255	216.2412	250.416232	39	1.0	0.246741974156
-17.9966	220.3403	250.468394	10	0.481516708993	0.518483291007
-17.9122	220.2992	250.484899	10	0.755145585085	0.244854414915
-13.6379	216.1555	250.777004	39	0.498390806867	0.501609193133
-13.3199	216.4358	250.777126	-1	0.0	0.528624982049
-13.3314	213.4096	250.971828	35	1.0	0.0
-17.9767	220.3203	251.099053	10	0.843133447974	0.156866552026
-12.8865	212.0089	251.645938	-1	0.0	0.627301936552
-12.8195	212.308	251.645973	-1	0.0	0.0685950697361
-9.8727	213.8822	254.323462	5	1.0	0.0
-12.5881	215.2641	259.388928	21	0.0937162063266	0.906283793673
-18.6127	226.4934	261.659226	34	1.0	0.123425288371
-17.8917	223.5183	261.78688	2	0.672096835981	0.327903164019
-13.8682	216.1077	266.593646	39	1.0	0.0
-13.3478	214.5948	267.874931	-1	0.0	0.0148267480029
-12.8741	212.4398	268.07874	26	1.0	0.0
-12.9042	212.3807	268.246678	26	1.0	0.0
-13.3752	214.0377	272.285177	46	1.0	0.225610726655
-13.3604	213.9943	272.366566	46	0.953494259704	0.0465057402957
-17.8772	227.4909	273.468246	15	0.786938975294	0.213061024706
-17.9702	227.454	273.555934	15	1.0	0.0
-17.7939	227.3905	273.845971	15	0.490906105952	0.509093894048
-13.7349	216.1411	275.568532	39	0.54777256364	0.45222743636
-15.4807	219.1282	277.346682	23	1.0	0.170775068182
-12.6201	213.5449	277.976687	32	1.0	0.0
-12.6292	214.4249	278.459586	43	0.601585894147	0.398414105853
-13.6971	215.8806	285.940409	-1	0.0	0.363797199159
-13.0357	216.5383	285.94068	-1	0.0	0.661296011741
-13.2939	214.03	289.176561	46	1.0	0.00795136574082
-13.2852	213.9885	289.190867	46	0.801632343299	0.198367656701
-13.9055	216.1503	290.57555	39	1.0	0.166637359877
-12.4638	217.6328	290.777031	-1	0.0	0.375286483183
-10.7536	212.0837	291.134717	-1	0.0	0.146319179336
-17.7323	220.5012	291.444568	11	0.313228419956	0.686771580044
-18.609	226.4666	292.688195	34	0.879870501359	0.120129498641
-18.5434	226.4425	293.454121	34	0.484961555445	0.515038444555
-12.5594	212.2821	293.681632	27	0.575515740871	0.424484259129
-12.5995	212.3557	293.979695	27	0.846096903905	0.153903096095
-11.6203	215.3564	295.648446	18	0.86580436602	0.13419563398
-17.8502	227.4194	296.639901	15	0.868914174284	0.131085825716
-17.8314	226.9956	296.701035	25	0.434119850104	0.565880149896
-13.9263	216.225	297.509049	39	0.718895141708	0.281104858292
-16.3483	220.1032	298.121306	12	0.964641493858	0.0353585061415
-17.7579	223.5415	299.244809	2	0.44751218096	0.55248781904
-22.4576	229.3669	299.828876	-1	0.0	0.87352851259
-12.7515	214.1156	300.791923	42	1.0	0.0761244033354
-20.8415	228.8709	302.387916	31	0.530908123734	0.469091876266
-17.8797	226.8091	302.615643	28	1.0	0.0
-15.8424	219.5462	305.894179	14	1.0	0.0
-13.3289	213.9729	307.699513	46	0.919236552922	0.0807634470784
-21.0071	228.9027	308.133797	31	0.624509571379	0.375490428621
-20.9785	228.8969	308.232838	31	0.644227730709	0.355772269291
-15.7702	220.2839	308.648756	-1	0.0	0.546326122102
-17.9921	220.2995	309.002337	10	0.97248697867	0.0275130213296
-21.1172	228.8001	309.164998	-1	0.0	0.339448023697
-20.7807	228.9227	310.176794	30	1.0	0.0
-20.7181	228.9095	310.208494	30	1.0	0.0
-20.7051	229.0995	310.228168	-1	0.0	0.0797559441336
-20.79	228.9371	310.435446	30	0.764850717295	0.235149282705
-13.9795	216.0385	310.754108	-1	0.0	0.01037811747
-13.3796	214.3824	312.667729	44	1.0	0.0
-17.9576	223.1291	313.518498	2	1.0	0.169345318111
-12.6538	214.4235	316.354334	43	0.613786390128	0.386213609872
-16.4817	213.7124	319.323142	-1	0.0	0.426235845197
-15.3847	219.0287	320.647998	23	0.699873587392	0.300126412608
-12.7674	214.199	322.071772	42	1.0	0.0269808819877
-13.5359	214.4307	322.123294	44	0.605332849191	0.394667150809
-18.9459	226.5965	323.646559	-1	0.0	0.214892699433
-13.7709	216.1846	323.834807	39	1.0	0.0484849430048
-20.7208	219.5957	336.870369	0	1.0	0.0
-12.5962	213.5236	337.15426	32	1.0	0.0
-13.475	215.9577	337.219256	40	0.696185431137	0.303814568863
-13.4139	216.1815	337.21929	38	0.679109484946	0.320890515054
-13.409	216.1874	337.375432	38	0.717172275293	0.282827724707
-13.0893	216.3826	337.375534	-1	0.0	0.613160906307
-15.2262	215.5556	338.31373	9	1.0	0.0
-13.3583	213.9885	340.421679	46	1.0	0.0
-13.2851	213.9887	340.702679	46	0.797065584809	0.202934415191
-18.1638	226.5848	343.290146	20	1.0	0.0
-21.332	218.0824	343.418411	1	1.0	0.0
-21.3511	218.3482	343.457528	1	1.0	0.0
-21.3827	218.2939	343.503821	1	1.0	0.0
-18.117	220.8256	343.928746	-1	0.0	0.383959773221
-17.9315	220.5638	344.119928	11	1.0	0.0
-17.9105	220.8639	344.235119	-1	0.0	0.240583768464
-17.5634	226.3199	344.550163	8	1.0	0.0
-17.3284	226.3841	344.550235	8	0.370753818341	0.629246181659
-13.5335	216.1015	344.572737	41	1.0	0.0
-12.5183	214.1507	345.461539	-1	0.0	0.213670567386
-12.5156	214.1031	345.479321	-1	0.0	0.176468555175
-17.8546	223.2179	347.512501	2	1.0	0.015883553512
-17.9568	222.7697	348.595656	2	0.670387395229	0.329612604771
-18.0573	222.7653	348.660275	2	0.62164366561	0.37835633439
-17.8655	223.002	348.660365	2	1.0	0.0
-18.0341	223.1216	348.911909	2	1.0	0.0194376497754
-18.1008	223.234	348.9445	2	0.616735414685	0.383264585315
-18.234	223.2742	349.584366	2	0.365888676072	0.634111323928
-12.6048	212.3222	351.715252	27	0.613391564693	0.386608435307
-12.5888	212.4093	351.715267	27	1.0	0.0
-9.7047	209.5307	351.746184	-1	0.0	0.242063761515
-17.9464	227.401	352.495505	15	0.951469158269	0.0485308417312
-18.0981	227.6869	352.699011	-1	0.0	0.241855551936
-17.9715	227.8558	352.699154	-1	0.0	0.216195864555
-15.5804	219.3241	353.010705	24	1.0	0.0
-15.5671	219.338	353.110772	24	1.0	0.0
-21.0146	228.8681	354.563604	31	0.876001932856	0.123998067144
-21.009	228.8728	354.597118	31	0.891021148563	0.108978851437
-20.9602	228.9436	354.627115	31	0.420879933307	0.579120066693
-12.5247	215.6615	356.658658	21	1.0	0.0
-12.7797	214.1324	357.355776	42	1.0	0.0761244033354
-11.8636	209.9838	357.966626	16	0.641567687651	0.358432312349
-13.2859	213.8809	358.278059	46	0.483541232487	0.516458767513
-13.478	213.6326	358.555491	37	1.0	0.0
-13.29	213.9599	358.555532	46	1.0	0.0
-12.6303	214.4909	358.604646	43	0.786672170908	0.213327829092
-13.2846	213.9495	359.254532	46	1.0	0.0
-22.4699	229.2832	359.680443	-1	0.0	0.873262059299
-12.4414	214.0728	360.117149	-1	0.0	0.097318508189
-14.0488	215.6629	361.971159	-1	0.0	0.736094786867
-13.8657	216.0701	361.971237	39	0.887915627119	0.112084372881
-18.6078	226.4538	363.50512	34	0.650877397718	0.349122602282
-18.6828	226.4835	363.563926	34	1.0	0.223947708497
-18.5599	226.4598	363.643522	34	0.523840028877	0.476159971123
-18.5144	226.2181	365.379821	-1	0.0	0.0629842249754
-15.5295	219.1616	368.779685	23	0.921448301387	0.078551698613
-11.8505	209.7785	371.575913	-1	0.0	0.0799613227467
-12.6153	213.5491	373.553525	32	1.0	0.0
-12.6231	214.488	373.799933	43	0.748846619221	0.251153380779
-12.6027	214.618	374.493591	43	0.619242333161	0.380757666839
-17.6354	223.0823	376.655203	2	0.895651210832	0.104348789168
-13.6787	215.011	377.446228	-1	0.0	0.295224916343
-13.0665	210.5487	378.483311	7	0.244435094328	0.755564905672
-13.0322	210.8877	378.558069	7	1.0	0.0
-17.8739	223.3432	379.138019	2	1.0	0.20239577258
-17.8742	223.2806	379.641468	2	1.0	0.0639098230717
-17.7555	223.2288	380.03498	2	0.980305260677	0.0196947393228
-18.6789	226.5952	382.297158	34	0.257051276125	0.742948723875
-18.7305	226.3826	382.444829	34	0.284331676284	0.715668323716
-18.7362	226.4738	382.758836	34	0.694168634913	0.305831365087
-15.5796	219.3391	397.041775	24	1.0	0.0
-17.901	220.5035	400.550713	11	0.774528147072	0.225471852928
-17.9122	220.5389	400.848143	11	1.0	0.0
-12.8663	212.4252	401.398068	26	1.0	0.0
-12.6419	213.5384	401.691015	32	1.0	0.0
-12.6338	213.5203	401.717722	32	1.0	0.0
-10.3006	214.333	401.815249	6	1.0	0.0
-20.8486	228.9027	403.395572	31	0.610625640625	0.389374359375
-20.8858	228.9091	403.449882	31	0.604018071477	0.395981928523
-20.2974	229.3758	403.561257	-1	0.0	0.736758764725
-20.8907	228.9146	403.746967	31	0.61668038259	0.38331961741
-18.6573	226.233	405.002834	-1	0.0	0.244568705981
-18.6959	226.4899	405.118245	34	1.0	0.223947708497
-18.68	226.5221	405.227581	34	0.71532914745	0.28467085255
-13.3601	214.5023	405.881608	-1	0.0	0.101449567636
-13.1414	210.9441	409.149923	7	1.0	0.0
-13.4089	214.0083	412.900372	46	0.932292593566	0.0677074064342
-13.6144	213.6679	412.924345	37	1.0	0.0
-13.4081	214.0328	412.924413	46	1.0	0.225610726655
-12.8262	214.2899	413.227867	42	0.466496949139	0.533503050861
-13.3477	213.9752	413.308545	46	1.0	0.0
-11.8569	209.4092	413.444959	-1	0.0	0.197880633125
-13.447	213.834	413.781456	-1	0.0	0.0962721731751
-13.4334	213.9763	413.781487	46	0.637621882897	0.362378117103
-13.3909	214.0171	414.049319	46	1.0	0.243885420843
-13.3577	213.9416	414.264703	46	0.917501551498	0.0824984485016
-13.4111	213.8526	414.359146	46	0.443497976776	0.556502023224
-13.3714	213.9559	414.539429	46	1.0	0.0
-13.6609	214.2696	415.549875	-1	0.0	0.0988211812408
-15.5218	219.1877	420.804212	23	1.0	0.0
-15.4317	219.093	421.359682	23	0.907406636208	0.092593363792
-12.6924	214.0495	422.781106	42	0.518983056205	0.481016943795
-12.642	213.5693	423.716558	32	1.0	0.0
-12.7152	213.8008	423.716573	-1	0.0	0.294674890508
-17.5566	225.7536	424.387102	4	1.0	0.0
-17.6108	225.7786	424.488959	4	0.897593402519	0.102406597481
-15.5733	219.3004	424.872136	24	1.0	0.216995980624
-15.6175	219.5039	424.872165	14	0.300523600431	0.699476399569
-15.612	219.4294	424.880632	24	0.477874903274	0.522125096726
-13.2305	214.2067	427.120755	47	0.844803038663	0.155196961337
-16.0935	219.9049	430.07158	13	0.575535517114	0.424464482886
-12.634	215.2036	432.175182	21	0.0823867125299	0.91761328747
-12.2354	215.2886	432.175371	21	0.0749106705076	0.925089329492
-21.6296	222.3852	432.318204	-1	0.0	0.115905292695
-20.8483	228.8625	432.386355	31	0.479005645468	0.520994354532
-12.4585	215.6341	432.603513	21	0.569308078802	0.430691921198
-12.6547	215.5453	432.717278	21	0.45500272176	0.54499727824
-12.5636	215.6129	432.717317	21	0.671169563154	0.328830436846
-17.7997	223.1961	437.324739	2	1.0	0.0315412136359
-11.8924	209.5331	437.60314	17	0.712152736436	0.287847263564
-17.9407	223.2146	438.558903	2	1.0	0.0
-17.9672	223.1494	438.691997	2	1.0	0.169345318111
-17.9614	223.0689	439.00995	2	1.0	0.0
-17.9565	223.1536	439.168496	2	1.0	0.169345318111
-18.0182	222.8929	440.136656	2	0.785299664029	0.214700335971
-18.0225	222.9568	440.207223	2	1.0	0.0
-18.0183	223.2075	440.483726	2	0.98534503369	0.0146549663103
-18.0297	222.9889	440.680821	2	1.0	0.0
-17.9546	223.0405	441.055042	2	1.0	0.0
-13.5313	214.1034	448.738099	45	0.397235521549	0.602764478451
-17.9424	220.2918	449.526713	10	1.0	0.0
-17.9698	220.4024	449.549677	10	0.322117717055	0.677882282945
-17.9757	220.3005	449.567178	10	1.0	0.0
-13.5027	215.9575	449.858455	40	1.0	0.0
-18.0233	220.3784	450.006047	10	0.528748319419	0.471251680581
-18.6387	226.4923	450.716404	34	1.0	0.0
-18.6773	226.4565	450.729834	34	0.479328859576	0.520671140424
-18.5931	226.4883	450.79067	34	1.0	0.18246389783
-18.5834	226.8438	450.805155	22	1.0	0.0
-18.6997	226.4829	450.830228	34	1.0	0.223947708497
-17.9854	220.605	451.185459	11	0.873203544395	0.126796455605
-13.8775	216.0435	451.342649	39	0.562880885187	0.437119114813
-18.6662	226.5209	451.464295	34	1.0	0.236774294523
-11.4167	215.4695	452.536158	18	0.360553458437	0.639446541563
-12.5142	215.6444	454.477686	21	1.0	0.0
-15.8414	219.5604	459.018142	14	1.0	0.0
-20.9739	228.9793	462.183641	-1	0.0	0.229526840802
-10.7318	212.0498	462.522641	-1	0.0	0.162659749794
-10.7676	212.0063	462.703027	-1	0.0	0.156740087584
-13.2253	213.8943	463.122055	-1	0.0	0.0345202079657
-13.57	216.0512	464.343308	41	1.0	0.0
-13.6269	215.7155	464.344946	-1	0.0	0.704706762547
-13.5437	215.9458	464.344997	40	1.0	0.0
-15.6088	219.2936	464.494489	24	0.733000734469	0.266999265531
-15.5424	219.288	464.872187	24	0.852102155694	0.147897844306
-16.2992	221.2204	465.536008	-1	0.0	0.0883144873681
-15.2611	215.5384	465.652421	9	1.0	0.0
-12.7307	214.1389	467.180602	42	0.882546586253	0.117453413747
-17.8729	223.2896	470.32195	2	1.0	0.0
-12.5915	213.4371	471.506042	32	0.317691304079	0.682308695921
-12.6871	213.5821	471.694703	32	0.793339104036	0.206660895964
-12.6654	213.5283	471.831456	32	0.826760829908	0.173239170092
-12.6025	212.3982	472.282591	27	1.0	0.0
-12.6026	212.4057	472.664731	27	1.0	0.0
-20.8921	228.9374	476.098017	31	0.61668038259	0.38331961741
-18.668	226.2933	476.264866	-1	0.0	0.203971036173
-18.6601	226.2968	476.31728	-1	0.0	0.167098334775
-18.7576	226.502	476.317393	34	0.440140203192	0.559859796808
-18.7311	226.4914	476.344889	34	0.694168634913	0.305831365087
-18.7513	226.5516	476.491101	34	0.317732420888	0.682267579112
-18.7234	226.484	476.493292	34	0.991022203536	0.0089777964642
-12.9638	213.9049	479.373073	-1	0.0	0.0871523517732
-12.8438	214.2118	479.373125	42	0.54886218949	0.45113781051
-12.7853	214.2469	479.569757	42	1.0	0.0
-12.6194	214.5402	479.569826	43	0.888849174557	0.111150825443
-16.3334	220.6205	479.667892	-1	0.0	0.0533659895551
-18.9266	226.634	484.261435	-1	0.0	0.151431398586
-16.2264	219.816	485.284516	13	0.271025079662	0.728974920338
-20.845	219.1659	485.589768	0	0.312516426952	0.687483573048
-20.7189	219.5054	485.589824	0	1.0	0.0
-15.5385	219.3619	489.728531	24	1.0	0.0
-15.6131	219.5082	489.755407	-1	0.0	0.0131242540579
-15.6103	219.3439	489.794561	24	1.0	0.13367863206
-18.0021	220.2825	491.952342	10	0.851766005819	0.148233994181
-18.0195	220.3259	492.042464	10	0.645644312224	0.354355687776
-17.5321	225.7497	492.142664	4	1.0	0.0
-11.8662	209.957	492.833204	16	1.0	0.0
-11.8884	209.7384	492.833245	16	0.186051201145	0.813948798855
-18.1251	226.5911	492.891437	20	1.0	0.0
-15.1974	215.3432	494.076579	9	0.291561465631	0.708438534369
-15.0243	215.1886	494.076648	9	0.155388351222	0.844611648778
-13.462	216.4451	499.252667	-1	0.0	0.517273051485
-13.4206	216.2701	499.760577	38	1.0	0.0
-13.6036	216.0458	500.241814	41	0.768633801395	0.231366198605
-13.4627	216.2846	500.363453	38	0.943850158757	0.0561498412426
-13.5771	216.3328	500.75662	-1	0.0	0.181025935254
-14.3377	210.1542	503.619109	-1	0.0	0.155570232146
-21.0346	228.8231	503.635159	31	0.615649013659	0.384350986341
-20.9257	228.8333	503.668283	31	0.597800056734	0.402199943266
-21.0723	228.8012	503.710447	-1	0.0	0.0646056398682
-20.9611	228.795	503.839998	-1	0.0	0.109199539038
-21.051	228.8944	504.047954	31	0.499347969669	0.500652030331
-18.6654	226.3864	510.15162	34	0.321610105248	0.678389894752
-16.3691	220.1249	510.211236	12	1.0	0.0
-18.67	226.4936	510.273784	34	1.0	0.223947708497
-18.6566	226.5486	510.360924	34	0.965838694549	0.0341613054508
-18.6724	226.5389	510.479713	34	1.0	0.0
-16.3122	220.2659	510.532894	-1	0.0	0.0146564409246
-18.6028	226.4904	510.83113	34	0.976619825924	0.0233801740761
-16.0858	219.914	511.577982	13	0.585074885945	0.414925114055
-18.5989	226.4948	511.628381	34	0.850126808565	0.149873191435
-21.4224	217.9452	513.30759	1	0.761722425045	0.238277574955
-21.3299	218.2399	513.307654	1	1.0	0.0
-14.4967	215.6924	513.467555	-1	0.0	0.840373595944
-13.4723	215.9565	513.611691	40	0.694987309883	0.305012690117
-21.3828	218.2387	513.74489	1	1.0	0.0
-17.8835	220.5407	514.338928	11	0.812672125864	0.187327874136
-17.9309	220.5911	514.369475	11	0.898605910783	0.101394089217
-17.8763	220.5323	514.392367	11	0.879798655607	0.120201344393
-17.9095	220.5117	514.432682	11	1.0	0.0
-17.9636	220.5467	514.504465	11	0.988720234648	0.0112797653518
-17.9583	220.6302	514.632471	11	0.55595005051	0.44404994949
-17.9875	220.5826	514.754909	11	0.898605910783	0.101394089217
-12.7561	214.1762	514.930448	42	1.0	0.0
-12.4086	214.371	514.930592	-1	0.0	0.205566431649
-16.9779	220.6758	517.610897	3	0.23393747494	0.76606252506
-16.8815	220.8739	517.610962	3	0.881155694001	0.118844305999
-17.8471	223.3199	521.909312	2	1.0	0.0
-17.8795	223.3998	530.573082	2	1.0	0.0862943421479
-17.6374	223.1671	531.18702	2	1.0	0.0708653631339
-12.6559	215.5395	531.529663	21	0.410404255085	0.589595744915
-12.6463	215.5451	531.535419	21	0.472391397375	0.527608602625
-16.7635	223.2568	531.759949	2	0.104671920034	0.895328079966
-19.031	226.3347	533.826509	-1	0.0	0.10042280902
-18.5056	225.2665	533.871191	-1	0.0	0.300036732676
-17.6054	226.2265	536.23499	8	0.728894653415	0.271105346585
-18.6602	226.4451	537.776349	34	0.542819742648	0.457180257352
-17.9914	220.2718	540.597334	10	0.759891696795	0.240108303205
-17.8309	223.3476	544.46431	2	1.0	0.394795343237
-17.8112	223.3715	544.566357	2	1.0	0.0624965487596
-13.4079	216.2169	545.32999	38	0.833236745862	0.166763254138
-13.1326	214.5601	546.637745	36	0.970053486762	0.0299465132378
-20.9361	229.0978	548.460198	-1	0.0	0.198220066018
-12.5644	213.5129	549.698662	32	0.636999651735	0.363000348265
-12.3322	213.609	549.698744	32	0.174036383877	0.825963616123
-15.4473	219.126	550.256082	23	0.865351903554	0.134648096446
-15.4996	219.1491	550.256117	23	1.0	0.0739074155276
-20.4028	229.0244	551.159684	-1	0.0	0.306410755368
-12.5043	215.5321	552.210967	21	0.304882023431	0.695117976569
-12.5288	215.6505	552.210995	21	1.0	0.0
-12.7563	214.5344	555.05223	43	0.552971414928	0.447028585072
-12.6913	214.5752	555.532661	43	1.0	0.0
-16.0952	219.8968	555.661009	13	0.605652223768	0.394347776232
-15.3289	215.5335	558.11442	9	1.0	0.0
-20.6705	219.5564	558.482165	0	1.0	0.0
-13.5223	215.9301	558.737865	40	1.0	0.0
-13.5178	215.9419	559.160809	40	1.0	0.0
-13.5836	216.0094	559.394377	41	0.568261168049	0.431738831951
-13.5746	216.2368	559.451362	38	0.401382439706	0.598617560294
-13.5688	216.0309	559.688124	41	0.726677027973	0.273322972027
-13.2702	216.2763	559.688238	38	0.42674931878	0.57325068122
-12.8313	214.015	562.658759	42	0.382863843269	0.617136156731
-12.8052	214.1742	562.658765	42	0.895645090919	0.104354909081
-12.8314	214.2055	562.821819	42	0.66412631525	0.33587368475
-11.9312	209.4548	563.506986	17	0.552074270988	0.447925729012
-17.8356	226.4842	563.806737	-1	0.0	0.0936879871839
-17.7814	226.6144	563.806831	-1	0.0	0.169204937049
-16.8952	220.8362	567.41747	3	1.0	0.0
-16.937	221.1452	567.444667	3	0.133000640451	0.866999359549
-12.9864	210.9458	569.27021	7	1.0	0.0
-13.0787	210.728	569.492839	7	0.462534198411	0.537465801589
-20.8787	229.0169	569.539341	-1	0.0	0.478831631469
-20.8317	228.8962	569.640806	31	0.490867068482	0.509132931518
-18.4495	226.135	572.146304	-1	0.0	0.0199165513963
-15.0298	215.2191	572.791659	9	0.168897113808	0.831102886192
-21.1191	229.2544	577.762777	-1	0.0	0.503236970022
-21.0875	228.7647	577.996503	-1	0.0	0.413133671595
-21.0624	228.9519	577.996619	-1	0.0	0.304417617511
-17.7798	220.6279	579.009999	11	0.451176839691	0.548823160309
-10.2055	214.0976	584.804195	6	1.0	0.0
-10.2109	214.2896	584.804204	6	1.0	0.0
-12.7378	214.158	585.249562	42	1.0	0.0
-18.0407	220.3545	585.524416	10	0.637016549228	0.362983450772
-18.0518	223.1286	585.922081	2	0.928099121229	0.0719008787705
-17.924	223.0392	586.466184	2	1.0	0.0
-15.4403	219.0242	586.510746	23	1.0	0.0
-15.6259	219.382	587.095101	24	0.637568592225	0.362431407775
-17.9084	223.1076	587.149251	2	1.0	0.0390455167099
-17.8596	223.2918	587.22661	2	1.0	0.0
-17.8488	223.3065	587.279611	2	1.0	0.0
-17.8542	223.34	587.334282	2	1.0	0.138638875463
-17.8461	223.3222	587.766415	2	1.0	0.0
-14.4933	223.1469	590.809401	-1	0.0	0.198976012132
-18.0026	227.4765	590.983585	15	0.733719718555	0.266280281445
-17.9739	227.4084	591.095385	15	1.0	0.0
-18.6902	226.4205	594.229442	34	0.351078797642	0.648921202358
-18.7045	226.5036	594.726616	34	0.664353590641	0.335646409359
-18.7217	226.4306	594.814064	34	0.347546536674	0.652453463326
-18.7088	226.4762	594.882522	34	0.991022203536	0.0089777964642
-13.4951	214.2726	596.93868	-1	0.0	0.124062860591
-13.4511	214.3866	596.938703	44	1.0	0.0
-13.9022	216.1281	597.599962	39	0.838149138717	0.161850861283
