10.6375	279.4228	-6.2e-05	18	0.616942064221	0.383057935779
11.0809	278.94	-599.250341	15	0.750885057501	0.249114942499
22.3077	285.3335	-597.532238	-1	0.0	0.416962968847
12.0991	277.947	-590.27142	10	1.0	0.0
10.9736	279.3725	-590.211928	24	0.342052251123	0.657947748877
10.9025	279.4065	-590.211875	24	0.707751185707	0.292248814293
10.9482	279.3194	-590.12219	26	1.0	0.0
10.9595	279.3332	-589.565256	26	1.0	0.193233957608
10.7303	279.6602	-583.797334	23	1.0	0.0
10.695	279.6174	-583.68619	23	0.624242433677	0.375757566323
10.7078	279.6426	-583.580026	23	0.77169877528	0.22830122472
10.7236	279.8713	-580.295919	22	1.0	0.19164295701
10.6923	279.874	-580.193288	22	1.0	0.0
10.6837	279.871	-580.148297	22	1.0	0.0
10.6484	279.8846	-580.103942	22	1.0	0.197065146478
10.6133	279.4622	-580.025085	-1	0.0	0.161445558697
10.6889	279.8916	-579.985628	22	1.0	0.310388210275
10.6942	279.8737	-579.512932	22	1.0	0.0150495946742
22.5373	284.7568	-576.597182	4	0.384989141234	0.615010858766
12.1373	277.2564	-569.021001	12	0.960207874303	0.0397921256975
13.2746	276.9286	-568.959037	-1	0.0	0.0834761739596
12.1423	277.2495	-568.861292	12	0.84849324964	0.15150675036
12.1389	277.0631	-562.2974	13	0.57949003996	0.42050996004
12.1998	276.9102	-562.269921	-1	0.0	0.192655376674
12.1885	277.0463	-562.269906	13	0.952147054913	0.0478529450868
12.1588	277.0491	-562.241364	13	0.946015018516	0.0539849814844
12.1635	277.0413	-562.207312	13	1.0	0.0
12.2948	277.1716	-562.021938	-1	0.0	0.130215594743
12.1632	277.0217	-562.021919	13	1.0	0.0
10.101	281.3275	-558.624301	-1	0.0	0.0207861920417
10.6433	279.555	-557.249451	-1	0.0	0.0652378395824
22.3431	285.7652	-556.969718	2	0.885235283582	0.114764716418
22.3676	285.7588	-556.947034	2	0.885235283582	0.114764716418
10.3656	280.2528	-550.590813	-1	0.0	0.259447438426
11.0176	279.2331	-540.294615	26	1.0	0.0
11.0049	279.2301	-540.290769	26	1.0	0.0
22.4528	285.0068	-538.769283	5	0.7922858849	0.2077141151
22.5115	284.9154	-538.546688	5	0.354270840707	0.645729159293
21.7695	284.3285	-535.422188	8	1.0	0.0
21.7979	284.343	-535.110306	8	1.0	0.0
10.7474	279.6436	-533.339759	23	1.0	0.190811247055
10.7332	279.6661	-533.326974	23	1.0	0.0371062764396
10.9479	279.3461	-533.315945	26	0.999624387569	0.000375612431227
10.748	279.6764	-533.311741	23	1.0	0.0714645664762
10.7439	279.6664	-533.246015	23	1.0	0.0
10.1768	280.3235	-533.150076	-1	0.0	0.273912319688
10.7473	279.6547	-533.145191	23	1.0	0.0
11.1019	279.354	-532.871166	-1	0.0	0.00303834122438
10.715	279.4183	-530.906339	18	0.971433264305	0.0285667356949
10.6804	279.3736	-530.879469	18	1.0	0.0
10.6916	279.387	-530.840366	18	1.0	0.0
10.6818	279.3468	-530.734383	18	0.695840352258	0.304159647742
10.7151	279.4032	-530.646395	18	0.971433264305	0.0285667356949
5.6772	289.587	-529.95596	0	0.0194831848286	0.980516815171
10.6792	279.3734	-529.793235	18	1.0	0.0
10.4787	280.2381	-527.706912	20	1.0	0.203012304482
11.1646	281.04	-527.575975	-1	0.0	0.856731875768
10.4344	280.2422	-527.404717	20	1.0	0.214579539741
10.4013	280.2422	-527.270715	20	0.670701764417	0.329298235583
10.3708	280.2729	-526.905774	-1	0.0	0.0962795986465
11.1401	278.798	-519.466165	-1	0.0	0.290202346226
11.1557	278.8781	-519.418732	15	1.0	0.0
11.7086	278.8428	-519.188791	-1	0.0	0.710602168308
10.4537	280.0738	-516.346676	-1	0.0	0.0924557972321
10.6796	279.8265	-510.132951	22	1.0	0.0
10.9693	279.2357	-509.682304	26	1.0	0.178068318923
10.9524	279.2495	-509.634553	26	1.0	0.215204070275
11.0138	279.2073	-509.574278	25	0.801892092191	0.198107907809
10.7408	279.9378	-509.535638	-1	0.0	0.133861272928
12.1292	277.2334	-507.366218	12	1.0	0.0
12.1154	277.2141	-507.2576	12	1.0	0.0
12.1917	277.1813	-506.809701	12	1.0	0.0
10.385	280.356	-498.683755	16	0.689218871943	0.310781128057
10.3757	280.3732	-498.629317	16	1.0	0.0
10.3736	280.3506	-498.57553	-1	0.0	0.028250303149
10.3717	280.3937	-498.522873	16	1.0	0.0
10.3717	280.3676	-498.482452	16	0.976556427938	0.0234435720621
10.3825	280.4035	-498.415822	16	1.0	0.0
10.3393	280.3851	-498.239939	16	0.819156494341	0.180843505659
10.9737	278.0128	-493.838494	-1	0.0	0.163605614269
10.3709	280.5969	-493.069132	-1	0.0	0.25895130152
10.4713	280.1971	-492.651024	20	1.0	0.0
10.4607	280.1934	-492.575427	20	1.0	0.0
10.46	280.2161	-492.343886	20	1.0	0.0770584292009
22.3687	285.0596	-491.109124	5	0.35500243498	0.64499756502
10.7805	279.6812	-487.281131	23	0.943553752135	0.0564462478653
22.5043	284.7292	-486.725834	4	0.599644846661	0.400355153339
10.9213	279.4124	-480.820651	24	1.0	0.0
11.0073	279.4202	-480.737226	-1	0.0	0.0253038829959
7.9939	274.1569	-470.828994	3	0.0684233311484	0.931576668852
13.5285	276.0071	-469.584767	-1	0.0	0.00906399684782
21.7995	284.2222	-469.166742	9	0.716121240789	0.283878759211
21.7696	284.1916	-468.819666	-1	0.0	0.125521926745
22.4481	285.0224	-465.651	5	0.75374104808	0.24625895192
10.4409	280.3309	-461.164978	19	0.479972869045	0.520027130955
12.114	277.022	-456.138486	13	0.51434787489	0.48565212511
12.1546	277.0486	-455.590171	13	0.936198871658	0.0638011283423
10.4295	280.2891	-455.392565	19	1.0	0.0
10.4419	280.3116	-454.595181	19	0.687330708429	0.312669291571
22.1949	284.0262	-454.546831	7	1.0	0.0
10.6653	279.8155	-444.680596	22	0.856192880584	0.143807119416
10.6831	279.8326	-444.064545	22	1.0	0.0681997729893
21.7849	284.3436	-442.660425	8	1.0	0.0
21.7643	284.3522	-442.542041	8	0.978625906318	0.0213740936818
11.0544	279.2514	-441.252458	26	1.0	0.0348921844491
12.0975	277.9527	-441.233019	10	1.0	0.0
12.0963	278.0019	-440.968787	10	0.574167241796	0.425832758204
11.0378	279.2355	-432.662535	26	1.0	0.0281282076265
22.3685	285.668	-423.869618	2	0.885235283582	0.114764716418
22.3006	285.6475	-423.805071	2	0.822019219667	0.177980780333
9.714	288.151	-421.682485	0	1.0	0.0
9.7255	288.1537	-421.525473	0	1.0	0.0
10.9348	279.25	-417.602873	26	1.0	0.030537660659
10.9655	279.2942	-417.345531	26	1.0	0.02152281816
21.8032	284.1704	-412.730114	-1	0.0	0.200341077005
10.4517	280.2987	-410.256807	19	0.830146296793	0.169853703207
10.3756	280.1662	-410.186671	-1	0.0	0.235327528297
10.4495	280.2939	-409.725105	19	1.0	0.0
10.4427	280.307	-409.719777	19	0.834908194793	0.165091805207
10.4272	280.2921	-409.576149	19	1.0	0.0
10.4194	280.2737	-409.489044	19	0.707126397698	0.292873602302
10.0716	281.2991	-408.600131	-1	0.0	0.0219488085273
10.7034	279.7604	-406.151811	23	0.577872355687	0.422127644313
12.6041	276.3431	-400.199978	11	0.580942787659	0.419057212341
10.7417	279.4003	-399.067328	18	0.702707410954	0.297292589046
12.1797	277.0297	-397.790354	13	1.0	0.0
10.675	279.4477	-397.773681	18	0.621657361916	0.378342638084
12.122	277.0362	-397.727999	13	0.717597083852	0.282402916148
10.6804	279.4217	-397.688182	18	0.799498103999	0.200501896001
10.8685	279.3731	-396.89602	24	0.509358929323	0.490641070677
10.4253	280.492	-392.082038	-1	0.0	0.061820149375
11.0449	279.2143	-390.106682	25	0.696269959564	0.303730040436
11.0391	279.1899	-389.993195	25	1.0	0.0
13.139	278.5709	-389.873783	-1	0.0	0.19880655095
11.0159	279.1923	-389.783138	25	1.0	0.0
11.0129	279.1843	-389.203873	25	0.833197927901	0.166802072099
11.0435	279.1876	-389.088585	25	1.0	0.0
22.1761	283.9123	-388.569807	6	0.265590033969	0.734409966031
22.1169	284.0302	-388.569781	7	1.0	0.0
7.9963	274.1336	-385.117679	3	0.0675803072413	0.932419692759
10.9563	279.0363	-383.027916	-1	0.0	0.198883391265
22.5386	284.6919	-374.207167	4	1.0	0.0
22.5258	284.7027	-374.169757	4	1.0	0.0
10.8594	279.535	-373.270202	-1	0.0	0.112672954503
10.7734	279.6276	-371.743364	23	1.0	0.190811247055
10.7236	279.6202	-371.675241	23	1.0	0.261424224688
10.6865	279.6073	-371.602898	-1	0.0	0.00995669550629
22.4258	285.2181	-370.824649	5	0.202125039302	0.797874960698
22.5142	285.0116	-370.82459	5	1.0	0.0
22.4851	284.9892	-370.647034	5	0.994651178853	0.00534882114708
21.7865	284.3347	-370.122134	8	1.0	0.0
21.791	284.288	-370.046024	9	0.481897211205	0.518102788795
21.795	284.3384	-370.002867	8	1.0	0.0
21.8034	284.3717	-369.851911	8	0.627148081236	0.372851918764
13.5633	276.0237	-364.915145	-1	0.0	0.0428053007475
10.7073	279.8366	-363.274093	22	1.0	0.148735367968
11.1785	279.1454	-363.23798	17	0.577833413298	0.422166586702
11.2233	279.1022	-363.196953	17	0.835934481453	0.164065518547
10.656	279.8489	-363.163072	22	0.943729206506	0.0562707934943
11.0477	279.1703	-363.150001	25	0.614079833179	0.385920166821
11.2122	279.1127	-363.116531	17	0.712368237301	0.287631762699
7.4448	273.0358	-362.903226	3	0.0684233311484	0.931576668852
11.1048	279.2247	-362.006298	-1	0.0	0.35614474863
10.7479	279.7928	-358.303877	22	0.479379423055	0.520620576945
10.4119	280.3057	-351.484104	19	0.701952140992	0.298047859008
10.3596	280.4198	-351.484041	16	1.0	0.0
10.6524	279.5674	-343.374546	-1	0.0	0.113809839215
10.7287	279.4313	-342.68908	18	0.690397107951	0.309602892049
10.7045	279.38	-342.333686	18	1.0	0.0
10.3493	280.2132	-342.231518	-1	0.0	0.0715436104317
10.7444	279.4042	-339.34912	18	0.690397107951	0.309602892049
21.9948	283.7668	-339.023134	6	0.363077702187	0.636922297813
11.1657	279.1607	-334.831003	17	0.577833413298	0.422166586702
11.281	279.1847	-334.830974	17	0.267445482914	0.732554517086
10.983	279.3025	-334.739636	26	1.0	0.0429186342547
11.2062	279.2061	-334.739599	17	0.267445482914	0.732554517086
11.1305	279.1503	-334.64844	17	0.468607101199	0.531392898801
22.5222	285.0582	-333.456808	5	1.0	0.0
10.4697	280.2553	-333.393147	20	0.756008922873	0.243991077127
22.5133	285.0509	-333.354253	5	1.0	0.0
12.0996	277.937	-332.653353	10	1.0	0.0
11.0272	279.1824	-331.944001	25	1.0	0.0
10.6049	279.0159	-322.840888	14	0.250662814374	0.749337185626
10.3607	280.5498	-319.512985	-1	0.0	0.0883362175
11.0157	279.237	-314.788255	26	1.0	0.0
11.0601	279.1358	-314.559238	-1	0.0	0.13198563781
10.9503	279.3157	-314.559197	26	1.0	0.0
10.9701	279.3301	-314.383918	26	1.0	0.0428817357364
11.0106	279.2943	-314.383889	26	0.871596711118	0.128403288882
10.4797	280.0847	-310.655213	-1	0.0	0.208079079475
11.1707	278.8473	-304.875194	15	0.685675999808	0.314324000192
10.4449	280.23	-303.264814	20	1.0	0.0
22.3249	286.0334	-299.837804	2	1.0	0.0
10.8934	279.2445	-297.181795	-1	0.0	0.0477015050008
10.9915	279.2729	-295.903866	26	1.0	0.0
10.9897	279.2614	-295.758867	26	1.0	0.0
12.177	277.0291	-295.442315	13	1.0	0.0
22.4047	284.6841	-292.337154	4	0.366666697647	0.633333302353
11.0638	279.5474	-290.592643	-1	0.0	0.231736197779
10.7143	279.8186	-286.931152	22	1.0	0.12206620899
21.7431	284.2331	-286.899234	-1	0.0	0.0288136248877
10.682	279.8306	-286.857728	22	1.0	0.082637998886
10.7352	279.8036	-286.853941	22	0.672368130649	0.327631869351
10.8251	279.8235	-286.780928	-1	0.0	0.109448676244
10.9458	279.827	-286.780899	-1	0.0	0.185855599804
10.7094	279.816	-286.160378	22	1.0	0.0
12.2235	277.0792	-282.272648	13	0.427070058816	0.572929941184
10.6992	279.8804	-281.488756	22	1.0	0.200405763465
10.6652	279.9154	-281.422498	22	1.0	0.0
10.7004	279.8857	-280.914029	22	1.0	0.427809227122
10.6703	279.8739	-280.780846	22	1.0	0.0
12.3891	275.9231	-277.550271	11	0.417399154321	0.582600845679
10.5009	280.3022	-276.268645	-1	0.0	0.0911229507312
11.1751	278.9181	-275.083325	15	1.0	0.0
11.1638	278.9109	-275.038535	15	1.0	0.0
11.1773	278.908	-274.888853	15	1.0	0.0
11.059	279.2158	-271.67952	-1	0.0	0.0760761057233
11.0335	279.2047	-271.607967	25	0.800123541447	0.199876458553
10.3923	280.4631	-271.012888	-1	0.0	0.100654075666
10.3783	280.4136	-270.811953	16	1.0	0.0
10.9554	279.2483	-270.592266	26	1.0	0.178068318923
10.4614	280.2257	-269.916706	20	1.0	0.0
22.1283	283.9977	-266.070886	7	0.939104934852	0.0608950651484
10.4585	280.1599	-261.307992	20	1.0	0.0
9.3535	275.2998	-258.511929	3	1.0	0.0
9.3787	275.2289	-258.456974	3	1.0	0.0
9.3961	275.1121	-258.421618	3	0.417082127083	0.582917872917
9.3017	275.2884	-258.421612	3	1.0	0.0
10.7202	279.4353	-251.348493	18	0.746417895878	0.253582104122
9.8393	288.1061	-246.406277	0	0.629631038933	0.370368961067
7.1376	280.998	-234.942256	-1	0.0	0.51374797741
10.4341	280.2336	-234.883497	20	1.0	0.0
10.9546	279.2831	-231.213477	26	1.0	0.0
10.9983	279.2679	-230.353248	26	1.0	0.0
10.7803	279.5995	-227.795211	23	0.573895112171	0.426104887829
10.7418	279.6546	-227.720324	23	1.0	0.0
10.7757	279.6265	-227.668093	23	1.0	0.203566623797
10.5875	279.5931	-227.635666	-1	0.0	0.15122905708
10.8868	279.9768	-227.556036	-1	0.0	0.242855398616
10.8099	279.6695	-227.556018	23	0.533134016363	0.466865983637
10.7072	279.6338	-227.434495	23	0.780957011001	0.219042988999
10.7505	279.6656	-227.336449	23	1.0	0.0
10.7902	279.7098	-226.928171	23	1.0	0.0
10.788	279.7501	-226.748632	23	0.528113208737	0.471886791263
10.7363	279.7246	-226.607969	23	0.84555847753	0.15444152247
10.3666	280.611	-225.296297	-1	0.0	0.159837897784
10.3967	280.6364	-225.280663	-1	0.0	0.0917999576786
10.6689	279.167	-223.903696	14	0.429682393237	0.570317606763
10.6528	279.1178	-223.903653	14	1.0	0.0
5.6302	289.5862	-223.818458	0	0.0193348938268	0.980665106173
12.2307	277.0793	-221.586129	13	0.415325432545	0.584674567455
10.4438	280.0558	-215.503268	-1	0.0	0.208079079475
10.419	280.0345	-215.466915	-1	0.0	0.127807377133
10.4359	280.0334	-215.411311	-1	0.0	0.0924557972321
10.319	280.461	-212.545528	-1	0.0	0.11619154901
10.3104	280.4597	-212.189977	-1	0.0	0.142941259795
11.2066	279.1036	-206.261125	17	0.835934481453	0.164065518547
22.0949	284.0495	-206.206291	7	0.785318876927	0.214681123073
22.1299	284.0367	-206.17055	7	1.0	0.0
22.3214	283.9426	-206.14025	-1	0.0	0.173171039655
22.1265	284.0484	-206.114133	7	1.0	0.0
11.2086	279.1298	-206.102861	17	0.534388958631	0.465611041369
11.18	279.1125	-205.954649	17	0.656307100297	0.343692899703
22.5001	284.6953	-203.941769	4	1.0	0.0
21.8619	284.2154	-199.838108	9	0.714346144708	0.285653855292
21.8816	284.213	-199.726932	9	0.602492932595	0.397507067405
21.925	284.0085	-195.452574	-1	0.0	0.191044301322
21.8869	283.8516	-195.361785	6	0.773764137736	0.226235862264
10.7045	279.8798	-189.4569	22	1.0	0.287448995133
10.668	279.8628	-189.31281	22	1.0	0.394603753698
10.9541	279.3248	-188.948411	26	1.0	0.0
11.0686	279.3475	-188.286424	-1	0.0	0.162587837736
10.9344	279.3375	-188.195689	26	1.0	0.310172363203
10.9491	279.3342	-188.059626	26	1.0	0.0446980035591
9.7514	288.1203	-180.733659	0	1.0	0.0
9.7515	288.1433	-180.66499	0	1.0	0.0
13.9999	278.7444	-180.175882	-1	0.0	0.357763415915
10.7488	279.6141	-180.136564	23	0.882630288898	0.117369711102
10.6439	279.9726	-178.066634	22	0.726904234596	0.273095765404
9.3579	275.3116	-177.892016	3	1.0	0.0
9.3837	275.3119	-177.75668	3	1.0	0.0
10.9717	278.9231	-175.971098	-1	0.0	0.223404608003
12.2737	276.838	-174.996644	-1	0.0	0.24632575745
12.2554	276.7975	-174.976866	-1	0.0	0.465052890628
12.2818	276.8251	-174.949584	-1	0.0	0.318145119851
10.4985	280.1771	-174.172493	20	1.0	0.247272619671
10.4719	280.1892	-173.873768	20	1.0	0.0
13.0466	279.58	-173.873004	-1	0.0	0.354299241627
10.4634	280.1784	-173.843041	20	1.0	0.00937332543557
11.241	279.0818	-169.371825	17	1.0	0.0
10.9328	279.1303	-163.637212	-1	0.0	0.17386745198
10.9011	279.2842	-163.598397	-1	0.0	0.0964627743041
12.0697	277.8985	-160.290502	10	0.731172895301	0.268827104699
10.5018	280.1809	-149.733807	20	0.998283238194	0.00171676180574
10.5775	280.1149	-149.702036	-1	0.0	0.268556618023
10.4716	280.1998	-149.660153	20	1.0	0.0
10.472	280.2044	-148.792467	20	1.0	0.0374725964794
10.3567	281.168	-143.002401	-1	0.0	0.813100339503
10.4406	280.2271	-138.090965	20	1.0	0.0468722865709
12.2566	277.0598	-136.65271	13	0.43836031741	0.56163968259
12.2509	277.0435	-136.610285	13	0.427070058816	0.572929941184
10.7647	279.6319	-126.730004	23	1.0	0.190811247055
10.779	279.622	-126.133767	23	0.940366039249	0.059633960751
10.9219	279.8911	-125.863857	-1	0.0	0.0801685863255
10.7476	279.6306	-125.863809	23	1.0	0.203566623797
10.3754	279.3788	-119.732055	-1	0.0	0.452708335237
10.6913	279.0731	-119.731955	14	0.685754293765	0.314245706235
10.6904	279.1298	-119.543625	14	0.752581128904	0.247418871096
10.6813	279.169	-119.54359	14	0.422099752127	0.577900247873
10.6793	279.0872	-119.504619	14	0.940751873423	0.0592481265774
10.6567	279.1146	-119.472604	14	1.0	0.0
10.6294	279.0786	-119.354079	14	1.0	0.0
10.9388	279.2968	-117.633628	26	1.0	0.0508721979325
10.9624	279.2886	-117.182901	26	1.0	0.0
21.9011	283.8703	-116.940462	6	1.0	0.0
10.3288	280.1924	-115.464379	-1	0.0	0.0331396923604
11.2187	279.0697	-112.889465	17	0.883101860223	0.116898139777
11.2178	279.0921	-112.797705	17	0.835934481453	0.164065518547
10.7276	279.7211	-110.803621	23	0.654731264412	0.345268735588
10.721	279.8368	-109.109421	22	1.0	0.00484189306791
10.6931	279.8956	-108.760865	22	1.0	0.153983443324
10.687	279.9145	-108.619918	22	1.0	0.183582467096
11.1709	279.1297	-105.201307	17	0.589281519917	0.410718480083
11.1542	279.1614	-105.166877	17	0.577833413298	0.422166586702
11.1369	279.165	-104.996191	17	0.577833413298	0.422166586702
10.3296	280.4283	-103.004385	16	0.713605947518	0.286394052482
10.3615	280.4244	-102.972015	16	1.0	0.0
13.0617	276.9612	-99.660113	-1	0.0	0.775696583314
10.6327	280.0427	-97.89205	-1	0.0	0.0432907105839
21.9886	284.0475	-96.396272	7	0.578700853244	0.421299146756
21.9184	283.8656	-96.346735	6	1.0	0.0
10.4524	280.2377	-93.403071	20	1.0	0.0830057116287
21.9618	286.153	-91.549752	2	1.0	0.0
10.9337	279.3305	-83.429803	26	1.0	0.302183100332
10.9618	279.3193	-83.044889	26	1.0	0.0
9.75	288.1692	-82.473284	0	1.0	0.0
10.6463	279.3662	-81.656672	18	0.628147687301	0.371852312699
10.4111	280.1748	-70.778569	-1	0.0	0.0446789220479
10.3405	280.2029	-70.58007	-1	0.0	0.149279280293
12.1275	277.1878	-70.353643	12	1.0	0.0
12.1475	277.1665	-70.276849	12	1.0	0.0
12.1615	277.148	-70.235432	12	0.726359614605	0.273640385395
22.5154	284.9922	-63.597174	5	1.0	0.0
10.9499	279.4556	-62.382	24	0.455397264662	0.544602735338
10.8856	279.4478	-61.913597	24	0.512613196759	0.487386803241
11.1083	278.9339	-60.810238	15	1.0	0.0
8.4119	281.2416	-60.809768	-1	0.0	0.291060641951
21.9359	283.867	-55.888266	6	1.0	0.0
11.8578	279.1955	-55.84855	-1	0.0	0.726010854789
21.9516	283.8517	-55.818525	6	1.0	0.0
22.1064	283.8375	-55.818435	6	0.291499095101	0.708500904899
21.9718	283.8739	-55.731448	6	0.95693189658	0.0430681034196
12.1209	277.9638	-55.341332	10	1.0	0.0
12.1437	277.8972	-55.213164	10	0.680593732404	0.319406267596
12.1423	276.9993	-53.892052	13	0.472106515154	0.527893484846
12.1723	277.006	-53.821767	13	0.705103638953	0.294896361047
10.9184	279.2261	-47.811252	26	0.715818812559	0.284181187441
10.8947	279.2441	-47.651495	-1	0.0	0.0238506734907
22.1675	284.0031	-44.129822	7	1.0	0.0
10.639	279.0858	-42.199355	14	1.0	0.0
10.6437	279.0783	-42.148175	14	1.0	0.0
22.5195	284.6874	-41.905744	4	1.0	0.0
10.6363	279.085	-41.561948	14	1.0	0.0
10.7817	279.7092	-41.027046	23	1.0	0.0
21.9605	283.8293	-37.255255	6	0.658681822609	0.341318177391
10.9327	279.4303	-36.925731	24	0.97573788473	0.0242621152704
10.6132	280.4697	-34.882901	-1	0.0	0.276156293758
10.4862	280.1745	-34.882882	20	1.0	0.0
10.4662	280.1657	-34.259224	20	1.0	0.0403638179067
10.4904	280.1967	-33.868851	20	1.0	0.0
10.9711	279.3049	-21.214735	26	0.989613563343	0.0103864366571
12.6778	277.4444	-6.369655	-1	0.0	0.753571390029
10.9338	279.2831	-6.072364	26	1.0	0.0508721979325
10.97	279.2731	-5.969322	26	1.0	0.0
10.4588	280.2271	-5.7903	20	1.0	0.0
10.9489	279.2384	-5.514219	26	1.0	0.178068318923
10.9114	279.247	-5.139827	26	1.0	0.030537660659
10.9039	279.2182	-4.7807	-1	0.0	0.211759891751
10.6699	279.907	-2.949974	22	1.0	0.0
12.8001	277.2722	-2.522234	-1	0.0	0.726817709835
12.8108	277.1948	-2.519824	-1	0.0	0.714086187923
10.6375	279.4228	-6.2e-05	18	0.616942064221	0.383057935779
10.6418	279.4072	0.44377	18	0.798406897948	0.201593102052
10.4959	280.2325	0.893697	20	0.877513899862	0.122486100138
10.5206	280.2029	5.832327	20	0.678581317464	0.321418682536
10.7835	279.4787	7.469997	21	1.0	0.0
10.931	279.2912	7.580652	26	0.978559076732	0.0214409232684
10.681	279.3931	7.580755	18	1.0	0.0
10.7003	279.3204	7.689447	-1	0.0	0.179705726763
11.2545	279.1099	10.277031	17	0.463727157691	0.536272842309
11.2051	279.1045	10.401071	17	0.835934481453	0.164065518547
11.1914	279.0428	10.466978	17	0.538508481137	0.461491518863
11.2041	279.0619	10.507695	17	0.694085940194	0.305914059806
6.7685	272.8509	13.70473	3	0.0574114370481	0.942588562952
6.8128	272.9091	13.704743	3	0.0599946629374	0.940005337063
10.9422	279.2852	13.887715	26	1.0	0.0
11.0998	270.6151	19.478943	1	0.0176967107142	0.982303289286
12.3757	275.8553	28.027051	-1	0.0	0.0838219262029
10.473	280.2225	30.037012	20	1.0	0.0
10.4643	280.1847	30.214196	20	1.0	0.0
10.7689	279.7343	30.400658	23	0.851533324787	0.148466675213
10.7771	279.3724	31.911379	18	0.517121276036	0.482878723964
21.917	283.7916	38.544191	6	0.485605560661	0.514394439339
22.5522	285.0948	40.711472	5	0.730159368935	0.269840631065
22.5388	285.0658	40.750894	5	0.978078977157	0.0219210228428
22.5154	285.0292	40.831507	5	1.0	0.0
10.5107	280.1573	45.731945	20	0.809740068708	0.190259931292
10.4514	280.1377	45.786241	20	1.0	0.131424084284
10.4665	280.1335	45.840746	20	1.0	0.0
10.542	279.9598	46.204825	-1	0.0	0.0960429205638
10.5313	280.0442	46.492086	-1	0.0	0.221243116817
10.8983	279.2462	48.199457	26	0.747530922229	0.252469077771
10.918	279.2092	49.120049	-1	0.0	0.312353795404
10.9459	279.23	49.238094	26	0.975577148562	0.024422851438
10.5335	278.8906	50.000045	-1	0.0	0.589862764049
12.3508	276.9305	59.614349	-1	0.0	0.318145119851
22.3272	285.9268	60.411735	2	0.885235283582	0.114764716418
21.8632	284.3361	69.963649	8	0.49211795989	0.50788204011
11.0458	279.1757	70.21948	25	0.825780011332	0.174219988668
10.5226	280.246	70.241487	-1	0.0	0.211651725128
11.0173	279.2711	70.52137	26	1.0	0.0
11.2495	279.0882	71.490096	17	1.0	0.0
11.2192	279.0453	71.576778	17	0.793924726215	0.206075273785
11.2174	279.06	71.651881	17	0.866169444529	0.133830555471
11.2434	279.0818	71.697459	17	1.0	0.0
11.2285	279.0693	71.744315	17	0.833477535865	0.166522464135
11.2394	279.0777	71.936744	17	1.0	0.0
11.0221	279.2638	75.454731	26	1.0	0.0
10.9569	279.2744	75.525776	26	1.0	0.0329246393605
10.9898	279.234	75.660351	26	1.0	0.165892651079
10.5594	280.1991	82.412605	-1	0.0	0.23022382247
10.4765	280.1649	82.43601	20	1.0	0.0
8.5945	281.9768	82.477986	-1	0.0	0.403664363101
10.5846	280.0448	82.478418	-1	0.0	0.0586447299701
10.6637	279.9282	83.259315	22	1.0	0.211317456679
10.6253	279.9646	83.421729	22	0.774447736695	0.225552263305
10.652	279.9724	83.496208	22	0.80552577239	0.19447422761
10.6773	279.9613	83.681889	22	0.80552577239	0.19447422761
10.6614	279.9881	83.960144	22	0.497339653719	0.502660346281
10.6755	279.1383	84.455479	14	0.664847085758	0.335152914242
10.6447	279.0784	84.590737	14	1.0	0.0
11.8322	276.1852	85.427565	11	0.818603705364	0.181396294636
10.6493	279.0784	87.461294	14	1.0	0.0688364708001
10.4684	280.2143	92.609485	20	1.0	0.148588791813
11.0129	279.5629	96.622772	-1	0.0	0.0297014266834
8.9499	270.7482	96.8974	1	1.0	0.0
8.9718	270.7696	96.937086	1	0.696984763574	0.303015236426
10.6774	279.8862	104.134552	22	1.0	0.299076873004
10.9656	279.2536	105.507071	26	0.881285112472	0.118714887528
12.0709	277.2972	117.735927	12	0.723752089569	0.276247910431
10.9859	279.2365	119.054751	26	1.0	0.279101173611
10.969	279.2714	119.129661	26	1.0	0.0421218508397
10.9692	279.2906	119.178324	26	1.0	0.0
11.2402	279.0494	119.619561	17	0.562902452515	0.437097547485
11.1767	278.9968	119.707393	-1	0.0	0.0452524680916
7.1323	282.2313	120.885435	-1	0.0	0.518131246694
10.4777	280.476	120.885971	-1	0.0	0.094849675376
10.4832	280.9873	121.818302	-1	0.0	0.772645844627
21.922	283.8495	123.654137	6	1.0	0.0
22.5475	285.1262	125.990312	5	0.421478035965	0.578521964035
10.4197	280.2896	131.844888	19	0.857682765852	0.142317234148
10.6284	280.3004	131.844932	-1	0.0	0.0907530898126
10.9702	279.4121	134.269482	24	0.461138372189	0.538861627811
10.9296	279.4188	134.317038	24	1.0	0.0
10.8931	279.4376	134.691491	24	0.639245862392	0.360754137608
10.624	279.9524	134.791912	22	0.704831775307	0.295168224693
21.9481	283.7784	136.543645	6	0.460896469226	0.539103530774
10.4373	280.1348	138.637609	20	0.939851974005	0.0601480259955
10.3915	280.1366	138.879211	-1	0.0	0.118014224418
12.6713	277.4303	140.689648	-1	0.0	0.749992688296
10.724	279.8994	143.061184	22	0.814379398832	0.185620601168
10.7119	279.9128	143.19912	22	0.713557125177	0.286442874823
10.7251	279.8923	143.319071	22	0.892984194137	0.107015805863
10.7184	279.8749	143.397791	22	1.0	0.0690885624537
10.4729	280.1557	151.03403	20	1.0	0.0
10.4672	280.1254	151.093819	20	1.0	0.0
10.4915	280.1614	151.314242	20	1.0	0.0939738212726
22.2036	283.9297	151.351737	7	0.543870784026	0.456129215974
10.5507	280.3349	152.249476	-1	0.0	0.283469490912
21.864	284.2316	153.435662	9	1.0	0.0
21.8208	284.239	153.50579	9	0.946633466074	0.0533665339257
10.7736	279.3647	157.590769	-1	0.0	0.0861198547046
11.2288	279.0857	164.481701	17	1.0	0.0
11.2175	279.0465	164.553898	17	0.846785658285	0.153214341715
9.2571	271.3192	164.959005	1	0.0362996531679	0.963700346832
8.696	270.9702	164.959304	1	0.0783776489008	0.921622351099
8.9848	270.7344	165.026644	1	0.854706871825	0.145293128175
9.1588	270.8053	165.026662	1	0.160802240713	0.839197759287
10.9787	279.2964	166.344814	26	1.0	0.0
10.9739	279.3243	166.438791	26	1.0	0.0785007153863
10.6778	279.875	169.842026	22	1.0	0.0
10.6356	279.9322	169.964826	22	1.0	0.122550855149
10.6232	279.9217	170.121174	22	1.0	0.148149062953
10.6652	279.9466	170.303598	22	0.80552577239	0.19447422761
22.0112	283.8427	176.687679	6	0.6269996914	0.3730003086
10.6622	279.8858	180.643076	22	1.0	0.299076873004
10.6525	279.9107	180.750551	22	1.0	0.0771747125428
10.6727	279.9023	180.8323	22	1.0	0.450932215462
10.6287	279.9289	180.910662	22	1.0	0.122550855149
10.9049	279.4556	181.203303	24	0.596796021808	0.403203978192
10.9133	279.4254	181.283207	24	1.0	0.0
10.9267	279.433	181.368866	24	0.79333409502	0.20666590498
10.9243	279.3902	181.480491	24	0.508971894907	0.491028105093
10.9842	279.5029	181.586927	-1	0.0	0.122399076618
10.654	279.9287	181.846869	22	1.0	0.163406078946
10.7368	279.738	182.124203	23	0.851533324787	0.148466675213
10.7896	279.5703	185.967546	-1	0.0	0.118564365364
10.6839	279.4762	190.880972	-1	0.0	0.0100895241893
10.5462	280.1772	194.308265	20	0.625353315808	0.374646684192
10.4691	280.065	194.377878	-1	0.0	0.244444032936
10.4798	280.1857	195.339008	20	1.0	0.0
12.7002	279.2917	203.914643	-1	0.0	0.0431402048515
22.5202	284.6779	203.987497	4	1.0	0.0
10.6294	279.9365	204.000513	22	1.0	0.292397651644
10.7721	279.6937	208.822217	23	1.0	0.158327013339
10.7786	279.7197	208.917193	23	1.0	0.00146078150402
10.8065	279.704	209.546002	23	1.0	0.0
22.5376	284.9967	213.239908	5	1.0	0.0
8.9478	270.7292	215.548587	1	1.0	0.0
8.9408	270.7453	215.620091	1	1.0	0.0
21.9747	283.8644	217.535786	6	0.891949740535	0.108050259465
21.9389	283.8826	217.613532	6	0.994009032127	0.00599096787349
21.9781	283.9001	217.788586	6	0.589116578043	0.410883421957
10.8971	279.3899	218.608939	24	0.67305955819	0.32694044181
10.9511	279.4188	218.690102	24	0.763548216044	0.236451783956
12.2468	276.0298	224.054674	11	0.631106092566	0.368893907434
12.2773	276.1323	225.176344	11	0.773274182379	0.226725817621
11.9594	277.3113	226.348913	-1	0.0	0.350848195989
10.9749	279.3207	230.60671	26	1.0	0.180932366718
10.9316	279.3105	231.060757	26	1.0	0.34403733239
10.4436	280.3725	232.352916	-1	0.0	0.279601996409
10.4782	280.4388	232.44493	-1	0.0	0.337329599191
10.7171	279.242	232.85232	14	0.207057948509	0.792942051491
10.7023	279.8626	233.542912	22	1.0	0.327830776088
10.6975	279.8455	233.643498	22	1.0	0.186818682197
10.6951	279.8679	233.871223	22	1.0	0.0150495946742
10.6815	279.8745	233.993769	22	1.0	0.0
22.5404	285.0218	245.732157	5	0.957777044732	0.0422229552685
10.9015	279.4158	250.411503	24	1.0	0.0
10.8638	279.4334	250.424101	24	0.622845916549	0.377154083451
10.9099	279.4049	250.460131	24	0.692466596639	0.307533403361
10.8739	279.3849	250.559513	24	0.67305955819	0.32694044181
10.8824	279.4188	250.609959	24	0.65071778773	0.34928221227
10.9974	279.2848	250.832255	26	0.945062273284	0.0549377267161
21.9734	283.7791	259.293899	6	0.466918375729	0.533081624271
10.4529	280.1189	269.139707	20	0.945397004289	0.0546029957107
10.4646	280.1531	269.185087	20	1.0	0.0862770515085
10.4822	280.1315	269.225062	20	1.0	0.0
12.1842	278.6034	274.532433	-1	0.0	0.857720590001
12.3981	278.6796	274.532465	-1	0.0	0.86180498432
10.6933	279.871	276.664333	22	1.0	0.0
10.7037	279.8652	276.69984	22	1.0	0.270125731575
10.6631	279.8783	276.858925	22	1.0	0.299076873004
10.6689	279.8584	276.929515	22	1.0	0.0739570338936
10.6367	279.8763	277.061407	22	0.940279990836	0.0597200091642
10.6549	279.8981	277.146599	22	1.0	0.109894705147
10.6694	279.892	277.312185	22	1.0	0.401432084879
11.1336	279.0201	278.107808	-1	0.0	0.114578889676
10.7577	279.6798	279.279339	23	1.0	0.216827434408
10.9303	279.4259	279.755231	24	1.0	0.0
10.3973	280.7054	283.473145	-1	0.0	0.487027996076
11.0428	279.2426	284.263689	26	0.968449165898	0.0315508341019
11.0058	279.245	284.399374	26	1.0	0.0391665775184
11.0245	279.2539	284.480332	26	1.0	0.0249444536139
22.5199	285.0687	290.081614	5	0.930628631618	0.0693713683823
8.9642	270.6755	296.421374	1	0.490519961498	0.509480038502
8.9373	270.753	296.595799	1	0.853142592541	0.146857407459
8.9249	270.8187	296.652155	1	0.267766439695	0.732233560305
10.7317	279.7367	298.389625	23	0.851533324787	0.148466675213
21.9295	286.0971	304.431133	2	1.0	0.0
21.9878	286.1122	304.489601	2	1.0	0.0
10.4683	279.987	306.894551	-1	0.0	0.240676060593
11.2377	279.1741	308.663717	17	0.326611709339	0.673388290661
10.999	279.2585	308.663812	26	1.0	0.0
11.0733	279.2313	309.273226	26	0.738466670945	0.261533329055
10.7086	279.8547	311.917353	22	1.0	0.0332033979723
10.6345	279.9152	312.130524	22	1.0	0.122550855149
10.5775	279.9687	313.143942	22	0.516301704012	0.483698295988
10.6996	279.8635	330.593617	22	1.0	0.218214205303
10.6319	279.897	330.625116	22	0.812850470479	0.187149529521
10.5868	279.9862	330.690681	-1	0.0	0.0799607030027
10.6517	279.8513	330.754471	22	1.0	0.234011079344
10.6852	279.8637	330.82833	22	1.0	0.316438087588
10.6715	279.8774	330.975794	22	1.0	0.0215739655033
10.6497	279.8645	331.183472	22	1.0	0.211788563988
10.6575	279.8646	331.491787	22	1.0	0.0808388512787
10.7607	279.4816	332.452985	21	1.0	0.0
10.5477	279.8734	332.559788	-1	0.0	0.156397694471
10.7826	279.5321	332.602034	21	0.668042194803	0.331957805197
10.7672	279.4982	332.678092	21	1.0	0.0
10.7557	279.538	332.75194	-1	0.0	0.0765738282376
10.7753	279.4998	332.913907	21	1.0	0.0
8.3267	280.8372	340.497024	-1	0.0	0.41647858823
10.8197	279.4435	341.476902	21	0.642297807344	0.357702192656
11.0681	279.2632	343.436785	26	0.983855470774	0.0161445292258
11.032	279.2965	343.44406	-1	0.0	0.173946063409
11.1761	279.3303	343.444086	-1	0.0	0.11198200563
11.0153	279.2654	343.62795	26	1.0	0.0
11.0245	279.2608	343.669591	26	1.0	0.0
11.0046	279.2625	343.753806	26	1.0	0.0
10.9577	279.2316	345.08845	26	0.934665991791	0.0653340082093
10.4191	280.4187	351.457668	16	0.77544213453	0.22455786547
10.6687	279.1263	353.605685	14	1.0	0.0
10.7103	279.1616	353.605709	14	0.499265407206	0.500734592794
10.6661	279.0927	353.793337	14	1.0	0.477736661121
10.6648	279.1033	353.847883	14	1.0	0.0
22.2878	285.3418	358.031286	-1	0.0	0.442584238396
10.7856	279.7126	360.145578	23	1.0	0.0
10.811	279.6866	360.192339	23	0.772663368323	0.227336631677
10.7725	279.6987	360.884232	23	1.0	0.0431517157512
10.7926	279.708	360.972438	23	1.0	0.0
11.015	279.2284	361.155536	26	1.0	0.0
11.123	279.2325	361.27649	-1	0.0	0.028281306026
10.9676	279.1717	361.36168	-1	0.0	0.0156263160198
11.0211	279.203	361.455688	25	0.997301947751	0.00269805224893
11.0271	279.1869	362.195771	25	1.0	0.0
8.962	270.6941	362.740103	1	0.697939463259	0.302060536741
8.9446	270.6681	362.783617	1	0.438976155777	0.561023844223
8.9389	270.6923	362.875464	1	0.786113945845	0.213886054155
8.9512	270.7484	362.921087	1	1.0	0.0
8.9441	270.7213	363.118471	1	0.784793924825	0.215206075175
10.9325	279.4622	389.724251	24	0.596796021808	0.403203978192
21.8801	284.2557	394.242571	9	0.902665507128	0.0973344928718
21.874	284.2743	394.308765	9	0.629273927755	0.370726072245
12.1778	277.0318	396.720005	13	1.0	0.0
12.217	277.0021	397.380775	13	0.48342458601	0.51657541399
10.8863	279.3118	397.533696	-1	0.0	0.32317146273
11.049	279.2596	399.32953	26	1.0	0.0
11.0662	279.2682	399.386718	26	0.769784839234	0.230215160766
11.2914	279.3215	399.386736	-1	0.0	0.308105266807
11.0149	279.2904	399.447981	26	0.733558228192	0.266441771808
11.0779	279.2873	399.764696	-1	0.0	0.33827814622
11.0527	279.2511	399.935774	26	0.983855470774	0.0161445292258
10.3801	280.1636	408.790453	-1	0.0	0.0331396923604
10.6742	279.9528	408.824317	22	0.655759782304	0.344240217696
10.6584	279.1148	417.683818	14	1.0	0.0
10.4701	280.2676	418.351556	19	0.424114787696	0.575885212304
10.445	280.2933	418.393809	19	1.0	0.0
10.4243	280.2814	418.458544	19	1.0	0.0
10.4058	280.312	418.5026	19	0.506127584725	0.493872415275
10.4881	280.3425	418.848047	-1	0.0	0.172788187336
10.4414	280.3283	419.156904	19	0.538696926729	0.461303073271
10.4392	280.2794	419.467084	19	0.814758496047	0.185241503953
10.9413	279.5215	429.224539	-1	0.0	0.194036628707
11.0369	279.3317	438.285474	-1	0.0	0.00959386372179
10.7269	279.8263	440.299464	22	1.0	0.0
12.1279	279.5288	440.299864	-1	0.0	0.829918270191
10.7371	279.8307	440.345621	22	0.911822924457	0.0881770755429
10.6818	279.8309	441.167312	22	1.0	0.103900763991
10.6846	279.7601	453.288509	-1	0.0	0.0710084423611
10.6777	279.3987	454.75113	18	0.967978472145	0.0320215278552
11.3338	278.9734	458.690485	-1	0.0	0.0337557290982
11.3132	278.9811	458.712253	-1	0.0	0.17833731282
11.3783	279.1666	459.364142	-1	0.0	0.00179115772364
11.3468	279.1895	459.569493	-1	0.0	0.152917000124
10.4989	280.1182	462.545191	20	0.951642128349	0.0483578716506
10.4743	280.1268	462.623687	20	1.0	0.0
10.5	280.1092	463.057248	20	0.698084015882	0.301915984118
11.0328	279.3588	468.059937	-1	0.0	0.0473229853275
10.7354	279.5531	468.060053	-1	0.0	0.00370392348041
10.9531	279.3582	468.128078	-1	0.0	0.138502621141
10.7047	279.7755	471.752324	22	0.462194100308	0.537805899692
10.8037	279.7792	471.849036	-1	0.0	0.0258298851953
10.6679	279.9044	472.906131	22	1.0	0.0
10.6522	279.9512	473.087155	22	0.80552577239	0.19447422761
10.6851	279.892	473.143072	22	1.0	0.299076873004
10.7041	279.874	473.176214	22	1.0	0.0847282593562
10.7926	279.8878	473.666254	-1	0.0	0.0335231180187
10.6298	279.9267	473.666313	22	1.0	0.122550855149
10.6569	279.9118	473.738429	22	1.0	0.0
10.6622	279.9255	473.828768	22	1.0	0.0475316184946
10.9113	279.4656	475.690898	24	0.513564510347	0.486435489653
10.847	279.3873	479.809435	24	0.44165217586	0.55834782414
8.0839	282.0483	482.82749	-1	0.0	0.484319604197
12.0925	276.286	483.515517	11	1.0	0.0
12.1553	276.3632	483.515528	11	1.0	0.0
12.0878	276.2812	483.586711	11	1.0	0.0
11.2016	279.1419	496.759744	17	0.44567675984	0.55432324016
11.4104	279.1264	496.759797	-1	0.0	0.0841118053375
11.2111	279.191	496.874917	17	0.32317074858	0.67682925142
11.17	279.1738	496.922428	17	0.431373024711	0.568626975289
12.149	277.9294	508.0562	10	1.0	0.0
22.5498	284.9917	513.42159	5	0.957777044732	0.0422229552685
10.8725	279.3768	519.859108	24	0.624817576733	0.375182423267
10.626	279.5924	519.85923	-1	0.0	0.00195183048836
10.835	279.4346	519.936314	24	0.391190273276	0.608809726724
7.4961	275.5926	522.505836	3	0.0836122886347	0.916387711365
9.7478	274.9892	522.506276	3	0.224373454548	0.775626545452
10.7225	279.8247	525.48909	22	1.0	0.0
10.6859	279.8176	525.540036	22	1.0	0.0
10.6918	279.811	526.354757	22	1.0	0.151321167349
10.7256	279.1251	530.850183	14	0.466566254518	0.533433745482
11.0084	279.2322	535.039957	26	1.0	0.0
21.8771	284.2513	535.220224	9	1.0	0.0
21.842	284.238	535.264857	9	1.0	0.0
21.8319	284.2454	535.300193	9	1.0	0.0
21.8627	284.2583	535.361579	9	1.0	0.0
8.9386	270.9499	544.543983	1	0.104959114522	0.895040885478
8.8998	270.7664	544.631764	1	0.605586926529	0.394413073471
10.9474	279.3174	544.835636	26	1.0	0.0
10.6972	279.9322	557.070055	22	0.713557125177	0.286442874823
10.671	279.9155	557.116397	22	1.0	0.0
10.4852	280.1358	560.006401	20	1.0	0.0
12.0798	277.4138	561.947081	-1	0.0	0.547526078256
11.8812	276.1904	568.887817	11	0.922980143387	0.0770198566127
22.5515	284.5709	569.637992	4	0.196002258389	0.803997741611
10.9975	279.2017	572.799454	25	0.648971561132	0.351028438868
10.4768	280.3173	573.193056	19	0.544243752789	0.455756247211
10.9094	279.4695	579.042997	24	0.455648230384	0.544351769616
10.8076	279.5192	579.492276	21	0.739015053334	0.260984946666
10.7694	279.4992	579.788037	21	1.0	0.0
8.9338	270.7114	580.798901	1	0.854233002112	0.145766997888
8.9762	270.7422	580.88132	1	1.0	0.0
11.11	279.0993	580.941717	-1	0.0	0.13198563781
11.1362	279.0777	581.063071	17	0.273160001141	0.726839998859
11.2295	279.0031	581.791299	17	0.26680114164	0.73319885836
11.2287	279.0147	581.868885	17	0.361936475484	0.638063524516
12.1062	276.3135	585.728313	11	1.0	0.0
12.2504	276.4127	586.200114	11	1.0	0.0
10.8056	279.4718	591.324649	21	0.679488289106	0.320511710894
13.0803	276.9919	592.635878	-1	0.0	0.758805797918
21.9327	286.1069	597.633268	2	1.0	0.0
