8.9532	267.9109	-1.5e-05	18	0.286317419238	0.713682580762
8.2073	266.8719	-599.566356	-1	0.0	0.0690728244525
14.3369	262.9828	-599.008457	10	0.631442366013	0.368557633987
14.4682	263.0098	-598.939318	10	1.0	0.0
14.4836	263.0199	-598.753827	10	0.96306486006	0.0369351399402
16.9773	265.0946	-596.112886	-1	0.0	0.382433129531
7.8639	266.165	-588.95516	24	0.638937018527	0.361062981473
8.0323	266.1706	-588.955077	24	0.540515195234	0.459484804766
7.8635	266.1279	-588.744041	24	1.0	0.303989853068
7.9038	266.1205	-588.5894	24	1.0	0.0
8.2855	266.1091	-588.589257	-1	0.0	0.52231288439
9.9294	272.7332	-581.222603	5	1.0	0.0
17.8032	260.6595	-581.205772	-1	0.0	0.269488153198
8.2214	267.2522	-580.910574	20	1.0	0.0
8.2716	267.2714	-580.778672	20	1.0	0.0
8.2208	267.2199	-580.711716	20	1.0	0.0
8.1489	267.2192	-580.577111	20	0.802386296714	0.197613703286
7.7359	266.5879	-579.43466	-1	0.0	0.285179400442
8.9027	267.7566	-577.421111	18	1.0	0.0
8.8631	267.7477	-577.283901	18	1.0	0.0
8.8466	267.6453	-577.201261	18	0.335709982354	0.664290017646
9.1423	268.5781	-573.847199	15	0.885707330299	0.114292669701
9.1537	268.5267	-572.99505	15	1.0	0.0
15.8638	270.6433	-567.295774	1	1.0	0.0
15.8727	270.6405	-567.228367	1	1.0	0.0
15.8763	270.5884	-567.146411	1	1.0	0.241557314124
7.9082	266.3456	-564.577741	-1	0.0	0.396760890657
7.8493	266.4726	-564.44514	-1	0.0	0.664465749211
7.9066	266.8915	-557.394542	-1	0.0	0.0142235354737
14.431	263.1819	-553.926106	10	1.0	0.448366627274
14.4305	263.1657	-553.836946	10	1.0	0.166881225814
14.4099	263.2109	-553.686977	10	1.0	0.562599906763
11.5013	262.8904	-553.454216	11	1.0	0.0
9.7947	272.8221	-552.555436	5	0.230706157204	0.769293842796
10.028	254.9354	-550.591218	3	1.0	0.0
11.4559	263.4577	-549.613018	-1	0.0	0.394700116203
8.2117	265.9786	-546.501314	25	0.951577840761	0.048422159239
8.2055	266.0017	-546.412404	25	0.787748187198	0.212251812802
8.0236	266.1652	-545.833679	24	0.566828959563	0.433171040437
8.082	265.9809	-545.513101	-1	0.0	0.0677832538301
8.1931	266.1237	-545.513036	-1	0.0	0.264075844416
8.102	266.001	-545.433182	25	1.0	0.0
10.247	254.9182	-544.605559	3	1.0	0.0
7.8428	266.829	-541.928954	-1	0.0	0.394549708259
11.4912	263.7455	-530.939692	-1	0.0	0.522360344733
15.8706	270.6721	-530.315119	1	1.0	0.139244148245
15.9196	270.6357	-530.105009	1	1.0	0.136749463625
16.2996	270.522	-530.104768	1	0.253502841535	0.746497158465
9.8953	272.7241	-527.649331	5	1.0	0.0
8.0009	266.7955	-525.057983	22	0.715242047268	0.284757952732
7.8886	266.9631	-524.993421	-1	0.0	0.087023851573
7.8573	266.2442	-516.623285	24	0.538525824707	0.461474175293
7.8224	266.3381	-516.520966	-1	0.0	0.394217986834
7.8662	266.2383	-516.454405	24	0.63257798307	0.36742201693
8.2344	266.7479	-516.143473	21	1.0	0.0
8.2475	266.8979	-516.143396	-1	0.0	0.0360981234595
8.2601	266.7609	-516.010159	21	1.0	0.0
11.3867	262.9322	-513.378358	11	0.532679720485	0.467320279515
8.1867	266.0103	-508.31454	25	0.951577840761	0.048422159239
8.1712	265.9643	-508.24639	25	0.787748187198	0.212251812802
7.9647	273.71	-507.402379	-1	0.0	0.586165610678
9.8594	254.8873	-504.318465	3	0.882195280714	0.117804719286
8.7038	267.3613	-501.684176	-1	0.0	0.132453811755
8.8461	267.7196	-501.683984	18	0.687114580993	0.312885419007
8.8688	267.7725	-501.596779	18	1.0	0.0
9.163	268.7441	-494.725208	15	0.665243044674	0.334756955326
7.9408	266.7642	-494.006485	22	0.658239029433	0.341760970567
7.9872	266.8724	-494.006426	23	1.0	0.0
14.4694	263.1447	-493.886407	10	1.0	0.0
10.5117	268.2152	-489.959263	-1	0.0	0.166077272078
10.2794	254.9296	-487.728729	3	1.0	0.0
8.1639	265.8597	-471.101805	26	1.0	0.0792873119419
9.8053	272.8206	-468.786921	5	0.241848058066	0.758151941934
9.9286	273.6305	-458.218328	6	1.0	0.0
9.9304	273.6242	-458.218298	6	1.0	0.0
7.9809	265.9916	-451.184935	-1	0.0	0.0716098054262
7.9837	266.0303	-451.127399	-1	0.0	0.119456123329
7.8392	266.3056	-450.506683	-1	0.0	0.1511390893
11.4608	263.2028	-447.933129	14	1.0	0.0
11.4439	263.2064	-447.892422	14	1.0	0.0
11.4317	263.2185	-447.834265	14	1.0	0.0
11.3024	263.1467	-447.808944	-1	0.0	0.330967263508
11.364	262.799	-447.761153	11	0.312696073248	0.687303926752
11.3772	263.2154	-447.684756	14	0.673461830625	0.326538169375
11.4496	262.7815	-447.428978	11	0.296122788851	0.703877211149
17.6826	260.3954	-444.771434	8	1.0	0.0
8.9172	267.7987	-443.576894	18	0.586202631715	0.413797368285
8.8844	267.7186	-443.328658	18	0.98222879737	0.0177712026302
8.6088	265.5394	-440.690367	19	1.0	0.0
8.6356	265.5061	-440.414404	19	1.0	0.0
8.8081	265.5517	-440.414304	19	1.0	0.0
8.5881	265.57	-439.743743	19	1.0	0.0
8.5949	265.5489	-439.743691	19	1.0	0.0
9.1298	268.53	-433.96531	15	1.0	0.0
9.181	268.5627	-433.965264	15	0.95833259235	0.0416674076503
11.5354	263.4023	-432.026492	13	0.501105664509	0.498894335491
11.7144	263.4126	-432.008835	-1	0.0	0.297281159384
14.3068	262.7656	-431.717713	10	0.183015971627	0.816984028373
14.442	263.2254	-431.717565	10	0.98750744884	0.0124925511597
9.8906	272.6712	-427.331257	5	0.925615037373	0.0743849626274
9.8764	272.6958	-427.242929	5	1.0	0.140124981658
9.9547	272.6748	-427.126516	5	0.614657775752	0.385342224248
10.1879	272.6258	-427.126404	5	0.1484127534	0.8515872466
8.4737	267.1807	-415.982674	20	0.741694615578	0.258305384422
8.3602	267.1754	-415.353748	20	1.0	0.0
7.9892	266.9071	-403.955721	23	0.656468136985	0.343531863015
7.9355	266.8819	-403.906527	23	0.627798176557	0.372201823443
9.9311	272.7177	-391.190419	5	1.0	0.0200898050138
9.9909	272.712	-391.19038	5	0.503849793161	0.496150206839
12.473	254.8873	-390.95754	-1	0.0	0.117131346282
8.8806	267.763	-389.669774	18	1.0	0.0
7.896	266.3121	-382.038312	-1	0.0	0.143388551739
7.9026	266.0895	-381.427372	24	1.0	0.124302359311
14.4119	263.0448	-377.348358	10	1.0	0.0
9.7929	254.916	-362.934067	3	0.871783596461	0.128216403539
8.1498	265.9029	-356.42856	26	0.444733973522	0.555266026478
7.9855	266.4219	-356.226099	-1	0.0	0.617880950786
8.177	265.9164	-356.136503	26	0.398527008333	0.601472991667
7.8488	266.14	-356.076433	24	0.801030365884	0.198969634116
15.9418	270.63	-355.836046	1	1.0	0.0651749568296
8.7868	257.0902	-353.150716	0	0.0413033978204	0.95869660218
18.0392	259.6889	-349.524968	9	0.576130115466	0.423869884534
8.1567	267.1915	-347.043142	20	0.844831350308	0.155168649692
8.2556	267.1374	-346.954456	20	1.0	0.174901695341
16.0611	270.405	-340.520402	1	0.304336394187	0.695663605813
8.2347	266.7937	-339.334918	21	1.0	0.0
9.8963	272.7141	-334.460277	5	1.0	0.10639729321
9.8918	272.7509	-334.460218	5	0.982779455181	0.0172205448185
9.8489	272.702	-334.363832	5	0.774042643351	0.225957356649
10.2229	272.6053	-334.363679	5	0.124396810037	0.875603189963
9.8836	272.6812	-334.312826	5	1.0	0.0
10.0531	255.0252	-334.165509	3	1.0	0.0
9.9137	272.7472	-334.158064	5	1.0	0.0
17.6133	260.3905	-332.663363	8	1.0	0.0
17.6238	260.4253	-332.663332	8	1.0	0.0
8.0042	266.9169	-330.999191	23	0.455934415756	0.544065584244
8.203	266.9358	-329.357429	-1	0.0	0.181442896734
8.2252	266.8934	-329.314683	-1	0.0	0.151648844987
8.2769	267.0173	-329.314626	20	0.948134054944	0.0518659450558
11.4567	262.8862	-326.34271	11	1.0	0.0
8.4021	267.1663	-323.709544	20	1.0	0.0304026026017
8.3819	267.1572	-323.645472	20	1.0	0.0
8.3623	267.175	-323.645435	20	1.0	0.0
8.3572	267.1852	-323.552438	20	1.0	0.181985854879
8.3826	267.1571	-323.508424	20	1.0	0.0
11.7599	255.4108	-322.885102	2	1.0	0.0
11.7327	255.418	-322.848568	2	1.0	0.0
11.6833	255.3216	-322.759536	2	0.422178389646	0.577821610354
11.6817	255.3562	-322.725955	2	0.738877186514	0.261122813486
7.8731	266.2014	-314.016578	24	0.640086246615	0.359913753385
7.8245	266.2154	-313.956629	24	0.658265538992	0.341734461008
8.695	267.4977	-310.64993	18	0.149925924408	0.850074075592
15.9366	270.7429	-307.239582	1	1.0	0.0
10.4032	254.8762	-304.80629	3	0.647490859886	0.352509140114
9.9491	254.8867	-304.750218	3	1.0	0.0
8.1549	265.9448	-302.017281	26	0.374007390682	0.625992609318
9.916	272.6909	-302.007054	5	1.0	0.0
8.1423	265.7875	-301.931742	26	1.0	0.0
8.2127	265.8763	-301.062471	26	0.675207061089	0.324792938911
8.9108	267.7402	-300.680717	18	0.98687020887	0.0131297911299
8.8331	267.7553	-300.61256	18	0.988283825156	0.011716174844
8.8382	267.7192	-300.5354	18	0.689174079297	0.310825920703
8.848	267.6339	-300.464436	18	0.291037039341	0.708962960659
9.8986	272.6728	-289.313425	5	1.0	0.351769635947
9.832	272.5512	-289.163839	5	0.273050736814	0.726949263186
9.6673	272.808	-289.104326	5	0.220813854306	0.779186145694
9.799	272.7979	-289.104276	5	0.289400483319	0.710599516681
9.8631	272.619	-288.967117	5	0.586592526825	0.413407473175
16.994	264.4263	-288.466425	-1	0.0	0.208904462978
7.8944	266.1062	-277.617053	24	1.0	0.0
7.9046	266.1684	-277.530068	24	0.757733308669	0.242266691331
8.1357	266.0516	-276.433975	25	1.0	0.0
8.1382	266.0686	-276.289023	25	1.0	0.0
7.9867	266.9125	-272.947148	23	0.528362732629	0.471637267371
7.8695	266.1993	-271.753015	24	0.658265538992	0.341734461008
7.9505	266.1839	-271.021059	24	0.547703328058	0.452296671942
15.9186	270.6611	-266.479423	1	1.0	0.0230991181195
15.8626	270.6385	-266.423749	1	1.0	0.0602071312639
15.8673	270.6114	-266.34313	1	1.0	0.409263587807
14.4402	263.1819	-265.985223	10	1.0	0.384176124547
14.4693	263.1399	-265.862447	10	1.0	0.161707830751
14.4334	262.9781	-265.770566	10	0.873640224145	0.126359775855
8.282	266.7972	-254.433891	21	0.987808370687	0.0121916293133
8.3075	267.2528	-252.067708	20	0.881748087695	0.118251912305
8.1389	265.8189	-245.618937	26	0.945908474587	0.0540915254128
14.4583	263.1968	-242.65261	10	1.0	0.497671735934
11.4484	263.2316	-242.428221	14	0.936753403101	0.0632465968992
11.538	263.3378	-242.428169	13	1.0	0.0
11.5613	263.3345	-242.376026	13	0.899139833841	0.100860166159
11.5217	263.2263	-242.326162	14	0.532605277412	0.467394722588
7.8905	266.0726	-239.761638	24	1.0	0.0374206491712
8.0409	266.1279	-239.761534	-1	0.0	0.0156328818562
7.869	266.1269	-238.84707	24	1.0	0.194134008444
7.9324	266.7234	-237.423419	-1	0.0	0.421285671276
8.0643	266.8888	-237.423374	-1	0.0	0.158105022671
15.9584	270.6836	-237.038721	1	1.0	0.423789540966
15.8989	270.7328	-236.926865	1	1.0	0.0
8.1531	265.8307	-234.296868	26	1.0	0.151154465736
15.8863	270.5419	-231.638657	1	1.0	0.249964504089
9.9115	272.7306	-225.96887	5	1.0	0.0111416158856
8.1951	265.9863	-221.160192	25	0.951577840761	0.048422159239
8.2542	265.9121	-221.041748	26	0.37692122312	0.62307877688
8.1803	265.8713	-220.983052	26	0.913649196179	0.0863508038205
8.303	265.8957	-220.781089	-1	0.0	0.14189000518
11.4547	262.8706	-213.33801	11	1.0	0.0
11.421	262.867	-213.143949	11	0.725448500817	0.274551499183
11.5069	262.8926	-212.997782	11	0.925545891475	0.0744541085249
7.8702	266.2204	-205.991456	24	0.658265538992	0.341734461008
8.7514	267.8161	-198.65696	18	0.291110921929	0.708889078071
7.7297	266.9459	-198.575741	-1	0.0	0.265963182291
8.8409	257.065	-194.2572	0	0.0415826307528	0.958417369247
8.9662	257.1099	-194.257144	0	0.0470073071765	0.952992692824
7.8819	266.0246	-193.091543	24	1.0	0.0
7.9212	266.0748	-192.994625	24	1.0	0.243252116206
7.6797	265.5672	-187.55269	-1	0.0	0.164709399714
9.8753	272.4786	-186.71259	5	0.144710639003	0.855289360997
11.7674	255.4325	-183.641704	2	1.0	0.0
11.724	255.3778	-183.296409	2	0.795281170006	0.204718829994
7.9483	266.859	-181.463537	23	0.748918617124	0.251081382876
8.1811	265.8475	-179.545712	26	1.0	0.0
8.22	265.8478	-179.506038	26	0.795607100646	0.204392899354
15.9392	270.6041	-171.494458	1	1.0	0.0850258891503
15.657	270.6921	-171.494455	1	0.459500566048	0.540499433952
17.6298	260.3804	-170.133851	8	1.0	0.0
8.3391	267.1415	-158.889	20	1.0	0.211751317344
8.3978	267.2931	-158.230569	20	0.560503641236	0.439496358764
8.2335	267.1724	-158.188607	20	1.0	0.174901695341
14.4891	263.1785	-156.31764	10	1.0	0.434226102551
8.0306	266.7885	-155.008526	-1	0.0	0.129925250431
8.8821	267.7588	-151.615042	18	1.0	0.0
9.9535	272.6396	-140.612374	5	0.459652371164	0.540347628836
9.9058	272.7608	-140.612304	5	1.0	0.0
9.8519	272.6652	-140.53332	5	0.763740463778	0.236259536222
9.8754	272.6514	-140.403811	5	0.77828636299	0.22171363701
9.8974	272.7496	-140.205458	5	1.0	0.0770948505735
10.0197	272.7285	-140.205394	5	0.362288464412	0.637711535588
9.8704	272.6267	-140.067569	5	0.76477295046	0.23522704954
15.8968	270.6359	-139.689196	1	1.0	0.0
7.9286	266.12	-136.967096	24	1.0	0.265306404475
7.8426	265.9997	-136.863291	24	0.648330676836	0.351669323164
7.9061	266.1339	-136.863224	24	1.0	0.246410323194
7.9298	266.1405	-136.800285	24	0.764710145732	0.235289854268
7.9002	266.097	-136.703579	24	1.0	0.0
8.0959	266.0911	-136.703487	25	0.807025020457	0.192974979543
7.8512	266.0356	-136.65002	24	1.0	0.0
11.5221	263.3476	-133.87645	13	1.0	0.0
11.8064	263.3463	-133.876339	-1	0.0	0.44555952153
11.4941	263.3528	-133.823186	13	1.0	0.0
11.4742	263.3056	-133.711542	13	0.554755561835	0.445244438165
15.8625	270.7211	-126.092784	1	1.0	0.0201450175544
15.9209	270.6719	-126.092744	1	1.0	0.39008146114
15.7548	270.7308	-126.092734	1	0.616502317994	0.383497682006
9.8796	257.6294	-118.124845	0	0.558002876563	0.441997123437
9.9705	257.6485	-118.124812	0	0.813221656192	0.186778343808
9.954	257.638	-118.096161	0	1.0	0.0
15.8472	270.57	-114.51419	1	1.0	0.0
15.9462	270.594	-114.514101	1	1.0	0.364085565463
15.9354	270.6661	-114.444778	1	1.0	0.055807444246
15.8815	270.5736	-114.363634	1	1.0	0.0
9.9157	265.0639	-107.872693	-1	0.0	0.254221148781
8.1837	265.8384	-107.488769	26	1.0	0.0
8.1039	266.7501	-107.197369	-1	0.0	0.493421706968
8.9293	267.7128	-102.092736	18	0.584889780581	0.415110219419
8.8659	267.6825	-101.700936	18	0.634933122655	0.365066877345
8.9533	267.8914	-101.700883	18	0.368496110427	0.631503889573
8.2548	267.1378	-100.791349	20	1.0	0.163449665121
8.3219	267.1782	-100.639886	20	1.0	0.0
8.3237	267.3264	-100.148281	20	0.629176465101	0.370823534899
17.9689	259.3375	-86.559258	-1	0.0	0.509478244034
11.5789	263.3561	-86.463684	13	0.892577021538	0.107422978462
8.2988	266.7135	-84.662216	-1	0.0	0.137746473487
16.9009	270.0462	-83.586298	1	0.0717140132434	0.928285986757
15.8378	270.5677	-81.9173	1	1.0	0.0
15.865	270.6532	-81.803816	1	1.0	0.231044047987
8.2343	267.2144	-79.042445	20	1.0	0.209779872563
15.9195	270.856	-73.82615	1	0.637201093449	0.362798906551
7.5453	264.5435	-73.484798	16	0.812586217963	0.187413782037
7.5146	264.5459	-73.405007	16	0.596961944955	0.403038055045
11.5218	263.3567	-65.015824	13	1.0	0.0
11.4467	263.1833	-64.929473	14	0.658022139131	0.341977860869
11.4726	262.9007	-63.35594	11	1.0	0.0
11.4177	262.9934	-63.233977	11	0.316975964702	0.683024035298
11.4416	262.8963	-63.171943	11	1.0	0.0
11.4776	262.943	-63.06828	11	0.590196400019	0.409803599981
9.9265	272.7589	-61.470255	5	0.982779455181	0.0172205448185
9.8746	272.7208	-61.38651	5	0.830750088543	0.169249911457
9.9212	272.712	-61.324964	5	1.0	0.152683461736
9.8706	272.6892	-61.121814	5	1.0	0.217711413685
9.9166	272.7324	-61.12176	5	1.0	0.0
14.4679	263.2285	-59.83078	10	0.881493595201	0.118506404799
14.4583	263.1475	-59.753365	10	1.0	0.0
14.4774	263.1522	-59.63667	10	1.0	0.0
17.7294	260.3705	-59.235939	8	0.942371873366	0.0576281266345
17.7232	260.3648	-59.124587	8	0.957072159463	0.0429278405368
17.9283	259.9907	-57.689441	9	1.0	0.0
17.9585	260.0238	-57.689402	9	1.0	0.0
11.4037	263.2302	-53.400701	14	1.0	0.0
7.9828	266.8951	-49.864804	23	0.853149859282	0.146850140718
7.9778	266.8627	-49.782992	23	1.0	0.0
9.2691	268.0252	-44.625755	-1	0.0	0.0217528257528
8.9466	268.1666	-44.625727	15	0.56535628082	0.43464371918
15.8903	270.6306	-44.509695	1	1.0	0.0
11.5075	263.4056	-31.133981	13	0.492124073345	0.507875926655
8.2469	266.7892	-26.866567	21	1.0	0.0
8.1175	265.8422	-25.332525	26	0.608660959011	0.391339040989
8.1476	265.8066	-22.747517	26	1.0	0.0
7.8972	266.0906	-22.713751	24	1.0	0.0116641792382
8.2037	265.8057	-22.693297	26	0.929534014455	0.0704659855449
7.9195	266.1078	-22.666912	24	1.0	0.0
8.0387	266.0877	-22.666831	-1	0.0	0.052814300572
7.9456	266.2728	-22.610691	-1	0.0	0.143388551739
7.887	266.0681	-22.61069	24	1.0	0.18638951841
7.8906	266.0876	-22.57095	24	1.0	0.0
7.8885	266.0614	-21.804608	24	1.0	0.357429625087
7.5021	264.718	-20.162113	17	0.348179435211	0.651820564789
7.404	264.1765	-19.791199	-1	0.0	0.557071571839
8.0299	267.4929	-18.634612	-1	0.0	0.0903511284585
7.9768	266.8298	-15.039118	23	0.454028252752	0.545971747248
11.7453	255.5122	-10.002826	2	0.256487004349	0.743512995651
11.7085	255.3856	-9.958582	2	0.780048876939	0.219951123061
11.7093	255.2961	-9.904745	2	0.311981333228	0.688018666772
14.502	262.9776	-8.966992	10	0.991285698418	0.00871430158163
14.3282	263.0077	-8.966982	10	0.754276955594	0.245723044406
15.8337	270.5627	-6.865423	1	1.0	0.0
8.9532	267.9109	-1.5e-05	18	0.286317419238	0.713682580762
9.9489	273.6158	2.334976	6	1.0	0.0
14.4511	263.1543	4.982019	10	1.0	0.0
14.4322	263.0736	5.076487	10	1.0	0.0
15.9311	270.8502	7.990684	1	0.686479706136	0.313520293864
15.8744	270.4979	19.190271	1	0.904784645741	0.0952153542594
15.89	270.6407	19.243361	1	1.0	0.0
15.8804	270.6202	19.466651	1	1.0	0.323855159806
7.9696	266.8758	20.776352	23	0.977165857552	0.022834142448
17.9574	260.0429	22.778812	9	0.842604872575	0.157395127425
17.8464	260.1772	22.778835	9	0.391297120922	0.608702879078
7.5818	264.5359	24.507014	16	0.605165569304	0.394834430696
7.5496	264.4663	24.80445	16	0.510939133786	0.489060866214
11.4949	263.3512	25.549368	13	1.0	0.0
11.4378	263.2141	25.593918	14	1.0	0.0
11.6811	263.3472	25.623304	13	0.421611293014	0.578388706986
14.4548	263.0132	26.480269	10	1.0	0.0
9.9053	273.2389	28.648762	7	1.0	0.0
10.0723	273.2136	28.648821	7	1.0	0.0
7.7816	264.6163	29.870859	17	0.470782450528	0.529217549472
6.6716	265.6986	29.871556	-1	0.0	0.102761187126
7.8551	264.778	29.967223	17	0.957949666485	0.0420503335151
8.2575	264.6869	29.967356	-1	0.0	0.237848788078
7.7699	264.6937	30.014084	17	0.559452038113	0.440547961887
7.8098	264.7868	30.014139	17	0.696292070938	0.303707929062
7.8586	264.7928	30.058115	17	0.817222106004	0.182777893996
7.6597	264.9176	30.058179	-1	0.0	0.231587141455
8.3194	267.1676	34.185781	20	1.0	0.0724793865438
8.2926	267.3419	34.831911	20	0.538095114971	0.461904885029
8.2127	267.2545	34.892093	20	1.0	0.0
8.272	267.3223	35.016655	20	0.774255954005	0.225744045995
17.7304	260.4646	46.680861	8	0.642370310571	0.357629689429
8.1613	265.8509	47.126324	26	1.0	0.0
8.3228	265.7688	47.12637	-1	0.0	0.368622987473
8.1538	265.8605	47.601704	26	1.0	0.132272348593
9.9899	257.5585	47.947656	0	0.816639961926	0.183360038074
10.0178	257.6192	47.94767	0	0.744180143262	0.255819856738
9.9999	257.5671	48.136569	0	0.833341159641	0.166658840359
8.1363	265.7728	48.309172	26	0.90240078632	0.0975992136798
8.3232	265.7907	48.806569	-1	0.0	0.331710183521
8.5766	265.7747	48.806631	-1	0.0	0.661256393763
8.4153	265.6407	48.866483	-1	0.0	0.677362825708
8.3925	267.1092	58.491196	20	1.0	0.233700894617
7.5318	264.5111	60.625121	16	1.0	0.0
7.5573	264.5188	60.62515	16	0.979505960734	0.0204940392662
7.5314	264.5131	60.716498	16	1.0	0.0
7.6681	264.4914	60.777898	16	0.318783279661	0.681216720339
7.9945	266.8845	66.848338	23	1.0	0.0
8.0012	266.8834	66.870223	23	1.0	0.0
15.8934	270.5812	73.810921	1	1.0	0.0
7.8831	266.1164	83.254205	24	1.0	0.00686690806653
7.8528	266.0464	83.254242	24	1.0	0.357429625087
7.8697	266.0843	83.308529	24	1.0	0.134231596775
7.7599	266.2702	83.308583	-1	0.0	0.288723331983
8.0718	265.975	90.613943	25	0.781342932422	0.218657067578
8.1275	266.0194	90.613984	25	1.0	0.0
7.9988	266.0584	91.587618	24	0.516857066457	0.483142933543
8.1123	266.0269	91.624381	25	1.0	0.0
9.9741	257.6182	92.808054	0	1.0	0.0
10.6467	257.6559	93.061667	0	0.0819370665018	0.918062933498
9.7768	257.44	93.237653	0	0.208405228243	0.791594771757
15.903	270.5759	102.137492	1	1.0	0.0
15.9264	270.7747	102.860894	1	1.0	0.0
9.077	267.7092	106.129219	18	0.290910122293	0.709089877707
9.0335	267.7051	106.131809	18	0.34975249041	0.65024750959
7.528	264.4168	109.526903	16	0.39769397067	0.60230602933
7.5487	264.4677	109.526934	16	0.519087070979	0.480912929021
7.3117	264.7258	109.567364	-1	0.0	0.405838495199
7.7052	264.4077	109.594362	16	0.210996395695	0.789003604305
7.4748	264.4941	109.637223	16	0.942655426672	0.0573445733279
14.4347	262.8865	122.043323	10	0.345107096476	0.654892903524
14.3881	263.0468	122.043331	10	0.984162348252	0.0158376517485
17.9021	259.9549	122.391453	9	1.0	0.0
9.8907	272.5329	129.043442	5	0.235277454097	0.764722545903
15.8834	270.5667	129.17023	1	1.0	0.168763806108
8.1961	265.837	131.170405	26	1.0	0.0
7.9528	266.797	131.787429	22	1.0	0.0
9.9971	257.6273	132.537428	0	1.0	0.0
9.9474	257.6163	132.593162	0	1.0	0.0
9.92	257.564	132.738657	0	0.929249795481	0.0707502045193
8.3567	267.0634	132.906882	20	1.0	0.0
8.3454	267.0417	132.991556	20	1.0	0.0
8.4192	267.1472	133.066525	20	1.0	0.00421152590039
8.8587	266.965	133.176802	-1	0.0	0.216585435527
8.4494	267.1334	133.260175	20	0.943634068273	0.056365931727
11.7783	255.4458	141.987122	2	0.698203752142	0.301796247858
11.7372	255.3796	142.040108	2	0.795281170006	0.204718829994
15.9028	270.598	149.128981	1	1.0	0.3204081749
9.9164	273.2708	149.446156	7	1.0	0.0
7.4805	264.4907	157.268838	16	1.0	0.0
7.4872	264.5078	157.336319	16	0.908900591745	0.091099408255
8.0951	265.9288	161.98595	-1	0.0	0.03205619645
8.3647	267.0834	174.025158	20	1.0	0.0
8.3777	267.1253	174.025207	20	1.0	0.257584863763
9.894	272.6931	180.613252	5	1.0	0.0
11.5809	263.2834	181.32513	13	0.458508874566	0.541491125434
11.9343	263.9679	181.325184	-1	0.0	0.726513612764
11.678	263.2934	181.325212	-1	0.0	0.197924943646
9.8589	272.6128	181.380136	5	0.497857482963	0.502142517037
9.9786	257.5678	181.723713	0	1.0	0.0
8.3782	266.5181	182.001447	-1	0.0	0.124627964356
8.1088	266.645	182.415944	-1	0.0	0.244938731103
8.1737	265.813	188.242482	26	1.0	0.0
7.8875	266.7794	199.257754	22	0.624260654539	0.375739345461
7.9883	266.8729	199.257799	23	1.0	0.0
8.2692	266.7362	199.380946	21	1.0	0.0
14.4804	263.1585	199.843023	10	1.0	0.0819515293907
14.4407	263.0845	199.929139	10	1.0	0.0897528608097
14.5907	263.15	199.929232	10	0.719783893736	0.280216106264
8.1222	267.5315	201.51744	-1	0.0	0.081002425853
8.3124	267.0158	202.019118	20	1.0	0.0157557663008
8.2069	265.8556	205.5051	26	1.0	0.144682460778
8.1433	265.7633	205.736314	26	0.825361306687	0.174638693313
7.5135	264.5005	218.225015	16	1.0	0.0
7.4703	264.4723	218.265213	16	0.579815190134	0.420184809866
9.1317	267.8773	218.733155	18	0.273001610886	0.726998389114
9.9477	257.5875	219.641609	0	1.0	0.0
15.8846	270.7814	224.392597	1	1.0	0.0
15.8796	270.8193	224.392649	1	1.0	0.0
17.9528	259.4673	224.885173	-1	0.0	0.277525152592
17.9933	259.5899	224.992852	9	0.477502565073	0.522497434927
11.7413	255.3441	239.20038	2	0.711437877392	0.288562122608
11.7364	255.376	239.353455	2	0.790671362623	0.209328637377
9.9277	273.5909	244.148016	6	0.540947597973	0.459052402027
9.927	273.5804	244.259874	6	0.402960438459	0.597039561541
7.9443	266.8632	248.834016	23	0.77718819901	0.22281180099
8.1708	265.8091	251.86964	26	1.0	0.0
8.1079	265.6679	251.986144	-1	0.0	0.532347000694
9.9832	255.629	252.119802	4	1.0	0.0
10.1017	255.5967	252.119875	4	0.697712882366	0.302287117634
8.1827	265.7728	252.208453	26	0.708970368385	0.291029631615
7.8763	265.986	254.795783	-1	0.0	0.0176936843124
7.8817	266.0321	254.795798	24	1.0	0.0
7.8868	266.0363	254.84329	24	1.0	0.0
7.8675	266.021	254.871485	24	1.0	0.0
9.8622	273.2419	256.944026	7	1.0	0.0
8.3524	267.0245	260.343255	20	1.0	0.0
8.6891	267.0275	260.3434	-1	0.0	0.426836187451
8.2158	267.2817	260.398574	20	1.0	0.0
8.392	267.045	260.651554	20	1.0	0.121621396171
8.4845	266.9951	260.734328	20	0.454971296431	0.545028703569
9.9919	257.4866	263.61533	0	0.382030648459	0.617969351541
18.0125	259.9587	265.407086	9	1.0	0.0
18.0284	259.899	265.407131	9	0.721270346755	0.278729653245
17.9716	259.7516	274.135454	9	0.576130115466	0.423869884534
17.9376	259.7421	274.20054	9	0.539378103849	0.460621896151
17.9997	259.747	274.200591	9	0.547370225143	0.452629774857
15.8985	270.5607	285.162109	1	1.0	0.0737303191962
15.8335	270.5672	285.165746	1	1.0	0.0
9.9948	257.5165	297.750507	0	0.550099859289	0.449900140711
8.1904	265.8014	300.431189	26	1.0	0.0
8.1654	265.7548	300.667191	26	0.781402508404	0.218597491596
8.194	265.8214	300.667256	26	1.0	0.160597423041
8.0348	265.951	301.222738	25	0.781342932422	0.218657067578
15.8861	270.5793	301.383297	1	1.0	0.0
15.9464	270.6419	301.44654	1	1.0	0.055807444246
9.9033	272.6953	307.080044	5	1.0	0.0
9.9879	272.5969	307.31489	5	0.285158113904	0.714841886096
8.3863	267.0638	313.604843	20	1.0	0.169984718724
8.3759	267.1005	313.750887	20	1.0	0.0928722931534
8.2924	267.2501	314.289227	20	1.0	0.0302948658399
8.2462	267.1565	314.378032	20	1.0	0.207958431814
8.2978	267.1543	314.414297	20	1.0	0.207958431814
8.2801	267.232	314.460694	20	1.0	0.0
8.1548	266.0865	315.485421	-1	0.0	0.00299365029329
9.8895	273.2355	319.167707	7	1.0	0.0
9.9059	273.3574	319.449082	7	0.902958337464	0.0970416625363
11.7795	255.4097	319.787667	2	1.0	0.0
11.7822	255.4016	319.87319	2	0.839636001584	0.160363998416
8.851	264.1327	329.696408	-1	0.0	0.0239647163462
8.8926	264.151	329.705445	-1	0.0	0.0153572187144
9.8785	257.5314	333.997281	0	0.533236711486	0.466763288514
15.8511	270.5539	336.512158	1	1.0	0.0
15.8433	270.52	336.55887	1	1.0	0.312622930504
7.8358	264.7135	336.889339	17	0.953088693601	0.0469113063994
17.6859	260.4374	343.706308	8	1.0	0.0
10.0165	255.6464	347.389421	4	1.0	0.0
7.9719	266.8488	347.67613	23	0.745512663653	0.254487336347
7.9949	266.8287	347.726509	-1	0.0	0.00315546338165
15.8233	270.5802	352.105685	1	1.0	0.00709711406049
9.9515	273.6398	357.520043	6	0.738144856967	0.261855143033
15.9163	270.5865	362.58449	1	1.0	0.152926923455
9.8213	257.513	368.597659	0	0.342108910366	0.657891089634
9.9414	257.5886	368.597687	0	1.0	0.0
15.9186	270.6001	370.608427	1	1.0	0.164046751295
8.0875	266.0511	380.27395	25	0.863615919221	0.136384080779
17.9458	259.8811	387.622112	9	0.681979085802	0.318020914198
15.8094	270.5422	397.591927	1	1.0	0.172031289823
16.0047	270.6179	397.592046	1	1.0	0.393039830161
15.8842	270.6705	397.694319	1	1.0	0.313647794988
-1.9267	255.8282	400.438251	-1	0.0	0.324295941089
8.3987	265.8742	400.439939	-1	0.0	0.505276861759
8.5925	265.7715	400.440007	-1	0.0	0.00787800172908
8.1813	265.7519	400.49887	26	0.700337809902	0.299662190098
8.1978	265.8032	400.551434	26	1.0	0.0
11.7589	255.4138	402.899303	2	1.0	0.0
9.9288	272.6468	408.874735	5	0.629891861513	0.370108138487
9.9119	272.6399	408.874794	5	0.76477295046	0.23522704954
9.9003	272.6894	408.993877	5	1.0	0.0
9.8458	272.6039	408.993882	5	0.386311129869	0.613688870131
7.5064	264.4493	415.846448	16	0.579815190134	0.420184809866
9.9391	257.5683	418.246039	0	1.0	0.0
7.835	266.7834	426.67549	-1	0.0	0.37314325949
8.0318	266.7565	426.767962	-1	0.0	0.206854804997
7.9147	264.7264	442.259148	17	1.0	0.0
7.9178	264.6988	442.338303	17	1.0	0.0
8.0115	264.6884	442.338343	17	0.809488735425	0.190511264575
8.3349	267.0452	443.546323	20	1.0	0.0
8.287	267.02	443.60401	20	1.0	0.132328948451
8.3797	267.0328	443.763643	20	1.0	0.127953574678
8.1185	265.8118	446.264564	26	0.840484421798	0.159515578202
8.1671	265.8439	446.264606	26	1.0	0.0247739905973
8.1956	265.9084	446.295397	26	0.470380095088	0.529619904912
8.8608	264.1025	459.740311	-1	0.0	0.0668806235535
9.1145	269.5117	459.77588	12	1.0	0.0
10.0047	255.6033	460.74215	4	1.0	0.0
7.9409	266.7993	461.29363	22	1.0	0.0
9.0046	267.8597	464.239786	18	0.467125068587	0.532874931413
8.9661	267.824	464.289761	18	0.467125068587	0.532874931413
9.0072	267.8732	464.344013	18	0.467125068587	0.532874931413
9.1332	267.8528	464.344064	18	0.319128897933	0.680871102067
8.5247	267.4641	476.573378	-1	0.0	0.470566827609
8.4123	267.6031	476.573461	-1	0.0	0.114241165108
9.9183	272.688	476.651181	5	1.0	0.116348508274
14.3041	263.0418	478.91293	10	0.699630059363	0.300369940637
14.4052	263.1125	478.912989	10	1.0	0.664542069039
8.1669	265.8741	480.733286	26	1.0	0.15103694643
8.1732	265.8308	480.733338	26	1.0	0.0
8.3223	267.0536	480.747147	20	1.0	0.0766288308268
8.0064	265.9498	480.760584	-1	0.0	0.0783590659202
8.251	267.1783	480.799343	20	1.0	0.153768586747
7.9137	266.7917	482.169851	22	1.0	0.0
14.4631	263.1617	495.889344	10	1.0	0.0
14.2333	263.4545	495.889382	10	0.1519456891	0.8480543109
14.4097	263.0749	495.934909	10	1.0	0.0
9.9806	257.5247	497.291862	0	0.646455271424	0.353544728576
10.1239	257.603	497.291929	0	0.359361164433	0.640638835567
9.068	269.4389	502.410982	12	0.751625890444	0.248374109556
9.1094	269.3596	502.442988	12	0.422511961551	0.577488038449
9.1454	269.4886	502.473971	12	1.0	0.0
9.1078	269.462	502.545623	12	1.0	0.0
9.9441	273.6062	509.797353	6	0.863057715803	0.136942284197
9.9421	273.6246	509.89176	6	1.0	0.0
7.9615	264.6961	511.981116	17	1.0	0.0
10.0113	255.6155	523.413761	4	1.0	0.0
9.9741	255.5706	523.55797	4	0.784592525728	0.215407474272
7.9	264.4893	528.334756	-1	0.0	0.21416814117
7.9018	264.786	528.334805	17	0.901342762516	0.0986572374845
7.9436	264.9752	528.334902	-1	0.0	0.353312291494
7.8956	264.7451	528.445645	17	0.957949666485	0.0420503335151
7.7513	264.9279	528.445691	-1	0.0	0.154392738035
7.7144	264.7447	529.09832	17	0.533676002738	0.466323997262
7.6922	264.6456	529.124319	17	0.421444867852	0.578555132148
15.894	270.5802	529.556419	1	1.0	0.0
15.5837	270.7159	529.837649	1	0.33350863108	0.66649136892
9.0051	267.8091	535.865153	18	0.400473905174	0.599526094826
8.3812	267.0908	537.82289	20	1.0	0.169984718724
8.1952	267.2933	537.872351	20	0.864353279267	0.135646720733
14.6373	263.1057	539.979303	10	0.452041350785	0.547958649215
9.7725	272.7405	546.674024	5	0.322358656104	0.677641343896
9.7215	272.7014	547.38131	5	0.248006442087	0.751993557913
7.9087	266.7178	548.548206	-1	0.0	0.0572098754905
7.9662	266.7856	548.548253	22	1.0	0.0
7.9443	266.7952	548.656424	22	1.0	0.0
9.9487	273.6183	549.086184	6	1.0	0.0
8.9607	267.7423	550.930597	18	0.744581734475	0.255418265525
8.9367	267.7573	551.115165	18	0.901481527248	0.0985184727518
8.1461	265.7942	557.067398	26	1.0	0.0
7.5241	264.5258	560.82617	16	1.0	0.0
7.5966	264.6676	560.82622	17	0.429814592907	0.570185407093
7.6005	264.4276	560.891254	16	0.395973066169	0.604026933831
9.1238	269.4818	563.907844	12	1.0	0.0
9.1387	269.5113	563.907894	12	1.0	0.0
9.0697	269.3701	563.998589	12	0.449698606631	0.550301393369
9.0925	268.3866	565.491793	15	1.0	0.0
9.1227	268.4031	565.498159	15	1.0	0.0
9.1168	268.4153	565.63579	15	1.0	0.0
7.986	266.2612	565.911802	-1	0.0	0.335031202584
7.9636	266.1768	565.980779	24	0.665581479672	0.334418520328
7.949	264.644	569.058142	17	0.768725506739	0.231274493261
7.9461	264.6709	569.107371	17	1.0	0.0
7.9246	264.661	569.157333	17	1.0	0.0
17.9904	260.0011	571.617816	9	1.0	0.0
8.0896	265.6839	588.076481	-1	0.0	0.459029069043
8.1408	265.8024	588.076539	26	1.0	0.0
8.2344	265.8559	588.076581	26	0.586241341459	0.413758658541
8.1825	265.8608	588.121789	26	1.0	0.0189068117119
8.1117	265.7735	588.19636	26	0.578474643491	0.421525356509
8.1476	265.8004	588.196415	26	1.0	0.0
8.1692	265.7679	588.87709	26	0.90240078632	0.0975992136798
8.1836	265.832	588.877144	26	1.0	0.0
15.9224	270.607	590.38006	1	1.0	0.364085565463
10.6166	255.3657	590.872014	4	0.117569380793	0.882430619207
10.033	255.6012	590.87212	4	1.0	0.0
7.8451	266.8903	596.32261	-1	0.0	0.424741197409
