20.1106	283.4549	-2.9e-05	3	1.0	0.0
10.079	287.1854	-597.013334	9	0.89524417864	0.10475582136
10.1061	287.2091	-596.897261	9	0.513587418047	0.486412581953
10.0616	287.1975	-596.83052	9	1.0	0.0
25.1977	279.2501	-595.998998	-1	0.0	0.939845429333
25.1408	279.2649	-595.824039	-1	0.0	0.00314785182362
8.12	275.6016	-592.993529	-1	0.0	0.267464872899
17.9448	281.0289	-592.73167	6	1.0	0.0
21.2577	279.7862	-590.893479	0	0.709108829471	0.290891170529
21.3514	279.6473	-590.616692	0	0.977811857893	0.0221881421069
21.2135	279.7105	-590.616685	0	1.0	0.000876156147409
21.2767	284.13	-586.026636	11	1.0	0.0
21.1398	279.8185	-583.658677	0	1.0	0.495546410382
21.1218	279.8649	-583.62956	0	1.0	0.188520754336
21.1628	279.6682	-583.593637	0	1.0	0.0
20.9662	278.4673	-582.457094	0	0.0275113204656	0.972488679534
21.2808	279.5872	-582.456873	0	1.0	0.0
18.0477	281.2256	-579.292683	6	0.773217185056	0.226782814944
18.0449	281.2281	-579.175955	6	0.744379423678	0.255620576322
18.0295	281.2131	-579.069967	6	0.681106121877	0.318893878123
26.038	277.6529	-577.223554	14	0.521036912418	0.478963087582
17.9521	281.0623	-566.645913	6	1.0	0.409466913405
21.1544	279.877	-564.697734	0	1.0	0.468334279079
21.1954	279.6637	-564.667925	0	1.0	0.0142783356899
21.1657	279.8606	-564.621997	0	1.0	0.468334279079
21.1881	279.7752	-564.522715	0	1.0	0.396694852635
21.1942	279.5178	-563.25257	0	0.794288810524	0.205711189476
8.3112	285.4543	-562.491961	4	1.0	0.0
8.2884	285.4831	-562.389605	4	1.0	0.0
8.2849	285.4899	-562.318907	4	0.993130354301	0.00686964569917
21.3597	279.6246	-555.873121	0	0.977811857893	0.0221881421069
18.0066	281.1418	-551.845403	6	1.0	0.0542124366086
17.925	281.3911	-551.845396	6	0.252511520582	0.747488479418
17.9981	281.1346	-551.783993	6	1.0	0.0
17.9804	281.1389	-551.727334	6	1.0	0.0
18.0068	281.1511	-551.661356	6	1.0	0.278983018034
17.9846	281.1485	-551.568731	6	1.0	0.0
21.1779	279.8512	-547.751719	0	1.0	0.333109418438
21.2013	279.8552	-547.570545	0	1.0	0.333109418438
21.1954	279.8211	-547.46857	0	1.0	0.0
21.1976	279.8414	-547.376843	0	1.0	0.260092415459
21.1559	279.9142	-540.911378	0	0.905070254164	0.0949297458358
21.068	279.9905	-540.778228	0	0.274195164494	0.725804835506
21.1093	279.7058	-540.622435	0	1.0	0.0
21.1415	279.84	-540.191041	0	1.0	0.0365036193203
17.9021	281.0343	-538.729362	6	1.0	0.101212383292
17.8948	281.0471	-538.615663	6	1.0	0.101212383292
10.0547	287.2124	-532.663004	9	0.675823434534	0.324176565466
10.042	287.1246	-532.638678	9	0.462252509721	0.537747490279
10.0361	287.2	-532.620788	9	0.858666864566	0.141333135434
10.066	287.1811	-532.481549	9	1.0	0.0
21.1905	279.8311	-520.402593	0	1.0	0.107750646216
26.2111	277.356	-511.865025	-1	0.0	0.44210687833
17.8987	281.0101	-509.243118	6	1.0	0.332829610305
17.9013	281.0742	-509.164184	6	1.0	0.0695087898848
17.8138	281.3077	-509.114026	6	0.289263032078	0.710736967922
17.978	281.115	-506.421916	6	1.0	0.225820152575
17.998	281.1935	-505.731372	6	1.0	0.0717644078761
17.6968	280.9131	-504.566709	6	1.0	0.0533489770338
17.7289	280.8909	-504.422744	6	1.0	0.0
21.316	284.1192	-495.57063	11	1.0	0.0
9.9945	287.2742	-494.816799	9	0.453331744476	0.546668255524
21.3299	279.599	-490.02795	0	0.85272534131	0.14727465869
21.2714	284.371	-481.219624	12	0.537900176656	0.462099823344
17.9496	281.0482	-472.579153	6	1.0	0.00828058018467
17.9055	281.0752	-472.489057	6	1.0	0.104212064298
20.0781	283.2836	-467.805044	3	0.434106867572	0.565893132428
20.1105	283.3113	-467.805007	3	0.518158495885	0.481841504115
18.3699	281.4263	-464.124385	6	0.459665144358	0.540334855642
18.0841	281.7005	-464.124359	6	0.133799843781	0.866200156219
21.2078	279.8784	-463.817899	0	1.0	0.172147208303
18.1751	281.2262	-463.319263	6	1.0	0.371492528851
21.1955	279.7299	-462.88945	0	1.0	0.103712408578
18.1487	281.2103	-462.076832	6	1.0	0.321038182562
21.1329	279.7008	-459.155956	0	1.0	0.0
17.7273	280.9001	-456.755377	6	1.0	0.0798938695768
21.2691	279.6135	-450.915492	0	1.0	0.0570024014279
21.2234	279.6489	-436.296297	0	1.0	0.231951639719
21.2838	279.9443	-435.37208	0	0.33781536528	0.66218463472
10.0009	286.6561	-431.189367	10	0.612188667848	0.387811332152
18.2244	281.3358	-429.593488	6	0.707320121401	0.292679878599
18.2088	281.2897	-429.512383	6	0.707320121401	0.292679878599
17.9637	281.0388	-417.297366	6	1.0	0.0
21.1556	279.7922	-417.082024	0	1.0	0.396694852635
21.1523	279.8207	-417.081999	0	1.0	0.458230665786
21.1161	279.8138	-416.909288	0	1.0	0.179365288929
21.383	279.9266	-416.909132	0	0.26890283056	0.73109716944
21.1639	279.7624	-416.788864	0	1.0	0.489971763675
25.6322	280.7718	-414.30165	1	0.152787732317	0.847212267683
25.6365	280.8795	-414.301625	1	0.942333319282	0.0576666807181
8.3264	285.4085	-413.40473	4	0.732591401059	0.267408598941
25.6339	280.8999	-412.550261	1	0.942333319282	0.0576666807181
9.2209	285.7834	-410.00335	7	1.0	0.0
17.7176	280.855	-405.918318	6	1.0	0.235332824511
17.7149	280.8593	-405.865534	6	1.0	0.0617309861615
8.2566	285.4532	-398.739009	4	1.0	0.0
8.292	285.5231	-398.461703	4	0.543155229213	0.456844770787
21.1854	279.9615	-397.67851	0	0.443269665922	0.556730334078
21.2532	284.3641	-395.55702	12	0.747805811817	0.252194188183
17.9927	281.0728	-388.399286	6	1.0	0.103961738641
17.9914	281.1213	-388.191735	6	1.0	0.130938998257
18.0067	281.1117	-388.068193	6	1.0	0.227786599355
9.8724	286.1594	-386.95847	7	1.0	0.0
21.2739	279.5746	-386.795153	0	1.0	0.173483724927
21.3161	279.6153	-386.795117	0	0.977811857893	0.0221881421069
21.2179	279.7572	-378.49588	0	1.0	0.0334825883232
21.2578	279.8644	-378.311445	0	0.813360583175	0.186639416825
21.2334	279.8682	-378.193068	0	1.0	0.0996716819663
21.1782	279.8368	-378.079683	0	1.0	0.214992093415
18.1574	281.1882	-375.275544	6	1.0	0.373948630285
17.8981	281.0396	-371.532906	6	1.0	0.101212383292
21.2047	279.7663	-370.603403	0	1.0	0.461328682332
10.0597	286.5536	-358.359904	10	1.0	0.0
21.0845	279.5057	-356.24379	0	0.426738919291	0.573261080709
17.1443	280.4592	-355.129145	5	1.0	0.0
21.3796	279.3335	-353.957688	0	0.200188204216	0.799811795784
21.3963	279.5197	-353.424581	0	0.715719828176	0.284280171824
18.1852	281.13	-344.885374	6	1.0	0.0
18.1443	280.8679	-344.712106	6	0.2687319395	0.7312680605
26.0052	277.6301	-343.418724	14	0.959014570807	0.0409854291932
26.0154	277.6384	-343.305029	14	0.93009812336	0.0699018766403
26.0627	277.5226	-343.209015	-1	0.0	0.2347111623
26.0576	277.6262	-343.136293	14	0.382717520155	0.617282479845
26.1225	277.5004	-342.949099	-1	0.0	0.272391754036
21.1639	279.9101	-341.742707	0	1.0	0.148554148721
21.1644	279.8803	-341.678506	0	1.0	0.468334279079
21.3666	279.6234	-338.418034	0	0.975227227983	0.0247727720169
21.2477	279.6387	-336.744869	0	0.903218923491	0.0967810765086
21.2843	279.4939	-327.617327	0	0.754249229017	0.245750770983
21.3073	279.495	-327.540688	0	1.0	0.00154989099747
21.3137	279.5339	-327.426808	0	1.0	0.0
21.2756	279.5519	-326.778728	0	1.0	0.00679488278879
17.9393	281.0417	-323.931967	6	1.0	0.0
17.8967	281.0313	-323.759784	6	1.0	0.160246689206
21.0331	279.7699	-321.241431	0	0.869772392391	0.130227607609
21.0176	279.6436	-321.075312	0	0.688118147702	0.311881852298
9.8224	285.9834	-309.014314	7	1.0	0.0
21.0425	280.0087	-307.82543	0	0.218821371032	0.781178628968
21.1289	278.957	-307.82538	0	0.0523352397415	0.947664760259
21.1653	279.8936	-307.82533	0	1.0	0.468334279079
21.2508	284.377	-307.446476	12	0.486978336373	0.513021663627
18.2902	281.3998	-299.154903	6	0.707320121401	0.292679878599
21.1893	279.8207	-299.018146	0	1.0	0.0
21.1824	279.8186	-298.907619	0	1.0	0.0
17.9781	281.1154	-293.11923	6	1.0	0.227786599355
17.9708	281.0654	-292.992592	6	1.0	0.0767132207994
17.9444	281.1161	-292.917483	6	1.0	0.596520712029
18.0452	281.0927	-292.807241	6	1.0	0.0157017188756
17.8701	281.0532	-287.77746	6	1.0	0.377257493281
21.2513	279.8188	-287.70737	0	0.767584805994	0.232415194006
10.0242	287.238	-285.210279	9	0.453331744476	0.546668255524
21.0703	279.4486	-271.5244	0	0.426738919291	0.573261080709
18.2691	281.2027	-269.66817	6	0.837324149332	0.162675850668
21.0709	279.7418	-268.389735	0	1.0	0.0
17.8042	281.0032	-262.216413	6	1.0	0.0378071669288
21.1891	279.8265	-260.431066	0	1.0	0.0
21.3064	279.8512	-260.265644	0	0.502343866746	0.497656133254
21.2009	279.8084	-260.193635	0	1.0	0.346597713714
21.2772	284.35	-258.997754	12	0.795997079343	0.204002920657
21.2582	284.3301	-258.780613	12	1.0	0.0
25.9267	277.7851	-257.231649	13	0.767959283942	0.232040716058
17.1425	280.5363	-255.957567	5	0.544973993133	0.455026006867
21.394	279.6554	-254.491398	0	0.879128505557	0.120871494443
21.3521	279.6387	-254.262703	0	0.977811857893	0.0221881421069
21.1925	279.6179	-249.479575	0	0.773326100366	0.226673899634
17.9264	281.0253	-246.92907	6	1.0	0.101212383292
17.9372	281.037	-246.482462	6	1.0	0.0
21.1724	279.8953	-246.390419	0	1.0	0.468334279079
17.9318	281.0316	-246.273048	6	1.0	0.0
21.1509	279.813	-246.268292	0	1.0	0.404180055099
21.178	279.8589	-246.198503	0	1.0	0.353411079134
21.314	279.5248	-243.578195	0	1.0	0.0
21.4221	279.602	-243.578146	0	0.671422480587	0.328577519413
21.2122	279.6905	-243.196674	0	0.870169106736	0.129830893264
21.2471	279.5725	-242.50156	0	0.959384098451	0.0406159015489
9.8116	286.1391	-239.107669	7	1.0	0.0
21.3019	279.5991	-235.730216	0	1.0	0.0
21.1744	279.8038	-235.226201	0	1.0	0.396694852635
19.334	281.3794	-234.480216	-1	0.0	0.318804432156
20.9714	279.8703	-234.478802	0	0.304337675285	0.695662324715
10.041	287.1807	-227.168815	9	1.0	0.0
10.0868	287.3311	-227.050216	9	0.256922687362	0.743077312638
20.188	283.5341	-223.475797	3	1.0	0.0
17.782	280.7398	-221.552452	6	0.389861916838	0.610138083162
17.7645	280.8876	-221.552433	6	1.0	0.0
17.8472	280.9207	-221.552396	6	1.0	0.0784979285625
25.6382	280.8822	-220.596528	1	1.0	0.0
25.6221	280.8978	-220.399458	1	1.0	0.0
21.1617	279.8043	-220.161383	0	1.0	0.458230665786
21.1988	279.7421	-219.836886	0	1.0	0.0
21.1845	279.7801	-219.766851	0	1.0	0.42080005648
26.0233	277.664	-214.376457	14	0.768590507828	0.231409492172
26.1163	277.6607	-214.376388	-1	0.0	0.0971995927481
26.0058	277.654	-214.325339	14	1.0	0.0
21.267	284.3226	-209.492686	12	1.0	0.0
21.3916	284.1377	-206.113168	11	0.71336707322	0.28663292678
21.0674	279.75	-204.869845	0	1.0	0.0
18.1685	281.1465	-203.64093	6	1.0	0.445769764789
18.183	281.1765	-203.323098	6	1.0	0.181067400973
20.1386	276.3564	-194.696358	-1	0.0	0.333472962686
17.9057	280.9656	-187.657814	6	1.0	0.260815860462
25.9925	277.6735	-166.518983	14	0.529614501052	0.470385498948
26.0287	277.5749	-166.389655	14	0.26010614839	0.73989385161
10.0642	286.7073	-157.058103	10	0.337401629568	0.662598370432
18.1982	281.4041	-155.619251	6	0.613921777889	0.386078222111
25.8683	277.884	-151.049977	8	1.0	0.0
25.8907	277.8956	-150.669789	8	1.0	0.0
25.8914	277.8916	-150.526775	8	1.0	0.0
25.9244	277.698	-150.52677	13	0.57422172853	0.42577827147
21.1782	279.5415	-148.901577	0	1.0	0.0
21.3215	279.6729	-148.901498	0	0.577112269433	0.422887730567
8.7407	284.4877	-148.45568	-1	0.0	0.6452178125
25.9139	277.7875	-144.646107	13	0.671551168296	0.328448831704
21.1984	279.558	-141.579606	0	1.0	0.0213897978877
21.3527	279.2977	-136.817553	0	0.167039415958	0.832960584042
17.8946	281.0088	-136.550354	6	1.0	0.376773227595
18.0021	281.12	-135.535031	6	1.0	0.130938998257
17.7305	280.9534	-135.365663	6	0.857349029865	0.142650970135
12.0992	278.9221	-134.88673	-1	0.0	0.0830513566234
21.1674	280.0061	-133.457525	0	0.280103744365	0.719896255635
18.1798	281.1737	-131.097943	6	1.0	0.0
26.0383	277.4652	-130.226192	-1	0.0	0.2347111623
26.0287	277.6718	-130.226186	14	0.588533339469	0.411466660531
18.1603	281.1714	-130.180025	6	1.0	0.151248027395
26.0028	277.6568	-130.150074	14	1.0	0.0
18.16	281.1646	-130.004145	6	1.0	0.164555125308
9.9341	287.2462	-128.65369	9	0.353323511834	0.646676488166
9.94	287.2267	-128.491087	9	0.323359350324	0.676640649676
21.0276	279.8388	-128.398373	0	0.432588188083	0.567411811917
9.9513	287.3237	-128.320309	9	0.256922687362	0.743077312638
17.9126	281.0501	-127.633985	6	1.0	0.141348339744
17.9198	280.994	-127.037147	6	1.0	0.267367937526
21.2829	284.2308	-125.381911	12	0.406385064242	0.593614935758
8.356	285.4578	-123.605362	4	0.798092321457	0.201907678543
21.1401	279.4529	-116.020511	0	0.44248697013	0.55751302987
21.2031	279.5295	-116.020462	0	1.0	0.0
17.9083	281.0089	-114.356264	6	1.0	0.259373098015
21.0805	279.7869	-111.36813	0	1.0	0.194171048452
21.2183	279.8383	-98.329823	0	1.0	0.00951227564346
21.1416	279.8437	-98.170198	0	1.0	0.0691070418171
17.9888	281.558	-97.566937	6	0.193341503212	0.806658496788
26.0112	277.6649	-83.954314	14	1.0	0.0
26.1403	277.6839	-83.954246	-1	0.0	0.337019218985
26.0022	277.6672	-83.875085	14	0.898676804524	0.101323195476
20.2038	283.5399	-78.582785	3	0.977541618379	0.0224583816212
21.2596	284.3247	-72.578372	12	1.0	0.0
21.2686	284.3132	-72.524766	12	1.0	0.0
18.1875	281.1239	-70.67751	6	1.0	0.0
18.192	281.1752	-70.567814	6	1.0	0.232521777311
18.2331	281.217	-70.354119	6	1.0	0.415107966061
21.0923	279.7541	-68.595467	0	1.0	0.0
21.0877	279.7115	-68.549878	0	1.0	0.0
21.0842	279.7629	-68.474211	0	1.0	0.0
21.0888	279.7049	-68.431703	0	1.0	0.0
21.0634	279.7364	-67.810684	0	1.0	0.0
9.6334	285.8175	-67.04604	7	1.0	0.131745115868
25.5752	280.9775	-63.213113	1	0.29723335149	0.70276664851
21.2414	284.1202	-58.082671	11	1.0	0.0
21.3254	284.0981	-57.767307	11	0.971102651201	0.0288973487987
21.2709	284.0934	-57.720872	11	1.0	0.0
21.2874	284.1209	-57.678803	11	1.0	0.0
21.2762	284.2298	-57.616925	12	0.396069637958	0.603930362042
21.2984	284.1632	-57.616883	11	0.758791698274	0.241208301726
17.7715	280.9174	-57.18111	6	1.0	0.101547462662
18.2174	281.0804	-53.227661	6	1.0	0.227969677067
17.1874	280.4612	-51.246762	5	1.0	0.0
21.1442	279.7895	-47.448582	0	1.0	0.469572894477
10.0322	286.6087	-41.605164	10	0.77578470243	0.22421529757
27.0922	281.6413	-39.630868	1	0.0177755412463	0.982224458754
27.1952	281.6294	-39.6308	1	0.0172072474693	0.982792752531
27.1356	281.6412	-39.543231	1	0.0174849431978	0.982515056802
18.1836	281.2307	-33.019897	6	1.0	0.36646989957
10.0381	287.1328	-32.362121	9	0.588697301746	0.411302698254
21.3802	279.5655	-27.467187	0	1.0	0.0
21.273	284.3105	-26.290097	12	1.0	0.0
21.2828	284.2746	-26.238716	12	0.614851408283	0.385148591717
25.9972	277.6461	-22.436827	14	0.839071814401	0.160928185599
18.1483	281.1819	-19.526766	6	1.0	0.274124032448
18.1561	281.2526	-19.475045	6	0.923339565949	0.076660434051
10.0216	286.4813	-16.033091	10	0.840751936841	0.159248063159
10.0376	287.2851	-14.785843	9	0.37358863118	0.62641136882
25.2557	279.4585	-13.999007	1	0.0134971507383	0.986502849262
21.1066	279.7794	-13.368982	0	1.0	0.0488793696327
25.87	277.8847	-8.427631	8	1.0	0.0
20.1106	283.4549	-2.9e-05	3	1.0	0.0
20.0906	283.4698	0.366729	3	1.0	0.0
21.1631	279.8873	5.448865	0	1.0	0.468334279079
21.125	279.8828	5.563981	0	1.0	0.0872421480876
8.3332	285.5163	10.761154	4	0.633017055213	0.366982944787
21.0916	279.78	14.652608	0	1.0	0.0
10.0393	286.5001	15.063815	10	1.0	0.0
21.0883	279.6862	15.452358	0	1.0	0.0
21.2352	279.6216	19.329513	0	1.0	0.0295144395804
21.2014	279.6275	19.399107	0	1.0	0.231951639719
21.2187	279.6173	19.529737	0	0.9882447599	0.0117552400996
25.6232	280.9018	19.597992	1	1.0	0.0
25.6407	280.8681	19.653607	1	0.601817264872	0.398182735128
17.7312	281.1681	22.367647	6	0.329314602413	0.670685397587
17.8878	281.0478	22.367768	6	1.0	0.101212383292
17.8746	281.0851	22.472193	6	1.0	0.196934512425
17.8555	280.9612	22.53779	6	1.0	0.0
17.8236	281.0494	22.619599	6	1.0	0.198333311517
17.8871	280.9648	23.034644	6	1.0	0.0
17.8859	280.9574	23.626879	6	1.0	0.0
17.7524	280.8996	27.21595	6	1.0	0.0
21.1648	279.5722	30.959606	0	1.0	0.0817786984526
10.0163	287.2181	33.800108	9	0.575783173734	0.424216826266
9.9399	286.6176	39.959925	10	0.748878030649	0.251121969351
17.7459	280.9043	47.055092	6	1.0	0.0
17.7759	280.8964	47.08802	6	1.0	0.0
18.155	281.174	50.75989	6	1.0	0.193981115198
18.1755	281.1715	51.030931	6	1.0	0.0
18.1176	281.1635	51.123515	6	1.0	0.238630897638
18.1668	281.1531	51.696646	6	1.0	0.358364737856
18.45	280.9168	51.809594	6	0.200823547376	0.799176452624
18.119	281.0748	51.809633	6	1.0	0.456628024418
20.2744	283.4949	52.77632	3	1.0	0.0
20.2683	283.4574	53.150088	3	0.994692272006	0.00530772799378
21.1746	279.8438	53.997254	0	1.0	0.388790712004
21.2037	279.863	53.997294	0	1.0	0.445077081443
21.3639	279.5574	56.703902	0	1.0	0.0
21.4268	279.6581	56.703931	0	0.552860439955	0.447139560045
21.3906	279.6045	56.746262	0	1.0	0.0117897581484
21.169	279.6774	60.746534	0	1.0	0.0142783356899
21.1362	279.668	60.854127	0	1.0	0.0263087034231
25.9914	277.6349	62.617267	14	0.743656185471	0.256343814529
26.0189	277.5808	62.654238	14	0.271064746183	0.728935253817
21.1356	279.6082	63.375962	0	0.626503257487	0.373496742513
10.0613	287.1754	64.17224	9	1.0	0.0
21.0826	279.7179	65.247321	0	1.0	0.0
21.237	279.5386	67.936674	0	1.0	0.0
21.1807	279.7548	71.340997	0	1.0	0.521256238357
21.2131	279.7736	71.341039	0	1.0	0.441859864597
18.1768	281.1869	75.173753	6	1.0	0.328562322646
10.0492	287.2752	75.558316	9	0.45231932718	0.54768067282
10.024	286.5253	78.178085	10	1.0	0.0
10.0448	286.5474	78.211345	10	1.0	0.0
10.0112	286.5863	78.250678	10	0.871249629995	0.128750370005
10.0378	286.5183	78.295548	10	1.0	0.0
21.3642	279.5725	93.175513	0	1.0	0.0
21.2137	279.4248	98.9028	0	0.357471311214	0.642528688786
21.1586	279.5608	98.902808	0	1.0	0.0213897978877
10.02	287.283	100.641756	9	0.394628088701	0.605371911299
18.1804	281.1653	101.820949	6	1.0	0.0
21.0999	279.7918	103.143092	0	1.0	0.179365288929
21.4353	279.7695	103.143264	0	0.230039561954	0.769960438046
21.3729	279.5208	104.126708	0	0.892942082589	0.107057917411
26.0182	277.6153	106.946781	14	0.846708435185	0.153291564815
26.0778	277.4634	106.946785	-1	0.0	0.300277670787
25.9984	277.6161	106.981155	14	0.853866520909	0.146133479091
10.0579	287.154	107.252275	9	0.757762285039	0.242237714961
21.2541	279.5226	116.242034	0	1.0	0.0
21.4737	279.7422	116.289024	0	0.254607567672	0.745392432328
21.2557	279.5431	116.516942	0	1.0	0.0872381929274
21.298	279.5257	116.765031	0	1.0	0.0
17.225	280.4092	117.602816	5	0.891038614227	0.108961385773
17.0817	280.5088	118.101406	5	0.587610621398	0.412389378602
25.9447	277.7529	119.184873	13	1.0	0.0
25.9547	277.7575	119.265877	13	1.0	0.0
25.9427	277.8098	119.267172	-1	0.0	0.207548087687
25.9418	277.7522	119.380137	13	0.989536171558	0.010463828442
25.9616	277.7357	119.434608	13	1.0	0.0
12.0474	279.0123	119.613533	-1	0.0	0.0522004526812
21.1408	279.6938	120.283083	0	1.0	0.0
21.2682	284.2816	123.314292	12	0.613423600472	0.386576399528
10.047	286.5771	135.547109	10	1.0	0.0
10.0033	286.653	135.606605	10	0.592252405609	0.407747594391
21.1288	279.727	137.505043	0	1.0	0.0
21.1459	279.7139	137.558356	0	1.0	0.0
21.1098	279.7534	137.65021	0	1.0	0.0
21.1311	279.7212	137.703196	0	1.0	0.0
10.0413	287.0141	137.741698	9	0.152985462577	0.847014537423
21.0791	279.7509	148.68407	0	1.0	0.0
18.1861	281.096	149.391851	6	1.0	0.435793208968
25.6256	280.92	155.172665	1	1.0	0.0
17.8257	280.9107	156.012023	6	1.0	0.0784979285625
18.1795	281.1093	162.937655	6	1.0	0.278233620821
18.205	281.1289	162.969727	6	1.0	0.0138349236969
18.1617	281.1179	163.010247	6	1.0	0.187361282018
18.1848	281.128	163.050083	6	1.0	0.0
18.1412	281.1249	163.082927	6	1.0	0.196473247985
18.1536	281.0881	163.151316	6	1.0	0.411222693951
18.2116	281.1134	163.213683	6	1.0	0.372338601474
10.0196	281.9222	163.281959	2	1.0	0.0
17.9827	281.1404	164.192281	6	1.0	0.0
21.0624	279.7219	164.336399	0	1.0	0.0
21.0601	279.7022	164.732523	0	1.0	0.0
21.0373	279.7109	164.88673	0	1.0	0.0
10.0377	287.163	170.054006	9	1.0	0.0
9.788	286.0066	171.096418	7	1.0	0.0
21.0251	279.8185	174.739252	0	0.503687959297	0.496312040703
17.7267	280.8573	175.40585	6	1.0	0.143568785101
17.7813	280.8857	175.559179	6	1.0	0.0776227951655
21.3747	279.5818	176.020952	0	1.0	0.0117897581484
21.3801	279.555	176.219485	0	1.0	0.0
21.3517	279.7848	182.251603	0	0.348230572055	0.651769427945
10.0246	287.1669	188.335608	9	0.835965378578	0.164034621422
21.445	284.0982	188.648801	-1	0.0	0.306123295649
21.2318	279.5239	192.298376	0	1.0	0.0
21.3399	279.4373	192.345807	0	0.384800113101	0.615199886899
17.1649	280.4341	199.964519	5	1.0	0.0
17.2075	280.4319	200.53787	5	1.0	0.0
18.2047	281.1239	201.781224	6	1.0	0.0697036706251
21.0877	279.4773	205.345213	0	0.44248697013	0.55751302987
21.3993	279.4561	206.232639	0	0.391732119192	0.608267880808
20.9021	279.5481	215.419073	0	0.215890043397	0.784109956603
17.8741	280.9334	219.277961	6	1.0	0.101519510567
17.92	280.9365	219.277993	6	1.0	0.175087523399
17.8155	280.9457	219.356426	6	1.0	0.174982806641
20.8855	277.987	219.529351	0	0.017920039155	0.982079960845
21.2624	279.6089	219.529572	0	1.0	0.0295144395804
21.2466	279.7201	225.26908	0	0.705479997506	0.294520002494
18.1818	281.0966	225.49396	6	1.0	0.395760774202
26.0048	277.6631	231.343484	14	1.0	0.0
25.989	277.728	231.398174	13	0.739453233696	0.260546766304
26.0695	277.356	231.39821	-1	0.0	0.422702688577
25.9661	277.6433	231.447891	14	0.381026481923	0.618973518077
26.0121	277.6458	231.51248	14	1.0	0.0
21.1722	279.5534	243.436679	0	1.0	0.0
21.2873	279.6206	243.436741	0	1.0	0.0
21.1873	279.5775	243.475018	0	0.967563961999	0.0324360380009
9.6649	285.9029	249.881434	7	1.0	0.0
12.0791	278.952	255.085884	-1	0.0	0.0728857548655
17.7876	280.8391	259.312189	6	1.0	0.0
21.1036	280.13	261.1224	0	0.141249286881	0.858750713119
21.2617	279.8954	261.122566	0	0.547830608741	0.452169391259
17.2147	281.0126	261.123445	6	0.144046380632	0.855953619368
10.0267	286.4742	263.079644	10	0.723957925327	0.276042074673
21.2783	279.3756	263.757633	0	0.281269566876	0.718730433124
21.1813	279.6756	265.737406	0	1.0	0.0903879689929
18.1811	281.1648	271.684019	6	1.0	0.0
18.2005	281.1576	271.785128	6	1.0	0.508412956904
26.0155	277.5178	273.836635	-1	0.0	0.272391754036
26.0139	277.6361	274.055476	14	0.959014570807	0.0409854291932
21.1139	279.7167	278.724812	0	1.0	0.0
18.2837	281.3246	284.742062	6	0.691486555557	0.308513444443
18.2973	281.3602	284.79157	6	0.707320121401	0.292679878599
18.2465	281.3833	285.284517	6	0.707320121401	0.292679878599
12.0811	278.9839	285.303116	-1	0.0	0.0631386309556
21.389	279.5828	285.853914	0	1.0	0.0498462774346
17.156	280.368	285.988164	5	0.782848153366	0.217151846634
17.1184	280.3607	286.051112	5	0.581421879942	0.418578120058
17.1339	280.4158	286.116542	5	0.980296031816	0.0197039681844
17.2075	280.5132	286.116576	5	0.649962117937	0.350037882063
17.1676	280.3633	286.277478	5	0.774264707846	0.225735292154
17.1725	280.4288	286.610349	5	1.0	0.0
18.171	281.0955	286.980373	6	1.0	0.287648764523
18.1577	281.1307	287.556269	6	1.0	0.0104034929887
21.0925	279.7158	291.435936	0	1.0	0.0
20.928	279.726	291.435936	0	0.415077215199	0.584922784801
21.0445	279.7145	291.555753	0	1.0	0.0
21.0518	279.6612	291.964159	0	0.90630556611	0.0936944338905
20.1824	283.4902	292.128158	3	1.0	0.0
21.3611	279.5374	295.505626	0	1.0	0.0
21.4225	279.5486	295.60289	0	0.75392621102	0.24607378898
21.3339	279.5049	295.865514	0	1.0	0.0
9.9882	287.0961	299.084222	9	0.316490506959	0.683509493041
10.0244	281.9207	304.261126	2	1.0	0.0
21.1714	279.7199	305.392832	0	1.0	0.0
18.1527	281.1196	305.872247	6	1.0	0.0
17.9006	280.9379	308.442534	6	1.0	0.108908245682
17.8205	280.9893	308.508268	6	1.0	0.0407445332357
17.8809	280.9815	308.560218	6	1.0	0.146175793052
17.8622	280.9756	308.663282	6	1.0	0.0
10.0983	287.0906	309.094717	9	0.316490506959	0.683509493041
25.9505	277.7255	313.663483	13	1.0	0.0
25.9768	277.7347	313.722153	13	1.0	0.0
26.0052	277.5858	320.759789	14	0.307890949446	0.692109050554
26.0087	277.6211	320.799782	14	0.959014570807	0.0409854291932
26.0193	277.635	320.883072	14	0.811885251569	0.188114748431
17.7558	280.8545	322.903045	6	1.0	0.0
25.616	280.9212	327.796652	1	0.97286118239	0.0271388176097
25.6014	280.9152	327.84266	1	1.0	0.0
21.0672	279.7107	327.857393	0	1.0	0.0
25.6068	280.9151	327.905263	1	1.0	0.0
21.0419	279.7294	327.931802	0	1.0	0.0
21.0782	279.7326	327.987858	0	1.0	0.0
21.0615	279.7202	328.037475	0	1.0	0.0
18.175	281.1331	328.439431	6	1.0	0.0862637934296
21.1377	279.6664	347.007698	0	1.0	0.0323772422575
21.1372	279.7435	347.297069	0	1.0	0.138692400886
17.8416	281.0126	359.438204	6	1.0	0.176565846375
21.0704	279.5167	359.506628	0	0.391060820529	0.608939179471
17.8225	280.9819	359.76131	6	1.0	0.266825282359
17.7754	280.8492	360.368787	6	1.0	0.0
21.1426	279.6351	362.784844	0	0.773326100366	0.226673899634
26.0327	277.6187	364.312218	14	0.593681921994	0.406318078006
26.0697	277.6027	364.394396	14	0.298788165387	0.701211834613
9.93	281.9178	375.90098	2	0.839221266884	0.160778733116
9.992	281.9215	375.900999	2	1.0	0.0
10.0441	281.9519	375.984185	2	1.0	0.0
21.3076	279.5188	377.801737	0	1.0	0.0
21.1939	279.6543	377.878718	0	1.0	0.13096001699
21.35	279.6551	377.930823	0	0.977811857893	0.0221881421069
18.1681	281.1223	387.152541	6	1.0	0.0
18.1732	281.0739	387.294267	6	1.0	0.138027863727
18.1707	281.1854	387.331979	6	1.0	0.274124032448
18.1494	281.1284	388.27493	6	1.0	0.107486736308
17.9966	281.1439	389.051779	6	1.0	0.0
17.7696	280.8433	397.02772	6	1.0	0.0
21.1916	279.8173	398.10049	0	1.0	0.0
21.2277	284.3162	405.911072	12	0.807665214091	0.192334785909
21.7181	284.8236	405.911436	-1	0.0	0.885104962565
21.2554	284.2194	405.954256	12	0.336879416012	0.663120583988
25.9975	277.616	414.280148	14	0.841673084286	0.158326915714
26.0368	277.6196	414.409743	14	0.595450344186	0.404549655814
21.0303	279.7484	419.100224	0	1.0	0.0999004898768
21.057	279.726	419.204793	0	1.0	0.0
21.0485	279.679	419.399311	0	1.0	0.137916880764
21.2475	284.3405	420.462181	12	0.858367946144	0.141632053856
21.1577	279.7744	426.16866	0	1.0	0.430387092203
10.0649	287.1297	427.793095	9	0.493187157643	0.506812842357
21.0682	279.7155	431.192108	0	1.0	0.0
21.0672	279.7006	431.375586	0	1.0	0.0
19.9773	283.5057	431.46184	3	0.754308138269	0.245691861731
8.9019	285.7417	435.485673	7	1.0	0.0
17.8119	280.8425	443.709378	6	1.0	0.0
17.861	280.9691	443.709394	6	1.0	0.0
17.839	280.8764	443.76535	6	1.0	0.0391745636225
21.1703	279.7362	443.889179	0	1.0	0.0
21.1635	279.778	444.014803	0	1.0	0.396694852635
17.8352	280.928	444.586238	6	1.0	0.0784979285625
21.1465	279.5424	445.831614	0	0.783945392042	0.216054607958
21.127	279.6966	445.905762	0	1.0	0.0
21.075	279.7396	445.962984	0	1.0	0.0
21.0558	279.7652	446.041609	0	1.0	0.0
18.1987	281.0725	446.522896	6	1.0	0.236314069927
18.1846	281.0777	446.619693	6	1.0	0.435793208968
21.0848	279.7267	450.306752	0	1.0	0.0
8.2965	285.4213	450.678537	4	1.0	0.0
21.021	279.7023	458.08881	0	1.0	0.0
20.9093	279.8645	458.21425	0	0.2158813147	0.7841186853
21.0895	279.6852	458.214408	0	1.0	0.0150685337706
20.9924	279.6605	468.353948	0	0.76734940772	0.23265059228
18.21	281.2029	468.357994	6	1.0	0.362999798905
21.137	279.7192	470.444801	0	1.0	0.0
21.1447	279.684	470.505459	0	1.0	0.0
21.3245	283.9821	475.044555	-1	0.0	0.556993631456
9.697	286.1712	475.605093	7	1.0	0.103443046926
8.8259	285.7884	477.772451	7	1.0	0.0
8.8562	285.7713	477.859064	7	1.0	0.0
18.2395	281.1292	478.961251	6	1.0	0.0219863332149
21.0824	279.6848	480.137769	0	1.0	0.0
21.085	279.7195	480.208575	0	1.0	0.0
21.0225	279.7117	480.98557	0	1.0	0.0
21.0028	279.6544	481.050172	0	0.78650910348	0.21349089652
21.0444	279.6763	481.155466	0	0.982486997934	0.017513002066
21.3277	279.5476	485.648785	0	1.0	0.00795629331517
21.3493	279.4963	485.728613	0	0.77587277128	0.22412722872
21.0672	279.7341	486.185434	0	1.0	0.0
21.0032	279.5896	487.75839	0	0.360103297392	0.639896702608
21.0658	279.7121	487.758423	0	1.0	0.0
17.8302	280.8467	488.562396	6	1.0	0.213530194219
17.7964	280.897	488.615903	6	1.0	0.0117341300195
17.8212	280.8636	488.881719	6	1.0	0.189590511003
21.2849	284.311	495.332093	12	0.922843759059	0.0771562409413
21.2352	284.2711	495.451692	12	0.69042578721	0.30957421279
21.2572	284.2917	495.582536	12	0.796188764362	0.203811235638
21.2371	284.3133	495.627532	12	0.959773757398	0.0402262426021
21.241	284.2563	495.695546	12	0.546907708904	0.453092291096
21.3191	279.5804	504.194246	0	1.0	0.183734715365
21.0705	279.7182	506.168388	0	1.0	0.0
21.0822	279.7071	506.236481	0	1.0	0.0
21.0428	279.7013	506.308839	0	1.0	0.0
21.0496	279.725	506.358164	0	1.0	0.0
8.3061	285.4506	510.965	4	1.0	0.0
21.1416	279.7031	517.420857	0	1.0	0.0
19.5041	282.27	522.946626	-1	0.0	0.639073303296
17.8401	280.9307	523.000597	6	1.0	0.0784979285625
17.8096	280.9122	523.056498	6	1.0	0.0848298875624
25.9653	277.9216	531.185192	8	1.0	0.0
26.0095	277.6086	543.752161	14	0.747652359112	0.252347640888
26.0105	277.6489	543.779084	14	1.0	0.0
10.0478	281.9514	544.007452	2	0.978322886136	0.0216771138641
10.0301	281.877	544.080445	2	0.885432106894	0.114567893106
10.0341	281.8763	544.102663	2	0.86689731947	0.13310268053
10.1531	281.6191	544.179495	2	0.130611878215	0.869388121785
10.0076	281.896	544.237785	2	1.0	0.0
21.0562	279.7037	544.975593	0	1.0	0.0
21.0932	279.7217	545.518399	0	1.0	0.0
18.2287	281.1399	548.242451	6	1.0	0.0851604085213
18.1774	281.1658	548.663474	6	1.0	0.0
21.0478	279.7063	563.892827	0	1.0	0.0
21.0758	279.4337	563.979029	0	0.340712176946	0.659287823054
21.0216	279.6997	563.979035	0	1.0	0.0
25.9289	277.7112	564.873169	13	0.729117691867	0.270882308133
18.1484	281.0927	567.025292	6	1.0	0.0729305110889
18.1906	281.1249	567.399549	6	1.0	0.0
26.0003	277.627	574.247262	14	0.853866520909	0.146133479091
21.2063	279.7911	578.492565	0	1.0	0.50164996636
9.6993	285.8131	582.941578	7	1.0	0.105199869716
8.8279	285.7626	587.871711	7	1.0	0.0
21.0964	279.6292	592.575477	0	0.568024674086	0.431975325914
21.0817	279.7315	592.575498	0	1.0	0.0
18.23	281.1408	596.965299	6	1.0	0.13322155395
21.2724	279.6047	596.99882	0	1.0	0.0
21.2804	279.5705	597.166079	0	1.0	0.0
21.2211	279.4876	597.166141	0	0.627422869907	0.372577130093
