14.7157	279.9153	5e-06	-1	0.0	0.0434654653487
13.5754	278.5938	-599.622415	-1	0.0	0.121921350386
13.5655	278.6235	-599.394418	27	0.56375543363	0.43624456637
6.5093	281.7903	-594.495605	6	1.0	0.0
6.4836	281.7376	-594.457917	6	0.662938415379	0.337061584621
7.8033	281.2292	-588.181442	8	0.821356791263	0.178643208737
7.3786	281.5535	-588.18111	-1	0.0	0.435534051866
7.7519	281.2207	-588.088009	8	1.0	0.495755640825
7.7204	281.2076	-588.039002	8	0.893826277234	0.106173722766
14.5474	277.797	-583.379536	16	1.0	0.0226519051123
14.5743	277.7952	-583.32121	16	1.0	0.0226519051123
14.5275	277.8154	-583.276272	16	1.0	0.352734781633
14.5775	277.8108	-583.241559	16	1.0	0.0
14.5654	277.8068	-583.21857	16	1.0	0.0
14.5872	277.8226	-583.15965	16	1.0	0.0
14.5447	277.7962	-583.097653	16	1.0	0.106290826329
14.4067	280.0606	-580.848511	23	1.0	0.243815350692
14.4373	280.1136	-580.756506	23	0.896598802795	0.103401197205
13.5481	278.8098	-579.454321	-1	0.0	0.33448216516
13.4287	278.7254	-579.245264	-1	0.0	0.304259422353
14.3482	277.6574	-578.683201	16	1.0	0.00692023493742
14.374	277.6377	-578.530571	16	1.0	0.0
12.5564	277.6669	-576.139579	-1	0.0	0.0360822499337
12.5313	277.6456	-576.046162	-1	0.0	0.0199366748224
14.1065	276.8505	-574.29702	19	0.876858591604	0.123141408396
13.9894	278.9615	-573.276149	25	1.0	0.0267498237133
13.9823	278.9459	-573.223904	25	1.0	0.0976499160994
14.0274	278.9373	-573.179124	25	1.0	0.136041302273
14.6898	279.7241	-568.368025	22	1.0	0.0
7.0534	281.3572	-566.867887	11	0.925810637908	0.0741893620922
7.1425	281.3733	-566.81118	11	1.0	0.0
14.0078	276.8055	-566.159789	19	1.0	0.0114545697882
6.1944	280.9264	-564.935107	-1	0.0	0.194344575042
8.865	274.1043	-564.508717	5	1.0	0.0
13.819	278.7878	-551.951929	-1	0.0	0.160348790542
13.7744	278.7851	-551.893455	26	0.779103499736	0.220896500264
14.4078	280.0521	-550.873229	23	1.0	0.23416282292
14.2101	278.0112	-550.253028	16	0.239706154784	0.760293845216
14.4794	277.8754	-550.252966	16	0.717769947646	0.282230052354
6.7779	281.8101	-549.532457	7	1.0	0.0
5.6394	281.8207	-547.555023	4	1.0	0.0
5.6472	281.8409	-547.341545	4	1.0	0.100458953248
5.5956	281.8902	-547.306071	4	0.681511519592	0.318488480408
5.5788	281.7845	-547.275144	4	1.0	0.0548324713119
5.5867	281.8005	-547.202768	4	1.0	0.0
5.6761	281.8508	-547.114379	4	1.0	0.0
6.7568	281.1214	-545.473975	10	0.359728376423	0.640271623577
6.6812	281.2349	-545.40259	10	0.409412921803	0.590587078197
14.0461	278.9413	-544.156226	25	1.0	0.0
13.534	278.2346	-543.584631	17	1.0	0.425955020722
13.9858	278.9269	-530.438658	25	1.0	0.188731560239
14.0197	276.9136	-530.377916	19	0.599691051218	0.400308948782
13.9802	278.9649	-530.369357	25	1.0	0.046210947713
14.0414	276.9222	-530.331986	19	0.599691051218	0.400308948782
14.0072	278.9656	-530.314696	25	0.875512979396	0.124487020604
14.0809	276.8595	-530.185164	19	0.674075538988	0.325924461012
14.0214	276.9252	-530.133722	19	0.525567092402	0.474432907598
14.0072	276.8756	-530.079896	19	1.0	0.0
14.5116	276.6097	-530.012653	-1	0.0	0.525248394545
14.0463	276.8981	-529.952	19	0.598378412254	0.401621587746
13.4111	276.8783	-529.913544	18	0.725724436859	0.274275563141
14.0324	276.9328	-529.849516	19	0.421374398601	0.578625601399
14.0338	276.8982	-529.588455	19	0.599691051218	0.400308948782
14.5563	277.8179	-528.670571	16	1.0	0.0922321480295
14.6199	277.8823	-528.660625	16	1.0	0.31452741141
14.6209	277.7211	-528.607185	16	0.837010770494	0.162989229506
14.6207	277.8302	-528.551042	16	1.0	0.275415744398
14.6282	277.8549	-528.516362	16	1.0	0.0634926262655
13.6041	278.6469	-526.134631	27	0.535360565808	0.464639434192
14.4356	280.0763	-526.099705	23	1.0	0.23416282292
6.8066	281.8745	-520.581567	7	0.905325244183	0.0946747558166
14.3819	277.5963	-516.847453	16	1.0	0.504427332124
13.5407	278.2839	-513.88665	17	0.50701071809	0.49298928191
7.8085	281.2927	-512.908296	8	1.0	0.446630575097
7.9351	281.6931	-512.908162	-1	0.0	0.307616713436
7.6156	281.3573	-512.793035	8	0.317943779189	0.682056220811
7.8221	281.3153	-512.595737	8	0.623784716907	0.376215283093
13.4542	278.7849	-511.868391	-1	0.0	0.270417651259
14.8016	277.3773	-508.281679	16	0.164280780302	0.835719219698
5.9493	282.1898	-505.747473	3	1.0	0.0
8.2526	276.4729	-504.94559	-1	0.0	0.0189504515504
14.005	278.9999	-503.938691	25	0.723772208908	0.276227791092
13.9867	278.9369	-503.863582	25	1.0	0.18216141611
5.6193	281.8232	-503.374443	4	1.0	0.0
5.5869	281.8058	-503.321462	4	1.0	0.0813611515726
13.4091	277.0399	-503.136702	18	1.0	0.0477720652684
12.4973	278.1652	-500.998851	-1	0.0	0.176341602365
12.4351	278.2396	-500.963936	-1	0.0	0.242035982647
13.8856	278.9237	-498.880607	25	0.483380957887	0.516619042113
14.5624	277.8596	-498.861637	16	1.0	0.228140400434
13.7189	278.7681	-498.71395	26	1.0	0.0
14.5599	277.8399	-498.430615	16	1.0	0.365931039372
14.342	279.0529	-494.384565	24	0.751020166815	0.248979833185
14.3794	279.2021	-494.222601	24	1.0	0.285661440559
13.8651	279.6342	-492.337131	20	1.0	0.0
13.8773	279.7618	-491.610826	20	0.183495461004	0.816504538996
18.3358	283.2001	-489.948099	0	0.818281718142	0.181718281858
18.3079	283.1957	-489.812357	0	0.677775037587	0.322224962413
7.0804	281.467	-489.785828	11	0.748453993537	0.251546006463
7.2106	281.4324	-489.785824	11	0.671652820621	0.328347179379
18.3211	283.2755	-489.381219	0	0.176182731307	0.823817268693
18.3645	283.2138	-489.279733	0	0.44404009905	0.55595990095
14.0527	276.8365	-486.750513	19	1.0	0.204574301914
13.9896	276.8238	-486.65788	19	1.0	0.0
14.4203	280.0324	-481.668568	23	1.0	0.23416282292
14.3941	279.3102	-480.007563	24	1.0	0.0220009220487
14.3666	279.296	-479.92125	24	1.0	0.225556428321
7.6348	281.2728	-479.482338	8	0.471140462653	0.528859537347
14.0804	278.9403	-477.814128	25	1.0	0.204875495629
13.962	278.9613	-477.77127	25	1.0	0.223377142436
13.9694	278.9508	-477.750908	25	1.0	0.0267498237133
14.0882	279.0872	-477.652805	-1	0.0	0.246784696262
13.9555	278.9328	-477.573706	25	1.0	0.128540818889
5.6938	281.9021	-470.073008	4	1.0	0.0
5.641	281.8592	-468.406013	4	1.0	0.125118705638
13.4963	278.2603	-467.892121	17	0.762993214472	0.237006785528
14.3906	277.648	-466.828231	16	1.0	0.392003696202
14.3251	277.6034	-466.543972	16	1.0	0.228611484568
14.288	277.5011	-466.441889	16	0.771752604538	0.228247395462
14.3418	277.5492	-466.255191	16	1.0	0.438247652792
14.2825	277.5628	-466.179262	16	1.0	0.438247652792
14.2686	277.5606	-466.12035	16	0.899255110637	0.100744889363
13.4287	278.1403	-463.761104	17	0.416704769011	0.583295230989
6.6757	281.1617	-461.040521	10	1.0	0.0
6.5439	281.2591	-460.987896	10	0.190636871076	0.809363128924
6.6788	281.1495	-460.949007	10	1.0	0.306250051202
6.5045	281.7769	-460.738045	6	0.88423509625	0.11576490375
6.4544	281.7428	-460.698953	6	0.76192852216	0.23807147784
13.2709	276.9872	-458.972107	18	0.874422854958	0.125577145042
14.0169	279.0498	-453.88637	25	0.452818622602	0.547181377398
14.002	278.9128	-453.855791	25	1.0	0.178658086201
5.6863	281.9439	-447.701739	4	0.920742163034	0.079257836966
5.6193	281.8485	-447.612362	4	1.0	0.0
9.479	279.1731	-446.431844	15	1.0	0.0
9.5459	279.2114	-446.419012	15	0.362499264274	0.637500735726
13.532	278.7047	-446.256677	27	1.0	0.0
14.4442	280.035	-445.489576	23	1.0	0.23416282292
14.5677	280.3767	-445.12022	23	0.557302854958	0.442697145042
14.6085	280.2673	-445.069462	23	1.0	0.198359599586
14.2007	277.0394	-445.002205	-1	0.0	0.0522010525853
14.0657	278.9827	-444.411726	25	1.0	0.0
13.0166	279.066	-444.397156	21	1.0	0.0208199778214
14.2574	278.9083	-444.253738	-1	0.0	0.463114532211
13.1007	279.1455	-444.116246	21	1.0	0.162206634709
14.1801	279.0486	-444.093023	-1	0.0	0.246784696262
13.592	278.6454	-442.859312	27	0.638660955666	0.361339044334
13.7103	278.6644	-442.859277	-1	0.0	0.349423991388
14.5235	277.7546	-440.334537	16	1.0	0.345006159947
14.4514	277.6769	-440.292897	16	1.0	0.0
14.5601	277.811	-439.722227	16	1.0	0.114246112078
13.7117	278.7596	-439.712648	26	0.934567527553	0.065432472447
14.3837	279.1787	-439.517317	24	1.0	0.322443839036
14.3634	279.1872	-439.452524	24	1.0	0.0
13.5224	278.2212	-429.754545	17	1.0	0.416526894344
14.4333	280.0398	-416.17141	23	1.0	0.23416282292
14.4392	280.0256	-416.077783	23	1.0	0.292572044244
14.4799	277.7977	-415.591339	16	1.0	0.33189990874
14.7281	277.7271	-415.591211	16	0.774504459404	0.225495540596
14.6304	277.8448	-415.242348	16	1.0	0.405546679576
13.865	279.6309	-414.74357	20	1.0	0.0
13.889	279.6397	-414.695733	20	1.0	0.0
13.8976	279.6735	-414.637957	20	0.624065085175	0.375934914825
13.8807	279.6671	-414.571147	20	0.822773824242	0.177226175758
5.6963	281.9365	-413.480247	4	1.0	0.103812434086
13.9521	278.8979	-413.301054	25	1.0	0.0940283844256
13.9889	278.9188	-413.179907	25	1.0	0.10808431809
13.9663	278.8897	-412.796136	25	1.0	0.0
5.6559	281.9154	-412.689632	4	0.970499341684	0.0295006583163
8.3073	276.5017	-412.640095	-1	0.0	0.00940661171609
7.7863	281.261	-409.315507	8	1.0	0.145297312658
7.7472	281.192	-409.269272	8	1.0	0.252299617126
13.5669	278.7378	-406.196124	27	1.0	0.243958196863
13.505	278.7351	-406.152511	27	0.664197064483	0.335802935517
13.536	278.1813	-405.252178	17	1.0	0.159867323801
15.0548	279.9763	-399.94172	-1	0.0	0.212058353427
13.2581	276.9658	-398.888166	18	1.0	0.00059787975016
14.0184	276.8572	-397.93985	19	1.0	0.0
14.012	276.8633	-397.833561	19	1.0	0.0
14.0291	276.8633	-397.723625	19	1.0	0.0
14.0716	276.8384	-397.655281	19	1.0	0.204574301914
14.402	279.1912	-396.393401	24	1.0	0.0653189675557
14.4198	279.1641	-396.225339	24	1.0	0.110851211349
13.8841	279.6519	-391.901767	20	0.902922008557	0.0970779914426
6.6507	281.13	-391.40569	10	0.626498706766	0.373501293234
6.6722	281.2028	-391.309934	10	0.518332100591	0.481667899409
14.53	277.766	-390.839752	16	1.0	0.345006159947
14.5828	277.833	-390.661755	16	1.0	0.0
7.042	281.4301	-382.453221	11	1.0	0.0
7.0922	281.5136	-382.047123	11	0.517206765409	0.482793234591
7.031	281.4239	-381.885302	11	1.0	0.0
13.7913	278.7664	-378.926044	26	0.836223367417	0.163776632583
13.7591	278.7704	-378.851685	26	1.0	0.0
14.3299	277.6329	-372.131588	16	1.0	0.101051905443
9.4958	279.1795	-372.062369	15	0.748732123747	0.251267876253
14.4194	277.6016	-371.752697	16	1.0	0.528608798391
13.4592	278.8094	-369.255081	-1	0.0	0.385587610149
13.4628	278.7643	-369.215258	-1	0.0	0.237587244684
13.439	278.7796	-369.063294	-1	0.0	0.24793952956
5.5652	281.7163	-362.862761	4	0.912291367709	0.0877086322913
14.6799	279.7459	-362.407539	22	0.813570148407	0.186429851593
13.9587	278.9261	-360.897924	25	1.0	0.180606898791
13.9764	278.8976	-360.847338	25	1.0	0.0
13.9864	279.0269	-359.614647	-1	0.0	0.0498377037367
13.9861	279.0225	-359.426266	25	0.452818622602	0.547181377398
14.3239	279.1836	-353.276107	24	1.0	0.262017573649
14.0132	276.7827	-351.946543	19	1.0	0.0589348169964
14.0012	276.8327	-351.591123	19	1.0	0.0
13.5741	278.2123	-351.460889	17	1.0	0.0
13.8847	279.645	-351.448587	20	1.0	0.12652481644
14.381	279.2568	-350.975681	24	1.0	0.0922483471933
7.7509	281.2736	-350.645496	8	1.0	0.0
7.7559	281.2566	-350.532118	8	1.0	0.145297312658
14.1982	277.8363	-349.44417	16	0.317684190422	0.682315809578
13.5776	278.7516	-349.217732	27	0.97879935022	0.0212006497798
6.4784	281.8213	-346.71447	6	1.0	0.0
14.5351	280.1573	-345.326346	23	1.0	0.467771528174
14.3733	280.0045	-345.145789	23	1.0	0.451070646903
14.592	277.8231	-343.983726	16	1.0	0.0489710805362
14.6727	277.8375	-343.983688	16	1.0	0.0992615886062
14.5855	277.8519	-343.811878	16	1.0	0.359426015681
14.5788	277.7856	-343.725474	16	1.0	0.30924640198
14.5985	277.8316	-343.150466	16	1.0	0.0
14.049	278.9475	-341.072858	25	1.0	0.0
14.0576	278.9953	-340.985119	25	1.0	0.0554306252076
5.7237	281.8562	-340.789039	4	1.0	0.062658989489
14.0644	278.9867	-340.562194	25	1.0	0.0
14.0118	276.8323	-339.20627	19	1.0	0.0331001876822
14.0006	276.8811	-339.125974	19	0.777887789344	0.222112210656
8.8917	274.9747	-338.192541	5	1.0	0.0
6.7471	281.7245	-332.074185	7	1.0	0.0
6.7491	281.6761	-331.676483	-1	0.0	0.0328752698411
14.4282	279.2665	-326.773625	24	1.0	0.307116735142
5.925	282.1821	-320.405603	3	1.0	0.0
5.3569	282.1166	-313.689871	-1	0.0	0.258359183687
13.6914	276.9979	-313.01913	18	0.41697190883	0.58302809117
14.3753	279.1279	-312.211859	24	1.0	0.259807138789
14.375	279.1884	-312.15665	24	1.0	0.0
14.3429	279.1644	-312.092983	24	1.0	0.0174299579968
13.5906	278.7743	-312.034687	27	0.609550987131	0.390449012869
13.5684	278.7614	-311.647868	27	0.764529010368	0.235470989632
13.5067	278.2339	-307.946903	17	1.0	0.416526894344
13.4942	278.2346	-307.878678	17	1.0	0.467423550475
14.6462	280.2455	-301.280661	23	1.0	0.446928662533
5.6428	281.8553	-295.488103	4	1.0	0.0
13.9911	276.866	-293.141662	19	0.918523191163	0.0814768088369
18.4092	282.9609	-289.470579	0	0.0888802017432	0.911119798257
18.368	283.0801	-289.470539	0	0.206698230691	0.793301769309
18.3694	283.0665	-289.27058	0	0.177583292761	0.822416707239
6.9002	281.2293	-289.122066	10	0.201409472319	0.798590527681
6.7147	281.1772	-289.122041	10	1.0	0.338029058656
13.8568	279.6229	-289.086542	20	1.0	0.0
14.3895	277.6356	-288.372199	16	1.0	0.0
14.0416	278.9372	-286.439881	25	1.0	0.0
13.7463	278.9176	-283.809102	-1	0.0	0.242542634529
13.7501	278.818	-283.77098	-1	0.0	0.0622715212859
12.5584	277.6465	-280.968085	-1	0.0	0.663125084553
12.5416	277.5982	-280.966768	-1	0.0	0.638733047739
13.0475	279.0741	-278.935667	21	1.0	0.0
5.523	281.7911	-276.671281	4	0.989232872079	0.0107671279206
14.4306	279.3239	-273.410738	24	0.956233207594	0.0437667924063
14.5274	279.337	-273.410701	-1	0.0	0.171375634033
14.4109	279.3136	-273.34114	24	1.0	0.324306921632
14.3278	279.1423	-270.878529	24	1.0	0.0939066868407
7.7497	281.267	-267.075581	8	1.0	0.0
7.9058	281.2517	-267.07557	8	0.456567448722	0.543432551278
7.7722	281.2764	-267.019645	8	1.0	0.0746239613893
7.7314	281.2354	-266.610126	8	1.0	0.444216837049
14.3724	280.0032	-265.458254	23	1.0	0.465608563769
14.3836	279.9506	-265.373152	23	0.687604272265	0.312395727735
14.5688	280.2315	-264.757515	23	1.0	0.503360541044
14.6094	280.2705	-264.694865	23	1.0	0.253846063687
14.6774	279.7476	-264.232808	22	0.737986449914	0.262013550086
14.3503	279.158	-260.972212	24	1.0	0.0
14.3331	279.1631	-260.485329	24	1.0	0.0939066868407
13.5434	278.2018	-260.107458	17	1.0	0.0
13.5506	278.7225	-258.098356	27	1.0	0.0
13.4894	278.7006	-258.012884	27	0.998911901663	0.00108809833691
13.503	278.6751	-257.9815	27	1.0	0.0
13.7833	278.7603	-257.92457	26	1.0	0.0
14.0624	278.976	-257.736947	25	1.0	0.0
14.0207	278.8742	-257.68097	25	0.89950679125	0.10049320875
13.5332	278.6991	-257.629157	27	1.0	0.0
14.0215	278.9173	-257.563845	25	1.0	0.28147836534
14.0541	278.9474	-257.453158	25	1.0	0.0694204004847
14.0467	278.9781	-257.379612	25	1.0	0.0
14.0869	278.9717	-257.230502	25	1.0	0.117209918177
14.0571	278.966	-257.031796	25	1.0	0.0127296308041
13.6708	278.7777	-256.967119	27	0.52410746887	0.47589253113
14.4002	277.5327	-255.01954	16	0.707768508102	0.292231491898
13.4514	277.0509	-254.209218	18	0.947770960778	0.0522290392223
13.9573	278.8039	-251.853621	25	1.0	0.0
9.5064	279.2147	-250.005914	15	0.415099200136	0.584900799864
9.5441	279.1937	-249.935481	15	0.520561952666	0.479438047334
13.9954	276.8114	-247.532471	19	1.0	0.0
14.0173	276.8693	-247.227177	19	1.0	0.0
13.9491	276.8345	-247.058399	19	0.561255945895	0.438744054105
13.9779	276.8067	-246.898752	19	0.943464736655	0.0565352633446
9.7851	279.2871	-243.333586	14	1.0	0.0
13.5368	278.232	-240.458691	17	1.0	0.467423550475
5.6508	281.8172	-235.419602	4	1.0	0.00851157481517
14.642	280.318	-234.89238	23	1.0	0.0
5.6916	281.8281	-234.691725	4	1.0	0.145805222465
6.2528	281.1125	-231.602967	-1	0.0	0.457683239854
13.4847	278.0991	-227.681398	17	0.692328802657	0.307671197343
13.6143	278.2381	-225.641712	17	1.0	0.529255918418
13.5121	278.1658	-225.596245	17	1.0	0.519356904082
14.3213	279.1849	-220.444771	24	1.0	0.310739123944
14.3411	279.1938	-220.39833	24	1.0	0.360767385557
14.3819	279.2232	-220.367396	24	1.0	0.0
14.2913	279.1657	-220.327589	24	1.0	0.210707135286
5.931	282.186	-218.525714	3	1.0	0.0
14.0772	278.9746	-218.141084	25	1.0	0.0688214694943
15.2263	278.715	-216.798883	-1	0.0	0.0533318120083
15.0547	278.5269	-216.293678	-1	0.0	0.0176605368692
14.2274	277.8648	-208.537002	16	0.356959742891	0.643040257109
6.7315	281.1927	-208.507616	10	1.0	0.0
6.6718	281.1366	-208.393179	10	1.0	0.349204189774
6.6863	281.158	-207.903938	10	1.0	0.0
13.5658	278.7209	-207.197917	27	1.0	0.0
13.4991	278.8308	-206.989454	-1	0.0	0.229730865616
14.4435	277.7015	-204.769518	16	1.0	0.0
14.4504	277.6987	-204.682054	16	1.0	0.0
14.8138	277.5774	-204.68188	16	0.266745056291	0.733254943709
7.1532	274.5437	-200.90715	5	1.0	0.0
14.6637	279.7365	-195.953096	22	1.0	0.0
14.1065	279.0002	-195.367152	25	0.758193463165	0.241806536835
14.0377	278.9451	-195.265542	25	1.0	0.0
14.0991	279.0459	-195.215031	25	0.452818622602	0.547181377398
14.0382	278.9392	-195.179715	25	1.0	0.0
14.0436	278.9855	-195.142079	25	1.0	0.0
14.0694	278.9966	-195.079442	25	1.0	0.165049003603
14.0036	276.8164	-189.159339	19	1.0	0.0
14.0753	276.8482	-189.017051	19	1.0	0.204574301914
14.0374	276.8213	-188.968266	19	0.84891787866	0.15108212134
14.9818	276.5478	-188.829578	-1	0.0	0.224572993358
14.0256	276.8361	-188.829358	19	1.0	0.138944556885
14.3938	279.1557	-185.921063	24	1.0	0.0
13.579	278.7512	-182.737821	27	0.98424548546	0.0157545145396
14.3947	277.604	-182.612016	16	1.0	0.366110020831
13.543	278.737	-182.497655	27	1.0	0.348203128796
5.7353	282.0492	-180.410577	4	0.301809556319	0.698190443681
9.642	279.4584	-175.239392	-1	0.0	0.445753091543
9.5569	279.2887	-175.239388	15	0.231368204415	0.768631795585
9.4963	279.1537	-175.202867	15	1.0	0.0
14.4501	277.6422	-174.841603	16	1.0	0.0847796647426
14.4745	277.6758	-174.782369	16	1.0	0.0
14.4776	277.6547	-174.345573	16	1.0	0.277504772463
7.8068	281.2669	-172.604717	8	1.0	0.313761378471
7.7765	281.1969	-172.541754	8	1.0	0.0
14.3791	280.0149	-171.060243	23	1.0	0.330424054219
13.7075	278.8127	-168.095561	26	0.743869118422	0.256130881578
14.6152	281.3686	-168.038711	9	1.0	0.0
13.3237	276.9844	-166.748835	18	1.0	0.037246111713
14.4893	279.1781	-162.996114	24	0.652655903066	0.347344096934
12.4377	279.0055	-162.842554	-1	0.0	0.107656787914
13.5881	278.2629	-162.842015	17	0.631397376596	0.368602623404
13.5893	278.2167	-162.802369	17	1.0	0.0
13.5074	278.2026	-162.75869	17	1.0	0.239769320416
13.5008	278.2082	-162.717772	17	1.0	0.418441552452
5.6965	281.9162	-158.395724	4	1.0	0.0882569417716
5.6439	281.8783	-158.352826	4	1.0	0.0611614246467
5.658	281.9535	-158.2936	4	0.680471691744	0.319528308256
13.9565	278.9123	-155.570699	25	1.0	0.0160868050031
13.9661	278.8886	-155.522388	25	1.0	0.0
13.9924	278.8999	-155.445539	25	1.0	0.178658086201
13.9669	278.9085	-154.55278	25	1.0	0.0504001447104
13.3943	277.0173	-153.513609	18	1.0	0.0653674229977
14.396	279.2887	-152.475833	24	1.0	0.278554038682
14.4792	279.4466	-152.475803	-1	0.0	0.55521015305
6.75	281.1947	-152.105652	10	1.0	0.0
6.7202	281.1933	-152.031054	10	1.0	0.220452586994
6.6864	281.1649	-151.851922	10	1.0	0.0
6.6014	281.2711	-151.747972	10	0.212018337153	0.787981662847
13.5423	278.7358	-149.538123	27	1.0	0.346603134791
6.4813	281.8099	-148.940809	6	1.0	0.0
6.4248	281.7975	-148.863678	6	1.0	0.0
6.4602	281.8222	-148.797494	6	1.0	0.0
9.405	279.3864	-144.787907	-1	0.0	0.271208086763
14.5598	280.2029	-136.909145	23	1.0	0.467771528174
13.9875	278.9074	-134.348041	25	1.0	0.0
14.0144	278.9367	-134.287047	25	1.0	0.20508057268
5.6211	281.7207	-134.140288	4	1.0	0.0
5.59	281.7318	-134.018226	4	1.0	0.0
5.5735	281.7845	-133.976552	4	1.0	0.0440219688284
14.5528	277.7881	-131.060918	16	1.0	0.0226519051123
13.6497	278.7736	-131.060686	-1	0.0	0.203281111907
13.6903	278.7448	-130.685734	26	0.650321506215	0.349678493785
13.6865	278.7318	-130.530729	-1	0.0	0.000669963992383
13.7914	278.7452	-127.228089	26	0.768309789749	0.231690210251
15.3771	279.64	-125.674287	-1	0.0	0.122640269617
7.8193	281.3267	-125.670476	8	0.607655887673	0.392344112327
7.7629	281.3343	-125.313742	8	0.569036945709	0.430963054291
14.0407	276.8739	-125.287282	19	0.801353486957	0.198646513043
8.8657	274.9975	-124.141319	5	1.0	0.0
5.4557	282.0137	-123.867883	4	0.226935205436	0.773064794564
13.5588	278.0993	-120.347272	17	1.0	0.0
13.6039	278.7275	-114.121627	27	0.958906562863	0.0410934371367
13.5714	278.6869	-114.083548	27	1.0	0.0
13.5793	278.7259	-114.039852	27	1.0	0.0615959420547
5.7325	281.864	-113.978447	4	1.0	0.0245649396418
5.7372	281.974	-113.937943	4	0.606571674064	0.393428325936
5.729	281.9279	-113.839351	4	1.0	0.0786741710331
5.6844	281.8656	-113.271892	4	1.0	0.0
5.6797	281.8915	-113.04099	4	1.0	0.178333204342
5.6373	281.7873	-105.554639	4	0.905369512085	0.0946304879155
5.6916	281.7783	-105.185418	4	0.698462673691	0.301537326309
13.4796	278.7492	-103.259647	-1	0.0	0.203131292198
13.1006	277.3436	-101.282525	-1	0.0	0.596309709804
13.4183	277.0602	-101.230358	18	0.777784240395	0.222215759605
13.9271	276.8088	-95.433887	19	0.475819434154	0.524180565846
14.657	280.312	-94.710142	23	1.0	0.0
14.281	279.0549	-93.808555	24	0.564232042073	0.435767957927
13.8497	279.6397	-91.87597	20	1.0	0.117577455693
14.4803	277.6684	-91.077495	16	1.0	0.0
14.4662	277.7261	-90.999209	16	1.0	0.187562591009
13.9782	278.8814	-90.324173	25	1.0	0.159367409057
13.9415	278.8502	-90.207052	25	0.757947491896	0.242052508104
14.6052	281.3637	-89.98211	9	1.0	0.0
13.6626	278.8145	-89.73768	-1	0.0	0.142628167952
5.7202	281.8918	-84.642236	4	1.0	0.0260185945242
5.7165	281.8923	-84.359494	4	1.0	0.0
14.6564	279.9295	-81.724803	23	0.337681379683	0.662318620317
21.3353	276.8005	-76.89219	1	1.0	0.0
14.8038	277.7965	-75.519387	16	1.0	0.0
14.0529	278.9517	-74.091618	25	1.0	0.257195323874
14.4909	277.7055	-74.058125	16	1.0	0.0454726871422
14.4255	277.6964	-73.986971	16	1.0	0.0
13.5488	278.6586	-73.796881	27	1.0	0.310843966354
14.0931	279.0481	-73.308799	25	0.452818622602	0.547181377398
13.5923	278.2522	-72.28685	17	0.720722058678	0.279277941322
13.5691	278.1948	-72.236929	17	1.0	0.214374792879
13.5348	278.201	-72.192266	17	1.0	0.00251380600062
13.5946	278.2145	-71.972896	17	1.0	0.0
14.3611	279.184	-71.314707	24	1.0	0.0
6.7141	281.1663	-70.062169	10	1.0	0.338029058656
6.7562	281.222	-70.062146	10	0.8260643736	0.1739356264
6.7723	281.1627	-69.943097	10	0.503870149359	0.496129850641
6.711	281.1894	-69.715173	10	0.940222154037	0.0597778459634
8.8253	274.975	-65.866866	5	1.0	0.0
13.0985	279.2055	-64.794563	21	0.997245636974	0.00275436302622
13.8417	278.7228	-62.151682	-1	0.0	0.043629663518
9.4394	279.3089	-59.87667	15	0.234992128607	0.765007871393
5.571	281.6959	-59.39975	4	0.733922440863	0.266077559137
5.5705	281.6763	-59.205066	4	0.506879442807	0.493120557193
14.5459	278.7197	-58.803901	-1	0.0	0.216579422148
13.8226	279.5723	-58.113893	20	1.0	0.0
13.5534	278.6545	-57.426459	27	1.0	0.310843966354
13.5604	278.7193	-57.368927	27	1.0	0.0194858064097
13.5148	278.7005	-56.979709	27	1.0	0.0
13.4672	277.0251	-53.66603	18	1.0	0.146249461269
13.4493	277.006	-53.639207	18	1.0	0.0192475154284
13.9691	278.9264	-47.036429	25	1.0	0.10808431809
13.987	278.8593	-46.918849	25	0.977331410236	0.0226685897642
6.4382	281.7893	-40.452335	6	1.0	0.0
6.4855	281.7276	-40.1129	6	0.563551954774	0.436448045226
13.2528	276.9151	-40.01168	18	1.0	0.0
13.2506	276.8587	-39.937958	18	0.594796306724	0.405203693276
5.6555	281.88	-34.978818	4	1.0	0.0553923366365
5.6744	281.8659	-34.930543	4	1.0	0.0
5.6585	281.869	-34.887961	4	1.0	0.0
14.6798	279.7289	-34.685213	22	1.0	0.0
14.6946	279.7258	-34.613999	22	1.0	0.0
13.7208	278.8022	-33.263312	26	0.78945890224	0.21054109776
13.7242	278.785	-33.080558	26	0.997330034415	0.00266996558485
13.8443	279.3773	-32.670482	20	0.0978128088354	0.902187191165
14.429	279.1451	-31.466137	24	0.907427600311	0.0925723996889
7.561	276.0896	-29.822938	5	0.767033542003	0.232966457997
14.1116	276.9332	-29.780898	19	0.299918047376	0.700081952624
14.0253	276.7524	-29.060847	19	0.552959957417	0.447040042583
13.9983	276.7748	-28.949249	19	1.0	0.206518500522
14.6292	280.3258	-24.4677	23	1.0	0.146568187005
14.4107	279.9624	-20.110167	23	0.804799632915	0.195200367085
14.7433	277.8533	-17.5398	16	0.886167052011	0.113832947989
14.7233	277.8176	-17.435927	16	1.0	0.343531023974
14.2581	277.5747	-17.270149	16	0.92851147772	0.0714885222796
14.028	276.8402	-14.954212	19	1.0	0.105322795433
20.9732	276.5593	-13.188684	1	0.125729464457	0.874270535543
13.8983	279.6052	-12.675676	20	0.831967143962	0.168032856038
13.8892	279.606	-12.542477	20	0.956795650348	0.0432043496516
18.3105	283.16	-11.52965	0	0.965135700498	0.0348642995021
18.3554	283.175	-11.529604	0	1.0	0.0
13.5606	278.7279	-11.310045	27	1.0	0.0
13.5277	278.7128	-11.234513	27	1.0	0.0
13.486	278.6798	-11.210426	27	1.0	0.30656982439
13.5002	278.6797	-11.200481	27	1.0	0.0
14.4172	279.2543	-11.183601	24	1.0	0.0339924099345
14.4016	279.2968	-11.12902	24	1.0	0.278554038682
14.3977	279.2172	-10.986733	24	1.0	0.0
7.1238	281.4009	-9.283062	11	1.0	0.0
13.4809	278.7032	-6.956162	27	0.800434350777	0.199565649223
6.7425	281.2112	-5.827297	10	1.0	0.117467875189
6.7079	281.1555	-5.693528	10	1.0	0.352831763128
6.6734	281.2694	-5.651757	10	0.24749649506	0.75250350494
6.6799	281.1667	-5.540594	10	1.0	0.0
5.6251	281.7621	-1.979295	4	1.0	0.0
5.6062	281.7408	-1.879692	4	1.0	0.0
5.7011	281.7124	-1.71419	4	0.566726618246	0.433273381754
5.6285	281.7867	-1.614445	4	1.0	0.184323471682
5.6123	281.7584	-1.221165	4	0.898497636296	0.101502363704
5.5951	281.8199	-0.991821	4	1.0	0.0
14.7157	279.9153	5e-06	-1	0.0	0.0434654653487
14.4292	277.6755	0.485745	16	1.0	0.246491912483
14.6492	281.3566	0.69968	9	1.0	0.0
14.6036	281.3464	0.765376	9	1.0	0.0
13.5473	278.6882	6.686841	27	1.0	0.0
13.5315	278.6172	6.821136	-1	0.0	0.14678488642
13.3719	276.922	14.325901	18	1.0	0.117752084925
15.1417	288.4802	14.944812	-1	0.0	0.541855251824
21.3137	276.8124	17.078439	1	1.0	0.0
7.7749	281.1913	18.278202	8	1.0	0.0
7.8002	281.1948	18.370133	8	1.0	0.0
18.3235	278.5817	18.429877	-1	0.0	0.128117803525
7.7907	281.24	18.481329	8	1.0	0.435528477298
7.8003	281.1872	18.555497	8	1.0	0.0
7.7781	281.1971	18.588929	8	1.0	0.0
5.7347	281.7835	19.256446	4	0.523159816447	0.476840183553
13.1109	279.2139	21.925302	21	0.973415925182	0.0265840748181
14.5904	280.1729	25.729352	23	1.0	0.467771528174
14.5832	280.1782	25.853425	23	1.0	0.467771528174
14.6078	280.1839	26.515895	23	0.962109482935	0.0378905170651
13.729	278.7796	30.281708	26	0.956989619203	0.0430103807969
13.7272	278.797	30.31548	26	0.922569055461	0.0774309445386
13.5874	278.9746	30.339174	-1	0.0	0.595746281887
13.7923	278.8406	30.339283	-1	0.0	0.112885403286
13.7997	278.803	30.386714	-1	0.0	0.246428241704
13.7087	278.7544	30.704352	26	1.0	0.0
14.3364	279.1045	33.750487	24	1.0	0.0
13.9682	278.8989	34.201033	25	1.0	0.0
13.9844	278.8645	34.250506	25	1.0	0.194251754633
14.0143	278.8553	34.324134	25	1.0	0.24628126075
13.9596	278.8025	34.530028	25	1.0	0.00527275705435
13.9591	278.8195	34.618625	25	1.0	0.181435126124
14.3196	278.4784	34.701165	-1	0.0	0.0574790487974
13.9664	278.9378	34.70125	25	1.0	0.10808431809
13.9761	278.8602	34.786959	25	1.0	0.292706147691
13.4132	276.9888	35.119559	18	1.0	0.0
13.3936	277.0111	35.197067	18	1.0	0.0145076252182
13.5438	276.9977	35.202235	18	0.624707311101	0.375292688899
13.4473	276.977	35.227934	18	1.0	0.0192475154284
13.4113	276.9471	35.276109	18	1.0	0.0374043823153
13.4013	276.9825	35.317148	18	1.0	0.0
13.3829	276.817	35.361728	18	0.473355161854	0.526644838146
13.4061	277.0776	35.516597	18	0.553985041011	0.446014958989
13.4156	276.9767	35.7006	18	1.0	0.0
18.6877	282.8897	44.424464	0	0.051543563708	0.948456436292
18.3485	283.1855	44.424552	0	1.0	0.0
18.3342	283.171	44.461635	0	1.0	0.0
17.9976	283.5158	44.461793	0	0.0442691458165	0.955730854183
9.7349	279.2923	49.080357	14	1.0	0.0
5.6384	281.8153	49.54658	4	1.0	0.0
5.5888	281.8503	49.809549	4	0.940079500633	0.0599204993667
5.6023	281.8515	50.108907	4	1.0	0.0198513212177
14.6512	280.3008	57.075291	23	1.0	0.0
13.7698	278.7647	61.621326	26	0.883360269626	0.116639730374
7.8125	281.2722	62.505054	8	1.0	0.337747835065
13.7705	278.7315	62.920417	-1	0.0	0.16361577938
6.7379	281.2045	66.124888	10	1.0	0.0
6.6922	281.1456	66.236067	10	1.0	0.320601941542
21.2603	276.8804	66.277234	1	0.315598145007	0.684401854993
14.0025	276.8428	70.279782	19	1.0	0.186457231681
5.6402	281.7306	70.759407	4	1.0	0.0
14.3715	279.3442	71.446413	24	0.613248163798	0.386751836202
5.6835	281.8718	71.581507	4	1.0	0.0291605853356
14.688	279.7379	72.468568	22	1.0	0.0
14.6869	279.7207	72.468599	22	0.803702689655	0.196297310345
13.5977	278.6979	73.046709	27	0.85776223843	0.14223776157
13.5177	278.7008	73.102982	27	1.0	0.0
13.5974	278.7186	73.305774	27	1.0	0.365135902789
13.5582	278.0899	74.775645	17	1.0	0.144278444372
13.5281	278.0276	74.816819	17	0.853106917733	0.146893082267
13.5455	278.0649	74.859152	17	1.0	0.0
14.4277	279.1049	78.190609	24	0.796087599069	0.203912400931
5.6856	281.6656	79.552395	4	0.440987420581	0.559012579419
5.5161	281.8009	79.956913	4	0.781700477073	0.218299522927
21.303	276.7622	85.554037	1	1.0	0.0
21.329	276.7519	85.554077	1	0.827732044291	0.172267955709
6.3076	281.3715	87.021761	-1	0.0	0.0689257979818
13.9893	278.8369	97.901543	25	1.0	0.326043845584
13.7985	278.9609	97.993595	-1	0.0	0.275035966584
13.9837	278.8336	98.086107	25	1.0	0.246610650534
13.9837	278.7668	98.167008	25	0.54856016868	0.45143983132
13.9775	278.8094	98.216971	25	1.0	0.0
6.8625	281.7998	98.709489	7	1.0	0.0
6.8474	281.8222	98.709529	7	1.0	0.0
6.7995	281.7695	99.047179	7	1.0	0.0
14.8334	280.5414	99.838291	-1	0.0	0.0187281353009
9.6279	279.1911	99.998988	15	0.224088056565	0.775911943435
9.5001	279.1477	100.160176	15	0.744810853302	0.255189146698
9.5049	279.156	100.319757	15	1.0	0.0
9.452	279.2533	100.335285	15	0.264062073836	0.735937926164
14.433	279.2356	104.435183	24	1.0	0.0730485502842
14.3609	279.1837	104.49617	24	1.0	0.0
14.4135	279.2475	104.569807	24	1.0	0.158907381078
13.5461	278.6941	106.524466	27	1.0	0.0
17.1927	277.7995	106.598066	-1	0.0	0.387735265242
13.4792	278.7171	106.65132	27	0.641360441666	0.358639558334
13.5482	278.7276	106.723508	27	1.0	0.0
13.8795	279.5855	107.969771	20	0.956228147828	0.0437718521724
21.3906	276.781	108.454118	1	0.497196000702	0.502803999298
21.324	276.7652	108.523193	1	1.0	0.0
5.6165	281.8274	115.121538	4	1.0	0.0
5.5881	281.9065	115.267962	4	0.603133308559	0.396866691441
9.4953	279.2833	122.9958	15	0.264062073836	0.735937926164
7.7428	281.2758	125.229285	8	1.0	0.0813441595738
7.7821	281.2687	125.229305	8	1.0	0.0
7.7312	281.329	125.276336	8	0.510686747603	0.489313252397
7.7675	281.2793	125.433567	8	1.0	0.0
20.8276	276.4075	125.993326	2	0.646971654644	0.353028345356
20.8635	276.3718	126.227517	2	1.0	0.0
21.345	276.8113	126.464717	1	1.0	0.0
5.7299	281.8923	126.791171	4	1.0	0.0
13.8592	276.5715	128.964907	-1	0.0	0.304314009844
13.537	278.6709	130.109035	27	1.0	0.258041730001
13.3864	276.8879	134.452267	18	0.961784637376	0.0382153626237
14.3608	279.1474	137.521773	24	1.0	0.0
14.3601	279.1509	137.57511	24	1.0	0.0
14.4587	277.6647	139.036945	16	1.0	0.0
14.4616	277.6728	139.086817	16	1.0	0.0
14.4628	277.6399	139.131298	16	1.0	0.0232375177073
9.7899	279.3058	141.171377	14	1.0	0.0
9.7672	279.2803	141.214557	14	1.0	0.0
14.575	280.1049	143.2622	23	1.0	0.310820256658
13.5885	278.6681	146.661024	27	0.734856654428	0.265143345572
13.5939	278.7265	146.706461	27	1.0	0.277912424575
13.6142	278.8189	147.150828	-1	0.0	0.0063646151783
14.6181	280.2888	147.167512	23	1.0	0.0
13.1418	279.1627	149.172154	21	0.792543249066	0.207456750934
13.1137	279.1521	149.216721	21	1.0	0.0248516085321
14.0392	276.8292	154.625537	19	1.0	0.105322795433
14.1177	276.8442	154.760184	19	0.656434715422	0.343565284578
14.5773	281.3128	158.246041	9	0.73867839413	0.26132160587
13.5765	278.7331	160.422732	27	1.0	0.0808238347848
13.5516	278.6737	160.472417	27	0.991337946282	0.00866205371775
14.5549	279.1053	161.527442	-1	0.0	0.266503846999
14.4467	277.594	163.210078	16	1.0	0.112539158364
14.5261	277.7379	163.92211	16	1.0	0.191237694964
14.511	280.0634	165.333025	23	1.0	0.0
14.5388	279.9139	165.382047	23	0.484459123768	0.515540876232
5.694	282.1326	166.479794	4	0.205555409945	0.794444590055
5.7174	281.8444	166.527022	4	1.0	0.0245649396418
13.7333	278.7594	170.741093	26	1.0	0.0
14.3983	279.2743	171.78061	24	1.0	0.278554038682
21.3208	276.8191	174.792467	1	1.0	0.0
13.9989	278.8212	178.668836	25	1.0	0.311076540099
14.0423	278.7858	178.709133	25	0.495270371639	0.504729628361
14.0088	278.8413	178.790348	25	1.0	0.453122425813
9.4635	279.161	179.974229	15	1.0	0.0
9.4486	279.265	180.069988	15	0.253897699087	0.746102300913
14.7647	277.7843	180.177731	16	0.879191610193	0.120808389807
14.3344	279.2347	185.133152	24	1.0	0.273393057741
21.0978	276.6443	185.544334	1	0.140421267631	0.859578732369
7.0835	281.3886	185.749559	11	1.0	0.0
15.273	278.7305	186.376006	-1	0.0	0.0644382773403
13.6152	278.2111	188.281371	17	1.0	0.241055933739
13.5877	278.2174	188.615046	17	1.0	0.0
13.5402	278.1897	188.67759	17	1.0	0.0
14.8841	280.582	188.987424	-1	0.0	0.198231656004
13.2817	276.9375	190.268232	18	1.0	0.0
13.2432	276.9212	190.425253	18	1.0	0.0
13.2914	276.9458	190.509571	18	1.0	0.0158095284931
13.3022	276.9265	190.644882	18	1.0	0.0
13.0485	279.1223	194.193702	21	1.0	0.0
13.0183	279.0859	194.270713	21	1.0	0.0
13.0513	279.0852	194.333748	21	1.0	0.0
13.6779	278.2652	194.366475	17	0.405097880318	0.594902119682
5.6632	281.839	195.783779	4	1.0	0.0388284244364
5.6124	281.702	195.914543	4	0.856605385267	0.143394614733
14.5055	277.7594	198.035429	16	1.0	0.429218885863
14.5365	277.7633	198.073241	16	1.0	0.345006159947
14.4362	277.7048	198.128546	16	1.0	0.0
14.6686	277.8215	199.047364	16	1.0	0.149421699022
7.1074	277.5199	200.81094	13	1.0	0.0
15.872	279.6729	202.719831	-1	0.0	0.320711100623
13.7516	278.7127	206.263875	-1	0.0	0.280132334014
13.5544	278.6559	206.584994	27	1.0	0.310843966354
9.4607	279.097	211.863589	15	0.275242086421	0.724757913579
9.5314	279.1875	211.863601	15	0.580713593692	0.419286406308
7.8304	281.126	216.754786	8	0.38392337404	0.61607662596
7.8752	281.1828	216.914049	8	0.529969263142	0.470030736858
7.8511	281.1477	217.209203	8	0.504284902498	0.495715097502
13.5638	278.7273	218.165154	27	1.0	0.00802317342807
13.8545	279.6127	218.794342	20	1.0	0.0919763073237
13.8116	279.5632	218.850015	20	1.0	0.0
9.4896	279.1734	219.374312	15	0.815070609666	0.184929390334
9.4569	279.119	219.486914	15	0.412695767385	0.587304232615
6.7542	281.195	220.132341	10	1.0	0.0102039233871
6.7142	281.1721	220.239925	10	1.0	0.410525249175
14.4045	279.2563	220.325449	24	1.0	0.166029213892
14.3746	279.2225	220.408938	24	1.0	0.224065041299
14.7036	280.314	221.071016	23	1.0	0.22193872794
14.6623	280.324	221.348471	23	1.0	0.00552660104404
14.6678	280.3002	221.481395	23	1.0	0.0
13.5966	278.2196	222.366398	17	1.0	0.0816774958071
13.2745	278.265	223.181746	17	0.193457758399	0.806542241601
9.7796	279.3506	223.329554	14	0.548507220258	0.451492779742
9.7322	279.3026	223.727805	14	1.0	0.0
14.1779	277.4808	234.254327	16	0.503260879594	0.496739120406
20.9081	276.4332	238.269069	2	0.469028842112	0.530971157888
13.9709	278.8123	242.87259	25	1.0	0.0
13.9643	278.8083	242.910074	25	1.0	0.0
13.3456	276.9873	243.940869	18	0.979334868592	0.0206651314084
13.4082	276.9485	244.022076	18	1.0	0.0
5.8102	281.8846	246.488425	4	0.687111383956	0.312888616044
5.7842	281.884	246.51666	4	0.909488561668	0.0905114383318
5.5286	282.1011	246.609517	4	0.238914519989	0.761085480011
14.515	280.082	248.79382	23	1.0	0.0
14.4904	280.0811	249.483616	23	1.0	0.0
13.5837	278.741	251.929586	27	1.0	0.273612163629
13.5025	278.6722	252.049743	27	1.0	0.0
13.5529	278.6562	252.064253	27	1.0	0.310843966354
13.5348	278.6162	252.189634	-1	0.0	0.0940227471616
14.0124	276.7953	252.196281	19	1.0	0.118476029857
13.9865	276.8267	252.227976	19	1.0	0.180197471153
8.783	278.4065	252.230474	-1	0.0	0.885717763452
14.0353	276.848	252.257718	19	1.0	0.129786979597
15.4164	276.1027	252.258524	-1	0.0	0.199190875228
14.0203	276.7813	252.322611	19	1.0	0.172240307727
14.0776	276.8431	252.410471	19	1.0	0.229805863856
13.5794	278.078	254.548703	17	1.0	0.184613473901
9.4661	279.1345	264.679532	15	0.603479671898	0.396520328102
13.875	279.6195	270.505592	20	1.0	0.0117345603848
13.835	279.4124	270.610818	20	0.120686142294	0.879313857706
13.9109	279.6765	270.661463	20	0.532939716902	0.467060283098
5.6888	281.8958	272.320623	4	1.0	0.0
5.7489	281.8254	273.060092	4	0.73313780976	0.26686219024
14.4559	277.719	274.626572	16	1.0	0.347789470484
14.4248	277.6967	274.668167	16	1.0	0.0
14.4876	277.6717	274.671314	16	1.0	0.225294009776
14.4445	277.6592	274.821097	16	1.0	0.259541433075
14.4024	277.693	274.863878	16	1.0	0.0592860363259
5.6653	281.7165	282.23519	4	0.856605385267	0.143394614733
14.3946	279.2454	283.62665	24	1.0	0.158907381078
14.4037	279.2259	283.723266	24	1.0	0.0
14.4034	279.235	283.802154	24	1.0	0.107790004543
14.6201	281.3296	286.336076	9	1.0	0.0
7.0717	281.3382	290.321593	11	0.766611698411	0.233388301589
7.0917	281.2637	290.350551	10	0.145271383884	0.854728616116
9.7662	279.3056	291.599729	14	1.0	0.0
13.0397	279.1084	291.872014	21	1.0	0.27137811515
13.0843	279.187	291.915101	21	1.0	0.206669375357
13.0269	279.0486	291.967705	21	0.912976735867	0.0870232641325
13.0451	279.0981	292.013402	21	1.0	0.222830400877
13.5285	278.6629	293.193125	27	1.0	0.335545136085
13.5637	278.7175	293.282042	27	1.0	0.180685412023
13.5387	278.7011	293.628215	27	1.0	0.0
14.3739	279.1397	296.197031	24	1.0	0.0
13.4951	276.9964	302.312329	18	1.0	0.112881540371
13.4192	276.945	302.349198	18	1.0	0.0
13.415	276.9176	302.404575	18	1.0	0.0374043823153
13.8929	278.8136	304.043767	25	0.574113890298	0.425886109702
13.982	278.8205	304.091284	25	1.0	0.04240922504
13.9285	278.7839	304.997148	25	0.733816757079	0.266183242921
7.6408	276.163	306.393517	-1	0.0	0.0332697443595
13.9833	276.8079	306.841133	19	1.0	0.135287272802
13.8451	279.6295	307.929667	20	1.0	0.0
13.815	279.5642	308.074495	20	1.0	0.0
7.7535	281.2574	308.354507	8	1.0	0.160776124283
7.7431	281.2552	308.390665	8	1.0	0.0
7.7215	281.247	308.42531	8	1.0	0.31238327326
13.8042	279.6479	308.739886	20	0.652853322285	0.347146677715
13.2622	276.9048	314.288286	18	1.0	0.0
13.2662	276.9843	314.393277	18	0.826152901757	0.173847098243
13.7082	278.6409	318.346305	-1	0.0	0.147685549699
5.7046	281.8529	319.062382	4	1.0	0.0275450280719
5.4732	281.9962	319.234986	4	0.243099277949	0.756900722051
5.7203	281.9742	319.49187	4	0.68515177051	0.31484822949
13.6274	278.1232	320.11168	17	0.689060865922	0.310939134078
13.5509	278.1696	320.196955	17	1.0	0.421555855059
13.5523	278.1934	320.293623	17	1.0	0.0
13.5423	278.1842	320.780178	17	1.0	0.123499714558
20.8404	276.3868	320.966782	2	1.0	0.0
13.9853	276.7988	325.388181	19	1.0	0.170155741596
14.0123	276.7945	325.43875	19	1.0	0.0589348169964
13.9566	276.8354	325.491599	19	0.642859828217	0.357140171783
16.1858	276.2698	325.555452	-1	0.0	0.206823502334
14.0816	276.8361	325.555951	19	0.978713965455	0.0212860345453
6.5057	278.3463	326.626412	12	1.0	0.0
14.8295	277.739	326.660403	16	0.790936224568	0.209063775432
14.9311	277.8802	326.660422	16	0.616195890067	0.383804109933
14.9024	277.791	327.021187	16	0.965234939255	0.0347650607454
14.3951	279.2192	327.635061	24	1.0	0.0
21.2755	276.7281	329.207475	1	0.54458358604	0.45541641396
21.299	276.7762	329.219884	1	1.0	0.0
21.309	276.7691	329.261214	1	1.0	0.0
21.2873	276.766	329.322877	1	1.0	0.0
13.53	278.6767	331.164477	27	1.0	0.178555195438
13.9796	278.7858	334.77118	25	0.967128460146	0.0328715398542
13.9654	278.8048	334.830996	25	1.0	0.0
14.3822	277.6196	334.894473	16	1.0	0.338679993667
14.3908	277.5987	334.939145	16	1.0	0.366110020831
14.3635	277.6325	335.09781	16	1.0	0.0835748658078
14.3918	277.6326	335.223866	16	1.0	0.0165764006073
13.3052	276.8849	335.271539	18	0.829463087449	0.170536912551
13.3484	276.8803	335.410678	18	0.77322024954	0.22677975046
14.3807	277.6359	335.68818	16	1.0	0.0
13.5161	278.7047	350.763243	27	1.0	0.0
13.5462	278.7296	350.830161	27	1.0	0.0
6.4975	278.3168	351.856052	12	1.0	0.0
14.4159	279.2235	354.565839	24	1.0	0.124561283296
15.3488	278.6837	354.607524	-1	0.0	0.205651400075
14.384	279.2235	354.710871	24	1.0	0.0
13.5308	278.139	356.256145	17	1.0	0.164026268161
13.4974	278.0673	356.321718	17	1.0	0.0
13.5541	278.1309	356.532503	17	1.0	0.0
5.7377	281.9263	356.982671	4	1.0	0.110019819221
5.7165	281.916	357.038635	4	1.0	0.154212870202
5.718	281.8918	357.106249	4	1.0	0.0
5.7053	282.0113	357.194364	4	0.415021637476	0.584978362524
6.0005	281.9408	357.427231	4	0.233875070532	0.766124929468
5.7432	281.9023	357.427239	4	1.0	0.0754625077771
9.4824	279.1654	368.543616	15	1.0	0.0
14.2075	277.8197	376.184429	16	0.356620059041	0.643379940959
14.4054	277.6547	381.527694	16	1.0	0.445356045519
14.3935	277.6434	381.688706	16	1.0	0.244946537814
14.0218	276.78	382.857641	19	1.0	0.156792384249
14.0125	276.7506	382.901344	19	0.576729978667	0.423270021333
13.1399	279.1943	385.010789	21	0.911989037486	0.0880109625138
13.2364	279.0806	385.010862	21	0.251459174711	0.748540825289
13.096	279.1982	385.166232	21	1.0	0.236792859282
13.312	279.2466	385.196311	21	0.204675616609	0.795324383391
13.1485	279.2202	385.205377	21	0.688633950795	0.311366049205
13.0544	279.2141	385.246194	21	0.769135379069	0.230864620931
13.1134	279.1531	385.285862	21	1.0	0.0
13.0573	279.1739	385.335744	21	0.778499261626	0.221500738374
13.0806	279.1274	385.411278	21	1.0	0.0742788655258
6.531	278.3211	388.252854	12	1.0	0.0
13.8371	278.8818	389.08743	-1	0.0	0.00536530487182
5.5473	281.7957	392.544253	4	1.0	0.025245379552
5.5592	281.7643	393.017936	4	0.811266011758	0.188733988242
14.3752	279.0983	394.660915	24	1.0	0.0
9.7336	279.3717	396.028032	14	0.410005419696	0.589994580304
18.3377	283.1805	396.065167	0	1.0	0.0
18.3319	283.1817	396.093108	0	1.0	0.0
18.318	283.1637	396.139953	0	0.95035153939	0.0496484606095
14.4268	277.6721	396.808281	16	1.0	0.192361755813
14.4697	279.1827	399.280412	24	0.823081421047	0.176918578953
14.3794	279.1841	399.288169	24	1.0	0.082850018204
14.3872	279.2043	399.338887	24	1.0	0.0653189675557
14.4033	279.0764	399.383484	24	0.820879586325	0.179120413675
14.3962	279.2433	399.423883	24	1.0	0.260249907674
14.4108	279.2299	399.743253	24	1.0	0.208880471498
13.8479	279.5881	404.457509	20	1.0	0.123766525674
13.7988	279.576	404.538248	20	1.0	0.0
13.0605	279.1353	406.636868	21	1.0	0.0
13.6622	278.6869	406.923007	27	0.524865418962	0.475134581038
13.6747	278.6055	407.310288	-1	0.0	0.212506439892
13.6499	278.7133	407.445231	27	0.535846737968	0.464153262032
13.6804	278.7042	407.596008	-1	0.0	0.000669963992383
21.2634	276.7723	407.928617	1	1.0	0.144850540984
21.2859	276.7886	407.928652	1	0.968109410577	0.0318905894226
21.2476	276.7654	408.027309	1	0.732154196725	0.267845803275
13.5686	278.1434	411.018308	17	1.0	0.0269108655508
13.5456	278.1392	411.075447	17	1.0	0.0944172827682
13.5741	278.1683	411.308003	17	1.0	0.507980385485
20.9067	276.3842	414.997457	2	1.0	0.0
9.4523	279.1567	417.261274	15	0.841459573224	0.158540426776
14.7309	279.8899	419.467333	22	0.0954198138365	0.904580186163
15.4006	279.363	421.946382	-1	0.0	0.0821479452819
13.5725	278.6968	422.744382	27	1.0	0.0
13.5167	278.6782	422.988127	27	1.0	0.0
13.5846	278.7078	423.133488	27	1.0	0.445444089974
13.8876	276.8955	423.407446	19	0.212049977263	0.787950022737
13.5972	276.9335	423.662366	18	0.41697190883	0.58302809117
13.5939	278.0447	423.705871	17	0.660871537006	0.339128462994
9.1558	278.6597	426.26724	-1	0.0	0.8139058864
14.3624	279.2598	428.052834	24	1.0	0.10548257681
13.6099	278.6797	430.779206	27	0.766061580707	0.233938419293
14.6593	280.279	433.304037	23	1.0	0.136772805377
14.3749	277.6352	433.468111	16	1.0	0.0
6.4714	278.3436	435.674784	12	1.0	0.0
14.1507	277.4526	438.398578	16	0.375577746375	0.624422253625
9.4022	279.1448	438.509091	15	0.676488478052	0.323511521948
14.5613	280.0554	440.474977	23	1.0	0.375262774146
13.5046	278.0598	442.366559	17	1.0	0.0
13.4937	278.0382	442.380547	17	1.0	0.0388787066814
13.5176	278.0534	442.411948	17	1.0	0.0
13.5175	278.0571	442.456107	17	1.0	0.0
13.4787	278.0788	442.524937	17	0.849878374644	0.150121625356
13.9976	276.7888	445.546041	19	1.0	0.0614271154754
14.0499	276.7977	445.600113	19	0.651067068616	0.348932931384
5.529	281.7964	449.30877	4	1.0	0.190713522942
13.0578	279.1217	452.764235	21	1.0	0.0
13.0223	279.0784	452.800021	21	1.0	0.0
13.0337	279.0226	452.839464	21	0.482100959881	0.517899040119
14.3624	279.0892	455.404435	24	1.0	0.0
14.3419	279.0936	455.43723	24	1.0	0.0
21.3162	276.8078	456.295275	1	1.0	0.0
13.3785	276.9867	458.825319	18	1.0	0.0
13.5621	278.6897	460.367236	27	1.0	0.0
13.583	278.6926	460.424225	27	1.0	0.0
13.5094	278.6734	460.449942	27	1.0	0.0
14.5922	281.3037	463.914197	9	0.64726900451	0.35273099549
7.57	281.3134	465.435835	8	0.284854759696	0.715145240304
9.4264	279.1513	465.45991	15	0.735479840424	0.264520159576
7.7833	281.2473	465.791788	8	1.0	0.247005497597
14.5214	278.8587	466.49418	-1	0.0	0.0231324425282
6.0124	282.2312	466.925602	3	1.0	0.0
13.5188	278.19	467.394077	17	1.0	0.144685753461
13.5621	278.2023	467.90203	17	1.0	0.0
13.5372	278.2006	468.045104	17	1.0	0.0
20.8653	276.3955	471.288128	2	1.0	0.0
20.8126	276.3566	471.522527	2	0.715390220614	0.284609779386
13.8794	279.5556	472.436178	20	0.551319131737	0.448680868263
13.8861	279.6014	472.547786	20	1.0	0.169118937629
6.7498	281.2034	472.858659	10	1.0	0.0
6.7912	281.2209	472.858676	10	0.520900372891	0.479099627109
13.8758	279.5826	472.966332	20	0.920783982723	0.0792160172767
13.6325	278.7916	473.995216	27	0.526188044293	0.473811955707
13.774	279.0588	473.995333	-1	0.0	0.513266976322
13.6425	278.6886	474.018264	27	0.585222958894	0.414777041106
6.7121	281.1718	479.334503	10	1.0	0.36727970933
14.8288	280.4818	479.415699	-1	0.0	0.098205824946
14.4297	279.295	480.183346	24	1.0	0.117367207949
14.3909	277.6272	489.365775	16	1.0	0.145080428304
14.4035	277.6199	489.410347	16	1.0	0.463321178033
14.3782	277.6357	489.44539	16	1.0	0.0
14.3582	277.5204	490.083784	16	0.807834545707	0.192165454293
14.4974	277.7059	490.560711	16	1.0	0.164246776382
14.5035	280.0647	490.939374	23	1.0	0.0
14.5698	277.7698	491.376149	16	1.0	0.345006159947
14.7735	277.7846	491.376248	16	0.935065829155	0.0649341708453
6.679	281.1651	496.120505	10	1.0	0.0
6.6657	281.1909	496.178419	10	0.612835075387	0.387164924613
6.6443	281.14	496.797974	10	0.659860047351	0.340139952649
9.4425	279.168	496.949555	15	0.79506099526	0.20493900474
9.5001	279.1519	497.033973	15	0.911808758435	0.0881912415654
9.2179	278.7538	500.057462	-1	0.0	0.76632973592
5.8166	281.953	500.119253	4	0.490981962006	0.509018037994
5.9352	281.9267	500.119261	4	0.342310155979	0.657689844021
14.5316	280.1217	501.161758	23	1.0	0.331320921126
14.5478	280.0899	501.194042	23	1.0	0.168192059029
14.541	280.1161	501.64516	23	1.0	0.168192059029
18.3044	283.1502	503.460711	0	0.965135700498	0.0348642995021
14.8201	278.9807	505.224097	-1	0.0	0.115316746393
14.7021	277.741	509.487037	16	0.81677966993	0.18322033007
14.4027	279.2096	512.940922	24	1.0	0.285661440559
14.438	279.2314	512.968801	24	1.0	0.222032090979
14.3619	279.1914	513.072411	24	1.0	0.0
13.8079	276.5299	515.253435	-1	0.0	0.433710682851
13.997	276.8264	516.93257	19	1.0	0.0
14.046	276.7791	517.002947	19	0.779529271994	0.220470728006
13.9638	276.7641	517.177601	19	0.48240094993	0.51759905007
13.5765	278.114	518.819648	17	1.0	0.0
13.5859	278.1338	518.863628	17	1.0	0.0944172827682
13.5012	278.0134	518.952194	17	0.563046787467	0.436953212533
4.0103	282.1407	519.017245	-1	0.0	0.66383736356
14.4933	277.6941	519.889762	16	1.0	0.0707980577285
14.4816	277.626	519.926579	16	1.0	0.293298843481
14.5053	277.7195	519.975312	16	1.0	0.0454726871422
17.1964	276.0745	520.09289	-1	0.0	0.0576934156811
14.4045	277.6683	520.093341	16	1.0	0.00495847529503
21.3871	276.8554	522.407625	1	0.441995335973	0.558004664027
21.2996	276.7878	522.476973	1	1.0	0.207574666643
21.333	276.8426	522.484227	1	0.690043511007	0.309956488993
21.3357	276.8496	522.522655	1	0.694473841249	0.305526158751
6.4707	278.3971	522.637914	12	0.460462945179	0.539537054821
6.505	278.3275	522.696527	12	1.0	0.0
13.4294	276.9236	526.380985	18	1.0	0.0
13.4164	276.6482	526.381042	-1	0.0	0.396652670443
14.1571	277.4574	526.929726	16	0.394023500041	0.605976499959
14.8388	277.8716	527.379794	16	0.917073371191	0.0829266288092
14.8635	277.8045	527.379839	16	1.0	0.0
14.8512	277.8211	527.497697	16	1.0	0.0
14.8614	277.8288	527.565777	16	1.0	0.0
14.8335	277.8237	528.024708	16	1.0	0.0
13.6104	278.6793	528.592419	27	0.7504648134	0.2495351866
13.5447	278.776	528.638487	-1	0.0	0.0883771098698
13.5671	278.6916	528.648626	27	1.0	0.0
13.5387	278.6451	528.697301	27	1.0	0.346535807987
14.6486	279.5734	529.582453	-1	0.0	0.0603102445012
14.1786	277.753	532.083017	16	0.406192803959	0.593807196041
14.1744	277.6903	532.086862	16	0.417428852344	0.582571147656
12.9893	279.0328	532.190584	21	0.568566145803	0.431433854197
13.0487	279.15	532.267005	21	0.934038350531	0.0659616494693
12.6642	279.5674	532.267191	-1	0.0	0.0354203247942
13.0203	279.0718	532.349186	21	1.0	0.0
12.9964	279.0843	532.436389	21	1.0	0.153408022116
13.7983	279.6708	533.299213	20	0.428681145494	0.571318854506
13.823	279.6663	533.370736	20	0.609771436269	0.390228563731
13.8277	279.5753	533.370774	20	1.0	0.0147470807283
7.1255	277.5182	536.529543	13	1.0	0.0
7.1343	277.4881	536.703	13	1.0	0.0
7.1024	277.5967	536.808047	13	1.0	0.0
7.1202	277.4987	536.988419	13	1.0	0.0
13.541	278.1164	538.747736	17	1.0	0.0
13.5503	278.1122	538.783913	17	1.0	0.0
13.5873	278.1912	539.135836	17	1.0	0.469804393875
14.4809	280.0612	546.347096	23	1.0	0.193375388464
14.9248	280.5684	548.329207	-1	0.0	0.209175034722
14.4028	279.1855	548.517483	24	1.0	0.0318414922038
18.383	283.1717	550.406915	0	0.631453117993	0.368546882007
18.3251	283.1361	550.457773	0	0.611587635224	0.388412364776
18.3083	283.1394	550.494712	0	0.778220400612	0.221779599388
18.2905	283.155	550.5262	0	0.882193516853	0.117806483147
13.9922	276.7565	555.685262	19	0.785239387371	0.214760612629
14.3812	277.6082	557.569935	16	1.0	0.366110020831
14.408	277.6034	557.703741	16	1.0	0.484598644834
14.3625	277.6353	557.755031	16	1.0	0.0698871377117
14.3863	277.6208	557.82084	16	1.0	0.378166985047
14.4031	277.6476	557.982639	16	1.0	0.457138970377
9.4302	279.1713	562.057309	15	0.747389889571	0.252610110429
9.4154	279.1245	562.062334	15	0.539835570707	0.460164429293
9.3832	279.1336	562.23347	15	0.434357419589	0.565642580411
9.2457	279.3128	562.233593	-1	0.0	0.252535543649
14.5299	280.0831	562.696773	23	1.0	0.0
14.5152	280.113	562.869684	23	1.0	0.287295575641
13.5786	278.0982	563.333577	17	1.0	0.0395318571397
13.569	278.0481	563.550027	17	0.895738499118	0.104261500882
13.5665	278.6816	563.789821	27	1.0	0.0
14.3255	279.0784	566.307015	24	1.0	0.0
13.0839	279.1682	566.69179	21	1.0	0.206669375357
13.0834	279.1462	567.04586	21	1.0	0.0
21.3286	276.8402	569.80155	1	0.756945395285	0.243054604715
5.7714	281.8637	569.85981	4	0.907572535254	0.0924274647463
5.8349	281.8701	569.917751	4	0.500589320567	0.499410679433
5.7548	281.9101	569.947343	4	1.0	0.0577328877527
5.5227	281.9529	571.348465	4	0.373110476178	0.626889523822
13.3462	276.9322	580.729697	18	1.0	0.0830437882165
13.3098	276.8089	580.814041	18	0.441378185173	0.558621814827
6.7478	281.1984	584.898197	10	1.0	0.0
13.6706	276.9783	586.493637	18	0.493764833211	0.506235166789
13.6155	276.9282	586.573463	18	0.420669705099	0.579330294901
20.8784	276.3654	589.760532	2	0.88857663385	0.11142336615
13.8218	278.6409	591.821281	-1	0.0	0.260510283883
18.3766	283.1717	594.82051	0	0.720152073296	0.279847926704
13.8434	279.597	595.391807	20	0.835309547049	0.164690452951
13.832	279.54	595.470731	20	0.60973191029	0.39026808971
13.8513	279.5979	595.534105	20	1.0	0.169118937629
13.813	279.5683	595.612619	20	1.0	0.0
9.3995	279.1666	596.933393	15	0.676488478052	0.323511521948
6.0316	282.2146	597.107461	3	1.0	0.0
14.0315	276.7561	599.101591	19	0.603014188885	0.396985811115
21.4171	275.8658	599.158272	-1	0.0	0.704279686705
20.8577	276.3842	599.159807	2	1.0	0.0
