14.2459	262.2679	9e-06	4	0.679307776494	0.320692223506
15.3426	263.1427	-596.271184	3	1.0	0.0
18.887	267.3121	-595.442346	8	1.0	0.0
15.0969	263.1843	-595.415157	3	0.360737826082	0.639262173918
12.4231	261.3418	-591.468296	6	1.0	0.0
9.8959	265.8785	-587.814508	0	1.0	0.0
9.859	265.9121	-587.814471	0	0.787866894702	0.212133105298
12.6498	272.8315	-587.56429	9	0.826887783802	0.173112216198
12.6906	272.8933	-587.409427	9	0.728556947498	0.271443052502
12.5063	272.7453	-585.937762	9	1.0	0.353817023844
12.4674	272.6835	-585.780115	9	1.0	0.0358827319726
12.3803	272.736	-585.778424	9	1.0	0.259966661404
13.072	271.7385	-583.888605	14	1.0	0.0
12.9167	261.1839	-581.939595	7	1.0	0.0493215353557
12.5467	271.0341	-581.681459	17	0.895432462268	0.104567537732
12.6361	271.1056	-581.681389	17	1.0	0.449462062217
12.5185	271.041	-581.641831	17	0.746590658214	0.253409341786
12.5211	271.0759	-581.534331	17	1.0	0.232927618966
12.6113	271.1151	-581.534239	17	0.901030208525	0.0989697914749
12.4072	271.0324	-581.407481	17	0.512947448276	0.487052551724
12.5414	271.0737	-581.336743	17	1.0	0.0
12.4541	271.1158	-581.124899	17	0.417297636906	0.582702363094
12.6992	271.1765	-579.757236	17	0.288562553564	0.711437446436
14.7468	260.645	-577.18859	16	0.443559367533	0.556440632467
14.9838	260.7016	-577.007572	-1	0.0	0.118549104512
15.487	261.1089	-576.900908	20	0.664137091134	0.335862908866
14.2771	262.2665	-575.251571	4	0.965134628567	0.0348653714326
15.4181	261.1039	-574.947098	20	0.899413523983	0.100586476017
15.4226	261.0194	-574.819632	20	1.0	0.0
16.6154	261.1267	-574.649692	-1	0.0	0.274244148938
15.4249	261.1001	-574.286075	20	0.899413523983	0.100586476017
13.7582	268.235	-569.907946	24	1.0	0.038488966533
13.8547	268.2256	-569.481316	24	0.80887266758	0.19112733242
13.7486	268.131	-569.419069	24	1.0	0.0
13.4078	268.2352	-569.348469	-1	0.0	0.0155053002755
13.9094	268.2604	-569.348226	24	0.472095388844	0.527904611156
13.5897	268.207	-569.28331	-1	0.0	0.358192470837
13.7205	268.1941	-569.283236	24	1.0	0.0
13.7491	268.124	-569.081367	24	0.916896055867	0.0831039441333
13.6862	268.1349	-568.984406	24	0.679581301013	0.320418698987
15.349	263.0837	-568.030316	3	1.0	0.0
15.3424	263.1408	-567.912349	3	1.0	0.0472417543667
15.3308	263.0517	-567.703561	3	1.0	0.0848455384753
15.316	263.0719	-567.614427	3	1.0	0.0
15.1516	266.2772	-566.551502	11	1.0	0.0
14.9578	266.3126	-566.470836	11	0.535992550012	0.464007449988
15.1472	266.3715	-566.470734	11	0.395277222079	0.604722777921
14.2594	262.1972	-563.271795	4	1.0	0.0
14.3098	262.2015	-563.206462	4	0.819187305379	0.180812694621
13.8305	262.2651	-563.166328	4	0.10480656845	0.89519343155
14.2502	262.1913	-563.117098	4	1.0	0.0
14.0699	262.177	-562.96613	4	0.242992013603	0.757007986397
12.4502	272.7179	-562.540465	9	1.0	0.205928123829
14.7534	260.2092	-558.229672	15	0.501549317445	0.498450682555
15.513	261.0129	-555.765996	20	0.540068655804	0.459931344196
15.4564	261.0191	-555.704407	20	0.924176762847	0.0758232371527
15.4406	261.0148	-555.560666	20	1.0	0.255327487019
15.4297	261.0046	-555.419562	20	1.0	0.289424771013
15.4413	261.0564	-555.169574	20	1.0	0.626244384325
13.4606	268.9855	-549.725106	25	1.0	0.0
13.5957	269.0912	-549.725017	25	0.585063589581	0.414936410419
13.4593	268.8864	-549.684266	25	1.0	0.0
13.4624	268.9505	-549.684219	25	1.0	0.266684504323
13.3906	268.8958	-548.43795	25	1.0	0.0467048989374
13.4489	268.9694	-548.43788	25	1.0	0.1409430998
15.343	263.179	-548.243284	3	1.0	0.248130411051
15.2887	263.1978	-547.86816	3	0.799631949116	0.200368050884
15.429	263.175	-547.599366	3	1.0	0.0
13.7988	268.2466	-543.823609	24	0.987009368991	0.0129906310092
13.753	268.1631	-543.779965	24	1.0	0.0
12.5654	271.1068	-535.376507	17	1.0	0.349215156234
14.7124	260.2286	-534.632619	15	0.811950466469	0.188049533531
14.7014	260.2269	-534.572667	15	0.875708970285	0.124291029715
14.7049	260.1973	-534.430182	15	0.546546165085	0.453453834915
13.6412	268.6979	-530.64261	25	1.0	0.0996798739512
13.3858	268.6715	-530.516464	-1	0.0	0.0642575984416
13.6315	268.6372	-530.477563	25	1.0	0.0
13.6511	268.656	-530.428172	25	1.0	0.0
13.7541	268.24	-530.236897	24	1.0	0.267365874722
13.7489	268.2294	-530.184752	24	1.0	0.186227276429
13.7368	268.2327	-530.115298	24	1.0	0.0
13.7432	268.1972	-530.003771	24	1.0	0.0
13.751	268.1865	-529.878574	24	1.0	0.0309797752964
13.7426	268.2073	-529.878537	24	1.0	0.0
13.8559	268.1953	-529.582523	24	0.590733266319	0.409266733681
13.4006	269.4374	-528.169673	-1	0.0	0.153095283248
15.3277	266.4009	-526.887779	10	0.355898099521	0.644101900479
15.2801	266.3121	-526.75958	11	0.375967776172	0.624032223828
15.2769	266.3731	-526.325091	11	0.332647798775	0.667352201225
12.4388	271.4083	-525.060446	18	1.0	0.0
12.1409	271.4038	-524.981816	-1	0.0	0.141722147313
12.425	271.4472	-524.981682	18	0.933956019755	0.0660439802448
13.4398	269.5104	-524.881382	27	0.880175491353	0.119824508647
13.8351	269.4883	-524.881152	-1	0.0	0.464775212209
13.4208	269.5889	-524.835204	27	0.832633977618	0.167366022382
13.559	269.6026	-524.835103	-1	0.0	0.033161669902
13.6045	269.6791	-524.794796	-1	0.0	0.0232880837435
13.3467	269.6161	-524.293645	29	0.581522759909	0.418477240091
13.432	269.5545	-523.921792	27	0.972896737108	0.027103262892
12.456	261.0042	-522.882146	-1	0.0	0.0402149212449
12.7492	261.1247	-522.882024	7	0.614256142619	0.385743857381
12.2257	261.2311	-522.841746	6	1.0	0.0
12.7159	261.1144	-522.82288	7	0.428867792424	0.571132207576
12.3989	272.523	-517.814405	9	1.0	0.279900311868
12.452	272.4523	-517.696244	9	1.0	0.0108178666245
12.5039	272.5186	-517.696159	9	1.0	0.164402646922
12.4401	272.469	-517.660004	9	1.0	0.0
12.4806	272.482	-517.614752	9	1.0	0.0
12.1931	272.4831	-517.516023	9	0.421443943041	0.578556056959
12.4121	272.4057	-517.218972	9	1.0	0.045642097952
12.5737	272.5075	-517.218883	9	0.948952334578	0.0510476654224
13.3932	269.2298	-513.755658	26	1.0	0.372473150053
13.3972	269.2242	-513.688038	26	1.0	0.391017973239
13.421	269.1694	-512.556354	26	0.959746631453	0.0402533685465
12.4532	272.7582	-509.867132	9	1.0	0.0360925383114
12.4736	272.7584	-509.80697	9	1.0	0.012204870538
14.1528	259.963	-507.655604	-1	0.0	0.0391116913542
14.3398	259.9384	-507.65552	-1	0.0	0.62135812919
12.5516	271.0775	-507.258334	17	1.0	0.0
12.5532	271.0744	-507.197982	17	1.0	0.0
12.5675	271.0367	-507.196258	17	1.0	0.243596303717
12.549	270.9717	-506.84065	17	0.903340762148	0.0966592378521
13.1421	271.8156	-504.822902	14	0.857957001552	0.142042998448
13.1389	271.9563	-504.822825	14	0.599872398547	0.400127601453
13.0807	271.8321	-504.780552	14	0.761354628654	0.238645371346
12.9575	271.8755	-504.366828	14	0.532217609613	0.467782390387
15.427	261.041	-504.170889	20	1.0	0.0
15.4323	261.044	-504.015071	20	1.0	0.0
13.727	268.2401	-494.578496	24	1.0	0.0
13.6643	268.2542	-494.573791	24	0.540406963274	0.459593036726
13.2974	269.6976	-494.535527	29	0.980664421672	0.019335578328
13.2635	269.5888	-494.457559	29	1.0	0.0
15.1103	266.3487	-493.735399	11	0.530616046743	0.469383953257
15.4602	266.2392	-493.735216	-1	0.0	0.442797521914
15.0768	266.3335	-493.673673	11	0.506618982204	0.493381017796
15.1754	266.2837	-493.673622	11	1.0	0.0
15.2026	266.3031	-493.658291	11	0.645689663529	0.354310336471
14.8904	266.2947	-493.572166	11	0.570842096832	0.429157903168
15.0375	266.2852	-493.572056	11	0.926744521561	0.073255478439
12.5912	270.9926	-485.819374	17	1.0	0.12755155903
13.4427	268.9519	-485.271659	25	1.0	0.338074245475
13.5005	269.035	-485.271598	25	0.844183807089	0.155816192911
13.4638	268.9646	-483.908456	25	1.0	0.0
13.6041	268.9896	-483.856237	25	0.678142401645	0.321857598355
13.6638	269.0474	-483.668054	-1	0.0	0.143237400146
13.4212	268.7791	-483.602599	25	1.0	0.0702782975845
13.4472	268.8569	-483.20776	25	1.0	0.0361162491183
15.3559	262.9168	-482.213554	3	0.287787306038	0.712212693962
15.3794	263.0371	-482.213533	3	0.726842418856	0.273157581144
15.3205	262.9986	-481.79436	3	0.521099344382	0.478900655618
13.5006	269.263	-480.752301	26	1.0	0.0
13.3635	269.2516	-480.672696	26	1.0	0.372473150053
13.5004	269.2481	-480.625073	26	1.0	0.0
12.3799	272.6794	-477.156465	9	1.0	0.482467842139
15.8352	261.5422	-476.168745	13	1.0	0.0
14.782	260.2603	-475.32014	15	0.778444652718	0.221555347282
14.7769	260.2448	-475.264644	15	0.62751592239	0.37248407761
14.7033	260.248	-475.184102	15	0.767316066027	0.232683933973
14.7577	260.2919	-475.105422	15	0.831893363671	0.168106636329
14.7052	260.2709	-475.02401	15	0.869575315615	0.130424684385
13.7161	268.1883	-470.469653	24	1.0	0.0744370029658
13.7774	268.2778	-470.469596	24	0.743024689708	0.256975310292
13.7296	268.2363	-470.278712	24	1.0	0.0
17.7298	272.7941	-469.977965	-1	0.0	0.0699361409355
13.7192	268.136	-469.940852	24	1.0	0.0
18.2096	266.4684	-469.479177	8	0.343069993782	0.656930006218
14.6194	260.5936	-466.183275	16	0.258557370315	0.741442629685
12.4498	261.3691	-464.122809	6	0.864024195222	0.135975804778
19.2863	267.5462	-461.952103	8	1.0	0.0
13.5666	268.6047	-459.272796	25	1.0	0.179380776828
13.5709	268.5485	-459.272765	25	1.0	0.0
14.9157	266.2501	-457.204301	11	0.609194207489	0.390805792511
14.9024	266.2819	-457.131697	11	0.631770259484	0.368229740516
15.1021	266.3194	-457.084336	11	0.573795298293	0.426204701707
15.3217	263.1578	-451.721761	3	1.0	0.0
15.4106	263.1577	-451.676585	3	1.0	0.0
15.4765	263.1475	-451.641349	3	1.0	0.0
15.3349	263.1592	-451.622492	3	1.0	0.0
15.2963	263.1658	-451.503467	3	1.0	0.0910329635354
15.3939	263.1569	-451.464915	3	1.0	0.053997695312
15.46	263.1605	-451.394034	3	1.0	0.0
14.2588	262.1646	-451.143042	4	0.938110636336	0.0618893636636
14.236	262.1234	-451.091389	4	0.425305664609	0.574694335391
14.2008	262.1981	-451.034646	4	0.639682571153	0.360317428847
14.3136	262.199	-450.975637	4	0.787370069496	0.212629930504
14.1978	262.1316	-450.764053	4	0.48733527505	0.51266472495
14.2719	262.1991	-450.605512	4	1.0	0.157442327618
13.9235	262.2526	-450.510219	4	0.149601510115	0.850398489885
13.6012	268.6587	-442.783444	25	1.0	0.0
13.6376	268.7426	-442.783375	25	1.0	0.0112877933803
13.6764	268.6908	-442.757529	25	1.0	0.0968509383863
13.6257	268.719	-442.685813	25	1.0	0.276015746966
13.7382	268.7272	-442.68575	25	0.782174901195	0.217825098805
13.7584	268.6922	-442.567749	25	0.747311351969	0.252688648031
13.6826	268.6545	-442.530729	25	1.0	0.0477670613405
15.418	260.9907	-437.84759	20	1.0	0.0
15.1851	261.1779	-437.699545	-1	0.0	0.69937526549
15.0917	261.0745	-437.631409	-1	0.0	0.630957368362
13.3978	269.5589	-437.381804	27	1.0	0.0
13.4205	269.4365	-437.33676	-1	0.0	0.168721693497
15.5007	261.0042	-437.326047	20	0.650203154476	0.349796845524
13.3528	269.4612	-437.274739	-1	0.0	0.0554341641974
13.4377	269.6433	-437.274636	-1	0.0	0.0348809385839
13.4041	269.5381	-437.071142	27	1.0	0.0
13.477	269.5907	-437.000667	-1	0.0	0.093898824787
12.8657	271.7334	-436.649798	14	0.559833368739	0.440166631261
13.3048	271.7579	-436.649593	14	0.402247199852	0.597752800148
12.9889	271.6555	-436.487489	14	0.532177829553	0.467822170447
14.6902	260.1689	-436.401156	15	0.341444655043	0.658555344957
14.7067	260.2906	-436.401133	15	1.0	0.0
14.7303	260.2732	-435.977356	15	1.0	0.0
14.759	260.6279	-432.28116	16	0.723314810081	0.276685189919
14.7283	260.6152	-430.432825	16	0.996761532258	0.00323846774236
14.7397	260.635	-430.306538	16	0.661803639089	0.338196360911
14.6255	260.6401	-430.257812	16	0.205414830329	0.794585169671
13.2474	269.6585	-424.178994	29	1.0	0.0880329351706
13.2297	269.641	-424.101041	29	1.0	0.0554330210063
12.441	271.2676	-421.961629	18	0.453244009891	0.546755990109
9.9097	265.9197	-421.051515	0	1.0	0.0
12.1761	272.7828	-420.727296	9	0.414528231732	0.585471768268
12.527	272.6633	-420.72727	9	1.0	0.144432313474
12.5208	272.8011	-420.727144	9	1.0	0.235404372296
12.4944	272.7861	-420.600974	9	1.0	0.235404372296
13.3401	269.2214	-419.522908	26	1.0	0.372473150053
13.3916	269.3252	-419.522846	26	1.0	0.0
13.3781	269.32	-419.484502	26	1.0	0.0
13.3516	269.1598	-419.438145	26	1.0	0.0
13.4585	269.2425	-419.351741	26	1.0	0.0447628450222
13.367	269.1455	-418.013637	26	1.0	0.0
13.3458	269.1316	-418.013601	26	1.0	0.366987962773
13.3857	269.1445	-417.905261	26	1.0	0.228340347738
13.5001	269.146	-417.905209	-1	0.0	0.121266855305
15.1842	266.2492	-413.905149	11	0.882057446731	0.117942553269
15.1378	266.2515	-413.84617	11	1.0	0.0
13.7446	268.2642	-408.99275	24	0.825421953537	0.174578046463
13.8591	268.2327	-408.992702	24	0.987009368991	0.0129906310092
13.6753	268.2565	-408.936355	24	0.599732013599	0.400267986401
13.8746	268.2529	-408.936256	24	0.614410335304	0.385589664696
13.8483	268.2271	-408.881119	24	0.960348692866	0.0396513071336
13.6062	268.2764	-408.589434	24	0.439006288161	0.560993711839
13.7301	268.2094	-408.589389	24	1.0	0.126743103879
13.774	268.1763	-408.472544	24	1.0	0.0140559643854
13.5933	268.7874	-403.021334	25	1.0	0.0
15.206	263.0842	-390.392943	3	0.596347099205	0.403652900795
15.3502	263.1644	-390.392849	3	1.0	0.0
15.3131	263.1095	-390.320279	3	1.0	0.0855509339442
15.3025	263.0973	-390.279691	3	1.0	0.0
15.4083	263.1831	-390.247612	3	1.0	0.201382761014
15.3238	263.151	-390.203985	3	1.0	0.0
15.2914	263.1129	-390.159429	3	0.977251670633	0.0227483293671
15.2939	263.18	-390.112932	3	1.0	0.276389131197
15.4683	263.1455	-390.11284	3	1.0	0.0
12.3967	272.4718	-388.113389	9	1.0	0.195906412802
12.4795	272.4042	-388.067396	9	1.0	0.0
13.3823	272.1257	-388.067087	14	0.221037777929	0.778962222071
15.0219	266.2581	-382.79524	11	1.0	0.38244812157
15.028	266.237	-382.736578	11	1.0	0.0
15.0407	266.2416	-382.656744	11	1.0	0.231545103096
12.563	271.1118	-380.909338	17	0.990308232181	0.0096917678192
12.5722	271.0815	-380.855843	17	1.0	0.0
12.3778	271.0221	-380.849914	17	0.512947448276	0.487052551724
13.5127	269.2524	-375.076706	26	1.0	0.0
13.5474	268.6013	-374.994964	25	0.897406541319	0.102593458681
13.5359	269.2936	-374.943381	26	0.822250048795	0.177749951205
13.5874	268.5516	-374.921104	25	1.0	0.0
13.4207	269.2953	-374.852584	26	1.0	0.0
13.5322	269.286	-374.852533	26	0.881073966058	0.118926033942
13.3666	269.18	-374.774692	26	1.0	0.0395610854108
13.1112	271.8955	-373.116188	14	0.625179505417	0.374820494583
12.9211	261.2156	-371.856044	7	0.874072731633	0.125927268367
13.0554	261.2723	-371.807823	7	0.219004235814	0.780995764186
12.4887	261.2913	-371.672577	6	1.0	0.0
13.2841	261.4217	-371.67232	-1	0.0	0.311639124669
12.8441	261.2308	-371.549869	7	0.601907766954	0.398092233046
12.4381	272.744	-371.373524	9	1.0	0.133307768827
12.4868	272.8145	-371.373446	9	1.0	0.291756664052
13.6117	268.2997	-368.644352	23	1.0	0.0
13.7861	268.3504	-368.612586	-1	0.0	0.213883307279
13.5874	268.333	-368.035747	23	1.0	0.0
13.7782	268.2987	-368.035665	24	0.763669693938	0.236330306062
12.5895	271.344	-367.790118	18	0.773070707715	0.226929292285
13.475	268.9858	-360.120357	25	1.0	0.0
13.0192	269.6583	-354.321174	28	0.980185786088	0.0198142139122
13.3812	269.7999	-354.320967	-1	0.0	0.0010862982361
15.4325	261.0639	-350.750882	20	1.0	0.61083778938
15.4301	261.0415	-350.288561	20	1.0	0.0
15.3674	261.0451	-350.079327	20	0.707768236769	0.292231763231
15.4241	261.0691	-349.745818	20	1.0	0.737821527265
13.8336	268.2313	-340.487062	24	0.987009368991	0.0129906310092
13.7439	268.2389	-340.399891	24	1.0	0.0
13.7161	268.2372	-340.343335	24	1.0	0.235106380565
13.8237	268.2707	-340.293327	24	0.719603772958	0.280396227042
14.8153	260.6437	-328.569478	16	0.364061237952	0.635938762048
13.3974	268.9696	-326.635494	25	1.0	0.569665182314
12.4438	271.4811	-319.531985	18	0.670567301816	0.329432698184
12.2629	271.3906	-319.39701	18	0.532171775608	0.467828224392
15.8458	261.5513	-314.619925	13	1.0	0.0
13.5754	268.2743	-313.833262	-1	0.0	0.146000321097
14.7194	260.2429	-313.492978	15	0.875708970285	0.124291029715
13.713	260.5169	-313.314928	-1	0.0	0.420007254018
13.183	269.7205	-310.40265	29	1.0	0.0
13.3668	270.0331	-310.237918	-1	0.0	0.556759554221
13.2888	269.6297	-310.1596	29	1.0	0.0
13.2744	269.6168	-309.751902	29	1.0	0.0
13.4112	269.5122	-308.627249	27	1.0	0.0
12.5575	271.0903	-308.184292	17	1.0	0.0921496198179
12.6951	271.0269	-308.184266	17	0.345108264645	0.654891735355
12.4445	271.0479	-308.053551	17	0.512947448276	0.487052551724
12.5288	271.0932	-308.053476	17	1.0	0.384359861873
12.3587	271.0456	-307.982804	17	0.499093273347	0.500906726653
12.6783	271.1022	-307.982674	17	0.599117904281	0.400882095719
12.5103	270.9829	-307.947872	17	0.615287419637	0.384712580363
14.2087	262.2847	-306.353098	4	0.679307776494	0.320692223506
13.6594	268.5507	-301.819386	25	1.0	0.23879002682
13.6574	268.6324	-301.784917	25	1.0	0.0698541446263
12.471	271.3345	-298.167986	18	0.886568766556	0.113431233444
18.7641	267.2971	-295.934045	8	0.878028661209	0.121971338791
12.3115	261.2792	-292.556039	6	1.0	0.0
15.0444	266.1562	-290.887192	11	1.0	0.364849889933
15.0004	266.148	-290.817816	11	1.0	0.0
15.4336	260.9893	-288.83952	20	1.0	0.0
15.5254	261.066	-288.642743	20	0.674849747313	0.325150252687
15.4859	261.0845	-288.531765	20	0.682580308957	0.317419691043
15.5206	261.0853	-288.373628	20	0.582858872317	0.417141127683
12.5252	272.7149	-287.481291	9	1.0	0.0401698903936
12.6909	272.7918	-287.481172	9	0.597091818597	0.402908181403
12.6005	272.8083	-287.329963	9	1.0	0.452494915488
12.534	272.7274	-287.215676	9	1.0	0.00639815665736
12.06	271.8218	-287.193725	12	1.0	0.0
12.5114	272.7517	-287.092746	9	1.0	0.0
12.0326	271.8003	-287.090477	12	1.0	0.0
12.4814	272.6047	-286.74907	9	1.0	0.322783295004
13.7254	268.2857	-285.276372	24	0.641196642015	0.358803357985
13.7349	268.2332	-285.244603	24	1.0	0.0
13.9569	268.3352	-285.244475	-1	0.0	0.481653298054
13.8414	268.2778	-285.173249	24	0.543188414661	0.456811585339
13.8736	268.2011	-285.169827	24	0.551388483674	0.448611516326
13.78	268.306	-284.627373	24	0.661215064306	0.338784935694
13.9592	268.3829	-284.627266	-1	0.0	0.153649174292
13.7146	268.1616	-284.437055	24	1.0	0.254063804125
13.4074	268.8379	-281.845031	25	1.0	0.111277447286
12.9949	271.8516	-281.187655	14	0.761354628654	0.238645371346
14.8159	260.5979	-275.188383	16	0.563907036901	0.436092963099
14.719	260.5793	-275.165237	16	1.0	0.0
14.7892	260.6007	-275.144559	16	0.581877359017	0.418122640983
13.3375	269.7016	-271.600393	29	1.0	0.167420286217
13.1803	269.7241	-271.54599	29	1.0	0.150502281702
13.1929	269.5946	-271.436041	29	1.0	0.0419493469184
13.1388	269.6775	-271.419192	29	1.0	0.158949754641
13.1657	269.584	-271.168107	29	0.938161749314	0.0618382506864
12.3699	272.4203	-267.678603	9	0.988762499996	0.0112375000039
12.5153	272.5632	-267.678521	9	1.0	0.284921824206
9.0984	261.8058	-262.179251	2	0.399338471786	0.600661528214
9.1927	261.9766	-262.179229	2	1.0	0.0
13.5036	264.6954	-259.281802	5	1.0	0.0
15.4383	260.9394	-257.760098	20	0.482636053069	0.517363946931
15.4058	261.0387	-257.689775	20	1.0	0.636554410854
15.43	261.0413	-257.689741	20	1.0	0.0
15.433	261.0664	-257.538961	20	1.0	0.626244384325
13.7711	268.2354	-255.482611	24	1.0	0.44500968796
13.765	268.1663	-255.449184	24	1.0	0.0
13.7549	268.1881	-255.364558	24	1.0	0.0140559643854
13.7565	268.218	-255.300988	24	1.0	0.0271817411244
14.7293	260.6303	-253.690952	16	0.775780261963	0.224219738037
15.5098	260.8291	-253.668872	-1	0.0	0.61753480191
12.6421	270.9598	-249.636503	17	0.446891204712	0.553108795288
12.3974	271.0235	-249.620315	17	0.512947448276	0.487052551724
14.7227	260.2915	-244.747055	15	1.0	0.0
14.7611	260.2613	-244.699627	15	1.0	0.0
14.7502	260.2467	-244.659931	15	0.936969756921	0.0630302430787
13.0882	269.2438	-243.850152	19	1.0	0.0
13.3975	269.2804	-243.84998	26	1.0	0.160533364467
13.3685	269.3068	-243.766544	26	1.0	0.153175223617
13.5012	269.2469	-243.766499	26	1.0	0.0
13.0395	269.2934	-243.705815	19	1.0	0.0
13.3586	269.1743	-243.705688	26	1.0	0.0
13.3914	269.261	-243.592194	26	1.0	0.000163260356843
13.3492	269.134	-243.540319	26	1.0	0.305038009351
9.5966	266.7024	-242.652956	1	1.0	0.0
14.3016	262.0263	-242.246589	4	0.314451226714	0.685548773286
12.7101	269.8304	-241.731396	-1	0.0	0.390937097328
13.3499	269.9508	-241.731171	-1	0.0	0.341700252068
13.1789	269.6106	-241.689707	29	1.0	0.0
13.2138	269.7441	-241.628898	29	1.0	0.393731105266
13.466	269.7829	-241.628767	-1	0.0	0.0692560645856
13.1766	269.5628	-241.585443	29	0.903264072196	0.0967359278041
12.997	269.6267	-241.564058	28	0.724619276355	0.275380723645
13.0017	269.7058	-241.44755	28	1.0	0.0
13.2098	269.701	-241.447438	29	1.0	0.379312617899
13.1953	269.6512	-241.388303	29	1.0	0.0
13.2041	269.6453	-240.961521	29	1.0	0.0
13.3728	269.6785	-240.961429	29	1.0	0.0
13.1772	269.6857	-240.834194	29	1.0	0.0269228414354
13.4062	269.5032	-240.773931	27	1.0	0.0
13.1856	269.6235	-240.467903	29	1.0	0.143267663968
12.1207	271.6172	-222.168242	12	0.214988553676	0.785011446324
12.0096	271.8092	-222.168105	12	1.0	0.0
11.8593	271.7412	-222.048859	12	0.36666725798	0.63333274202
15.0222	266.1885	-220.795389	11	1.0	0.0593162430098
15.012	266.2329	-220.694544	11	1.0	0.0
15.2155	266.2167	-220.455754	11	1.0	0.517219534078
14.9839	266.1495	-220.398122	11	1.0	0.0
15.0103	266.1775	-220.25059	11	1.0	0.0
13.222	269.744	-211.222117	29	1.0	0.406728485077
13.7115	268.8078	-210.489914	25	1.0	0.0292383873985
14.354	262.2261	-208.040091	4	0.541459338338	0.458540661662
14.3099	262.2725	-207.999058	4	1.0	0.0
13.8598	262.3243	-207.989852	4	0.0974367064374	0.902563293563
14.2533	262.1977	-207.927184	4	1.0	0.0
14.2979	262.2434	-207.927152	4	1.0	0.0
13.4785	268.9729	-207.529882	25	1.0	0.0536849235845
15.4203	261.0112	-207.494193	20	1.0	0.0
13.4544	268.8716	-207.471517	25	1.0	0.0
12.5803	271.0966	-206.399549	17	1.0	0.110920145171
12.6058	271.1415	-206.313991	17	0.561737400915	0.438262599085
12.887	261.204	-202.693739	7	1.0	0.0
12.9022	261.2092	-202.647527	7	1.0	0.0
15.4253	261.0435	-196.678514	20	1.0	0.0
15.5895	261.1461	-196.678438	-1	0.0	0.105721012923
15.4503	261.0666	-196.594293	20	1.0	0.637232654713
15.5123	261.0651	-196.536419	20	0.701295043806	0.298704956194
14.0325	268.2326	-196.472532	-1	0.0	0.513413142858
13.3715	268.3316	-196.428139	-1	0.0	0.0243968671456
13.7757	268.303	-196.427911	24	0.754180442275	0.245819557725
13.5786	268.5488	-194.37348	25	1.0	0.0
13.5092	268.5908	-194.358957	25	0.855631499045	0.144368500955
13.3016	269.6932	-192.66187	29	1.0	0.167420286217
13.2149	269.7291	-192.496548	29	1.0	0.145461587415
13.2178	269.6176	-192.411918	29	1.0	0.0
13.1201	269.6296	-192.373256	29	0.823442812802	0.176557187198
13.1735	269.6764	-192.333407	29	1.0	0.0553197461961
13.2021	269.7278	-192.264472	29	1.0	0.228255444422
13.1972	269.6126	-191.987437	29	1.0	0.0
12.4963	272.7018	-189.36372	9	1.0	0.0325063712391
13.0957	272.5194	-189.329981	9	0.158099007172	0.841900992828
12.3215	272.7356	-189.264944	9	0.78768515351	0.21231484649
12.4199	272.7698	-189.264886	9	1.0	0.211664937961
17.7556	271.819	-186.865177	-1	0.0	0.0699361409355
17.9547	271.8981	-186.865015	-1	0.0	0.11761617055
13.1239	271.8227	-185.565048	14	0.754312565187	0.245687434813
13.1433	271.6825	-185.088897	14	0.614689677751	0.385310322249
13.1295	271.6829	-185.088859	14	0.648579045446	0.351420954554
12.8668	261.1331	-176.867216	7	1.0	0.0
12.8939	261.1484	-176.814615	7	1.0	0.0
12.9479	261.1887	-176.708808	7	0.883128305509	0.116871694491
12.8924	261.129	-176.708768	7	1.0	0.0134904367857
14.251	262.1542	-175.992472	4	0.717168421276	0.282831578724
13.3495	269.6697	-175.884038	29	1.0	0.0
13.224	269.5526	-174.992039	29	1.0	0.0
15.0589	266.2202	-165.543082	11	1.0	0.432013106471
15.1639	266.1985	-165.494317	11	1.0	0.120673449069
15.0193	266.152	-165.063082	11	1.0	0.0
13.2374	269.6083	-164.093845	29	0.988337822609	0.011662177391
13.2156	269.5911	-163.654671	29	1.0	0.0656731855071
12.5978	271.0986	-162.407668	17	1.0	0.349215156234
12.5896	270.9843	-162.313188	17	1.0	0.222441435518
12.5785	271.0049	-162.313151	17	1.0	0.0
14.1627	262.062	-161.997287	4	0.301222303023	0.698777696977
14.7929	260.2848	-156.235973	15	0.691516196255	0.308483803745
14.6319	260.1214	-155.809279	15	0.288082905671	0.711917094329
14.7016	260.1218	-155.696734	15	0.341444655043	0.658555344957
13.0981	268.9925	-151.828258	-1	0.0	0.394416475821
13.5987	268.954	-151.828016	25	0.76173982093	0.23826017907
13.3629	269.7181	-150.338541	29	0.978472342922	0.0215276570782
13.3895	269.6474	-150.278739	29	0.741792193698	0.258207806302
13.2138	269.5752	-150.145276	29	0.940825123573	0.0591748764268
12.5235	272.7557	-149.410299	9	1.0	0.0
14.9115	260.6156	-142.907683	16	0.211089215597	0.788910784403
13.7565	268.165	-139.886942	24	1.0	0.0
13.8039	268.2493	-139.886861	24	0.819551648018	0.180448351982
13.8117	268.2514	-139.845569	24	0.883301343055	0.116698656945
13.7772	268.3046	-139.786486	24	0.703834214746	0.296165785254
13.6175	268.3168	-139.419607	23	1.0	0.0
13.7264	268.2928	-138.819022	24	0.654281436282	0.345718563718
13.935	268.3357	-138.818929	-1	0.0	0.458656488855
15.0377	266.1762	-138.462301	11	1.0	0.0397270769406
15.1702	266.2587	-138.462196	11	1.0	0.0045461590383
14.9952	266.1707	-138.332595	11	1.0	0.114565144949
15.0463	266.2247	-138.288529	11	1.0	0.231545103096
15.125	266.2119	-138.288463	11	1.0	0.0400122412191
14.9742	266.1678	-138.204699	11	1.0	0.153882844425
14.9799	266.1815	-138.12365	11	1.0	0.114565144949
15.0047	266.2317	-138.065378	11	1.0	0.0
15.021	266.2315	-137.983962	11	1.0	0.0
15.1865	266.2094	-137.758721	11	1.0	0.303983053201
15.0517	266.1236	-137.582087	11	0.809043327769	0.190956672231
13.2035	269.7153	-134.165071	29	1.0	0.0
13.1935	269.6141	-134.037517	29	1.0	0.0
12.983	261.2526	-133.792328	7	0.382471174487	0.617528825513
14.3063	262.2761	-132.487682	4	1.0	0.0
14.2873	262.2145	-132.411496	4	1.0	0.0898838024308
14.2023	262.2504	-132.3675	4	0.502727245075	0.497272754925
14.1441	262.2311	-132.345974	4	0.311286299883	0.688713700117
14.2563	262.1951	-132.345918	4	1.0	0.0
14.7965	260.5915	-132.066787	16	0.481232209109	0.518767790891
14.722	260.6018	-132.0278	16	1.0	0.0
14.7129	260.5907	-131.748568	16	1.0	0.0
14.7081	260.6064	-131.645263	16	0.758443048801	0.241556951199
19.088	267.4427	-130.035669	8	1.0	0.0
19.2845	267.5276	-129.948849	8	1.0	0.0
19.1134	267.4528	-129.859687	8	1.0	0.0
13.3951	269.2435	-128.440737	26	1.0	0.372473150053
9.6029	266.5779	-126.807911	1	1.0	0.0
9.5968	266.5099	-126.749679	1	1.0	0.0
13.2298	269.7228	-123.671032	29	1.0	0.351912874708
13.288	269.6525	-123.615717	29	0.707045842555	0.292954157445
13.2562	269.5772	-123.58726	29	1.0	0.0
13.1882	269.6367	-123.515694	29	1.0	0.0630465789985
13.3759	269.6987	-123.468225	29	1.0	0.124465081461
15.4556	261.0407	-120.47047	20	1.0	0.692919782712
9.9022	265.9504	-114.855073	0	0.787866894702	0.212133105298
10.0655	266.032	-114.855027	0	0.29899323424	0.70100676576
9.9408	265.9411	-114.451761	0	1.0	0.0
13.5728	268.5526	-110.992182	25	1.0	0.0
12.802	271.121	-108.90694	17	0.254337138244	0.745662861756
12.7933	271.2659	-108.906863	17	0.168510232761	0.831489767239
14.6486	260.1478	-108.025654	15	0.341444655043	0.658555344957
14.622	260.1379	-107.963661	15	0.341444655043	0.658555344957
13.2638	269.7118	-107.02668	29	1.0	0.0625794212545
12.1649	272.7428	-94.792776	9	0.421313912775	0.578686087225
13.0351	269.2676	-89.807182	19	1.0	0.0
13.3527	269.2038	-89.807048	26	1.0	0.277585850597
13.3947	269.1597	-88.722131	26	1.0	0.189548747822
13.7195	268.2372	-88.353155	24	1.0	0.0979486612552
13.952	268.2755	-88.000479	-1	0.0	0.284596713863
13.7998	268.1954	-87.828036	24	0.671486874551	0.328513125449
13.0602	271.7769	-87.696493	14	1.0	0.0
14.3264	262.237	-86.03589	4	0.966418694887	0.033581305113
13.1838	269.6729	-85.97679	29	1.0	0.0269228414354
13.2258	269.6726	-85.97673	29	1.0	0.192360975277
13.1943	269.5359	-85.940353	29	0.90962962794	0.0903703720596
13.141	269.584	-85.670195	29	0.734814206873	0.265185793127
13.2104	269.5707	-85.67015	29	1.0	0.0289805061938
13.2764	269.6344	-85.521312	29	1.0	0.0429773418869
13.1932	269.532	-85.14182	29	0.792126197532	0.207873802468
18.2795	266.5324	-84.399224	8	0.372950554248	0.627049445752
18.4481	266.5066	-84.399105	8	0.37529045402	0.62470954598
13.3635	269.5354	-84.335559	27	1.0	0.0
14.1952	262.2833	-84.218169	4	0.570840798842	0.429159201158
14.3346	262.2719	-83.656405	4	1.0	0.0575438381342
14.2759	262.2465	-83.423178	4	0.981043557827	0.0189564421726
12.0152	271.7313	-83.373585	12	0.502781270025	0.497218729975
12.0599	271.7826	-83.37353	12	1.0	0.0
12.0485	271.7867	-83.158864	12	1.0	0.0
14.3807	259.8814	-82.679692	-1	0.0	0.0414811834825
15.3054	263.0649	-81.542692	3	1.0	0.0585452339896
15.0071	263.2435	-81.471191	3	0.227408687842	0.772591312158
15.4401	263.1363	-81.418183	3	1.0	0.0202229235782
12.2764	261.1854	-81.044157	6	1.0	0.0
15.4895	263.0643	-80.988652	3	0.462071382575	0.537928617425
15.3304	263.0836	-80.862749	3	1.0	0.0
21.5884	273.3864	-78.576501	-1	0.0	0.212813454057
12.8678	261.134	-75.224943	7	1.0	0.0
15.8028	261.5118	-71.917919	13	1.0	0.0
13.2264	269.6975	-70.99962	29	1.0	0.0620873826841
13.371	269.6612	-70.999552	29	1.0	0.0
13.342	269.7037	-70.916379	29	1.0	0.124465081461
13.1803	269.5455	-70.858411	29	1.0	0.0
13.6076	268.6684	-70.734607	25	1.0	0.0
15.4102	261.0395	-68.18453	20	1.0	0.537324950161
15.4925	261.0491	-68.131081	20	0.775308412747	0.224691587253
15.3682	261.1176	-68.094577	20	0.473493491327	0.526506508673
15.4713	260.8064	-68.094542	-1	0.0	0.678383801969
15.4016	261.0406	-68.009066	20	1.0	0.677837879164
15.4884	261.0283	-67.979636	20	0.810436968289	0.189563031711
15.7247	261.1007	-67.469957	22	0.665424074289	0.334575925711
15.015	266.18	-65.550063	11	1.0	0.0
15.179	266.2192	-65.482696	11	1.0	0.416272228982
15.0252	266.1843	-65.464124	11	1.0	0.0
15.605	266.0774	-65.463795	-1	0.0	0.674159999119
14.9879	266.2725	-65.433161	11	0.926744521561	0.073255478439
15.0093	266.1519	-65.353845	11	1.0	0.0
15.0309	266.1702	-65.353808	11	1.0	0.0823013453636
15.0957	266.2467	-65.260772	11	0.917799391336	0.0822006086635
15.1645	266.1953	-65.022047	11	1.0	0.181464300019
13.5834	268.7937	-60.869637	25	1.0	0.0
13.6813	268.8149	-60.766826	25	1.0	0.0244228625977
13.2636	269.7682	-55.234391	29	0.637366743407	0.362633256593
13.2041	269.5937	-55.083916	29	1.0	0.0450087935046
12.6772	272.8711	-49.46662	9	0.672542337063	0.327457662937
9.2778	261.9591	-48.449126	2	1.0	0.0
12.266	272.4293	-44.947683	9	0.598968282194	0.401031717806
12.4314	272.4867	-44.947579	9	1.0	0.0
12.4439	272.5168	-44.795494	9	1.0	0.204707467621
12.4454	272.5547	-44.727084	9	1.0	0.188826777308
12.3524	272.3613	-44.663095	9	0.795557709249	0.204442290751
13.7693	268.2795	-44.227336	24	0.763669693938	0.236330306062
15.5916	266.6591	-43.054319	-1	0.0	0.379993661007
15.2445	261.0318	-42.622461	20	0.448801803655	0.551198196345
14.7086	260.2849	-38.482874	15	1.0	0.0
14.2437	262.2525	-37.566056	4	0.780462545991	0.219537454009
13.0283	268.9928	-31.659185	-1	0.0	0.494123043993
13.4447	268.9938	-31.65898	25	1.0	0.27897825162
13.5868	268.9125	-31.621049	25	1.0	0.17312609248
13.5745	268.886	-31.569117	25	1.0	0.0335198922741
13.4824	268.8438	-31.384953	25	1.0	0.0
13.8122	268.8208	-31.384782	25	0.669517035624	0.330482964376
13.4478	268.8628	-31.201782	25	1.0	0.0
15.3355	260.9069	-27.754585	-1	0.0	0.436926499755
15.5037	260.9323	-27.652943	-1	0.0	0.0267246307073
13.0066	271.7427	-27.458535	14	0.929972170668	0.0700278293324
13.1811	269.6048	-27.306516	29	1.0	0.0
13.1918	269.6599	-27.209018	29	1.0	0.0269228414354
13.2833	269.7927	-27.20894	-1	0.0	0.0792674960031
13.22	269.6468	-27.117017	29	1.0	0.0
13.0887	269.6678	-26.971767	-1	0.0	0.0261864447049
13.1639	269.6716	-26.971702	29	1.0	0.0269228414354
13.2379	269.682	-26.908595	29	1.0	0.192360975277
12.9838	269.6421	-26.811167	28	1.0	0.0
12.7818	269.7169	-26.563217	-1	0.0	0.0593891396386
13.2202	269.6831	-26.19821	29	1.0	0.164053067031
13.4578	269.7603	-26.198094	-1	0.0	0.0010862982361
13.5937	268.815	-22.421834	25	1.0	0.302502755767
13.8074	268.8425	-22.010703	25	0.75050807712	0.24949192288
14.0855	268.6356	-22.010616	-1	0.0	0.479322000381
13.7091	268.191	-17.99447	24	1.0	0.144346276852
13.6289	268.1726	-17.939119	24	0.448502865528	0.551497134472
18.3571	258.4561	-17.912607	-1	0.0	0.223880248823
13.8846	268.2431	-17.869049	24	0.768068519242	0.231931480758
13.8165	268.1858	-17.800968	24	0.562873251762	0.437126748238
13.7323	268.1462	-17.724292	24	1.0	0.0
13.7629	268.2549	-17.527855	24	0.896975503032	0.103024496968
12.7596	271.2354	-13.937179	17	0.179257573206	0.820742426794
12.4224	270.9967	-11.701722	17	0.466408570317	0.533591429683
12.6262	271.106	-11.701592	17	0.867489602803	0.132510397197
12.5694	271.0557	-11.629546	17	1.0	0.409187262209
14.7461	260.5868	-9.648768	16	0.684962256061	0.315037743939
14.7244	260.5619	-9.443096	16	0.684123175994	0.315876824006
14.7307	260.6104	-9.404687	16	1.0	0.0
15.23	263.1611	-7.123111	3	0.730058718039	0.269941281961
15.4646	263.1082	-7.001322	3	0.875150737522	0.124849262478
15.5012	263.1627	-6.991695	3	0.981405256879	0.0185947431214
15.5822	263.2825	-6.607393	3	0.253270916944	0.746729083056
14.9898	266.2063	-3.569988	11	1.0	0.236558026602
15.17	266.2086	-3.569843	11	1.0	0.120673449069
15.3839	260.9843	-3.4035	20	1.0	0.15217917012
15.4122	261.0119	-3.303244	20	1.0	0.0
15.4145	261.0191	-3.211821	20	1.0	0.0
15.4735	260.9886	-3.111897	20	1.0	0.228466160515
15.402	261.0084	-3.073437	20	1.0	0.286282273624
15.4223	266.4181	-2.657772	10	0.621704381009	0.378295618991
13.2616	269.54	-1.781899	29	0.932936972375	0.0670630276254
13.2678	269.5424	-1.671024	29	0.942492724993	0.0575072750069
14.2459	262.2679	9e-06	4	0.679307776494	0.320692223506
13.2815	269.6174	2.087431	29	1.0	0.0
13.1147	271.7528	3.614659	14	1.0	0.0
13.0451	271.7024	3.695451	14	0.909377324093	0.0906226759066
14.4938	267.938	5.264558	-1	0.0	0.710306226065
14.493	268.0197	5.264587	-1	0.0	0.708397312995
12.4428	271.4987	5.742899	18	0.540208524825	0.459791475175
12.4164	271.4113	5.788679	18	0.877501095474	0.122498904526
12.4462	271.3251	5.842487	18	0.826269808082	0.173730191918
12.2824	271.3698	5.91186	18	0.549714283825	0.450285716175
12.9803	271.8469	5.947305	14	0.761354628654	0.238645371346
14.2254	262.2902	12.586042	4	0.679307776494	0.320692223506
14.1996	262.2935	12.717557	4	0.544929117435	0.455070882565
15.2516	261.6024	12.830568	-1	0.0	0.0897902923429
12.8523	261.1253	17.155122	7	1.0	0.0115723670449
12.84	261.0763	17.228037	7	0.370883959047	0.629116040953
12.8886	261.1985	17.22805	7	1.0	0.0
12.833	261.0516	17.2618	7	0.26091982366	0.73908017634
12.9279	261.2087	17.261831	7	0.928763155624	0.0712368443758
12.8611	261.1415	17.315189	7	1.0	0.0
9.3803	262.1278	17.714033	2	0.413567445301	0.586432554699
9.2179	261.9782	17.714045	2	1.0	0.0
15.4494	261.0582	24.92314	20	1.0	0.61083778938
15.2591	260.9968	24.924359	20	0.448801803655	0.551198196345
15.4232	261.0194	24.967907	20	1.0	0.00605524134329
13.2209	269.6663	26.859535	29	1.0	0.0131326253369
13.5718	269.3127	29.230274	26	0.535873729027	0.464126270973
14.7087	260.2638	34.090388	15	0.935812424813	0.0641875751873
14.9524	260.2639	34.090493	15	0.183851555721	0.816148444279
14.2049	262.1923	36.669497	4	0.704643358991	0.295356641009
14.7143	260.5893	41.780946	16	1.0	0.0
14.7519	260.5136	41.83943	16	0.299926151855	0.700073848145
14.7958	260.5376	41.839465	16	0.364609699623	0.635390300377
14.7506	260.561	41.893405	16	0.65632024846	0.34367975154
14.7527	260.5538	41.999866	16	0.632935473874	0.367064526126
12.4418	272.3298	42.368994	9	0.706163459821	0.293836540179
12.4509	272.4843	42.369105	9	1.0	0.0
12.4301	272.4164	42.469351	9	1.0	0.0
12.484	272.5132	42.469422	9	1.0	0.0399853970944
12.4467	272.4532	42.531142	9	1.0	0.0608423047282
13.149	272.0698	43.199118	14	0.379529697229	0.620470302771
12.8299	261.158	48.111048	7	0.803993683288	0.196006316712
13.7568	268.8353	48.867074	25	1.0	0.0244228625977
13.6064	268.7738	48.957374	25	1.0	0.039820978057
13.5643	268.7939	49.026054	25	1.0	0.0
13.6112	268.7366	49.219214	25	1.0	0.00348707110862
15.1205	263.1521	51.421853	3	0.428820831817	0.571179168183
15.2231	262.8819	51.421905	3	0.198696104171	0.801303895829
15.3506	263.0863	51.421991	3	1.0	0.0
13.2564	269.7336	57.845616	29	1.0	0.00512249136555
13.5205	269.7299	57.845749	-1	0.0	0.0411358744047
13.1712	269.5983	57.917471	29	1.0	0.176793744839
13.2405	269.7058	57.917534	29	1.0	0.320167574112
15.0664	266.2762	61.729004	11	0.947547605792	0.0524523942084
15.1317	266.2016	61.729053	11	1.0	0.0
15.0722	266.007	61.794196	-1	0.0	0.341858240033
15.0999	266.2006	61.794287	11	1.0	0.184222450363
15.1259	266.1984	61.849396	11	1.0	0.0
15.4473	266.5058	62.4545	10	1.0	0.0
15.5306	266.5353	62.454573	10	1.0	0.130320972007
15.4487	266.6285	62.512088	-1	0.0	0.133504738141
15.5508	266.5243	62.512143	10	1.0	0.0
15.4144	266.5076	62.582959	10	1.0	0.0
15.4207	266.4994	62.640155	10	1.0	0.0
15.4341	266.4833	62.698909	10	1.0	0.283712419227
15.4616	266.5067	62.698956	10	1.0	0.199374520558
12.9697	261.1788	69.976803	7	0.567405590855	0.432594409145
15.7274	261.5408	71.14581	13	1.0	0.0
15.7215	261.5169	71.211174	13	1.0	0.0
15.6868	261.0777	72.269759	22	1.0	0.0
14.7366	260.4714	73.735964	16	0.165332007217	0.834667992783
14.7889	260.6141	73.735982	16	0.581877359017	0.418122640983
14.2706	262.2077	75.184632	4	1.0	0.435057078089
13.5751	264.6421	79.847798	5	0.846010984599	0.153989015401
13.5672	264.7021	79.911283	5	1.0	0.0
12.1653	272.6276	83.100449	9	0.411803691496	0.588196308504
12.5601	272.6995	83.100592	9	1.0	0.307207410484
12.934	271.7565	85.528997	14	0.661539037786	0.338460962214
13.0815	271.7157	85.529066	14	1.0	0.0
13.2117	269.719	93.503472	29	1.0	0.0
13.2114	269.659	93.621195	29	1.0	0.0
12.9032	269.7031	93.711557	-1	0.0	0.0768671240108
13.1846	269.7279	93.711701	29	1.0	0.0
13.1787	269.7202	93.764022	29	1.0	0.0
13.2609	269.7216	93.764062	29	1.0	0.0335402291361
13.0102	269.6827	93.825721	28	0.954166579958	0.0458334200423
13.6039	269.8241	93.826018	-1	0.0	0.122770203885
13.265	269.6259	93.888253	29	1.0	0.0
15.2767	267.7221	94.327429	-1	0.0	0.762561090365
12.8884	261.1689	98.37634	7	1.0	0.038336585213
14.7462	260.6126	105.804555	16	1.0	0.0
14.6337	260.5772	105.8885	16	0.303213423717	0.696786576283
14.8047	260.6162	105.888553	16	0.481232209109	0.518767790891
14.7299	260.5382	106.058422	16	0.616636974602	0.383363025398
14.7594	260.269	107.734161	15	1.0	0.0
14.6584	260.2759	107.804807	15	0.56868817624	0.43131182376
14.6966	260.2227	107.866639	15	0.693046388564	0.306953611436
12.4448	272.7956	109.225046	9	1.0	0.397336034717
12.5286	271.0816	110.92904	17	1.0	0.0342849858564
12.5354	270.9496	110.996078	17	0.494284773746	0.505715226254
12.7127	272.9048	117.424149	9	0.593616601253	0.406383398747
14.3039	262.2773	123.516647	4	1.0	0.0575438381342
13.0586	271.3506	124.98954	-1	0.0	0.185645651919
13.4991	271.1823	124.98971	-1	0.0	0.0161775913509
15.0048	266.2397	130.047508	11	1.0	0.0
15.1525	266.187	130.091603	11	1.0	0.377502702764
14.9781	266.2482	130.138133	11	1.0	0.0624762703657
15.0837	266.2545	130.224346	11	1.0	0.0277731814119
15.1073	266.2593	130.355991	11	1.0	0.0
14.9269	266.2623	130.449212	11	0.799969900655	0.200030099345
14.9736	266.207	130.735673	11	1.0	0.273801666287
15.4536	261.0963	131.08806	20	0.813487056489	0.186512943511
15.3252	260.9225	131.097958	-1	0.0	0.353423876583
15.489	261.118	131.098022	20	0.48330762092	0.51669237908
16.0231	261.1729	131.181865	-1	0.0	0.67253618697
15.4553	260.9718	131.231543	20	0.901623925634	0.0983760743657
15.4166	261.0172	131.403828	20	1.0	0.0
15.4045	261.0809	131.572982	20	0.782560964839	0.217439035161
15.4075	261.0956	131.768657	20	0.899413523983	0.100586476017
12.9958	269.6505	132.660757	28	1.0	0.0
13.2205	269.7411	132.660899	29	1.0	0.342766169921
13.2269	269.6785	132.717622	29	1.0	0.0620873826841
13.2402	269.6972	132.717682	29	1.0	0.216775194133
13.2633	269.6895	132.784009	29	1.0	0.0114426755888
13.1948	269.7164	132.784058	29	1.0	0.0
13.3614	269.6655	132.784104	29	1.0	0.0
13.2647	269.562	132.823066	29	1.0	0.0132030205223
13.5694	268.7795	133.068507	25	1.0	0.0
13.8804	268.9506	133.068695	-1	0.0	0.0347100678888
13.5573	268.6915	133.181683	25	1.0	0.0332961959146
13.5937	268.7371	133.193895	25	1.0	0.276015746966
13.5405	268.7684	133.281913	25	1.0	0.134937496067
13.6197	268.8729	133.281984	25	0.899814149416	0.100185850584
13.5254	268.6696	133.479427	25	1.0	0.03181975454
14.7256	260.5924	134.328328	16	1.0	0.0131725278378
14.7529	260.618	134.369537	16	1.0	0.0
14.7028	260.5822	134.435287	16	1.0	0.0
15.4459	266.4481	134.641764	10	0.770839341513	0.229160658487
15.5443	266.5165	134.641858	10	1.0	0.0
14.6562	260.5781	134.724694	16	0.428828650499	0.571171349501
15.418	266.5182	134.804563	10	1.0	0.0
15.5361	266.5333	134.833986	10	1.0	0.0152239120151
13.3612	268.5333	135.092751	-1	0.0	0.040235339029
13.617	268.5274	135.092881	25	1.0	0.0
13.7357	268.1662	137.290659	24	1.0	0.0
13.7024	268.1772	137.473666	24	1.0	0.196091696837
13.7564	268.1642	137.887009	24	1.0	0.0
13.7194	268.1652	137.887037	24	1.0	0.258066813621
9.8926	269.3456	138.061872	-1	0.0	0.0808733376626
9.9145	269.4851	138.061949	-1	0.0	0.0618209797349
13.4896	269.0364	139.921581	25	0.861624880744	0.138375119256
13.475	268.8844	140.047641	25	1.0	0.0
13.4315	268.8113	140.392611	25	1.0	0.080542429989
21.5867	273.2768	144.005015	-1	0.0	0.192031336591
12.5321	272.7924	144.916149	9	1.0	0.291756664052
12.3297	272.6439	144.946147	9	0.880507208534	0.119492791466
13.1275	271.7686	147.157879	14	0.985084231661	0.0149157683391
13.3649	268.7782	149.269688	25	0.779010485992	0.220989514008
13.6222	268.4684	149.31913	-1	0.0	0.0732789074526
13.1185	272.1755	149.364531	14	0.362875409364	0.637124590636
15.6988	261.0331	149.983819	-1	0.0	0.0192276573085
15.67	261.0639	150.089373	22	0.879341282144	0.120658717856
14.243	262.0221	152.942299	4	0.314451226714	0.685548773286
14.2584	262.0767	152.942327	4	0.314451226714	0.685548773286
14.0048	262.1265	153.262136	4	0.166714087873	0.833285912127
14.316	262.061	153.368032	4	0.25147524379	0.74852475621
9.8981	265.8438	153.406977	0	0.837714819441	0.162285180559
9.9046	265.8575	153.455913	0	1.0	0.0
13.1635	269.6281	167.341058	29	1.0	0.143267663968
13.2321	269.7536	167.34113	29	1.0	0.00252173358512
12.9586	269.6846	167.384857	28	0.836103961203	0.163896038797
12.9646	269.7103	167.397316	28	0.75308386142	0.24691613858
13.2156	269.7108	167.397449	29	1.0	0.0
12.9883	269.6598	167.471512	28	1.0	0.0
13.2049	269.6334	167.512373	29	1.0	0.188594721563
14.3127	260.1634	167.543243	-1	0.0	0.484410650052
14.4078	260.214	167.58172	-1	0.0	0.362418162707
12.8437	269.7873	167.622682	-1	0.0	0.0840919637927
15.5094	261.1125	169.028846	20	0.530791731719	0.469208268281
14.864	261.1592	169.071461	-1	0.0	0.354543593257
15.4639	261.0836	169.131053	20	0.803340828033	0.196659171967
15.2136	261.0165	169.1726	20	0.448801803655	0.551198196345
15.4078	260.9873	169.172683	20	1.0	0.0
15.4403	261.042	169.204541	20	1.0	0.416262081676
15.6029	261.0643	169.381863	-1	0.0	0.150340166913
15.3905	261.1012	178.664023	20	0.807342250407	0.192657749593
15.6764	261.1388	178.664183	22	0.562581326023	0.437418673977
9.196	261.9141	181.380605	2	1.0	0.0
9.272	261.9761	181.456249	2	1.0	0.0
12.8788	261.1647	192.430153	7	0.851580651039	0.148419348961
15.0282	266.1713	193.280765	11	1.0	0.0
15.1829	266.1694	193.280854	11	1.0	0.0849645778821
12.4363	272.4757	194.799596	9	1.0	0.0
12.4637	272.4207	194.925341	9	1.0	0.0
13.0867	269.5893	196.172986	-1	0.0	0.179018755288
13.2457	269.6265	196.173087	29	1.0	0.0
13.2657	269.4753	196.207145	-1	0.0	0.16928621063
13.278	269.6135	196.277424	29	1.0	0.0146573133212
15.4569	266.4586	199.67918	10	0.770378156636	0.229621843364
15.3908	266.5367	199.708599	10	0.93489865342	0.0651013465802
15.5294	266.5224	199.708678	10	1.0	0.0
15.4503	266.4466	199.744522	10	0.770839341513	0.229160658487
15.402	266.5065	199.911536	10	1.0	0.165600980639
15.6768	266.5108	199.911694	10	0.376571964232	0.623428035768
13.5222	268.8258	200.567363	25	1.0	0.112943206961
13.5479	268.7489	200.65005	25	1.0	0.144892473622
13.6256	268.8688	201.55482	25	0.905466362483	0.0945336375168
12.8998	272.0984	201.685417	14	0.299737441671	0.700262558329
12.5216	272.7536	203.325567	9	1.0	0.0
12.5714	272.7904	203.32563	9	1.0	0.427941735975
12.7062	272.491	203.460265	9	0.443034917618	0.556965082382
12.5247	272.6368	203.887656	9	1.0	0.403985438771
15.2076	266.2394	208.207548	11	0.971493402486	0.0285065975141
14.9716	266.1947	208.259517	11	1.0	0.277523053094
15.1451	266.302	208.259612	11	0.939791049796	0.0602089502042
15.0268	266.2571	208.32429	11	1.0	0.366463790326
14.9995	266.1869	208.404516	11	1.0	0.0
15.1078	266.1992	208.518434	11	1.0	0.0
14.9852	266.173	208.647108	11	1.0	0.114565144949
12.849	261.2427	214.357458	7	0.481676228748	0.518323771252
12.4014	272.6834	214.863585	9	1.0	0.462866784091
12.5295	272.7105	214.863658	9	1.0	0.0
12.9852	269.6839	215.569013	28	1.0	0.0
13.0396	269.7048	215.621636	28	0.697979813295	0.302020186705
13.2335	269.7739	215.621771	29	0.675090989912	0.324909010088
13.3748	269.6888	215.6218	29	0.893139139865	0.106860860135
13.1956	269.6041	215.714961	29	1.0	0.0
13.2251	269.7057	215.715036	29	1.0	0.00610122510008
13.336	269.6183	215.919821	29	0.681880768825	0.318119231175
13.4037	269.3698	216.493956	26	0.530108845565	0.469891154435
13.5471	269.3899	216.49403	-1	0.0	0.0342233666247
12.9408	269.2857	216.572766	19	1.0	0.0
13.3429	269.2451	216.572924	26	1.0	0.000163260356843
13.4184	269.2231	216.665287	26	1.0	0.372473150053
15.4205	260.9924	217.825233	20	1.0	0.0
15.5252	261.0403	217.882846	20	0.631119431248	0.368880568752
15.4752	261.0379	218.397752	20	1.0	0.748898365147
15.7585	261.4563	221.212353	13	0.840479937308	0.159520062692
15.2592	263.1372	221.462478	3	0.960451245349	0.0395487546511
15.49	263.1277	222.232962	3	1.0	0.000968558044182
12.486	271.3806	228.809237	18	1.0	0.0
12.4689	271.3574	228.871521	18	1.0	0.0
12.5198	271.3941	229.438352	18	1.0	0.0
12.5638	271.3624	229.810091	18	1.0	0.0
12.5644	271.0058	230.66752	17	1.0	0.0
12.701	271.0798	230.667609	17	0.414785437168	0.585214562832
12.5562	271.0075	230.709294	17	1.0	0.0
12.5854	271.0696	230.737215	17	1.0	0.298712439293
12.4473	270.9497	230.821918	17	0.388412668493	0.611587331507
14.6618	260.2653	235.381675	15	0.588096405502	0.411903594498
14.675	260.2231	235.383361	15	0.56120259233	0.43879740767
15.7158	261.0871	240.510159	22	1.0	0.0
11.9803	271.8796	242.035516	12	0.544498713308	0.455501286692
12.1661	271.9311	242.035615	12	0.480954914155	0.519045085845
12.7071	272.9401	244.123455	9	0.422519453234	0.577480546766
12.4638	272.889	244.177736	9	0.462342888154	0.537657111846
13.5192	268.8257	247.888597	25	1.0	0.093750624497
13.5023	268.7284	247.96583	25	1.0	0.0
13.6273	268.816	248.229356	25	1.0	0.0433662994721
13.5113	268.836	248.492207	25	1.0	0.105098925824
15.0048	266.1461	249.961318	11	1.0	0.0
15.1814	266.2106	250.051548	11	1.0	0.263617573886
15.1342	266.2762	250.078752	11	1.0	0.0
15.202	266.1637	250.101433	11	0.745688175172	0.254311824828
15.1556	266.1602	250.125677	11	0.989447079984	0.010552920016
14.9996	266.1223	250.33384	11	1.0	0.271263494156
15.3321	261.0194	255.249601	20	0.448801803655	0.551198196345
15.4059	260.977	255.421274	20	1.0	0.148163955783
15.4511	260.9683	255.613167	20	0.968454481022	0.0315455189778
13.5553	264.7612	256.592742	5	1.0	0.0
13.6646	264.7554	256.592817	5	1.0	0.0
13.6426	264.7579	256.629779	5	1.0	0.0
13.2747	269.5865	262.480342	29	1.0	0.0
13.7198	269.7176	262.480561	-1	0.0	0.233543423549
13.2999	269.4957	262.520144	-1	0.0	0.0554341641974
13.2861	269.6999	262.562034	29	1.0	0.0625794212545
13.1257	269.604	262.628451	29	0.855324730008	0.144675269992
13.2636	269.5836	262.628526	29	1.0	0.0
13.4611	268.9317	266.115294	25	1.0	0.613676478049
13.4657	268.9764	266.115339	25	1.0	0.0
13.4487	268.9883	266.156878	25	1.0	0.0
13.0256	272.0961	266.243594	14	0.379529697229	0.620470302771
14.2681	262.2239	266.556696	4	0.919819073895	0.0801809261051
13.1389	272.1699	266.663886	14	0.365435947226	0.634564052774
15.7519	261.154	268.774978	21	1.0	0.0
15.7933	261.0925	269.06795	-1	0.0	0.0267396301339
14.7471	260.608	269.370289	16	0.996761532258	0.00323846774236
14.7902	260.682	269.408973	16	0.226224430339	0.773775569661
14.2104	260.715	269.438083	-1	0.0	0.631429214913
14.2014	260.6791	269.505625	-1	0.0	0.613257240129
12.3154	272.6606	269.609525	9	0.957648043884	0.0423519561156
14.8852	260.7027	269.713617	16	0.174327257913	0.825672742087
15.4256	261.0871	271.304636	20	0.899413523983	0.100586476017
15.2728	261.0234	271.364262	20	0.448801803655	0.551198196345
13.7284	268.1938	273.664408	24	1.0	0.0
13.8211	268.2394	273.712813	24	0.987009368991	0.0129906310092
12.5061	272.3776	275.125088	9	1.0	0.194205197594
12.5489	272.5544	275.125195	9	0.897358328965	0.102641671035
12.5042	272.4723	275.300299	9	1.0	0.0250197862779
12.4423	272.3993	275.369627	9	1.0	0.0
12.4975	272.4548	275.369695	9	1.0	0.142406937826
12.4614	272.3963	275.454653	9	1.0	0.0
14.3331	262.2218	276.596526	4	0.774305153368	0.225694846632
14.2923	262.2294	276.661898	4	1.0	0.0
14.3153	262.2662	276.720939	4	1.0	0.0
14.285	262.2406	276.783639	4	1.0	0.0
14.8596	262.3545	276.814746	4	0.0612006957138	0.938799304286
14.3107	262.2273	276.996753	4	0.995903192485	0.00409680751489
14.2222	262.154	277.353054	4	0.674244957837	0.325755042163
9.938	265.9658	277.543295	0	0.72017337416	0.27982662584
9.9324	265.8552	277.566572	0	1.0	0.0
9.8997	265.8853	277.874959	0	1.0	0.0
9.9882	265.9314	277.874992	0	0.730428598928	0.269571401072
16.2729	261.2345	283.418465	-1	0.0	0.281777107313
13.2177	269.547	284.088198	29	1.0	0.0
12.8474	261.1603	293.821162	7	1.0	0.0
13.6053	268.3764	297.801227	-1	0.0	0.325162191107
12.8551	271.7689	307.41518	14	0.491520417739	0.508479582261
13.0525	271.7461	307.415266	14	1.0	0.0
14.8132	260.4336	307.893357	-1	0.0	0.138526237824
14.6967	260.3407	308.13294	15	0.321801622519	0.678198377481
15.4096	266.4326	310.161781	10	0.770378156636	0.229621843364
15.4464	266.5307	310.16184	10	1.0	0.109709163345
15.539	266.5231	310.178858	10	1.0	0.0
15.5383	266.5245	310.258828	10	1.0	0.0
12.4948	272.6517	313.456878	9	1.0	0.0
12.3918	272.7551	313.608303	9	1.0	0.133307768827
13.4741	268.7634	315.174806	25	1.0	0.297265186675
13.5339	268.911	315.174885	25	1.0	0.108278157183
13.5024	268.7388	315.398068	25	1.0	0.0
13.4907	268.7343	315.431811	25	1.0	0.102205794728
13.5098	268.8793	315.470297	25	1.0	0.0877277013965
13.5219	268.7519	315.544001	25	1.0	0.0
13.9134	269.0117	315.553449	-1	0.0	0.186848351388
13.5305	268.7436	315.604918	25	1.0	0.0253994266767
13.8116	268.9269	316.051824	-1	0.0	0.0829769528232
13.5109	268.73	316.554572	25	1.0	0.0
13.0871	271.9153	320.129057	14	0.625179505417	0.374820494583
12.886	261.19	320.545226	7	1.0	0.0
13.1251	271.8886	320.564204	14	0.619577162279	0.380422837721
15.7031	261.1002	321.72356	22	0.8176072072	0.1823927928
15.6307	261.1221	321.813906	22	0.562581326023	0.437418673977
12.5784	271.0016	326.687536	17	1.0	0.0
12.5378	271.0681	326.785367	17	1.0	0.0
12.5755	270.9003	326.857256	17	0.302237164843	0.697762835157
15.3049	263.0246	327.611572	3	0.85701441461	0.14298558539
12.2071	271.9066	327.641495	12	0.528957919976	0.471042080024
12.8856	271.6874	327.641741	14	0.491520417739	0.508479582261
12.0992	271.8571	327.72043	12	0.60472877194	0.39527122806
14.8137	260.2919	332.274593	15	0.558940052817	0.441059947183
13.3589	269.4206	341.470537	-1	0.0	0.160912624594
15.7865	261.0815	341.720882	-1	0.0	0.147421991957
15.7948	261.1503	341.748947	21	1.0	0.0
13.6266	268.5968	341.802317	25	1.0	0.142956808562
13.6103	268.6628	341.865526	25	1.0	0.0
13.1393	269.6613	341.966248	29	0.837505902727	0.162494097273
13.3489	269.6657	341.96637	29	1.0	0.0
12.9306	261.1161	342.519985	7	0.558363194209	0.441636805791
15.4204	260.9892	351.294794	20	1.0	0.0
15.4008	261.0386	351.298726	20	1.0	0.701244566386
15.4444	260.9894	351.412365	20	1.0	0.063323442195
15.533	260.9095	351.474934	-1	0.0	0.405394193301
15.545	261.0494	351.474995	20	0.701295043806	0.298704956194
13.6859	268.1615	354.894755	24	1.0	0.123694810194
13.7238	268.2545	354.89483	24	1.0	0.118608089058
13.7858	268.1311	354.934174	24	0.62702527986	0.37297472014
13.6557	268.1974	354.934218	24	0.552377355484	0.447622644516
13.7356	268.2016	354.950213	24	1.0	0.0
13.7294	268.2174	355.310989	24	1.0	0.0321092551214
13.7308	268.1347	355.538425	24	1.0	0.0
15.0352	266.1337	357.56875	11	1.0	0.138343166074
13.3352	269.1619	357.990872	26	1.0	0.222296202628
13.4019	269.1845	358.078906	26	1.0	0.266645527903
15.7228	261.165	360.145745	21	0.864569456736	0.135430543264
15.8	261.1595	360.247512	21	0.998665841059	0.00133415894141
15.7358	261.0218	360.486694	-1	0.0	0.271063455147
15.7644	261.3693	361.96933	13	0.490111899845	0.509888100155
13.7577	271.9296	363.553144	-1	0.0	0.377821067332
12.5122	272.4174	369.178482	9	1.0	0.156787412215
12.4042	272.3273	369.220437	9	0.636584763988	0.363415236012
13.4858	268.7161	371.075634	25	1.0	0.130308840424
13.7657	268.9368	371.409555	-1	0.0	0.117099558116
14.9551	266.1274	375.635746	11	0.834610019885	0.165389980115
15.115	266.1992	375.682477	11	1.0	0.0
15.1302	266.205	375.780732	11	1.0	0.0
15.0408	266.1081	376.147531	11	0.627261786466	0.372738213534
15.1427	266.2048	376.147631	11	1.0	0.0400122412191
15.1108	266.2155	376.327661	11	1.0	0.320228974249
16.2854	261.2865	383.303865	-1	0.0	0.362005959841
15.7768	261.1743	383.459643	21	1.0	0.0
14.7226	260.2956	383.760089	15	1.0	0.0
13.5326	268.7207	387.594253	25	1.0	0.168075990625
13.0526	271.4276	388.019237	14	0.208647428309	0.791352571691
13.5291	268.769	388.10624	25	1.0	0.135784432133
14.71	260.5822	395.343423	16	1.0	0.0
14.7832	260.6909	395.400345	16	0.223118739338	0.776881260662
14.7434	260.5452	395.407619	16	0.65632024846	0.34367975154
14.4521	260.5368	395.464465	-1	0.0	0.294229892092
12.5189	272.749	397.949124	9	1.0	0.0
12.5068	272.6692	398.386975	9	1.0	0.0
12.5169	272.7524	398.387041	9	1.0	0.0
12.4229	272.7405	398.421262	9	1.0	0.0360925383114
12.4763	272.6657	398.477211	9	1.0	0.0
13.2169	269.7185	399.0008	29	1.0	0.0
13.2373	269.5505	399.041282	29	1.0	0.0
13.0688	269.6763	399.097875	28	0.756048611557	0.243951388443
13.2657	269.7138	399.097999	29	1.0	0.0307781723756
13.1254	271.7756	400.273705	14	0.998161714703	0.00183828529691
13.0882	271.6224	400.415623	14	0.491820369026	0.508179630974
13.7074	271.5012	400.501216	-1	0.0	0.0293241833002
15.7	261.074	408.257554	22	1.0	0.0
15.4103	260.983	408.477953	20	1.0	0.0396042004147
15.4406	261.0516	408.538198	20	1.0	0.576170550844
15.3753	260.9773	408.572586	20	0.826723409006	0.173276590994
15.3801	261.0063	408.613263	20	0.741755167628	0.258244832372
15.427	260.9996	408.921061	20	1.0	0.232433778527
14.7422	260.2635	410.401725	15	1.0	0.0
13.3383	269.1668	418.676042	26	1.0	0.0
13.4864	269.2139	418.696713	26	0.818140013433	0.181859986567
13.3512	269.3402	418.769491	26	0.738185258781	0.261814741219
12.5624	270.9781	422.41498	17	0.882620092085	0.117379907915
12.681	273.1768	427.073459	9	0.174457498232	0.825542501768
12.686	273.1819	427.073505	9	0.171344720095	0.828655279905
15.424	266.5372	430.389182	10	1.0	0.0
15.4781	266.5295	430.440835	10	1.0	0.287765442753
15.4818	266.5534	430.484302	10	0.808159651527	0.191840348473
15.4069	266.5388	430.531567	10	1.0	0.109709163345
13.5408	268.9026	431.104351	25	1.0	0.0877277013965
13.623	268.7804	431.196043	25	1.0	0.215824241754
14.8466	260.6342	434.150732	16	0.314320559939	0.685679440061
15.6831	261.0558	437.17142	22	0.742678775394	0.257321224606
14.2157	262.0155	440.21196	4	0.314451226714	0.685548773286
14.2065	262.0144	440.44598	4	0.314451226714	0.685548773286
13.1556	269.6956	444.006154	29	1.0	0.158949754641
13.1283	269.7002	444.021032	29	0.709404545361	0.290595454639
13.1525	269.7137	444.021078	29	1.0	0.0718756606023
13.1511	269.6375	444.080252	29	0.993305309244	0.00669469075622
12.8577	271.3745	445.723215	-1	0.0	0.0
13.5672	271.215	445.723472	-1	0.0	0.353125800078
13.0652	271.396	445.782324	-1	0.0	0.31559356849
12.3201	272.6609	449.02854	9	1.0	0.520575915361
12.4865	272.7309	449.028646	9	1.0	0.0758386376376
12.5388	272.7365	449.082069	9	1.0	0.616528591807
12.4241	272.5849	449.120582	9	0.750975216586	0.249024783414
15.1039	267.7334	457.937263	-1	0.0	0.710306226065
14.724	267.6486	461.49031	-1	0.0	0.710306226065
15.6889	261.0647	463.463889	22	1.0	0.0
15.7894	261.1316	463.732055	21	0.860779471917	0.139220528083
12.9021	261.1861	467.274156	7	1.0	0.0
12.7886	261.1341	467.345752	7	0.653455371648	0.346544628352
12.7981	261.0901	467.413242	7	0.488284010362	0.511715989638
12.8779	261.2441	467.413256	7	0.563240654291	0.436759345709
12.8274	261.1697	467.448949	7	0.686795673145	0.313204326855
12.1377	261.2962	467.779058	6	0.991424540149	0.00857545985056
14.7306	260.6174	468.086736	16	1.0	0.0
14.7162	260.5564	468.162276	16	0.65632024846	0.34367975154
13.6468	268.5955	468.930834	25	1.0	0.182464200243
15.1646	266.1936	472.468428	11	1.0	0.270344627482
9.6431	266.5921	474.383396	1	1.0	0.0
9.6443	266.5703	475.162734	1	1.0	0.0
13.5076	268.7635	478.218187	25	1.0	0.0633713018835
13.5177	268.7163	478.864038	25	1.0	0.0
12.1641	271.8967	479.918725	12	0.60472877194	0.39527122806
15.7588	261.2328	485.098456	-1	0.0	0.383962305746
15.8168	261.1379	485.098551	-1	0.0	0.100890787382
15.7114	261.087	485.228563	22	1.0	0.0
15.6005	261.1404	487.51983	-1	0.0	0.0718566436619
15.4542	261.0259	487.540017	20	1.0	0.748898365147
15.2485	261.033	488.038509	20	0.442210352733	0.557789647267
13.0327	273.063	488.633507	9	0.208680786263	0.791319213737
13.4307	269.3044	491.187311	26	1.0	0.145298408788
13.0939	269.2906	491.386319	19	1.0	0.0
13.3969	269.3032	491.386512	26	1.0	0.0
13.3525	269.1832	491.460511	26	1.0	0.0
13.3668	269.1963	491.580734	26	1.0	0.16716275258
13.5513	269.2585	491.620428	26	1.0	0.0
15.9091	261.2169	495.735212	-1	0.0	0.511006293747
14.9653	261.1721	496.028788	-1	0.0	0.261370242268
14.2543	262.1783	498.024337	4	1.0	0.455060501397
14.2338	262.1908	498.08189	4	1.0	0.388282705448
14.2608	262.1934	498.123596	4	1.0	0.0
14.2575	262.3044	498.201774	4	0.479235023026	0.520764976974
14.3024	262.2519	498.266065	4	1.0	0.0
14.7428	260.274	498.300261	15	1.0	0.0
14.2132	262.1624	498.327017	4	0.655487879159	0.344512120841
14.7061	260.3829	498.377965	15	0.184787766573	0.815212233427
14.7096	260.2894	498.429466	15	1.0	0.0
14.8507	260.2918	498.726136	15	0.338766579607	0.661233420393
14.6629	260.3043	499.153011	15	0.530200532943	0.469799467057
13.7145	268.1634	502.935316	24	1.0	0.257598396143
13.6542	268.3093	503.021876	-1	0.0	0.00506311195934
14.9679	266.1714	507.051719	11	1.0	0.134781599646
10.4367	265.8782	510.238105	0	0.134034787017	0.865965212983
9.2669	262.0342	511.164246	2	0.969267865707	0.0307321342935
12.563	271.0224	517.374068	17	1.0	0.0
12.5918	271.0548	517.374117	17	0.788994046723	0.211005953277
12.5232	271.134	517.421533	17	0.536988626062	0.463011373938
12.5657	271.0853	517.421557	17	1.0	0.0470130494388
12.5638	270.8502	517.463234	17	0.188240624323	0.811759375677
13.0851	271.9658	520.210666	14	0.511097230547	0.488902769453
15.7077	261.2218	520.876367	-1	0.0	0.310605821671
12.8457	261.1986	525.999227	7	0.686795673145	0.313204326855
12.8143	261.131	526.042491	7	0.796629224113	0.203370775887
13.0622	269.7846	526.776607	-1	0.0	0.0887137636401
13.1871	269.7744	526.842752	29	0.582970225451	0.417029774549
13.3359	269.7067	526.842806	29	0.945268736174	0.0547312638261
13.4935	268.7815	527.330813	25	1.0	0.139691369435
13.1608	269.6174	527.755717	29	1.0	0.00799861744819
14.945	266.045	528.337189	-1	0.0	0.033713520419
15.1341	266.1715	528.337313	11	0.977826707986	0.0221732920143
15.6948	261.1197	537.126249	22	0.665424074289	0.334575925711
15.7473	261.1689	537.508422	21	1.0	0.0
14.6055	267.6064	539.467887	-1	0.0	0.710306226065
13.0388	272.0707	540.737946	14	0.379529697229	0.620470302771
15.4541	260.991	542.975404	20	1.0	0.257621335328
15.3059	260.9554	543.511263	-1	0.0	0.177913971027
13.6459	268.8098	546.129466	25	1.0	0.0412771842893
13.4654	268.7484	546.689958	25	1.0	0.278669192205
13.5793	268.7762	547.167967	25	1.0	0.0
12.1167	271.8829	553.572236	12	0.60472877194	0.39527122806
14.6977	260.5469	555.955152	16	0.508977123171	0.491022876829
15.6929	261.1268	558.255418	22	0.602018961404	0.397981038596
15.6667	261.1483	558.36052	22	0.507203359148	0.492796640852
15.6429	261.1117	558.566696	22	0.543535371764	0.456464628236
15.6459	261.0969	558.771188	22	0.546260943976	0.453739056024
13.4267	269.3083	558.815618	26	1.0	0.0
13.2794	269.1984	558.880214	26	0.675545753044	0.324454246956
13.5615	269.3427	558.901259	-1	0.0	0.0486672376039
13.7637	269.3909	558.970578	-1	0.0	0.139459018097
13.583	268.3276	561.240426	23	1.0	0.0
13.7033	268.4722	561.796761	-1	0.0	0.0527165161779
14.0247	268.5503	561.796923	-1	0.0	0.420103333713
13.5696	268.3189	562.000805	23	1.0	0.0
13.7532	268.426	562.000893	-1	0.0	0.55143202276
12.7788	261.1362	566.015519	7	0.612181256149	0.387818743851
12.9684	271.8283	567.934512	14	0.706664106668	0.293335893332
13.9423	262.0841	573.295752	4	0.123659042162	0.876340957838
14.248	262.1818	573.295894	4	1.0	0.432713355409
14.3179	262.1771	573.601282	4	0.535495317094	0.464504682906
14.276	262.1808	573.663109	4	1.0	0.553342237349
14.507	262.3388	573.663163	4	0.142643138246	0.857356861754
14.4063	262.2051	573.718843	4	0.347146139763	0.652853860237
14.9161	262.2941	573.748452	4	0.058179783996	0.941820216004
15.0876	266.203	574.372672	11	1.0	0.358058689799
14.9423	266.1749	574.441403	11	1.0	0.162284213989
15.7588	261.1793	577.362334	21	1.0	0.0
12.4944	272.6982	580.294699	9	1.0	0.0
12.4727	272.6817	580.560534	9	1.0	0.0
13.7367	268.1391	589.014194	24	1.0	0.0
15.4368	260.9533	589.840891	20	0.777614215443	0.222385784557
15.5756	261.0548	589.912904	20	0.542149879545	0.457850120455
15.4312	260.9731	589.977756	20	1.0	0.148163955783
15.2894	260.9909	590.012201	20	0.443497706399	0.556502293601
15.483	260.9826	590.096945	20	0.901623925634	0.0983760743657
15.4714	260.9151	590.191699	-1	0.0	0.0646289801351
15.4527	260.9798	590.550974	20	1.0	0.277354235612
13.5379	268.7906	593.980677	25	1.0	0.135784432133
13.7224	268.8731	594.202083	25	0.848176371775	0.151823628225
13.3934	268.7857	594.235754	25	0.960213713622	0.0397862863777
13.4999	268.7977	594.235811	25	1.0	0.112943206961
14.7589	260.2857	595.477877	15	0.920982890308	0.0790171096922
13.2269	269.6878	597.864312	29	1.0	0.0620873826841
13.4152	269.7898	597.86442	-1	0.0	0.17800287414
13.2211	269.6345	598.438317	29	1.0	0.0
13.2648	269.6848	598.438386	29	1.0	0.0952210714213
13.2312	269.5535	598.467471	29	1.0	0.0
13.1614	269.6164	599.003518	29	1.0	0.0212774216899
13.26	269.5892	599.154708	29	1.0	0.0
