25.7472	299.5027	4e-06	12	1.0	0.0
25.212	299.2424	-591.372752	12	0.23449323359	0.76550676641
21.3232	298.1356	-579.284092	5	1.0	0.0
21.3827	296.007	-578.954673	4	0.598983522498	0.401016477502
26.9578	304.7773	-566.253406	9	1.0	0.0
25.787	303.0759	-553.53005	19	0.19523460423	0.80476539577
20.5052	296.443	-552.296754	6	0.214706464015	0.785293535985
20.4225	296.4321	-551.950605	6	0.290251072746	0.709748927254
20.498	296.4791	-551.845945	6	0.214338319883	0.785661680117
20.396	296.4969	-551.640852	6	0.193478251217	0.806521748783
20.8751	295.369	-545.736343	13	1.0	0.0
25.4854	300.5964	-543.694502	8	1.0	0.0880038717755
25.6963	300.5581	-543.694435	8	0.510258445954	0.489741554046
25.4663	300.5791	-543.437902	8	1.0	0.485049969744
25.6996	300.4966	-542.870237	8	0.348541361281	0.651458638719
25.7265	300.4548	-542.750219	8	0.233583639531	0.766416360469
25.5608	298.6859	-534.932538	15	0.553550671424	0.446449328576
15.9178	292.9949	-533.09335	-1	0.0	0.55703644437
25.6439	300.6494	-518.103283	8	0.471010720554	0.528989279446
29.0597	306.0304	-517.967923	3	1.0	0.0
29.0869	306.0502	-517.906718	3	1.0	0.0
21.3208	296.0588	-514.612164	4	0.462198991006	0.537801008994
25.7125	303.9034	-501.180102	-1	0.0	0.573100110502
22.3506	297.6018	-500.000293	10	0.861733760077	0.138266239923
25.231	301.1311	-492.849401	8	0.101319776329	0.898680223671
29.2329	306.6471	-492.741443	-1	0.0	0.398658849333
25.6176	302.8671	-486.987571	19	1.0	0.194079091184
25.8821	302.8307	-486.987497	19	0.657249904986	0.342750095014
25.7897	302.8738	-486.245094	19	1.0	0.0856667132017
26.1072	304.3594	-485.011758	18	0.468040467173	0.531959532827
26.1225	304.4132	-484.619501	18	0.32715150309	0.67284849691
23.2882	297.7185	-481.635979	7	0.479189639468	0.520810360532
25.2168	301.1547	-480.849168	8	0.0957047613849	0.904295238615
24.89	302.3001	-467.074898	21	0.785590290588	0.214409709412
24.8975	302.2444	-467.033382	21	1.0	0.0
26.4458	300.0681	-467.032864	-1	0.0	0.0915111317098
24.9272	302.3113	-466.978772	21	1.0	0.188145565418
20.6019	296.147	-466.25765	-1	0.0	0.145418101005
20.5628	296.1516	-466.199942	-1	0.0	0.170476978929
20.5763	296.0064	-465.667754	14	0.477382283893	0.522617716107
20.8964	295.3338	-456.318271	13	1.0	0.0
25.7334	302.9171	-440.664269	19	0.836405212813	0.163594787187
25.3296	302.6715	-438.616549	20	1.0	0.0
26.0417	304.3521	-434.294522	18	1.0	0.0
26.2232	304.3212	-434.294492	18	0.313861565198	0.686138434802
26.2562	304.2811	-434.267027	18	0.309480758929	0.690519241071
26.041	304.4987	-433.885108	18	0.144498813694	0.855501186306
25.9626	304.3884	-433.599745	18	0.350068866483	0.649931133517
25.0415	303.2866	-431.364984	-1	0.0	0.403784096182
18.9537	296.7718	-426.452578	-1	0.0	0.533746938197
25.4359	300.5619	-411.95681	8	1.0	0.515533543415
25.4537	300.5913	-411.956765	8	1.0	0.485049969744
25.4324	300.5681	-411.705164	8	1.0	0.485049969744
25.495	300.5255	-411.705135	8	0.503959576373	0.496040423627
22.4584	297.6534	-408.256373	10	1.0	0.0
20.4273	296.3807	-400.400969	6	0.926400411653	0.0735995883473
25.0201	302.4323	-398.930092	21	1.0	0.560474895444
25.2556	302.3914	-398.930055	21	0.307438740628	0.692561259372
25.0196	302.4108	-398.891228	21	1.0	0.500300960729
25.0297	302.4307	-398.825692	21	1.0	0.52833651169
20.776	295.603	-390.110925	-1	0.0	0.10039200515
21.5748	296.0462	-389.084888	4	0.357440338098	0.642559661902
26.1171	304.3016	-381.632394	18	0.293913099828	0.706086900172
26.0959	304.3243	-381.553812	18	0.439587670861	0.560412329139
26.1168	304.6123	-381.510124	-1	0.0	0.265794191222
25.9033	303.0605	-367.092476	19	0.200588299981	0.799411700019
26.0994	303.0238	-367.092425	19	0.160501824613	0.839498175387
25.4378	300.6703	-366.68076	8	0.927678477321	0.0723215226785
16.4826	300.5238	-365.801766	-1	0.0	0.0197354844441
29.0963	306.1317	-365.063685	3	0.259381779805	0.740618220195
29.2767	306.0989	-365.063634	3	0.244978425294	0.755021574706
25.3669	300.6413	-364.147856	8	1.0	0.330457612591
25.4985	300.6353	-356.336897	8	1.0	0.0
27.024	304.8105	-353.010309	9	1.0	0.0
25.4271	298.7074	-349.251504	15	0.706280741507	0.293719258493
29.4997	306.8041	-346.658668	-1	0.0	0.586286328956
26.0234	304.3389	-338.28955	18	0.749023899739	0.250976100261
26.037	304.3605	-337.890305	18	1.0	0.0
26.0418	304.3491	-337.678201	18	1.0	0.0
26.0442	304.3738	-337.603679	18	0.977101254738	0.0228987452617
25.3572	300.7355	-334.484469	8	0.435330848298	0.564669151702
25.6594	302.889	-334.179827	19	1.0	0.0993672957559
24.2874	296.5496	-329.603316	-1	0.0	0.214703034073
24.9779	302.3303	-310.257587	21	1.0	0.324175534127
25.0235	302.3377	-310.152833	21	1.0	0.383795937381
25.384	300.6029	-306.904563	8	1.0	0.0
26.1278	304.3833	-303.447225	18	0.496112358828	0.503887641172
26.2804	304.401	-303.217204	18	0.199866983412	0.800133016588
20.9351	295.4112	-296.491915	13	1.0	0.0
21.2975	295.3718	-296.491898	-1	0.0	0.1177810142
20.8048	295.5622	-289.634564	13	0.564476291687	0.435523708313
21.4796	298.1272	-278.38717	5	1.0	0.0
24.8127	302.297	-268.741945	21	0.617390244029	0.382609755971
24.9491	302.3554	-267.876858	21	1.0	0.19918540988
25.6793	302.8672	-263.742624	19	1.0	0.174490107908
25.7452	302.9502	-263.258889	19	0.550412066927	0.449587933073
24.5822	297.5486	-260.539787	-1	0.0	0.314733205291
25.3844	298.6166	-254.394885	15	1.0	0.0
25.3526	298.5852	-254.338836	15	1.0	0.0
25.4459	298.6496	-254.325168	15	1.0	0.0
26.0774	304.4035	-245.352226	18	0.490221282811	0.509778717189
20.4506	296.6034	-243.778359	6	0.0942226233714	0.905777376629
25.494	300.6482	-232.479322	8	1.0	0.0
25.6683	302.8287	-213.1007	19	1.0	0.0
25.6943	302.8722	-213.100637	19	1.0	0.0
25.6968	302.8829	-213.019346	19	1.0	0.0
25.681	302.8738	-212.992968	19	1.0	0.0
25.754	302.8802	-212.920402	19	1.0	0.0
25.7406	302.8834	-212.654506	19	1.0	0.0
18.2805	300.8475	-194.568016	1	0.165575333326	0.834424666674
27.028	304.858	-189.493427	9	1.0	0.0
21.0208	295.4458	-181.145324	13	0.99406611742	0.00593388257983
20.06	297.0144	-161.896713	-1	0.0	0.419674244908
20.4545	296.5469	-161.896496	6	0.14307039836	0.85692960164
25.693	302.8986	-157.780066	19	1.0	0.315024360865
25.7852	302.8524	-157.745581	19	1.0	0.132933472141
25.6575	302.8818	-157.713827	19	1.0	0.0993672957559
25.8287	302.8525	-157.713763	19	0.800943659312	0.199056340688
25.677	302.8697	-157.663378	19	1.0	0.133607450998
26.9973	304.8534	-149.49032	9	1.0	0.0
25.3766	298.6501	-140.387446	15	1.0	0.0
19.0556	300.344	-130.651368	1	0.591518810535	0.408481189465
20.7209	295.701	-129.126097	13	0.548725006539	0.451274993461
22.506	297.6739	-127.494903	10	1.0	0.0
25.3839	300.6204	-121.246854	8	1.0	0.0
25.6747	300.5911	-121.246766	8	0.71884857416	0.28115142584
25.3997	300.5995	-121.008625	8	1.0	0.322557029788
23.445	297.2567	-114.585592	7	1.0	0.0
25.6534	302.8854	-103.052283	19	1.0	0.0
25.7162	302.8461	-103.05225	19	1.0	0.208095138276
25.6273	302.8315	-103.021568	19	1.0	0.0
25.6698	302.8479	-102.577208	19	1.0	0.236319326134
20.7595	295.6006	-101.942561	-1	0.0	0.0954752621418
21.2655	298.1362	-96.843806	5	1.0	0.0
27.0147	304.8198	-95.389608	9	1.0	0.0
20.4359	296.3486	-86.419998	6	1.0	0.0
24.9106	302.2724	-86.401071	21	1.0	0.0
20.3793	296.3259	-86.379783	6	0.489027936876	0.510972063124
20.3789	296.305	-86.341526	6	0.316317580541	0.683682419459
20.4572	296.3762	-86.090568	6	0.649640400227	0.350359599773
25.6896	302.8834	-62.392186	19	1.0	0.0621274552209
25.826	302.8507	-62.392141	19	0.793575523771	0.206424476229
25.837	302.982	-61.563743	19	0.280737238729	0.719262761271
24.9923	299.6351	-60.327885	-1	0.0	0.0911623239649
25.3651	300.6637	-58.398438	8	1.0	0.330457612591
25.3202	298.0063	-54.869219	16	1.0	0.0
24.9045	302.2338	-39.803987	21	1.0	0.0780922358504
24.9069	302.2501	-39.487486	21	1.0	0.0
22.4096	298.0486	-35.427547	11	1.0	0.0
29.3763	306.3051	-27.684828	2	0.803257515134	0.196742484866
25.4101	300.6634	-27.493005	8	1.0	0.397145868513
21.2803	298.2687	-27.008143	5	0.649980621877	0.350019378123
23.3646	297.4234	-26.478476	7	1.0	0.0
20.4211	296.348	-25.395547	6	1.0	0.0
20.4144	296.3561	-25.365126	6	1.0	0.0
20.4442	296.3536	-25.3651	6	0.856971198247	0.143028801753
25.2764	301.2087	-24.764977	8	0.101319776329	0.898680223671
22.5235	297.6765	-17.846478	10	1.0	0.0
26.1006	304.3622	-14.518887	18	0.51239040577	0.48760959423
25.6424	302.9002	-12.835843	19	1.0	0.462851531092
24.9525	302.3603	-8.744653	21	1.0	0.255573996794
24.6538	302.9123	-8.708751	-1	0.0	0.107714209853
24.8117	302.327	-8.70873	21	0.576742554394	0.423257445606
25.0236	302.3324	-8.355687	21	1.0	0.326374155141
24.99	302.3751	-8.299276	21	1.0	0.320434108461
20.5907	295.9766	-0.936968	14	0.933525712568	0.0664742874316
25.7472	299.5027	4e-06	12	1.0	0.0
17.9081	290.5034	1.741241	0	1.0	0.0
25.6873	302.8798	22.28822	19	1.0	0.0
25.4294	303.5671	22.322647	-1	0.0	0.282544055707
25.7645	302.8311	22.322724	19	0.852004694351	0.147995305649
25.6687	302.8152	22.34326	19	1.0	0.0
25.703	302.8339	22.428358	19	1.0	0.138129717267
25.6489	302.8916	22.893255	19	1.0	0.0194957919508
26.1952	304.2594	23.574123	18	0.269368349152	0.730631650848
26.2093	304.2832	23.741852	18	0.313861565198	0.686138434802
18.7945	300.212	27.446685	1	1.0	0.0
25.2362	299.2452	27.719956	12	0.243012521123	0.756987478877
24.6089	297.5052	34.429111	-1	0.0	0.339798831591
21.5705	296.3296	42.024511	-1	0.0	0.171981246428
18.9256	300.1542	43.733888	1	1.0	0.0
19.0949	300.2184	43.733904	1	0.911951662728	0.0880483372716
20.5645	295.9543	53.706652	14	1.0	0.0
20.5914	295.9722	53.706683	14	1.0	0.0
20.5471	296.0798	54.46041	14	0.236805646037	0.763194353963
25.5441	300.6228	55.024047	8	0.833157625143	0.166842374857
25.5396	302.5637	64.5604	20	1.0	0.0
25.4213	300.5724	64.612434	8	1.0	0.485049969744
25.4413	300.6299	64.879702	8	0.97665782015	0.0233421798501
25.6069	300.5965	64.879751	8	0.71884857416	0.28115142584
25.5292	302.5241	66.148187	20	1.0	0.0
25.6843	302.9275	66.194339	19	0.926494119901	0.0735058800992
25.4756	303.4263	66.557642	-1	0.0	0.136062954825
24.9747	302.3408	66.759728	21	1.0	0.0
25.3834	300.7831	67.961669	8	0.303061216166	0.696938783834
21.3435	298.118	78.967359	5	1.0	0.0
20.4082	296.3937	79.895515	6	0.488098784536	0.511901215464
20.3477	296.3567	79.958986	6	0.45462916145	0.54537083855
22.892	298.2875	86.863352	-1	0.0	0.528683622693
20.6922	295.8237	88.718536	14	0.183902639012	0.816097360988
20.9323	295.3191	88.718722	13	0.991911146626	0.00808885337364
22.6159	297.964	89.849258	11	0.50913918328	0.49086081672
25.0269	302.4287	92.024703	21	1.0	0.502271246378
25.6669	302.901	94.669936	19	1.0	0.483973821926
25.6936	303.0944	94.692275	19	0.165378932337	0.834621067663
25.6365	302.9001	94.712546	19	1.0	0.400684544079
25.678	302.9015	94.712583	19	1.0	0.0477704158889
26.1359	302.9053	94.74518	19	0.160500035445	0.839499964555
25.9553	302.7914	95.104216	19	0.359347774753	0.640652225247
23.477	297.2679	105.340217	7	1.0	0.0
25.315	300.6508	109.46784	8	1.0	0.503715018825
24.706	302.6982	116.585299	-1	0.0	0.347266943393
24.9673	302.2275	116.585383	21	1.0	0.0
25.6911	302.9178	116.84446	19	1.0	0.236604767909
25.6507	302.8965	116.926392	19	1.0	0.243278090431
25.5737	302.8888	117.612616	19	0.663532562081	0.336467437919
18.8842	300.1445	123.761509	1	1.0	0.0
29.4046	306.3368	127.565049	2	1.0	0.0
20.6006	295.9703	133.39459	14	1.0	0.0
25.248	299.0923	141.083419	-1	0.0	0.0284655232971
25.6434	302.8827	145.38608	19	1.0	0.0
25.6562	302.8907	145.430175	19	1.0	0.0
25.6236	302.8924	145.454869	19	1.0	0.533768209245
25.5993	302.8886	145.490376	19	1.0	0.382983656348
25.8066	302.9078	145.490408	19	0.689775363214	0.310224636786
25.5933	303.2874	146.033658	-1	0.0	0.109348674486
25.7591	302.8877	146.033694	19	1.0	0.0
15.8793	289.4826	150.636942	0	0.0704385881074	0.929561411893
15.8436	289.4319	150.932247	0	0.0679419747947	0.932058025205
19.0467	296.8994	159.609835	-1	0.0	0.461355357282
16.8085	294.2623	171.12826	-1	0.0	0.498934616672
23.4811	297.2216	171.205306	7	1.0	0.0
25.6598	302.8213	173.241072	19	1.0	0.0
25.35	300.6637	175.284133	8	1.0	0.354911255629
25.4938	300.6714	175.362987	8	1.0	0.0791496308288
25.3148	300.6521	175.440479	8	1.0	0.502151550137
24.4084	297.9803	175.765025	-1	0.0	0.139222951155
29.1238	305.9885	176.510753	3	0.658014945545	0.341985054455
29.1861	306.0035	176.548535	3	0.537486543	0.462513457
29.1757	306.0152	176.573185	3	0.658014945545	0.341985054455
29.4064	306.3461	179.73049	2	0.864293956896	0.135706043104
29.4043	306.2766	179.767035	2	0.458985110648	0.541014889352
29.414	306.3382	179.82795	2	1.0	0.0
22.369	297.53	181.266027	10	0.580577177665	0.419422822335
22.6904	298.4579	186.6501	-1	0.0	0.0679788876867
25.5313	300.6742	191.629062	8	0.730092757166	0.269907242834
25.0009	302.2206	198.936328	21	0.986804791609	0.013195208391
24.9536	302.2025	199.134023	21	0.965730660426	0.0342693395741
24.9546	302.21	199.134065	21	1.0	0.0919937174476
25.5143	300.8648	199.199127	8	0.201022585766	0.798977414234
25.7188	300.8128	199.199196	8	0.174623806443	0.825376193557
25.6469	302.8803	200.062993	19	1.0	0.0
25.6285	302.8022	200.130858	19	0.941402319352	0.058597680648
25.806	302.8486	200.130915	19	0.942606953127	0.0573930468727
25.6422	302.8799	200.183295	19	1.0	0.21018487943
25.6885	302.9072	200.236377	19	1.0	0.51418836412
24.9955	301.4574	201.224518	8	0.0889459438323	0.911054056168
25.3459	298.5519	215.2097	15	0.972517873393	0.0274821266071
25.4477	298.5402	215.209744	15	0.788469655962	0.211530344038
21.2563	296.0093	215.732082	4	0.759639301344	0.240360698656
17.8355	290.469	223.011471	0	1.0	0.0
18.044	290.5286	223.294553	0	0.670107089553	0.329892910447
25.3432	298.027	226.918063	16	1.0	0.0
25.3293	297.989	226.946564	16	1.0	0.0
25.6228	304.1233	227.031426	-1	0.0	0.14465708729
25.632	304.3105	227.031441	17	1.0	0.0
25.6655	304.2863	227.265458	17	1.0	0.0
25.8035	304.2327	227.266672	17	1.0	0.0
20.4421	299.3381	227.847884	1	0.106795753396	0.893204246604
25.8053	299.5198	230.348704	12	1.0	0.0
22.4196	297.8349	231.029909	10	0.392295192254	0.607704807746
25.6607	302.8272	231.097332	19	1.0	0.0
25.6377	302.8638	231.20688	19	1.0	0.0
25.6365	302.8342	231.268801	19	1.0	0.0
25.7665	302.8622	231.318961	19	1.0	0.0
25.6466	302.8461	231.401887	19	1.0	0.0
25.0595	302.3191	234.729709	21	1.0	0.567648996079
22.389	298.0019	238.918117	11	1.0	0.0
21.3405	298.067	239.707145	5	1.0	0.0
25.3406	300.5831	239.906382	8	1.0	0.460144592128
25.6715	300.5556	239.906481	8	0.577111258931	0.422888741069
29.0774	306.0245	253.570935	3	1.0	0.0
25.2963	300.6042	257.620896	8	0.932651045228	0.0673489547724
25.3969	300.6093	257.62094	8	1.0	0.0
25.3678	300.6129	257.861445	8	1.0	0.0
23.1533	294.1568	262.931955	-1	0.0	0.252824245973
21.2069	295.9393	263.400579	4	1.0	0.0
21.5031	295.9235	263.400595	4	0.363679695569	0.636320304431
21.2524	295.9243	263.527498	4	1.0	0.0
25.6525	302.8307	267.667747	19	1.0	0.0
25.9316	302.8331	267.667835	19	0.403176932997	0.596823067003
25.714	302.8276	267.698205	19	1.0	0.208095138276
25.6764	302.8254	267.737306	19	1.0	0.0
25.8334	302.7924	267.737336	19	0.417933930125	0.582066069875
25.7191	302.8445	268.260715	19	1.0	0.143158855867
24.9714	302.3538	272.961637	21	1.0	0.0
25.1746	302.2863	272.961706	21	0.408415056226	0.591584943774
24.905	302.3734	273.053324	21	0.9624010737	0.0375989262995
24.9986	302.3808	273.109383	21	1.0	0.384532444186
26.8382	300.0544	273.166269	-1	0.0	0.139780823326
25.036	302.3968	273.210044	21	1.0	0.502271246378
25.4288	298.0533	277.991234	16	0.61878791376	0.38121208624
20.4189	296.3677	283.37101	6	1.0	0.0
25.6368	302.8168	288.473684	19	1.0	0.06043383156
25.6429	302.8555	288.520111	19	1.0	0.0
25.7852	302.9513	289.038546	19	0.539515688483	0.460484311517
22.2848	298.0277	302.09657	11	1.0	0.0
20.5954	295.9498	307.016688	14	1.0	0.0
26.3205	304.1848	307.70096	18	0.124265115969	0.875734884031
26.8568	304.6402	307.896859	9	0.394855501886	0.605144498114
25.2838	302.6105	313.069764	20	1.0	0.0
25.4917	302.5877	313.069819	20	1.0	0.0
25.2431	302.644	313.151518	20	0.8810644811	0.1189355189
21.2502	295.9732	314.031167	4	1.0	0.0
21.2182	295.9684	314.065551	4	1.0	0.0
21.503	295.9569	314.065566	4	0.358092356032	0.641907643968
17.9891	299.5877	314.084741	1	0.162491421867	0.837508578133
24.9768	302.3684	315.791769	21	1.0	0.0
25.0479	302.3244	315.791793	21	1.0	0.455956089797
25.2684	303.6416	315.912956	-1	0.0	0.573100110502
25.647	302.8798	315.913056	19	1.0	0.0
25.6428	302.8655	315.951346	19	1.0	0.0
25.6431	302.8642	316.034004	19	1.0	0.00231247722873
25.4336	303.4164	316.065632	-1	0.0	0.133063516299
25.7715	302.8817	316.096178	19	1.0	0.0
22.6457	298.4095	317.124796	-1	0.0	0.606572243266
29.1567	306.0833	317.316122	3	0.431777702455	0.568222297545
29.4046	305.9906	317.316211	3	0.201324656793	0.798675343207
29.1237	306.0369	317.389424	3	0.863526077725	0.136473922275
29.1281	306.0056	317.445879	3	0.909766816707	0.0902331832933
20.3991	296.3481	324.238224	6	0.781812968897	0.218187031103
29.3441	306.3341	329.887782	2	0.803257515134	0.196742484866
29.508	306.347	329.887851	2	0.424487955462	0.575512044538
25.1811	298.1156	329.930633	16	0.393698379773	0.606301620227
25.4727	300.6288	332.563315	8	1.0	0.0
17.6688	290.4251	333.462778	0	0.874674940587	0.125325059413
25.2962	298.0208	334.209303	16	1.0	0.0
20.6052	295.9509	345.93174	14	1.0	0.0
29.3165	306.0313	345.936019	3	0.330000566655	0.669999433345
20.8828	295.4266	346.172901	13	1.0	0.0
20.8183	295.4424	346.235466	13	0.738840810325	0.261159189675
25.3873	300.6798	349.818522	8	1.0	0.49133403054
25.698	302.8908	353.540857	19	1.0	0.19559470341
25.7545	302.9002	353.573326	19	1.0	0.042286171772
22.4282	297.5661	358.101786	10	1.0	0.0
25.3405	300.6171	358.381606	8	1.0	0.380695398952
17.8633	290.4633	359.92881	0	1.0	0.0
22.4066	298.0033	361.8012	11	1.0	0.0
21.2449	295.9452	374.737744	4	1.0	0.0
21.0212	295.3844	387.241578	13	1.0	0.0
21.1616	295.3545	387.241581	13	0.67726499006	0.32273500994
21.0626	295.3683	387.339647	13	0.99406611742	0.00593388257983
19.3891	296.6832	389.143691	-1	0.0	0.442120257552
24.6695	297.5603	390.959259	-1	0.0	0.264885540714
22.408	297.6874	396.066982	10	0.866113397821	0.133886602179
25.51	300.6564	404.155227	8	1.0	0.0
25.1929	300.6613	404.229367	8	0.360010539288	0.639989460712
25.6449	302.8341	404.393123	19	1.0	0.0
25.888	302.8049	404.393192	19	0.612313892382	0.387686107618
25.3692	300.6516	404.417324	8	1.0	0.330457612591
25.6799	302.8204	404.79154	19	1.0	0.0
29.3884	306.3148	414.488014	2	1.0	0.0
29.3948	306.343	414.533874	2	1.0	0.0
29.5589	306.2696	414.533916	2	0.256369658805	0.743630341195
25.3161	298.0381	417.386542	16	1.0	0.0
26.0135	304.3698	418.423549	18	0.870992682254	0.129007317746
26.0425	304.3907	418.454211	18	0.64923805447	0.35076194553
26.0753	304.6271	418.47457	-1	0.0	0.310749300705
26.3213	304.3231	418.972694	18	0.231799472571	0.768200527429
20.4613	299.3498	419.18753	1	0.106897924649	0.893102075351
25.5067	300.6073	419.207242	8	1.0	0.0
20.4236	296.3792	420.186662	6	0.844803946835	0.155196053165
20.411	296.3563	420.234338	6	1.0	0.0
19.9044	297.1385	420.251513	-1	0.0	0.511850610281
20.5487	296.363	420.313335	6	0.228689815687	0.771310184313
20.371	296.3317	420.313344	6	0.567894331656	0.432105668344
20.3363	296.3505	420.34234	6	0.456384202051	0.543615797949
25.5389	300.6066	423.997842	8	0.861281031368	0.138718968632
24.9977	302.3792	430.219698	21	1.0	0.415631367227
25.1617	302.3869	430.245646	21	0.470659778924	0.529340221076
24.9958	302.3312	430.299899	21	1.0	0.0
24.2859	296.7612	440.258157	-1	0.0	0.0146171067611
25.639	302.8181	445.825285	19	1.0	0.0145277627112
25.6482	302.8396	445.864622	19	1.0	0.0
25.7393	302.8323	445.891136	19	1.0	0.220471420683
25.379	298.6094	446.771001	15	1.0	0.0
17.6855	290.4438	456.216684	0	1.0	0.0
25.7792	299.4988	466.617872	12	1.0	0.0
22.405	297.9985	471.255658	11	1.0	0.0
25.3854	300.5957	475.597266	8	1.0	0.177479224284
25.1227	301.1795	475.699414	8	0.101319776329	0.898680223671
25.3888	300.6237	475.733827	8	1.0	0.0536359895297
25.3602	300.6119	475.803989	8	1.0	0.0393698373944
20.5529	295.9236	476.961983	14	0.474757676931	0.525242323069
22.4069	297.5544	478.057682	10	0.805423563452	0.194576436548
25.9918	301.662	479.939597	-1	0.0	0.379327966583
25.6598	302.4136	479.954141	20	0.816406607325	0.183593392675
25.9901	301.6444	479.954241	-1	0.0	0.379327966583
25.9072	301.9217	479.97129	-1	0.0	0.379327966583
26.2478	301.6023	479.971402	-1	0.0	0.0280373629331
25.7319	302.2483	479.98394	-1	0.0	0.32178663933
26.0024	301.6353	480.277092	-1	0.0	0.379327966583
17.8319	290.4399	484.350597	0	1.0	0.0
19.0956	291.6123	492.917079	0	0.0724146271952	0.927585372805
15.8756	289.4735	496.481252	0	0.070029668234	0.929970331766
26.0443	304.3702	500.64517	18	1.0	0.0
26.3112	304.365	500.645262	18	0.240242020896	0.759757979104
26.0364	304.3548	500.90797	18	1.0	0.0
26.1884	304.3444	500.908014	18	0.329730147937	0.670269852063
25.8356	304.2258	501.154505	17	1.0	0.0
25.3998	300.6417	505.258117	8	1.0	0.330669530771
23.4592	297.2442	506.024266	7	1.0	0.0
22.4855	297.6241	506.983586	10	1.0	0.0
29.0881	306.0143	507.201388	3	1.0	0.0
29.3655	305.9682	507.201477	3	0.222065792937	0.777934207063
29.1038	306.0305	507.235269	3	1.0	0.0
25.7061	302.8636	507.839305	19	1.0	0.149527630056
25.6987	302.8729	507.878787	19	1.0	0.0
18.6625	300.1609	512.398022	1	0.875359768801	0.124640231199
18.695	300.1466	512.426775	1	1.0	0.0
25.2188	298.1555	528.185365	16	0.340457605254	0.659542394746
24.9424	302.2451	536.231182	21	1.0	0.0
28.4393	305.8782	540.61273	-1	0.0	0.528937664053
25.3309	300.5822	540.816753	8	1.0	0.471863050228
25.3308	300.5766	540.994005	8	1.0	0.355354293718
20.896	295.2681	545.328071	13	0.597477140581	0.402522859419
18.9255	300.1497	550.295878	1	1.0	0.0
25.6337	304.3027	557.010085	17	1.0	0.0
25.3119	300.5558	557.603086	8	0.782055181848	0.217944818152
25.3702	300.5795	557.716242	8	1.0	0.317424591483
25.3336	300.8097	558.42205	8	0.237253534744	0.762746465256
24.9775	302.3437	564.862789	21	1.0	0.0
29.3786	306.3184	565.68482	2	1.0	0.0
25.4665	300.7001	566.764292	8	0.650100155953	0.349899844047
25.6562	302.9344	582.383943	19	0.716367737053	0.283632262947
25.9781	302.9163	582.384048	19	0.241450501529	0.758549498471
25.3658	300.6164	590.738777	8	1.0	0.0
25.6538	300.583	590.738866	8	0.71884857416	0.28115142584
25.8039	299.4412	594.900728	12	1.0	0.0
25.7748	299.4353	594.935971	12	1.0	0.0
25.7425	299.4042	594.981805	12	0.874291202835	0.125708797165
