21.7769	302.0401	-0.001265	8	0.718216096092	0.281783903908
30.2062	303.8592	-592.376519	-1	0.0	0.101529220302
23.1564	301.8386	-588.203306	9	1.0	0.230350204589
20.6285	293.3676	-587.694936	0	0.0113600450701	0.98863995493
22.5849	302.2651	-586.962575	9	0.159880097986	0.840119902014
29.9334	303.7996	-581.053424	17	0.710047435106	0.289952564894
16.3082	293.3299	-578.857883	0	0.0113035038845	0.988696496116
21.6715	301.9895	-574.021335	8	0.639600991553	0.360399008447
22.1567	302.0296	-574.021197	8	0.237420008664	0.762579991336
22.2672	301.9297	-574.021148	8	0.147316905546	0.852683094454
25.0731	302.3168	-572.302579	5	1.0	0.0
25.0418	302.3299	-572.253692	5	1.0	0.0
18.6578	291.5109	-562.063938	0	0.577054919876	0.422945080124
16.172	301.9601	-560.77215	6	0.920455207468	0.0795447925317
19.183	291.3639	-560.229809	0	0.0763213646376	0.923678635362
23.5099	301.4559	-554.528677	-1	0.0	0.337184723401
29.1457	302.6879	-536.83126	11	1.0	0.0
22.9009	302.1492	-535.32058	9	0.193043239093	0.806956760907
22.6885	302.111	-535.253784	9	0.189915342832	0.810084657168
22.7068	302.0936	-535.25211	9	0.17258853336	0.82741146664
22.7538	302.0517	-534.965607	9	0.193043239093	0.806956760907
30.6197	304.486	-529.954089	15	1.0	0.0
23.1345	301.8958	-525.082116	9	1.0	0.183175636895
22.9804	301.8719	-525.045014	9	1.0	0.241967717192
23.1856	301.9037	-525.044911	9	1.0	0.120831755567
23.099	301.87	-524.985622	9	1.0	0.299496619345
23.1022	301.8928	-524.946777	9	1.0	0.154344033107
23.1125	301.8819	-524.901958	9	1.0	0.154344033107
23.1157	301.9008	-524.708881	9	1.0	0.345015859096
29.8656	303.8137	-524.013661	17	0.995062634902	0.00493736509786
29.8692	303.7861	-523.98364	17	0.591892694976	0.408107305024
29.8771	303.8341	-523.941159	17	1.0	0.0
21.7984	302.0836	-520.373863	8	0.595971543228	0.404028456772
23.0115	301.8323	-515.666869	9	1.0	0.0
22.9716	301.7549	-515.627596	9	0.397289686764	0.602710313236
23.0886	301.7767	-515.559448	9	0.622426365946	0.377573634054
16.1915	302.0294	-505.188645	6	0.620404894088	0.379595105912
25.1413	302.4223	-504.763135	5	0.823225835968	0.176774164032
24.9698	302.3974	-504.610917	5	0.996324458735	0.0036755412647
31.2023	304.8933	-502.903581	14	0.30101684684	0.69898315316
31.3028	304.8506	-502.580876	14	0.2221513884	0.7778486116
29.0035	305.218	-497.811726	12	0.285562705453	0.714437294547
29.0384	305.0976	-497.81169	12	0.394154769691	0.605845230309
29.0193	305.14	-497.762131	12	0.854119343233	0.145880656767
29.2185	305.1313	-497.749478	12	0.197326039026	0.802673960974
29.2244	305.1473	-497.684225	12	0.198787752529	0.801212247471
28.9947	305.1727	-497.638578	12	0.529007349475	0.470992650525
23.3606	301.9479	-492.132819	9	1.0	0.121318149618
23.3619	301.8694	-492.033304	9	1.0	0.0
19.9146	301.2241	-487.634155	3	0.534515725738	0.465484274262
29.9438	303.8057	-485.411681	17	0.762634994382	0.237365005618
18.5294	291.6762	-484.919232	0	0.494180580676	0.505819419324
18.4361	291.6261	-484.904246	0	0.39172237156	0.60827762844
23.1035	301.8856	-484.775895	9	1.0	0.299855315959
19.4318	301.578	-482.253548	3	0.147684203481	0.852315796519
15.9595	301.4232	-479.915489	7	1.0	0.0
15.9483	301.526	-479.895414	7	1.0	0.268803593644
15.986	301.4961	-479.85066	7	1.0	0.288334123924
16.0139	301.55	-479.633094	7	1.0	0.0744274465885
16.0008	301.4097	-479.22454	7	1.0	0.302724832829
21.6744	302.0328	-477.436772	8	1.0	0.0
21.6512	302.0709	-477.436737	8	0.472281350674	0.527718649326
21.7142	302.0244	-477.34404	8	1.0	0.0
21.9241	302.0158	-477.296881	8	0.371559210036	0.628440789964
21.7061	302.0162	-477.261119	8	1.0	0.0
21.8261	302.0491	-477.232573	8	0.666117527757	0.333882472243
21.942	302.0872	-477.196533	8	0.365816407321	0.634183592679
21.9554	301.9989	-477.158309	8	0.302199920503	0.697800079497
30.9891	304.7527	-470.904727	14	0.512186329034	0.487813670966
30.9822	304.7241	-470.826782	14	0.478622664396	0.521377335604
30.9846	304.7934	-470.770316	14	0.801322858256	0.198677141744
31.3754	304.6992	-470.502625	14	0.0938282339467	0.906171766053
30.9537	304.7088	-470.399783	14	0.440648254776	0.559351745224
30.5983	306.1831	-467.620407	10	1.0	0.0
30.683	306.4212	-467.410376	10	0.642333320555	0.357666679445
28.1364	303.9875	-460.089483	-1	0.0	0.241095790723
28.4318	303.9129	-460.089354	-1	0.0	0.0788132236157
23.0625	301.9215	-455.552494	9	0.828928164132	0.171071835868
23.2794	301.8797	-455.552446	9	1.0	0.0483130943898
18.6858	291.557	-447.020179	0	0.812946163074	0.187053836926
18.6285	291.5571	-446.900977	0	1.0	0.0
18.7913	291.5838	-446.900933	0	0.492086041468	0.507913958532
18.7833	291.6294	-446.812777	0	0.492418460276	0.507581539724
21.7601	301.9978	-436.434805	8	0.618168334105	0.381831665895
29.87	303.8417	-430.975997	17	0.995062634902	0.00493736509786
23.3265	301.8353	-430.766744	9	1.0	0.0
23.3386	301.8973	-430.249645	9	1.0	0.0
23.4028	301.8166	-430.002606	9	0.673461410331	0.326538589669
18.6592	291.6474	-410.04756	0	0.663311295173	0.336688704827
18.6952	291.6502	-409.904055	0	0.57793347862	0.42206652138
28.9509	304.9532	-408.094977	13	1.0	0.0
28.9595	304.9733	-408.068812	13	1.0	0.0
28.9735	304.9393	-407.967609	13	1.0	0.0
28.9612	304.9512	-407.925528	13	1.0	0.0
28.9552	304.975	-407.812157	13	1.0	0.0
23.1671	301.9122	-396.04492	9	1.0	0.178008004491
23.1338	301.8903	-396.001251	9	1.0	0.0
23.1488	301.8892	-395.953495	9	1.0	0.0545241265
23.182	301.8812	-395.85107	9	1.0	0.449750284696
23.2261	301.9171	-395.776823	9	1.0	0.326891004738
23.2021	301.9208	-395.702622	9	1.0	0.120831755567
23.1058	301.8646	-395.584273	9	1.0	0.302502724483
23.1526	301.9185	-395.464336	9	1.0	0.258130179467
23.2221	301.9072	-395.337845	9	1.0	0.246938199058
19.9105	301.2515	-393.923774	3	0.724954357588	0.275045642412
16.2327	302.1454	-392.708945	-1	0.0	0.129545762891
14.9205	300.6712	-391.383443	-1	0.0	0.469411148541
15.9781	301.5509	-391.383282	7	1.0	0.249667588312
16.0445	301.4858	-391.364663	7	1.0	0.235603163182
16.0145	301.5239	-391.309844	7	1.0	0.083584799305
16.008	301.4688	-391.284423	7	1.0	0.37664191838
16.043	301.505	-391.207849	7	1.0	0.083584799305
29.913	303.8422	-382.93542	17	1.0	0.0
30.0893	303.8827	-382.880074	17	0.689080402076	0.310919597924
16.1691	302.0631	-375.472877	6	0.678951926078	0.321048073922
15.8133	302.1144	-375.472846	6	0.990636006133	0.0093639938671
15.7289	301.8048	-375.097057	6	0.677970537623	0.322029462377
16.1768	301.9702	-362.329122	6	0.920455207468	0.0795447925317
23.0379	301.8983	-355.15223	9	1.0	0.404415693022
23.0363	301.88	-355.131489	9	1.0	0.407425424199
22.9683	301.8935	-354.478484	9	0.749090513595	0.250909486405
29.1106	305.1547	-351.342669	12	0.399365605575	0.600634394425
29.3949	305.1347	-351.34254	12	0.132438053179	0.867561946821
29.0452	305.1618	-351.263441	12	1.0	0.0
29.0541	305.1261	-351.259375	12	0.750511528879	0.249488471121
18.4676	291.505	-350.772468	0	0.710243304023	0.289756695977
18.5102	291.5178	-350.772432	0	0.870804781874	0.129195218126
23.4755	301.9175	-344.79071	9	0.453712286743	0.546287713257
23.701	301.8944	-344.095101	9	0.282762447364	0.717237552636
23.3529	301.9006	-343.520935	9	1.0	0.0
24.8592	302.3987	-342.65102	5	1.0	0.0
24.8376	302.4006	-342.274963	5	0.912960297456	0.0870397025441
21.6915	302.024	-335.354305	8	1.0	0.0
22.0143	301.9718	-335.354213	8	0.233267276926	0.766732723074
22.3961	301.908	-335.35409	-1	0.0	0.0839768122092
27.3488	300.7165	-333.106847	-1	0.0	0.511933680429
27.4065	300.7062	-333.078296	-1	0.0	0.50857161697
30.132	303.9678	-328.559896	16	0.848450957986	0.151549042014
15.8012	302.1476	-327.767617	6	0.738519962871	0.261480037129
28.0775	303.9469	-326.370681	-1	0.0	0.262014379381
31.391	306.0618	-326.327191	10	0.440354293928	0.559645706072
19.9123	301.2599	-317.307955	3	0.781161853547	0.218838146453
20.1174	301.1798	-317.023801	3	0.383062411481	0.616937588519
23.2153	301.823	-314.062434	9	0.922616407334	0.0773835926662
16.086	301.5028	-307.466305	7	0.861557616281	0.138442383719
23.3348	301.9364	-298.812326	9	1.0	0.172083394329
23.4241	301.925	-298.812282	9	0.738127362489	0.261872637511
23.3548	301.9383	-298.555027	9	1.0	0.186341684681
29.0439	305.1748	-296.519052	12	1.0	0.0
29.0358	305.1306	-296.519021	12	0.854119343233	0.145880656767
29.3384	305.1615	-296.492988	12	0.173844828339	0.826155171661
29.0616	305.1855	-296.434126	12	0.724893166326	0.275106833674
29.02	305.1564	-296.390568	12	0.78363042473	0.21636957527
28.961	305.1574	-296.317314	12	0.38571944927	0.61428055073
29.0298	305.1511	-296.26629	12	0.939531856303	0.0604681436966
29.0446	305.1352	-296.147726	12	0.854119343233	0.145880656767
29.0433	305.1698	-295.905478	12	1.0	0.0
29.0451	305.1449	-295.863435	12	0.853422185149	0.146577814851
19.1586	291.3977	-294.475191	0	0.0848685121243	0.915131487876
21.7181	302.0201	-285.663561	8	1.0	0.0
31.2666	304.7276	-284.846852	14	0.177009136264	0.822990863736
31.2738	304.7256	-284.80168	14	0.167101917052	0.832898082948
31.2233	304.7209	-284.75233	14	0.196045901541	0.803954098459
30.9774	304.7155	-284.715079	14	0.457198651047	0.542801348953
30.9616	304.7663	-284.672922	14	0.517950931209	0.482049068791
30.9944	304.7219	-284.626056	14	0.446598377613	0.553401622387
18.5351	291.6176	-280.995003	0	0.734335846673	0.265664153327
18.6283	291.6085	-280.48153	0	0.768110540245	0.231889459755
29.9248	303.7549	-273.318056	17	0.435806380622	0.564193619378
29.9416	303.8184	-273.2329	17	1.0	0.0
29.9409	303.8752	-273.229444	17	0.762399083429	0.237600916571
29.8736	303.839	-273.104594	17	1.0	0.0
30.0511	303.8404	-273.042	17	0.582183789698	0.417816210302
29.9608	303.8169	-273.03132	17	1.0	0.0
23.5027	301.8954	-262.114811	9	0.521283685206	0.478716314794
15.7186	302.1521	-259.464981	6	0.565972730306	0.434027269694
15.9266	302.0791	-259.42183	6	0.784400775138	0.215599224862
15.7918	302.0911	-259.351607	6	0.990636006133	0.0093639938671
15.9671	301.4466	-257.694292	7	1.0	0.0726880161402
16.0035	301.5333	-257.644512	7	1.0	0.00563788760563
15.9503	301.4899	-257.620017	7	1.0	0.0644613879968
16.0414	301.569	-257.04229	7	0.974983037687	0.0250169623135
23.1315	301.8826	-250.031642	9	1.0	0.0
23.0637	301.9001	-249.981421	9	1.0	0.0491136987693
23.0719	301.8691	-249.922148	9	1.0	0.404415693022
23.0199	301.8858	-249.840986	9	1.0	0.159686917225
22.9478	301.5924	-249.717813	9	0.135169962234	0.864830037766
23.0321	301.8531	-249.564636	9	1.0	0.0324588929537
23.0293	301.8221	-249.343821	9	1.0	0.0665494421735
23.1438	301.8702	-249.263307	9	1.0	0.22884706736
15.2983	304.9776	-246.785251	1	0.155657823367	0.844342176633
15.0008	302.6147	-246.3704	2	1.0	0.0
15.9823	301.8574	-235.736676	6	1.0	0.235183501171
23.3754	301.8819	-210.797907	9	1.0	0.197615602751
22.4693	302.2477	-208.94727	9	0.1463217536	0.8536782464
20.4772	301.7857	-207.049185	4	1.0	0.0
29.0309	305.1718	-204.708622	12	1.0	0.0
29.0307	305.128	-204.671804	12	0.854119343233	0.145880656767
29.0767	305.2117	-204.358639	12	0.323675629856	0.676324370144
29.0742	305.0875	-204.137623	12	0.270800744306	0.729199255694
29.1592	305.127	-204.137547	12	0.281171304079	0.718828695921
22.9872	301.8366	-191.92943	9	1.0	0.0
23.4706	301.9343	-191.929261	9	0.495895260955	0.504104739045
23.0103	301.9895	-191.732373	9	0.317816799186	0.682183200814
22.9933	301.8467	-191.621779	9	1.0	0.0
23.0267	301.8433	-191.486788	9	1.0	0.0
23.0626	301.8357	-191.295697	9	1.0	0.0260647668211
23.0202	301.8622	-190.933993	9	1.0	0.452649951605
23.17	301.7598	-190.407531	9	0.528543441689	0.471456558311
31.1844	304.8735	-188.582263	14	0.315894505079	0.684105494921
31.3593	304.9021	-188.58216	14	0.142330940657	0.857669059343
31.142	304.9003	-188.522018	14	0.260080980054	0.739919019946
18.6156	291.6316	-179.540378	0	0.790525566471	0.209474433529
30.179	303.8858	-174.51473	17	0.446758751944	0.553241248056
23.1374	301.8791	-163.778606	9	1.0	0.0
23.3156	301.9328	-163.778545	9	1.0	0.0801240256974
23.2676	301.8981	-163.717742	9	1.0	0.181812730897
23.1658	301.9513	-163.639651	9	0.622561758243	0.377438241757
23.1985	301.8789	-163.017313	9	1.0	0.229549943148
30.1981	303.8638	-162.557548	-1	0.0	0.0318823351547
21.7147	302.1662	-161.484662	8	0.247427367508	0.752572632492
21.7164	302.0916	-161.484616	8	0.493615081053	0.506384918947
15.0268	302.5992	-133.643926	2	1.0	0.0
29.3134	302.5138	-129.163421	11	1.0	0.0
15.9808	301.5054	-127.536847	7	1.0	0.00770773772115
15.9602	301.9606	-124.543312	6	1.0	0.0
15.9797	301.9925	-124.495342	6	1.0	0.0443165884798
16.0262	301.9566	-123.978468	6	1.0	0.0443165884798
23.2557	301.7905	-123.664121	9	0.716651815823	0.283348184177
23.3258	301.8346	-123.664054	9	1.0	0.0
23.3697	301.8322	-123.585576	9	0.928808718862	0.0711912811381
23.3427	301.8824	-123.273894	9	1.0	0.0
19.3323	301.4411	-122.69303	3	0.163109613848	0.836890386152
24.7128	302.2038	-120.033351	5	0.291169947549	0.708830052451
24.756	302.2959	-120.033306	5	0.532798176185	0.467201823815
31.0114	304.8007	-101.616012	14	1.0	0.0
18.6771	291.5905	-95.579289	0	0.980166884192	0.0198331158082
29.0835	305.1834	-92.413882	12	0.568847863791	0.431152136209
29.5198	305.1315	-92.413636	-1	0.0	0.224931702547
29.0683	305.1779	-92.305272	12	0.817952243315	0.182047756685
29.0508	305.1526	-92.282378	12	0.734568345521	0.265431654479
28.9987	305.1897	-92.217636	12	0.457774114384	0.542225885616
29.0796	305.1355	-92.070369	12	0.548487803004	0.451512196996
15.9712	301.4951	-91.878076	7	1.0	0.14840470016
18.7142	291.4686	-80.904256	0	0.275822154408	0.724177845592
18.6224	291.6802	-80.737293	0	0.462272705296	0.537727294704
21.7545	302.0603	-74.866956	8	0.714413480139	0.285586519861
23.1948	301.8703	-74.289819	9	1.0	0.262269204926
23.2351	302.0385	-74.28974	9	0.279469159833	0.720530840167
23.297	301.8406	-74.245722	9	1.0	0.0
23.2425	301.7404	-74.076907	9	0.41003618766	0.58996381234
23.3239	301.7669	-74.022765	9	0.571798698091	0.428201301909
23.0531	301.8842	-60.618887	9	1.0	0.404415693022
31.0061	305.3064	-53.151494	-1	0.0	0.462474693124
31.151	304.8049	-53.151312	14	0.315894505079	0.684105494921
30.9977	304.7827	-53.111124	14	1.0	0.0
31.0067	304.7968	-53.080953	14	1.0	0.0
30.9892	304.7729	-53.05914	14	0.79454773575	0.20545226425
31.1749	304.7978	-53.048476	14	0.265600529158	0.734399470842
14.9425	302.586	-48.172284	2	1.0	0.0
15.9645	301.4728	-32.807599	7	1.0	0.0590548836924
15.9999	301.4651	-32.67655	7	1.0	0.381346822774
15.9988	301.5113	-32.610936	7	1.0	0.454423433633
15.9753	301.4073	-32.590965	7	1.0	0.0512841017092
29.9544	303.8419	-24.757326	17	1.0	0.0
30.0038	303.9732	-24.75232	17	0.37746984005	0.62253015995
29.8011	303.8526	-24.728217	17	0.519738958624	0.480261041376
23.0653	301.9042	-24.641423	9	1.0	0.0584981686876
29.093	305.1676	-22.653424	12	0.583467947222	0.416532052778
29.0433	305.1709	-22.608444	12	1.0	0.0
18.6997	291.5717	-14.530321	0	0.877503996259	0.122496003741
19.8849	301.1916	-13.869879	3	0.417264374807	0.582735625193
19.8883	301.325	-13.626439	3	1.0	0.0
19.9202	301.3398	-13.55794	3	1.0	0.0
19.8061	301.3353	-13.301562	3	0.622011468727	0.377988531273
19.8895	301.3621	-13.301516	3	1.0	0.0
23.6282	302.0827	-11.741994	9	0.307868817015	0.692131182985
15.9648	301.9973	-9.638437	6	1.0	0.0235001333148
21.7769	302.0401	-0.001265	8	0.718216096092	0.281783903908
23.1198	301.8559	2.576362	9	1.0	0.302502724483
23.3514	301.8624	2.971174	9	1.0	0.235837659756
23.292	301.8973	3.565914	9	1.0	0.183322576692
14.3666	304.8611	8.447367	1	0.665169416477	0.334830583523
14.4407	304.9572	8.447395	1	1.0	0.0
16.2179	301.8979	10.132031	6	0.907719660487	0.0922803395128
22.9943	301.8365	24.599582	9	1.0	0.0
30.7859	304.4073	30.552028	15	1.0	0.0
30.9612	304.4867	30.5521	15	1.0	0.0
30.7427	304.4106	30.834094	15	1.0	0.0
30.78	304.886	30.923782	14	0.0945668106774	0.905433189323
30.7359	304.3851	30.951342	15	1.0	0.0
24.7527	302.845	42.314838	5	0.137663521033	0.862336478967
24.7945	302.3564	42.314934	5	0.94678399439	0.0532160056096
29.9865	303.8629	46.764181	17	0.880151468734	0.119848531266
29.9735	303.9923	46.764262	-1	0.0	0.183913315861
15.9594	301.4782	51.962109	7	1.0	0.0
16.1913	301.6739	58.719779	6	0.452487017362	0.547512982638
28.9429	301.9887	59.620963	11	0.985981461741	0.0140185382592
30.5482	304.0085	62.080947	-1	0.0	0.271677261482
23.066	301.8441	62.466802	9	1.0	0.0324588929537
23.3419	301.7879	63.829091	9	0.630920871515	0.369079128485
23.4466	301.7888	64.09324	9	0.517927399567	0.482072600433
23.4499	301.8449	64.139842	9	0.548793100354	0.451206899646
14.1159	305.1605	77.4447	1	0.278628361021	0.721371638979
14.4604	304.9554	80.548807	1	1.0	0.0
14.4421	304.98	80.551559	1	1.0	0.0
23.0894	301.8846	87.808898	9	1.0	0.299496619345
15.9758	301.9561	89.8302	6	1.0	0.0
18.1257	291.5964	90.960035	0	0.123761057014	0.876238942986
18.0856	292.2324	92.266449	0	0.0369198510834	0.963080148917
25.1838	302.2855	97.692246	5	0.886252155382	0.113747844618
18.6665	291.5682	99.20054	0	0.983069529451	0.0169304705494
31.0259	304.8199	104.614328	14	0.731651256628	0.268348743372
31.0481	304.7798	104.654483	14	0.810556110844	0.189443889156
31.0267	304.7758	104.661457	14	1.0	0.0
31.0676	305.9971	104.661915	10	0.485407227421	0.514592772579
31.0465	304.7804	104.984349	14	0.865331087848	0.134668912152
31.1514	304.7675	105.254697	14	0.370247850932	0.629752149068
30.9943	304.8059	105.386744	14	0.733549591204	0.266450408796
23.1428	301.8806	112.409048	9	1.0	0.0
18.501	291.5564	113.99337	0	1.0	0.133502479247
30.0568	303.9102	115.08632	17	0.761974163036	0.238025836964
30.0647	303.8879	115.091814	17	0.761974163036	0.238025836964
28.9402	305.1567	125.668927	12	0.285300209416	0.714699790584
29.2721	305.1817	125.669066	12	0.198787752529	0.801212247471
29.0604	305.3729	125.798186	-1	0.0	0.298117438989
28.9621	305.1897	125.905154	12	0.368613767096	0.631386232904
15.9301	301.8219	126.951172	6	1.0	0.0
15.9293	301.7839	127.413789	6	1.0	0.0
20.2639	301.3193	147.323806	3	0.320038134614	0.679961865386
14.5282	304.9711	147.667649	1	1.0	0.0
15.9885	301.4741	149.003593	7	1.0	0.0
16.0779	301.4244	149.037256	7	0.756397265281	0.243602734719
15.8914	301.4295	149.065055	7	1.0	0.388231846596
15.9521	301.4839	149.065082	7	1.0	0.0802150206264
23.3132	301.8143	155.77277	9	1.0	0.0270966350147
31.0285	304.802	156.133444	14	1.0	0.0
31.2606	304.8375	156.13357	14	0.264643467202	0.735356532798
31.2105	304.8193	156.162621	14	0.315894505079	0.684105494921
31.0442	304.8123	156.196226	14	0.880443737193	0.119556262807
31.0255	304.801	156.313306	14	0.889088665076	0.110911334924
31.0993	304.7677	156.354323	14	0.429093352383	0.570906647617
31.0027	304.7785	156.414936	14	0.969701931449	0.0302980685512
30.3171	304.036	156.884032	16	1.0	0.0
30.364	304.0011	156.884091	16	1.0	0.0
30.4864	303.9375	156.926629	-1	0.0	0.1817751154
30.2702	304.0697	157.183786	16	0.860644263415	0.139355736585
18.6687	291.6138	161.006987	0	0.763903255198	0.236096744802
18.5547	291.6078	161.10064	0	0.858155798505	0.141844201495
18.5638	291.6344	161.132218	0	0.754248903708	0.245751096292
28.9326	301.9737	161.896906	11	0.959111625439	0.0408883745612
29.1664	302.5859	163.983939	11	1.0	0.0
29.3065	302.526	163.984037	11	1.0	0.0
18.7487	291.6128	175.504292	0	0.877503996259	0.122496003741
15.7588	301.9898	176.999259	6	1.0	0.0
15.7281	302.0289	177.000771	6	1.0	0.0330642718926
25.0191	302.4525	178.701419	5	1.0	0.0
15.829	301.2598	179.573161	7	0.409751624465	0.590248375535
15.9955	301.4724	179.573181	7	1.0	0.0
15.972	301.4113	179.628261	7	1.0	0.0
15.9279	301.3011	179.650514	7	0.721486240813	0.278513759187
15.2842	302.5384	180.744478	2	1.0	0.0
15.0835	302.5086	181.163196	2	1.0	0.0
30.5863	306.2699	182.915758	10	1.0	0.0
30.7296	306.2176	183.168641	10	1.0	0.0
30.6628	306.1861	183.292016	10	1.0	0.0
18.516	291.5238	183.347183	0	1.0	0.251004692965
18.5323	291.5561	183.347207	0	1.0	0.0
30.9999	306.2955	183.457823	10	0.642333320555	0.357666679445
23.0611	301.8705	197.781951	9	1.0	0.0370851048052
23.3655	301.9625	199.461192	9	0.952896118649	0.0471038813511
20.4797	301.7811	201.612218	4	1.0	0.0
14.4157	304.9342	205.214145	1	1.0	0.0
31.0902	304.7409	209.3033	14	0.421013623699	0.578986376301
31.0252	304.822	209.338959	14	0.658511040855	0.341488959145
31.0319	304.7859	209.338993	14	1.0	0.0
31.1035	304.7114	210.201451	14	0.233891561347	0.766108438653
22.7462	302.2626	214.125596	9	0.189915342832	0.810084657168
15.9473	301.4023	217.078566	7	1.0	0.233958887047
15.9814	301.4239	217.139296	7	1.0	0.0
15.9518	301.4284	217.182021	7	1.0	0.157349446468
15.9605	301.4824	217.291878	7	1.0	0.0
15.8147	302.0117	221.557349	6	1.0	0.0330642718926
21.7644	302.044	229.657598	8	0.795635168263	0.204364831737
21.927	301.8671	230.054212	8	0.168648140366	0.831351859634
30.0725	303.8981	234.07556	17	0.761974163036	0.238025836964
16.2692	301.8256	236.273547	6	0.486800424085	0.513199575915
15.9112	301.9308	236.366976	6	1.0	0.0
18.468	291.5737	238.024687	0	0.641028957113	0.358971042887
23.6073	301.9046	253.441211	9	0.447377807551	0.552622192449
23.6338	302.1099	253.441267	9	0.239649544898	0.760350455102
18.7791	291.8757	257.131351	0	0.0951463592998	0.9048536407
19.9647	301.3491	260.466341	3	1.0	0.0
16.0007	301.5462	262.179075	7	1.0	0.0604240546655
15.9135	301.4038	262.179181	7	1.0	0.285544823359
15.9856	301.4458	262.234279	7	1.0	0.463441774701
15.9606	301.3535	262.259579	7	1.0	0.0
15.9182	301.441	262.2859	7	1.0	0.211148075021
15.9653	301.4156	262.285921	7	1.0	0.0
15.9641	301.4203	262.31187	7	1.0	0.0
15.8416	301.2365	262.34834	7	0.365738548893	0.634261451107
16.4651	301.439	262.348344	-1	0.0	0.309673464439
15.947	301.3615	262.409454	7	1.0	0.0
16.0018	301.4397	262.472952	7	1.0	0.134096696378
30.9257	304.8725	262.844433	14	0.177887218407	0.822112781593
31.207	304.8627	262.844615	14	0.315894505079	0.684105494921
31.1283	304.9266	262.883879	14	0.221920857098	0.778079142902
15.9509	301.8189	266.907255	6	1.0	0.0
30.3809	303.9658	268.316604	16	0.87793127982	0.12206872018
29.5777	303.1042	268.380699	11	0.934899120078	0.065100879922
30.4391	304.2497	268.585637	-1	0.0	0.643675920232
23.2447	301.8485	273.66278	9	0.992119113809	0.0078808861905
23.295	301.853	273.934317	9	1.0	0.0197589560314
31.0206	304.7856	274.38243	14	1.0	0.0
31.0858	304.8512	274.382494	14	0.301699107549	0.698300892451
23.3856	301.9718	274.411474	9	0.657429958721	0.342570041279
31.051	304.8524	274.450868	14	0.407708585865	0.592291414135
25.1179	302.3724	287.108662	5	1.0	0.0178604822392
18.7137	291.5963	292.029666	0	0.877503996259	0.122496003741
15.7333	301.8734	293.493123	6	0.891410519472	0.108589480528
15.788	302.0241	293.493181	6	1.0	0.0
15.7686	301.9925	293.519373	6	1.0	0.0
22.9611	301.8232	294.948447	9	1.0	0.323190298955
18.3804	291.5488	294.957891	0	0.364806395192	0.635193604808
18.6481	291.5763	295.010372	0	0.815922855717	0.184077144283
30.9681	306.2217	296.006879	10	0.790998415181	0.209001584819
18.6121	291.555	301.463701	0	1.0	0.0
16.6376	301.4681	306.782598	-1	0.0	0.483785548087
15.9808	301.4814	306.782633	7	1.0	0.0
15.9213	301.7909	308.06891	6	1.0	0.0
15.9086	301.7614	308.112572	6	1.0	0.290975513286
30.9753	304.7696	315.265335	14	0.747177067601	0.252822932399
30.9468	304.7399	315.270592	14	0.457198651047	0.542801348953
16.1833	301.916	323.221051	6	0.765918786705	0.234081213295
29.9642	303.892	330.723882	17	0.618157458034	0.381842541966
30.0194	303.8778	330.924499	17	0.761974163036	0.238025836964
30.3907	303.8267	330.924713	-1	0.0	0.427802952453
14.323	304.8422	331.027066	1	0.528933534574	0.471066465426
16.1215	301.6004	345.598052	7	0.479183745832	0.520816254168
23.326	301.9082	349.272534	9	1.0	0.16523353001
18.5499	291.5477	351.721935	0	1.0	0.0
18.5299	291.548	351.779615	0	1.0	0.0
18.5107	291.5036	351.847537	0	0.9522033226	0.0477966773997
18.4747	291.5391	351.985959	0	0.845907456774	0.154092543226
18.5587	291.5501	352.079992	0	1.0	0.0
18.5344	291.5887	352.174415	0	0.957914926115	0.0420850738849
18.5159	291.5801	352.261031	0	0.901684212067	0.0983157879326
18.5082	291.5457	352.357514	0	1.0	0.0698364860629
18.5978	291.6862	352.481191	0	0.445707799182	0.554292200818
30.3116	304.0295	352.769929	16	1.0	0.0
30.5666	303.9848	352.77005	-1	0.0	0.342530000825
30.2506	303.9938	352.811545	16	1.0	0.0
30.3365	304.0125	352.84156	16	1.0	0.0
18.548	291.5877	353.143567	0	1.0	0.28282821767
15.8163	301.4786	360.726711	7	0.561271089718	0.438728910282
15.958	301.8411	360.785876	6	1.0	0.0
16.0384	301.7614	360.934312	6	1.0	0.355193010446
14.0211	305.0338	370.505121	1	0.307281394944	0.692718605056
31.0298	304.8741	371.495191	14	0.26509039408	0.73490960592
31.076	304.8588	371.595682	14	0.292713812208	0.707286187792
31.0912	304.7331	371.605196	14	0.362835302112	0.637164697888
31.1738	304.8504	372.152843	14	0.30101684684	0.69898315316
31.2071	304.9553	372.435118	14	0.167179906599	0.832820093401
18.5763	291.5654	388.825623	0	1.0	0.0
18.635	291.5388	388.998278	0	1.0	0.0
18.539	291.5389	389.130206	0	1.0	0.0
25.0378	302.4326	394.122816	5	1.0	0.0
24.9748	302.4595	394.233489	5	0.977983732202	0.0220162677984
25.0702	302.4091	394.270956	5	1.0	0.0
24.8421	302.3895	394.300409	5	0.857721181085	0.142278818915
24.9417	302.4343	394.300465	5	1.0	0.0
23.2646	301.8314	394.544703	9	1.0	0.0
23.366	301.8872	394.544768	9	1.0	0.0
23.261	301.9472	394.574541	9	0.709680057849	0.290319942151
23.3249	301.8846	395.410731	9	1.0	0.188475478665
23.2699	301.8221	395.459021	9	1.0	0.0270966350147
23.3119	301.8615	395.51331	9	1.0	0.257727356052
18.5216	291.6543	398.193824	0	0.602290296595	0.397709703405
18.5165	291.6649	398.386041	0	0.470356014925	0.529643985075
18.6515	291.6156	398.636016	0	0.790525566471	0.209474433529
22.0494	302.1881	400.072563	8	0.286289518432	0.713710481568
14.0458	304.6404	402.232098	1	0.215403952555	0.784596047445
15.8747	301.8463	406.472796	6	1.0	0.235183501171
15.903	301.962	406.515125	6	1.0	0.0
15.9885	301.9272	406.608127	6	1.0	0.0
18.5485	291.5664	427.907911	0	1.0	0.110323287301
18.8845	291.5084	428.321128	0	0.195956513465	0.804043486535
18.533	291.5513	428.394922	0	1.0	0.0
18.6795	291.5474	428.394944	0	0.849306519504	0.150693480496
23.1356	301.8539	432.026975	9	1.0	0.342021883856
23.0339	301.8488	432.082125	9	1.0	0.0
23.1431	301.8511	432.082197	9	1.0	0.327874767626
23.0488	301.8319	432.113518	9	1.0	0.0
23.1739	301.8457	432.21085	9	1.0	0.267292561307
31.093	304.7771	437.108055	14	0.402816052173	0.597183947827
28.8637	302.0183	437.539628	11	1.0	0.0
22.0195	302.1122	437.740701	8	0.345250573713	0.654749426287
22.0726	302.1962	438.003278	8	0.257610906637	0.742389093363
25.0842	302.3014	444.396695	5	1.0	0.0
25.1046	302.2724	444.486701	5	1.0	0.0
25.0737	302.3106	444.528624	5	1.0	0.0
29.1234	305.1816	444.626277	12	0.410386123308	0.589613876692
29.2401	305.2132	444.672747	12	0.170670435351	0.829329564649
15.9324	301.3582	445.11355	7	1.0	0.0
15.9813	301.3158	445.171146	7	0.922893784071	0.0771062159289
16.0241	301.3767	445.201046	7	1.0	0.44203949117
14.2903	304.9335	452.932261	1	0.760224075508	0.239775924492
14.0429	305.0703	465.978202	1	0.305754433242	0.694245566758
31.1689	306.0236	468.669414	10	0.497120233935	0.502879766065
18.4874	291.5238	468.837869	0	1.0	0.28984947079
30.008	303.9296	469.461125	17	0.574430030088	0.425569969912
18.6245	291.5373	469.551378	0	1.0	0.0
15.7009	301.9339	471.410783	6	1.0	0.266399527583
15.695	301.9098	471.448608	6	0.875578338634	0.124421661366
15.8134	301.9605	471.472607	6	1.0	0.0
15.8901	301.9212	471.505431	6	1.0	0.131566349886
15.7592	301.9628	471.527101	6	1.0	0.0
30.6168	304.2815	472.0301	15	1.0	0.0
23.0501	301.8037	482.049981	9	0.90089659698	0.0991034030204
23.1053	301.8528	482.099483	9	1.0	0.342021883856
23.1151	301.7968	482.321333	9	0.621462164992	0.378537835008
23.1464	301.8759	482.54586	9	1.0	0.0
23.6027	301.8385	483.216933	9	0.382056207261	0.617943792739
23.8242	302.2344	483.631088	-1	0.0	0.0640144323027
22.0916	302.1618	493.420468	8	0.345250573713	0.654749426287
30.7231	304.7595	506.77083	14	0.0992588550537	0.900741144946
14.0162	304.6358	510.315392	1	0.208540553905	0.791459446095
20.4299	301.7646	511.211318	4	1.0	0.0
20.7658	301.739	511.21141	4	0.407349440854	0.592650559146
20.4904	301.8033	511.257214	4	1.0	0.0
20.4346	301.7449	511.307134	4	1.0	0.0
20.8057	301.7557	511.30723	4	0.368583405589	0.631416594411
18.7338	291.5402	516.476148	0	0.49827913425	0.50172086575
14.6636	304.7603	519.849837	1	0.310768360844	0.689231639156
30.2629	304.3703	520.072373	-1	0.0	0.195677723663
23.5262	301.8167	526.510924	9	0.461644158589	0.538355841411
19.9594	301.3181	526.983788	3	1.0	0.0
23.2971	301.8332	527.024288	9	1.0	0.0
23.5946	301.8688	527.024373	9	0.466413544694	0.533586455306
20.0079	301.3495	527.087003	3	0.807099237566	0.192900762434
15.9692	301.3497	528.97575	7	1.0	0.0
15.9114	301.3389	528.998378	7	1.0	0.305617986117
15.9881	301.3656	529.114197	7	1.0	0.0
18.7286	291.6264	534.409914	0	0.760993482575	0.239006517425
30.9524	305.0515	537.607118	14	0.0755200537484	0.924479946252
31.0431	304.7589	537.6072	14	0.497879454526	0.502120545474
30.8119	306.2544	542.821464	10	1.0	0.0
18.7315	291.617	549.087656	0	0.750743176513	0.249256823487
23.1135	301.8496	550.164788	9	1.0	0.302502724483
23.0636	301.8176	550.212632	9	1.0	0.0
22.0244	302.0955	557.04453	8	0.286289518432	0.713710481568
18.588	291.5883	562.768525	0	0.79652431913	0.20347568087
27.1184	300.2738	563.366809	-1	0.0	0.620772513815
27.1265	300.3199	563.464023	-1	0.0	0.612626490441
23.7616	302.0467	566.172288	9	0.29204591723	0.70795408277
23.6115	301.987	566.574029	9	0.307868817015	0.692131182985
23.6966	302.0067	566.642243	9	0.272256104309	0.727743895691
15.8572	301.6964	566.727704	6	0.696993355652	0.303006644348
15.9243	301.7548	566.768362	6	1.0	0.26920126394
23.1751	301.8739	568.206954	9	1.0	0.309439539672
23.3552	301.9178	568.20703	9	1.0	0.172083394329
17.8925	291.8252	569.292113	0	0.0614872530047	0.938512746995
18.3902	291.5704	577.441012	0	0.374743361601	0.625256638399
18.516	291.3517	577.441059	0	0.135522305484	0.864477694516
30.7945	304.7406	592.394959	14	0.137142084137	0.862857915863
18.599	291.5346	594.44564	0	0.856096116692	0.143903883308
20.4772	301.8527	596.722088	4	0.715266935756	0.284733064244
