2.2541	102.3258	-4.3e-05	11	1.0	0.0
1.1423	111.2334	-596.734758	0	0.932584751939	0.0674152480607
-1.0898	110.2407	-595.173896	35	1.0	0.0
-1.0069	110.4336	-595.042851	-1	0.0	0.22155895722
-0.6477	101.6069	-595.027963	21	0.277022824233	0.722977175767
-2.7985	104.5187	-594.780708	22	0.693768588739	0.306231411261
0.141	101.7638	-594.405343	20	0.416683939636	0.583316060364
0.8898	100.9898	-590.886929	24	0.519580233538	0.480419766462
-5.5907	104.6821	-590.014335	19	1.0	0.0
-5.5619	104.5589	-589.937509	19	1.0	0.0
-1.6121	110.0257	-588.178385	-1	0.0	0.502062901478
2.3108	102.2925	-587.863387	11	1.0	0.0
3.635	101.3072	-587.751515	32	1.0	0.0
4.3468	101.8644	-587.593997	29	1.0	0.0
0.1022	101.8405	-585.952123	20	0.394672073873	0.605327926127
-0.0185	108.9912	-581.760214	10	0.412728863341	0.587271136659
-5.0207	103.6859	-577.663797	28	0.810624254719	0.189375745281
-5.0701	103.6193	-577.258699	28	1.0	5.36853467772e-06
-5.0343	103.6063	-576.91511	28	1.0	0.392201087363
3.6438	97.8739	-575.004739	-1	0.0	0.12438819949
3.7105	98.2714	-575.004731	39	1.0	0.0
3.7297	98.031	-574.829042	40	1.0	0.132000883491
-1.7658	110.3499	-574.746634	12	0.328004945989	0.671995054011
-1.8082	110.3818	-574.611819	12	0.328004945989	0.671995054011
-2.8321	104.4584	-573.686144	22	1.0	0.0
-1.2949	110.0008	-572.137017	37	1.0	0.0738190174641
-4.6081	106.18	-568.833203	14	1.0	0.0
-4.5618	106.1672	-568.782126	14	1.0	0.0
-5.2073	103.6616	-568.046801	28	0.550646033148	0.449353966852
1.0271	111.334	-566.984593	0	0.826684069575	0.173315930425
-1.3369	109.7297	-565.46519	-1	0.0	0.570520714877
-1.2614	109.9497	-565.40367	37	0.718946836955	0.281053163045
0.4911	100.9601	-564.742512	-1	0.0	0.316419146389
0.7432	100.8394	-564.611386	24	1.0	0.0
-2.915	104.5505	-564.058877	22	1.0	0.0
-5.1151	103.6058	-559.522239	28	1.0	0.245135010484
-5.0656	103.6672	-559.413241	28	1.0	0.35567125696
1.5111	111.1119	-558.591886	0	0.356421671023	0.643578328977
-5.1008	105.8032	-558.531168	15	0.895450140232	0.104549859768
-2.8997	104.4748	-557.238893	22	1.0	0.0
4.0275	101.1887	-556.251232	32	1.0	0.454430424213
1.0032	111.2031	-556.186804	0	1.0	0.0
3.99	101.1496	-556.107123	32	1.0	0.0
-1.3082	109.9696	-555.626114	37	0.956608144508	0.0433918554921
-1.4633	109.5717	-555.508098	18	1.0	0.0
-1.2624	109.9863	-555.507845	37	1.0	0.147213004789
-1.4644	109.5614	-555.467094	18	1.0	0.0
-1.2634	109.9615	-555.466845	37	1.0	0.197696485714
-1.2844	109.9636	-555.396856	37	1.0	0.0
-2.6395	102.9481	-554.226046	17	0.452297861521	0.547702138479
-2.5299	102.9107	-554.166563	17	0.434681720076	0.565318279924
3.7164	98.0649	-552.361412	40	1.0	0.120727480699
-5.1523	103.547	-551.048144	28	1.0	0.0413326735571
1.3065	100.5551	-549.324176	25	1.0	0.0
-5.072	103.5742	-549.13955	28	1.0	0.0
3.4371	98.1598	-548.555676	-1	0.0	0.396833675202
3.6415	98.0373	-548.555536	40	1.0	0.145627699461
3.7027	98.0747	-548.487354	40	1.0	0.0
3.72	98.0894	-548.422582	40	1.0	0.0228484808828
3.7164	98.119	-548.296158	40	1.0	0.0626294909387
3.6681	98.0527	-547.998722	40	1.0	0.17221741411
-5.0968	103.5972	-546.413816	28	1.0	0.0
-1.5798	111.3626	-545.008545	6	1.0	0.0
-1.5643	111.3793	-544.878246	6	0.81818420337	0.18181579663
-1.5452	111.3992	-544.706591	6	0.713668903101	0.286331096899
-5.0948	103.631	-542.330151	28	1.0	0.0449301217997
3.2173	101.2981	-541.873825	32	1.0	0.0925426587096
3.3473	101.5889	-541.87374	32	0.40709196653	0.59290803347
3.2452	101.2799	-541.607679	32	1.0	0.45869898905
6.4668	100.6523	-541.101571	23	1.0	0.0
6.4967	100.5822	-541.058759	23	1.0	0.214588768139
-1.8102	110.2828	-541.043717	12	0.832221616189	0.167778383811
6.4532	100.7041	-540.841386	23	1.0	0.165112763703
-2.9268	104.5907	-539.324015	22	0.963908508081	0.0360914919186
-0.1667	108.9237	-537.777393	10	0.18937519433	0.81062480567
-0.1411	108.8134	-537.708268	10	0.2207607872	0.7792392128
-5.0871	103.598	-537.567905	28	1.0	0.0
-5.1028	103.6415	-537.49017	28	1.0	0.0
-5.0706	103.6021	-537.382774	28	1.0	0.0883899795669
8.2974	99.6959	-535.509748	13	1.0	0.0
3.6931	101.4307	-533.78575	32	1.0	0.17642223815
3.6891	101.3351	-532.796522	32	1.0	0.0270941814827
3.6109	101.1744	-532.055069	32	0.645316715924	0.354683284076
-1.7044	110.3251	-530.064389	12	0.309122101867	0.690877898133
-0.0136	108.9832	-527.038787	10	0.489219225928	0.510780774072
-1.906	110.2646	-526.242166	12	0.655326659295	0.344673340705
-1.619	110.2016	-525.891864	12	0.223099287605	0.776900712395
2.2415	102.1972	-525.258055	11	0.355271498678	0.644728501322
-5.1833	103.3963	-523.31787	28	1.0	0.0
-5.115	103.6211	-523.317795	28	1.0	0.0750785202503
-5.059	103.5607	-523.169887	28	1.0	0.0231110709065
3.5675	98.0252	-523.050394	40	0.449361604787	0.550638395213
3.6755	98.3105	-523.050329	39	0.835280361754	0.164719638246
-5.096	103.6019	-523.021463	28	1.0	0.120395160903
-5.0634	103.5419	-522.215541	28	1.0	0.0760248279838
-1.5868	111.3773	-520.211923	6	1.0	0.0
5.0174	100.6941	-519.924053	34	0.346582628936	0.653417371064
-2.311	102.8025	-519.594758	17	0.182498033387	0.817501966613
-2.2503	103.1044	-519.59469	17	0.178622876666	0.821377123334
3.773	98.0491	-518.705535	40	1.0	0.0665278549949
-1.2804	109.9299	-518.213903	37	0.751680626814	0.248319373186
-5.0815	103.5391	-514.747894	28	1.0	0.198903924933
3.7359	98.0393	-514.085357	40	1.0	0.266184468332
3.74	98.0693	-514.000333	40	1.0	0.0916446979194
0.1745	101.7652	-509.275384	20	0.394672073873	0.605327926127
-1.7893	110.1785	-502.069965	12	0.656177799164	0.343822200836
0.9433	100.7821	-501.808515	24	1.0	0.218479316332
0.9668	100.8244	-501.764286	24	1.0	0.605550849778
0.9649	100.793	-501.71238	24	1.0	0.0
1.0092	100.9362	-501.660186	24	0.471946476853	0.528053523147
0.9535	100.7802	-501.612189	24	1.0	0.149978334649
0.942	100.7913	-501.554922	24	1.0	0.0
0.9667	100.7937	-501.491162	24	1.0	0.0
0.9769	100.903	-501.44207	24	0.519580233538	0.480419766462
0.9365	100.7308	-501.293294	24	1.0	0.607454464791
0.9745	101.0121	-501.293263	24	0.519580233538	0.480419766462
-1.2451	109.8712	-498.611419	37	0.354850320125	0.645149679875
3.3194	101.3455	-498.506291	32	1.0	0.0157005553739
-1.2496	109.8694	-498.29419	37	0.363100552345	0.636899447655
3.6978	98.0452	-498.288926	40	1.0	0.0
3.687	98.3162	-498.194902	39	0.862511761644	0.137488238356
3.6924	98.0716	-498.123856	40	1.0	0.0
0.7728	100.7678	-497.013653	24	0.904418592379	0.0955814076206
-5.0479	103.5484	-496.946478	28	1.0	0.0760248279838
4.6747	100.7578	-495.752838	34	0.186342324204	0.813657675796
4.0002	101.3546	-495.140878	32	0.654609857699	0.345390142301
3.9613	101.1622	-495.047626	32	1.0	0.0
-1.1055	110.0991	-493.594081	36	0.435360878241	0.564639121759
-1.1407	109.9626	-493.335985	-1	0.0	0.278129619724
-4.6144	104.5384	-493.239167	-1	0.0	0.160875581382
-1.5322	105.7276	-493.238259	-1	0.0	0.122169448228
-4.5865	104.569	-493.030306	-1	0.0	0.191956878024
1.1279	111.3175	-492.055635	0	0.932584751939	0.0674152480607
-5.0967	103.5868	-491.684525	28	1.0	0.100142292164
3.7077	101.3845	-490.794267	32	1.0	0.175745324496
4.5303	97.4847	-490.41584	26	1.0	0.0
2.3078	102.2341	-489.801984	11	0.478712171979	0.521287828021
-5.1265	103.5646	-487.648847	28	1.0	0.0485539229068
-5.2374	105.4178	-487.487108	-1	0.0	0.144165639552
-5.0871	105.8457	-487.486912	15	1.0	0.0
-5.0847	105.8831	-486.930634	15	0.993470888691	0.00652911130872
-5.1268	105.8753	-486.79325	15	0.997172392459	0.00282760754055
-1.0617	101.7599	-486.738291	21	0.726536634701	0.273463365299
-1.0923	101.7161	-486.738254	21	0.959670214171	0.0403297858292
-1.0225	101.7058	-486.700953	21	1.0	0.0
-5.0538	103.6469	-484.532942	28	1.0	0.362163239503
4.9968	100.7745	-484.331277	34	0.645158514648	0.354841485352
4.9624	100.7435	-484.264304	34	1.0	0.0
-5.0851	103.5457	-480.335848	28	1.0	3.19854556997e-05
1.2937	100.5586	-480.190293	25	1.0	0.0
1.3433	100.8188	-480.12938	-1	0.0	0.240043004408
0.8552	100.7563	-480.129291	24	1.0	0.613306516381
1.0133	111.096	-479.804864	0	1.0	0.0
3.4271	101.2728	-479.477917	32	1.0	0.11299612354
3.3902	101.4504	-479.477899	32	0.843567121101	0.156432878899
6.3579	101.1596	-477.507675	23	0.255395567162	0.744604432838
3.3098	101.371	-475.793093	32	1.0	0.301621425763
6.4974	100.6329	-475.008295	23	1.0	0.0
-1.5982	110.057	-474.010864	-1	0.0	0.506936023567
-5.0555	103.6479	-470.89742	28	1.0	0.346395841993
-1.5159	111.2254	-469.97476	-1	0.0	0.0135688555274
3.7699	98.1384	-465.728477	40	0.670052292649	0.329947707351
3.745	98.06	-465.654557	40	1.0	0.0298618737401
-1.0256	110.2536	-465.388896	35	0.968659590316	0.0313404096841
-1.0161	110.2784	-464.656228	-1	0.0	0.160323174741
4.0188	101.2076	-464.563575	32	1.0	0.195645199522
3.9418	101.1615	-464.497113	32	1.0	0.247255656486
4.6436	101.576	-464.414323	-1	0.0	0.103573638797
-5.0405	103.6674	-463.556415	28	1.0	0.384914816893
-5.1142	103.4631	-461.099857	28	1.0	0.0
-1.5748	111.4235	-459.439312	6	0.519225496603	0.480774503397
-5.0893	103.5954	-455.440546	28	1.0	0.0
-5.133	103.559	-454.352402	28	1.0	0.197491012067
0.0752	101.6767	-453.265177	20	0.494379320788	0.505620679212
-5.0819	103.6499	-453.036653	28	1.0	0.259338032142
4.3737	97.6172	-452.230181	27	0.508344578761	0.491655421239
3.867	101.2443	-451.361626	32	1.0	0.17516856971
-1.5396	111.3935	-450.878258	6	0.648435737238	0.351564262762
-1.2708	109.9799	-450.399733	37	0.870712557922	0.129287442078
-1.2686	110.0461	-450.219188	37	0.469477685381	0.530522314619
6.3982	100.6829	-446.607527	23	1.0	0.165112763703
-5.1185	103.6002	-444.08984	28	1.0	0.245135010484
-4.2953	104.1879	-440.921692	-1	0.0	0.320007855688
3.1363	101.4475	-439.379023	32	0.668029967478	0.331970032522
1.0522	111.042	-437.045731	0	1.0	0.0
3.8262	101.2023	-435.332421	32	1.0	0.00581043666639
3.9574	101.0939	-435.332336	32	1.0	0.234285914187
-1.0906	110.3951	-435.177395	-1	0.0	0.0133386519324
-3.4988	101.936	-432.948791	16	1.0	0.0
-3.4662	101.875	-432.893502	16	0.545652802565	0.454347197435
-3.4486	101.9401	-432.797054	16	1.0	0.244744394914
3.6262	101.3074	-432.641513	32	1.0	0.0
3.658	101.2987	-432.41841	32	1.0	0.0
-0.0163	108.8797	-432.150702	10	0.490953981138	0.509046018862
3.2826	101.3568	-431.174438	32	1.0	0.0
3.2893	101.4637	-431.174403	32	1.0	0.0
3.3509	101.374	-431.067405	32	1.0	0.452444220137
-1.5495	110.8873	-430.945985	-1	0.0	0.816406361729
-1.1456	110.1346	-430.902465	36	1.0	0.0
-1.0587	110.3006	-430.902382	-1	0.0	0.111577363781
-5.1192	103.6102	-428.92833	28	1.0	0.023422936215
3.8378	101.4525	-428.732043	32	1.0	0.369365931385
-5.0571	105.8451	-425.04733	15	1.0	0.0
6.9819	100.2298	-424.989581	-1	0.0	0.0434763606659
-5.127	105.835	-424.813449	15	1.0	0.0
-0.0425	108.9586	-424.588366	10	0.823100047154	0.176899952846
-1.1536	109.1046	-423.418504	2	1.0	0.0
-5.0958	103.5968	-422.873082	28	1.0	0.0
0.9429	111.2486	-422.818831	0	0.954240678228	0.0457593217717
-5.0278	103.6272	-422.812199	28	1.0	0.392201087363
-5.0864	103.5515	-417.257389	28	1.0	3.19854556997e-05
1.4228	111.4335	-417.163486	0	0.419537563508	0.580462436492
-1.125	109.0977	-414.051928	2	1.0	0.0
8.2877	99.7087	-412.23462	13	1.0	0.0
1.3019	100.5991	-412.065302	25	0.483013890233	0.516986109767
-0.1685	108.7621	-410.316375	10	0.217769130577	0.782230869423
-0.0175	108.9391	-409.959842	10	0.853771414412	0.146228585588
-0.014	109.0411	-409.946306	10	0.181052603509	0.818947396491
3.7102	98.0458	-407.071994	40	1.0	0.0
3.7968	98.3601	-406.346552	-1	0.0	0.358065229725
-3.4469	101.8343	-405.809735	16	0.350743820064	0.649256179936
-1.3129	110.0244	-398.718918	37	0.419953905411	0.580046094589
-1.1906	109.6941	-395.466302	-1	0.0	0.0704284132391
-1.1432	109.9345	-395.377822	-1	0.0	0.306841966135
-4.3128	103.9502	-394.524529	-1	0.0	0.397270645117
-5.0423	103.6261	-393.118579	28	1.0	0.240401289614
3.3108	101.3499	-392.766678	32	1.0	0.0
-1.2669	109.9057	-392.740854	37	0.820393427901	0.179606572099
3.3171	101.4501	-392.67907	32	1.0	0.0
3.3094	101.3362	-392.619512	32	1.0	0.0
-1.4243	109.5843	-390.99002	18	1.0	0.0
-1.2544	109.9664	-390.989776	37	1.0	0.147874559005
-1.8632	110.2193	-387.733584	12	1.0	0.0148197675185
-1.2688	110.0443	-387.392373	37	0.467639442905	0.532360557095
3.1345	101.6922	-384.397669	-1	0.0	0.0448644755338
-5.0297	103.6104	-384.055054	28	1.0	0.319262112043
-0.1439	101.7443	-382.166855	20	0.766263027594	0.233736972406
-5.0482	103.5106	-381.974131	28	1.0	0.214019601092
4.0447	101.101	-381.679932	32	1.0	0.427734012743
-0.0436	101.707	-381.05126	20	0.527452941589	0.472547058411
-0.0146	101.8422	-381.049419	20	0.388927663647	0.611072336353
-6.4649	98.4958	-380.163567	4	1.0	0.0
-6.417	98.5273	-380.102387	4	1.0	0.0
-1.5565	110.146	-379.730833	-1	0.0	0.147188973961
0.6076	100.7935	-378.315873	24	0.436411176185	0.563588823815
3.6677	101.2887	-376.396415	32	1.0	0.0
-1.6263	111.3894	-376.363679	6	0.679984274708	0.320015725292
-1.603	111.3701	-376.167418	6	1.0	0.0
-5.0801	103.6193	-376.083358	28	1.0	0.0114371028552
-2.5893	103.327	-374.595145	17	0.105159207885	0.894840792115
3.7574	97.9289	-374.469342	40	0.552832352845	0.447167647155
3.7858	98.0564	-373.902354	40	1.0	0.131472257458
3.7785	98.0675	-373.591761	40	1.0	0.0425186429731
4.4689	97.5205	-372.747979	26	0.744293758294	0.255706241706
-3.4812	101.9222	-371.103881	16	1.0	0.181509782716
0.9578	97.2795	-368.491417	-1	0.0	0.234548927437
0.9224	97.3814	-368.352358	-1	0.0	0.174540630813
-2.5315	103.2516	-368.283773	17	0.145050597824	0.854949402176
-0.0412	108.9222	-367.058461	10	0.786344859821	0.213655140179
-0.0226	108.9765	-366.997102	10	0.718768644827	0.281231355173
-0.0163	109.1816	-366.997024	9	0.765850796148	0.234149203852
-1.4779	101.9752	-366.232277	-1	0.0	0.196134223709
-5.2315	100.1537	-365.828104	-1	0.0	0.49256941871
-2.3873	109.6793	-362.78194	1	0.7289073736	0.2710926264
-2.3424	109.6916	-362.746986	1	1.0	0.138626483031
-2.3664	109.6599	-362.700994	1	0.693299554025	0.306700445975
-5.2586	103.2155	-356.80548	28	0.245996853173	0.754003146827
-5.1122	103.5986	-356.805345	28	1.0	0.245135010484
0.0297	109.2256	-354.992209	9	0.735882602285	0.264117397715
1.37	98.7777	-354.584177	7	1.0	0.0
1.3581	98.6083	-354.526281	7	1.0	0.0
-3.4958	101.9876	-353.893441	16	1.0	0.0
0.9408	100.7992	-353.811745	24	1.0	0.121182874638
-3.4549	101.9446	-353.759487	16	1.0	0.228630799549
-2.5327	100.8863	-351.676155	-1	0.0	0.0217621873591
3.6534	98.0279	-351.035358	40	1.0	0.0963013202877
3.7644	97.9593	-350.977246	40	0.695246671777	0.304753328223
3.7161	98.2573	-350.851329	39	0.657214591787	0.342785408213
-1.0773	110.2395	-349.838213	35	1.0	0.0
-5.0755	105.7466	-348.346128	15	0.472707643607	0.527292356393
1.192	111.0109	-348.222555	0	0.637879993478	0.362120006522
3.6874	98.075	-347.191891	40	1.0	0.0
-5.1378	103.4888	-343.822224	28	1.0	0.211647905887
4.3271	97.639	-343.015514	27	0.810631965179	0.189368034821
-1.839	110.2005	-341.516006	12	1.0	0.0
-1.0873	110.2253	-340.312085	35	1.0	0.0
-1.7529	110.3871	-339.427704	12	0.328004945989	0.671995054011
4.7006	100.6862	-337.793512	34	0.171643456707	0.828356543293
3.8189	101.3283	-335.507047	32	1.0	0.48437724545
-0.7085	109.0819	-334.167158	2	0.435273467736	0.564726532264
-1.3121	109.8664	-334.134983	37	0.423956995725	0.576043004275
0.2764	110.9284	-334.13396	0	0.184371827198	0.815628172802
1.3259	100.5739	-334.022116	25	0.837334876742	0.162665123258
1.3761	100.4892	-333.927651	25	0.239674203031	0.760325796969
-1.6197	111.3767	-333.327846	6	0.862364491376	0.137635508624
-4.3055	104.1181	-332.993863	31	0.767188603193	0.232811396807
-1.2955	110.0647	-332.756157	37	0.433225539565	0.566774460435
3.7127	101.1559	-332.510175	32	0.705245182464	0.294754817536
3.5102	101.2379	-332.510144	32	1.0	0.0384385753221
3.6849	98.0479	-330.975805	40	1.0	0.232236603701
3.7419	98.2009	-330.877214	40	0.579335181971	0.420664818029
3.2941	101.3422	-326.943633	32	1.0	0.0
-5.0862	103.5712	-326.85356	28	1.0	0.0
3.2431	101.1751	-326.745028	32	0.544412004574	0.455587995426
3.2903	101.2892	-326.744981	32	1.0	0.0412884189834
3.2949	101.5771	-326.744937	32	0.461238273232	0.538761726768
4.9441	100.8183	-324.623015	34	0.5695344117	0.4304655883
-5.1262	103.5425	-321.802183	28	1.0	0.0
-5.1205	103.5936	-320.749698	28	1.0	0.0267909073482
-1.3111	109.9447	-319.009923	37	1.0	0.0
-1.3368	109.8351	-318.753409	37	0.338847621147	0.661152378853
1.3611	98.5667	-315.945718	7	1.0	0.0
1.3651	98.5301	-315.877326	7	1.0	0.0
-1.5785	111.3434	-315.811784	6	0.740205918423	0.259794081577
1.2721	98.812	-315.647551	7	0.993185819742	0.00681418025753
-1.6114	111.1565	-315.630247	-1	0.0	0.0231776608306
-4.4774	106.2798	-312.068026	14	0.97399172703	0.0260082729697
-1.9949	109.89	-311.884192	1	0.0935863101515	0.906413689849
-1.8082	110.2256	-311.883988	12	1.0	0.0271827909634
-2.8535	104.4595	-310.681993	22	1.0	0.0
-1.0458	101.7075	-310.555266	21	1.0	0.0
-1.0404	101.8444	-310.555218	21	0.305320302129	0.694679697871
6.5014	100.9637	-309.965208	23	0.804611435249	0.195388564751
4.9166	100.718	-309.413972	34	0.567262072862	0.432737927138
4.959	100.7465	-309.268976	34	1.0	0.0
4.9902	100.7914	-309.20786	34	0.629242452823	0.370757547177
3.7175	98.0484	-308.999	40	1.0	0.0841954767292
4.4233	98.5865	-308.998641	-1	0.0	0.249263022226
4.5231	97.5	-304.556287	26	1.0	0.0
4.487	97.4725	-304.436459	26	1.0	0.0
4.5107	97.5959	-304.353269	26	0.389077875788	0.610922124212
-5.129	103.5438	-303.661027	28	1.0	0.0
3.5703	101.2815	-302.007309	32	1.0	0.0631592364818
3.4749	101.3122	-301.774588	32	1.0	0.164666547052
3.407	101.5568	-301.774513	32	0.490255847892	0.509744152108
0.1086	99.3759	-300.751899	8	0.540466107721	0.459533892279
-5.8916	99.7034	-300.05149	-1	0.0	0.49256941871
-3.479	102.0053	-297.621293	16	1.0	0.0
-3.5562	101.9741	-297.621237	16	0.688984298359	0.311015701641
-3.5135	101.9235	-297.509478	16	1.0	0.255320936772
4.0245	101.0394	-295.787169	32	1.0	0.386818405224
3.9633	101.2366	-295.638122	32	1.0	0.495533539169
3.9081	100.7333	-295.587474	-1	0.0	0.0487490385595
4.0252	101.1298	-295.415611	32	1.0	0.00619552290258
0.9419	100.7605	-292.696492	24	1.0	0.420024078905
3.2675	101.442	-292.357083	32	1.0	0.0
-5.1119	103.5431	-291.196025	28	1.0	0.0481898850388
-5.1096	103.5415	-286.683027	28	1.0	0.178756522405
-1.0608	110.2278	-285.396366	35	1.0	0.0
-1.2733	109.9644	-284.4252	37	1.0	0.0
-5.0736	103.5687	-283.92329	28	1.0	0.0
-5.0766	105.8464	-283.183128	15	1.0	0.0
0.1997	101.8102	-282.261668	20	0.294797010775	0.705202989225
-5.0778	103.5319	-278.304323	28	1.0	0.0972648055014
-1.2753	109.9457	-278.150309	37	0.996815127555	0.00318487244507
3.747	98.1429	-277.540519	40	1.0	0.0
3.7568	98.0376	-277.507521	40	1.0	0.0833972772884
-1.5872	111.2877	-275.505775	-1	0.0	0.0500997231653
0.9773	100.7985	-274.811235	24	1.0	0.271351373127
-3.496	101.9882	-274.469734	16	1.0	0.000830746666969
1.36	98.6192	-273.987783	7	1.0	0.0
-0.1862	108.7124	-273.319253	-1	0.0	0.205501401301
-0.094	108.8736	-273.319185	10	0.297256040891	0.702743959109
-0.1248	108.8378	-273.248642	10	0.25118930008	0.74881069992
-5.0987	103.5552	-266.410367	28	1.0	0.0
-5.0997	103.5531	-263.963566	28	1.0	0.0
-5.0905	103.5316	-263.890179	28	1.0	0.0626858501652
-0.0406	101.755	-262.322259	20	0.466488231813	0.533511768187
0.0736	102.0671	-261.808019	20	0.143841695617	0.856158304383
3.0851	101.4554	-260.109945	32	0.509920239078	0.490079760922
3.2616	101.3625	-260.109844	32	1.0	0.303078330146
-3.5255	102.0266	-259.966221	16	0.553038165998	0.446961834002
4.4599	102.012	-259.839539	29	1.0	0.0
-2.4608	102.6607	-259.830698	17	0.153934360001	0.846065639999
-3.5098	101.9581	-259.780593	16	1.0	0.403466065926
0.9109	111.0407	-258.182905	0	0.593189863138	0.406810136862
9.5112	104.8337	-255.959613	-1	0.0	0.0570423980497
0.0203	99.399	-253.935067	8	0.84359847303	0.15640152697
3.6879	98.0084	-252.274658	40	1.0	0.149833971991
3.706	97.9967	-252.145095	40	1.0	0.0778355305426
-5.0597	103.5002	-251.743615	28	1.0	0.0396098029761
-4.995	103.7454	-251.743545	28	0.358342072226	0.641657927774
-4.8052	103.6985	-251.743509	28	0.194369194152	0.805630805848
-5.1183	103.5431	-251.517615	28	1.0	0.0430281816095
-4.9756	103.8068	-251.517575	28	0.192987172531	0.807012827469
-0.192	108.9376	-249.655148	10	0.163936394533	0.836063605467
-0.0449	109.2681	-249.654936	9	0.84879431556	0.15120568444
-0.0783	108.9657	-249.303423	10	0.531582714773	0.468417285227
-1.2871	109.9131	-247.556829	37	0.910487946486	0.0895120535145
-2.263	110.2281	-245.18852	-1	0.0	0.336686265108
-1.5768	111.208	-244.501244	5	0.671104671154	0.328895328846
-5.0513	103.668	-243.256112	28	1.0	0.363823819576
-1.0163	110.19	-242.371658	-1	0.0	0.139907880015
-3.1025	104.0916	-241.102774	22	0.115475735068	0.884524264932
-1.2974	109.9443	-241.004766	37	1.0	0.0
-1.2805	109.9685	-240.884234	37	1.0	0.218707425855
-1.2924	109.9591	-240.811258	37	1.0	0.0
-4.4708	106.314	-240.441025	14	1.0	0.0
-5.0889	103.5442	-239.113131	28	1.0	3.19854556997e-05
-1.2965	109.9904	-236.107048	37	1.0	0.0
5.9209	101.6415	-235.998588	-1	0.0	0.278632462989
3.6177	98.1001	-235.936607	40	0.463110018906	0.536889981094
4.93	100.909	-235.930333	34	0.245817760735	0.754182239265
4.3389	97.6662	-235.144086	27	1.0	0.0
4.3807	97.7693	-235.108023	27	0.322786917213	0.677213082787
4.3558	97.718	-235.012238	27	0.477941419692	0.522058580308
4.3272	97.7359	-234.935741	27	0.33459652218	0.66540347782
3.5411	101.3915	-234.305778	32	0.91382876145	0.0861712385504
-3.5304	101.8751	-234.010011	16	0.46459028665	0.53540971335
-3.5143	101.9372	-234.009982	16	1.0	0.056780384093
3.541	101.3697	-233.540364	32	1.0	0.186130453336
-0.0146	108.9105	-232.866455	10	0.661735833642	0.338264166358
-1.3112	109.9397	-230.764874	37	1.0	0.0
-5.1361	103.6667	-230.437941	28	0.825293635549	0.174706364451
-5.1098	103.65	-230.364457	28	1.0	0.0782499120932
-5.0581	103.5768	-229.228019	28	1.0	0.0988092704153
-0.0133	108.9712	-229.165209	10	0.607816541854	0.392183458146
-0.0185	108.9192	-229.122611	10	0.998475011127	0.00152498887305
-0.0192	108.8611	-229.065312	10	0.338713342421	0.661286657579
0.0149	108.9421	-228.978245	10	0.497197800319	0.502802199681
4.007	101.1963	-228.008204	32	1.0	0.390192130157
1.2626	100.3095	-226.196331	-1	0.0	0.471616123744
1.2675	100.4937	-226.196289	25	0.280923893788	0.719076106212
-1.31	110.0394	-225.07087	37	0.469477685381	0.530522314619
3.7586	98.0779	-224.354758	40	1.0	0.114651149482
3.7038	98.0601	-224.202689	40	1.0	0.120727480699
3.7979	98.2422	-224.202675	-1	0.0	0.130701827373
4.3851	98.5659	-223.906065	-1	0.0	0.191303995664
-6.4646	99.0048	-222.951592	3	1.0	0.0
3.2319	101.367	-221.899013	32	1.0	0.0181638915003
3.284	101.4217	-221.452489	32	1.0	0.0
-5.0333	103.6292	-220.447764	28	1.0	0.372018104077
3.8359	101.4071	-220.433884	32	1.0	0.375322492267
-5.0903	103.5284	-220.001101	28	1.0	0.149906368215
-0.0488	108.9299	-218.697759	10	0.845403620067	0.154596379933
3.2299	101.5932	-216.34864	32	0.475916661207	0.524083338793
3.3971	101.8034	-216.348503	-1	0.0	0.290952607735
4.4476	97.4612	-216.282376	26	0.554839098531	0.445160901469
4.6005	97.747	-216.282336	-1	0.0	0.431653373756
-0.0269	108.9262	-216.151974	10	1.0	0.0
-3.5006	101.9649	-215.543434	16	1.0	0.470458216311
-5.073	103.6461	-215.175046	28	1.0	0.222565280178
0.7996	100.6728	-214.603591	24	0.683238358166	0.316761641834
0.8636	100.855	-214.603565	24	0.84354995235	0.15645004765
1.4722	111.4121	-214.282992	0	0.4006853964	0.5993146036
-5.1534	103.6181	-212.968585	28	1.0	0.330357191319
-0.1749	109.173	-212.822975	9	1.0	0.0
-0.1349	109.1745	-212.219199	9	1.0	0.0
-0.1533	101.751	-211.076198	20	0.894720011775	0.105279988225
-5.0408	105.8298	-209.48365	15	1.0	0.0
-1.6702	111.2411	-207.44633	5	1.0	0.0
-1.5858	111.401	-207.446252	6	0.68013800768	0.31986199232
3.6881	97.9532	-202.672968	40	0.865404128099	0.134595871901
3.549	98.1305	-202.641969	-1	0.0	0.282147132425
3.6903	98.139	-202.575085	40	0.827004689937	0.172995310063
4.62	98.8365	-201.780234	-1	0.0	0.54187097581
-2.3499	109.6453	-201.56382	1	0.420473556317	0.579526443683
-2.3387	109.7113	-201.49167	1	1.0	0.0
3.6614	97.804	-201.374038	-1	0.0	0.384008418229
-2.3995	109.7606	-201.242432	1	0.465254473794	0.534745526206
-5.1061	103.6944	-196.789138	28	0.699120594842	0.300879405158
5.2607	101.0788	-196.442655	33	1.0	0.0
-5.1075	103.5351	-196.319169	28	1.0	0.0
1.3933	100.9857	-194.752009	-1	0.0	0.392504682833
-5.0239	103.5215	-192.299825	28	0.986121719078	0.013878280922
-5.0874	103.6193	-192.299763	28	1.0	0.0238287926147
-5.0912	103.5721	-192.193042	28	1.0	0.0104138047853
-1.303	109.9408	-189.776503	37	1.0	0.0
-1.2753	109.9928	-189.652538	37	1.0	0.0
-4.3169	104.0817	-188.345106	31	0.97874160325	0.0212583967503
4.3438	97.7265	-187.966248	27	0.410374634537	0.589625365463
4.4891	98.0091	-187.966192	-1	0.0	0.743553910207
-5.1295	103.4957	-185.942139	28	1.0	0.0
-1.0366	110.2192	-185.211457	35	1.0	0.0
3.9929	101.1251	-184.596464	32	1.0	0.0
3.9967	101.1082	-184.551871	32	1.0	0.0566694584292
4.0347	101.0376	-183.575944	32	1.0	0.471165116571
1.0078	111.2979	-182.516835	0	0.954240678228	0.0457593217717
3.8591	101.5185	-182.317218	32	1.0	0.0
-1.2915	109.9055	-180.997409	37	0.888038152363	0.111961847637
-1.0352	101.6832	-180.802557	21	1.0	0.0
-4.606	106.0451	-179.980467	14	0.513809173364	0.486190826636
7.1203	100.1882	-179.185554	-1	0.0	0.196383062255
9.4188	101.5448	-179.183857	-1	0.0	0.0863018673583
-2.7969	104.4176	-177.514539	22	0.728256285274	0.271743714726
-1.5672	111.3601	-176.164535	6	0.893559794804	0.106440205196
-1.588	111.3081	-176.015009	6	0.310212884465	0.689787115535
-1.0774	110.192	-173.372715	35	0.985697593664	0.0143024063361
-1.2959	109.9406	-171.600496	37	1.0	0.111568705854
-1.2608	109.975	-171.286575	37	0.980204337612	0.0197956623877
-5.0445	103.5081	-170.325711	28	1.0	0.240383550212
-2.372	109.747	-168.172054	1	0.745301720991	0.254698279009
-2.3549	109.704	-168.105059	1	1.0	0.061235130491
-2.3667	109.7176	-167.941861	1	1.0	0.204573141765
1.4645	100.2293	-166.969824	-1	0.0	0.565443376543
-5.081	103.5929	-166.211646	28	1.0	0.293222011008
4.0257	101.0564	-165.759602	32	1.0	0.278658229889
3.6224	97.8794	-163.094477	-1	0.0	0.119563632163
-5.241	103.2052	-162.105777	28	0.236335722999	0.763664277001
-5.0392	103.5807	-162.105677	28	1.0	0.214198206691
-5.0558	103.5576	-161.948944	28	1.0	0.0231110709065
-0.0472	109.0727	-161.914154	9	0.579993550028	0.420006449972
-5.076	103.5794	-161.781006	28	1.0	0.0
-5.1152	103.5629	-159.226702	28	1.0	0.0
3.4102	98.137	-158.290559	-1	0.0	0.408083626508
3.6737	98.0121	-158.290395	40	1.0	0.0589702377249
3.7096	98.1349	-157.996884	40	1.0	0.0
3.6257	98.0049	-157.919431	40	0.698113877605	0.301886122395
3.6974	97.9813	-157.404843	40	1.0	0.0
-1.2858	109.9526	-157.083686	37	1.0	0.369325190232
4.4883	97.4963	-156.80906	26	0.990090958743	0.00990904125711
4.4917	97.7624	-156.762417	-1	0.0	0.202451797995
-5.1034	103.5505	-152.775113	28	1.0	0.0
3.5355	101.3343	-147.141251	32	1.0	0.0313630979611
3.5911	101.5123	-146.643873	32	0.461384203235	0.538615796765
-5.1265	103.5421	-145.631755	28	1.0	0.0
4.3618	97.653	-144.32849	27	1.0	0.0
-5.1503	100.1564	-143.833372	-1	0.0	0.49256941871
-0.078	109.1888	-143.237352	9	0.995266404333	0.00473359566662
3.7801	101.2948	-141.961301	32	1.0	0.102295457523
-4.4833	106.3776	-140.506246	14	0.541763301348	0.458236698652
3.1396	101.3171	-139.956827	32	0.769134969638	0.230865030362
-3.3216	104.9706	-139.921704	-1	0.0	0.0810318014522
3.7803	98.0632	-139.470119	40	1.0	0.0529417284321
-5.0662	103.4608	-139.453694	28	1.0	0.320377368686
-3.2416	104.0926	-139.31855	22	0.109380955647	0.890619044353
3.6561	98.03	-138.885168	40	1.0	0.0560237891991
0.8131	100.8414	-138.758326	24	1.0	0.0
-2.7829	109.9344	-136.842712	-1	0.0	0.189721061396
-2.9376	104.4577	-133.571969	22	1.0	0.0
-5.1663	103.4229	-133.352545	28	1.0	0.433429428699
-5.0732	103.5562	-133.352517	28	1.0	0.201599684164
3.9697	101.0578	-133.14729	32	1.0	0.278658229889
-6.5607	98.321	-132.008786	4	0.278393592579	0.721606407421
-6.4855	98.5385	-132.008762	4	1.0	0.0
-3.4523	101.9348	-130.357697	16	1.0	0.072881602193
-3.5175	101.9349	-130.142292	16	1.0	0.0
-3.4826	101.9557	-130.051112	16	1.0	0.319744007926
-2.5147	109.3847	-128.182289	-1	0.0	0.259345739369
-2.3618	109.7034	-128.182095	1	1.0	0.253955650392
-2.3725	109.7108	-128.100696	1	0.901204832995	0.0987951670052
-2.3921	109.6762	-127.775112	1	0.646988058583	0.353011941417
1.1685	110.9613	-127.446426	0	0.506341624279	0.493658375721
-1.0072	101.6647	-126.25664	21	1.0	0.0
-0.1591	108.7944	-125.042198	10	0.25118930008	0.74881069992
-0.2875	108.8475	-125.022374	-1	0.0	0.00672431212771
-0.1611	108.8158	-124.967844	10	0.217769130577	0.782230869423
-1.6353	111.4213	-124.56095	6	0.48902282983	0.51097717017
-1.3092	109.9148	-124.145389	37	1.0	0.117713311211
6.4914	100.6158	-123.316228	23	1.0	0.136381748646
6.4906	100.9338	-123.013466	23	0.922643794255	0.0773562057447
-1.7141	111.1644	-122.669599	5	0.578215617764	0.421784382236
-1.5662	111.3577	-122.669496	6	1.0	0.0
3.7278	98.1006	-122.129143	40	1.0	0.0723257129848
3.6927	98.123	-121.536693	40	1.0	0.0
-5.1027	103.528	-120.701293	28	1.0	0.146015745976
-5.0959	103.5228	-120.555732	28	1.0	0.0
-0.0673	109.2772	-116.620519	9	0.677771392764	0.322228607236
-3.5742	101.9492	-116.452402	16	0.68211202919	0.31788797081
-1.5531	111.3987	-116.292491	6	0.780177401314	0.219822598686
-3.4602	102.0015	-115.967281	16	1.0	0.0
-5.1035	103.6347	-114.816553	28	1.0	0.0
-1.2543	109.903	-114.419986	37	0.566827372303	0.433172627697
-5.1471	105.5616	-113.156602	15	0.213230139595	0.786769860405
-5.0482	105.7381	-113.156546	15	0.437820138329	0.562179861671
-5.0484	105.7109	-113.105176	15	0.33776594358	0.66223405642
4.9066	100.8208	-112.814857	34	0.506146068327	0.493853931673
3.6758	97.9208	-111.464318	40	0.610888865917	0.389111134083
3.6906	98.0808	-111.46427	40	1.0	0.0
3.6903	97.9803	-111.402245	40	1.0	0.0
3.7199	98.1363	-111.356799	40	1.0	0.0
3.7121	98.0555	-111.108284	40	1.0	0.0
-1.6263	111.4072	-108.151953	6	0.5168023599	0.4831976401
-5.0967	103.5561	-107.669342	28	1.0	0.0
-5.0911	103.6242	-107.548593	28	1.0	0.0114371028552
-4.0881	104.2187	-106.067081	30	1.0	0.0
-2.1395	102.8453	-105.6164	17	0.13846022876	0.86153977124
-2.1518	103.0935	-105.616335	17	0.148999487527	0.851000512473
-5.0938	103.5573	-105.217726	28	1.0	0.0
0.7159	100.807	-104.206827	24	0.855232059605	0.144767940395
-0.0257	108.9471	-102.76076	10	1.0	0.0
3.7197	98.1885	-101.859582	40	0.523613261433	0.476386738567
-2.3407	109.7165	-101.701789	1	1.0	0.0
-2.3183	109.7341	-101.64467	1	0.899676174105	0.100323825895
-2.333	109.7563	-101.341527	1	1.0	0.0
8.2699	99.8471	-96.61223	13	1.0	0.0
8.2112	99.913	-96.612212	13	1.0	0.0
3.794	101.3084	-96.253449	32	1.0	0.0
3.8344	101.5694	-96.253411	32	1.0	0.0
-1.2792	110.0479	-95.040667	37	0.469477685381	0.530522314619
4.3919	97.019	-94.319401	-1	0.0	0.360366125037
3.7197	98.295	-94.319312	39	1.0	0.0
1.2972	100.5516	-92.861756	25	1.0	0.0
1.3098	100.5691	-92.799801	25	1.0	0.0
-2.8853	104.4095	-90.648502	22	0.702022753263	0.297977246737
-1.4381	109.8252	-90.020603	38	1.0	0.0
0.9668	100.7615	-87.843871	24	1.0	0.441117656963
1.017	100.871	-87.675131	24	0.539945654598	0.460054345402
0.9682	100.7828	-87.597273	24	1.0	0.0
-0.9147	108.8708	-87.192149	2	0.524492205107	0.475507794893
-5.1292	103.541	-84.991405	28	1.0	0.0
-5.2279	103.223	-84.85695	28	0.288934921607	0.711065078393
-5.077	103.5302	-84.856847	28	1.0	0.0626858501652
-5.0914	103.5238	-83.757874	28	1.0	0.0
-1.3016	109.9716	-82.636854	37	1.0	0.175321053514
-1.2626	109.8709	-82.559853	37	0.453141655533	0.546858344467
-1.2758	109.886	-82.284998	37	0.542392051371	0.457607948629
-1.307	109.8476	-82.174498	37	0.354243558949	0.645756441051
-5.1129	103.5595	-82.053106	28	1.0	0.0
-5.0885	103.579	-79.43442	28	1.0	0.0191893829555
0.019	99.4378	-79.327432	8	1.0	0.0
0.0339	99.4954	-78.776327	8	1.0	0.0
-4.2627	104.0782	-76.569544	31	1.0	0.0
-4.3001	104.0472	-76.364606	31	0.97874160325	0.0212583967503
4.4026	100.8813	-73.265421	32	0.318053448903	0.681946551097
4.2219	100.9988	-73.172158	32	0.489613772885	0.510386227115
4.2866	100.9275	-73.172025	-1	0.0	0.0315672984804
3.5848	97.9675	-72.114662	40	0.410929323297	0.589070676703
3.6311	98.047	-72.003057	40	0.791989476726	0.208010523274
-6.3775	98.8824	-70.915507	3	1.0	0.0
3.6877	101.3077	-70.649924	32	1.0	0.0
3.8661	101.439	-70.612182	32	1.0	0.0493989138467
3.6769	101.3381	-70.297811	32	1.0	0.0332559114359
-6.5508	98.9515	-69.897667	3	1.0	0.0
3.8429	101.1601	-65.678114	32	1.0	0.00657119558388
3.8351	101.262	-65.631384	32	1.0	0.100695303246
3.8085	101.313	-65.468683	32	1.0	0.0
-2.4148	109.7783	-62.471642	1	0.37299387545	0.62700612455
-2.3413	109.75	-62.404324	1	1.0	0.0
4.0095	101.0678	-62.19233	32	1.0	0.30995164597
4.125	101.077	-62.192225	32	0.872627721164	0.127372278836
3.9241	101.0015	-62.141979	32	1.0	0.522386299708
4.0247	101.2361	-62.059892	32	1.0	0.502843622653
-5.1692	103.3941	-61.88602	28	1.0	0.0
-5.1225	103.5445	-61.885967	28	1.0	0.0
3.7125	97.9821	-58.877005	40	1.0	0.0
3.7238	98.0627	-58.709595	40	1.0	0.0
-5.1009	103.5524	-58.518735	28	1.0	0.0
-1.1384	110.3159	-58.137949	-1	0.0	0.439823054439
-5.1684	103.3983	-55.858187	28	1.0	0.0
-5.1127	103.5557	-55.858128	28	1.0	0.0
-5.1087	103.5603	-55.454102	28	1.0	0.0
3.6504	97.987	-53.478399	40	1.0	0.0150515111609
3.8227	98.3412	-53.478342	-1	0.0	0.336621942296
-5.1572	103.4801	-48.625845	28	1.0	0.0230652633336
4.3664	97.6697	-47.74902	27	1.0	0.0
4.4022	97.697	-47.700446	27	0.460557439235	0.539442560765
-5.1574	103.4682	-46.937977	28	1.0	0.136595567075
-5.0973	103.6463	-46.937936	28	1.0	0.0
3.7634	101.2942	-46.157182	32	1.0	0.298344155794
-5.0511	103.5691	-45.407132	28	1.0	0.00407179811299
-5.0501	103.5527	-45.341527	28	1.0	0.0800512646355
-5.0584	103.5642	-45.307857	28	1.0	0.0231110709065
-5.0674	103.5674	-45.254582	28	1.0	0.0231110709065
-1.3167	109.9689	-45.147112	37	0.99325158905	0.00674841094984
-5.0699	103.5862	-44.852352	28	1.0	0.0323111265721
-4.2931	104.0802	-44.609957	31	1.0	0.0
3.739	101.3993	-44.005216	32	1.0	0.466047609317
-4.4718	106.1914	-38.516136	14	1.0	0.0
-5.7071	104.5389	-37.569318	19	1.0	0.0
-0.1905	101.8122	-36.835412	20	1.0	0.0
-0.1676	101.8787	-36.814568	20	0.388927663647	0.611072336353
-0.1636	101.8018	-36.800675	20	1.0	0.0
-0.0547	102.0631	-36.773296	20	0.139675236292	0.860324763708
0.1416	101.6979	-35.224659	20	0.475831066176	0.524168933824
0.0693	101.6474	-35.127246	20	0.401584508514	0.598415491486
-5.0298	103.6815	-33.682653	28	1.0	0.440145134581
-4.9639	103.7932	-33.603288	28	0.213806753725	0.786193246275
3.6917	98.0266	-30.28523	40	1.0	0.149833971991
-5.2562	100.2641	-27.743252	-1	0.0	0.537181239089
-5.0985	103.6265	-27.389457	28	1.0	0.0114371028552
3.7246	98.1514	-27.342119	40	0.827004689937	0.172995310063
-5.1136	103.4536	-27.334124	28	1.0	0.0
2.0522	100.2559	-26.705112	-1	0.0	0.720501575915
3.7506	98.0206	-23.531031	40	1.0	0.0
3.7816	97.9706	-23.427535	40	0.84708766785	0.15291233215
3.7398	98.03	-23.427511	40	1.0	0.0
-5.1194	103.5231	-22.795077	28	1.0	0.0352296064687
6.5042	100.5493	-22.065963	23	0.763057036864	0.236942963136
6.4737	100.8642	-22.065924	23	1.0	0.0
6.5058	100.556	-21.971055	23	0.846331466636	0.153668533364
6.4976	100.6719	-21.460873	23	1.0	0.0
6.264	100.6834	-21.460859	23	0.652256814519	0.347743185481
-4.3609	103.9844	-21.083745	-1	0.0	0.217282132136
-4.2641	104.1373	-21.083712	31	0.588055215835	0.411944784165
-2.277	109.608	-20.755751	1	0.222718220341	0.777281779659
-2.3413	109.7143	-20.274804	1	1.0	0.0
4.0056	101.1532	-19.251875	32	1.0	0.0134861846679
3.9937	101.1188	-19.207829	32	1.0	0.114953021246
4.9065	100.8303	-18.274686	34	0.494283538224	0.505716461776
-5.0976	103.559	-17.372089	28	1.0	0.0
-5.0782	103.5749	-17.269151	28	1.0	0.0
3.687	97.9088	-16.763441	40	0.533435114317	0.466564885683
3.7475	98.0752	-16.528621	40	1.0	0.114651149482
-0.0386	108.8706	-16.480099	10	0.420712354578	0.579287645422
3.7435	98.1268	-16.244966	40	1.0	0.0
-1.2742	109.9955	-16.059791	37	1.0	0.116142563331
-1.4557	109.5438	-15.816724	18	1.0	0.0
-1.2878	110.0178	-15.816452	37	0.489052587577	0.510947412423
-1.1433	110.1369	-15.579212	36	1.0	0.0
0.9396	100.74	-14.168783	24	1.0	0.531841559988
1.2388	100.7687	-14.168693	24	0.275019214554	0.724980785446
0.9542	100.6906	-14.058242	24	0.809828087301	0.190171912699
-1.826	110.181	-10.954876	12	1.0	0.212243109987
5.4039	98.1978	-10.58377	-1	0.0	0.533710073418
-5.2704	103.69	-10.47617	28	0.31307821446	0.68692178554
4.5149	97.4821	-10.401054	26	1.0	0.0
4.5684	97.5557	-10.315838	26	0.644980670855	0.355019329145
-5.158	103.4766	-9.906908	28	1.0	0.0200988684614
-5.0983	103.5893	-9.772798	28	1.0	0.220115093884
-1.2946	109.9932	-7.593271	37	1.0	0.0
-2.5829	103.2611	-5.095132	17	0.137261209126	0.862738790874
3.7778	98.297	-4.716859	39	0.696174785279	0.303825214721
3.6931	98.0398	-4.640516	40	1.0	0.0
-5.0927	103.5459	-3.775525	28	1.0	3.19854556997e-05
0.0591	99.3905	-3.342563	8	0.803860726649	0.196139273351
0.0108	99.2451	-3.29628	8	0.217500134775	0.782499865225
-5.1098	103.6263	-3.191212	28	1.0	0.0554935322595
-5.1541	103.5989	-3.191173	28	1.0	0.330357191319
-3.8658	103.7944	-3.171078	-1	0.0	0.0814506883772
-3.4988	101.9386	-1.196246	16	1.0	0.0
-3.4631	101.9826	-1.1189	16	1.0	0.0
2.2541	102.3258	-4.3e-05	11	1.0	0.0
2.3083	102.3005	0.335216	11	1.0	0.0
-0.0498	108.9675	7.987761	10	0.718768644827	0.281231355173
-2.3605	109.7508	10.275263	1	0.973001172264	0.0269988277363
-2.3043	109.6709	10.345198	1	0.625401755455	0.374598244545
-0.1438	109.163	12.299738	9	1.0	0.0
-0.0749	109.237	12.336884	9	0.995266404333	0.00473359566662
-1.598	111.0293	12.726366	-1	0.0	0.639092409314
-4.2301	104.0657	14.68631	31	1.0	0.0
3.6253	98.1516	14.866442	-1	0.0	0.0192811216544
3.9307	101.0229	15.926221	32	1.0	0.493240691704
3.9567	101.1052	16.233618	32	1.0	0.138928525804
4.0158	101.324	16.233641	32	0.592057604673	0.407942395327
4.7407	101.6233	16.344439	29	0.575546554915	0.424453445085
3.9854	101.1931	16.617183	32	1.0	0.195645199522
-6.5898	98.833	17.62395	3	0.853884940132	0.146115059868
3.7636	101.3813	17.673676	32	1.0	0.408443689384
-5.0736	103.3824	18.949399	28	0.473177728838	0.526822271162
-5.0885	103.5579	20.946162	28	1.0	0.0
-5.1676	103.409	21.23259	28	1.0	0.047117965549
-4.4962	106.2831	21.946292	14	0.940287410947	0.0597125890528
0.6917	100.7245	23.474777	24	0.594433054316	0.405566945684
3.7483	98.0254	24.789262	40	1.0	0.0
3.7212	98.0886	24.886771	40	1.0	0.0387387516071
3.7744	97.952	25.113214	40	0.60296201866	0.39703798134
-5.1449	103.6381	25.228369	28	1.0	0.393645009149
-0.1734	101.8344	27.229529	20	0.674505310558	0.325494689442
-0.1595	101.7044	27.294135	20	0.60364666839	0.39635333161
-1.1697	102.0776	33.913711	-1	0.0	0.337230986054
3.681	98.0401	34.957733	40	1.0	0.132812937077
3.6584	98.0149	35.147956	40	1.0	0.0963013202877
-4.0421	104.2028	36.285057	30	1.0	0.0
-5.1064	103.5162	36.734439	28	1.0	0.00195187339702
-5.0976	103.6416	36.975175	28	1.0	0.0
6.4774	100.8754	37.999063	23	1.0	0.0561138854565
6.412	100.7071	38.153444	23	1.0	0.152684228836
-1.8382	110.2287	38.339067	12	1.0	0.0
3.8082	101.4667	41.137072	32	1.0	0.0606032998779
-5.094	103.5201	43.576941	28	1.0	0.0
-5.1097	103.5353	43.67185	28	1.0	0.146015745976
-1.1137	110.1302	43.679162	36	0.906099101455	0.0939008985455
1.097	111.1163	43.865738	0	1.0	0.0
-6.5605	99.0738	43.908856	3	1.0	0.0
-6.3314	99.2147	43.912758	3	0.63783529988	0.36216470012
-2.3539	109.7325	44.024441	1	0.843443187909	0.156556812091
-1.8651	110.2384	44.295109	12	1.0	0.153230777255
-1.8278	110.2254	44.380913	12	1.0	0.0
-2.369	109.6804	44.402814	1	1.0	0.150697099443
-1.878	110.2401	44.561083	12	0.949507719272	0.050492280728
9.6971	104.7342	45.299033	-1	0.0	0.0282122480291
3.8279	101.6167	45.565794	32	0.989211559806	0.0107884401937
5.0865	102.1071	45.718702	-1	0.0	0.239131196517
4.5711	97.3629	45.777551	-1	0.0	0.461247429321
-1.1227	110.2699	50.875645	-1	0.0	0.0513054919416
0.9515	100.7602	52.087364	24	1.0	0.434401430467
0.9933	100.9553	52.087375	24	0.519580233538	0.480419766462
-1.596	111.3628	52.755621	6	1.0	0.0
3.6956	97.9731	52.821339	40	1.0	0.0
3.7343	98.0584	52.821361	40	1.0	0.15202053729
3.773	98.0411	52.939956	40	1.0	0.108187514118
3.75	98.1042	53.018379	40	0.957532438468	0.0424675615321
3.7145	98.0626	53.094679	40	1.0	0.0
5.015	100.7766	53.115518	34	0.543078149355	0.456921850645
3.7583	98.0643	53.167912	40	1.0	0.1421804156
4.985	100.758	53.276652	34	1.0	0.0
4.2883	97.6142	57.986009	27	0.371791599506	0.628208400494
4.3464	97.6392	58.026856	27	0.698692340482	0.301307659518
1.3205	100.65	59.264607	25	0.23195638019	0.76804361981
-5.1419	103.5194	59.932412	28	1.0	0.0219062100064
3.7413	98.0017	60.45601	40	1.0	0.124370358098
3.752	98.2178	60.514992	40	0.522720548647	0.477279451353
3.7041	97.9696	60.514995	40	1.0	0.0
3.8003	101.3091	61.087466	32	1.0	0.0
-1.098	109.018	61.361599	2	1.0	0.0
-4.488	106.2497	63.214559	14	1.0	0.0
-4.498	106.2094	63.298814	14	1.0	0.0
-2.3226	109.7166	65.032155	1	1.0	0.0448629812496
-0.0242	108.9363	65.373419	10	1.0	0.0
-0.0392	108.9555	65.411978	10	0.893551422948	0.106448577052
-0.0359	108.9411	65.439335	10	1.0	0.0
3.6982	98.0889	65.78904	40	1.0	0.253955918634
-2.0838	102.6369	66.672009	17	0.139195204908	0.860804795092
1.473	111.3084	67.252758	0	0.455478301182	0.544521698818
-5.1107	103.5567	67.401909	28	1.0	0.0
0.0351	99.5054	67.917403	8	0.808134663817	0.191865336183
0.0556	99.6698	67.953194	8	0.233043671483	0.766956328517
0.0479	99.4547	67.992411	8	1.0	0.0
3.6162	97.5709	70.573151	-1	0.0	0.826941687332
3.8048	97.8988	70.573213	-1	0.0	0.27500129386
6.3989	100.7076	70.700832	23	1.0	0.152684228836
4.0104	101.2295	70.874313	32	1.0	0.390192130157
3.9576	101.1721	70.919208	32	1.0	0.195645199522
3.9998	101.1415	70.967469	32	1.0	0.0
4.0259	101.1367	71.028249	32	1.0	0.0534181231113
3.9622	101.1006	71.112332	32	1.0	0.188605082821
-1.1283	110.1316	72.810292	36	1.0	0.0
-1.1574	109.9935	72.914258	-1	0.0	0.203264763051
-1.1517	110.1078	73.006257	36	0.607367553367	0.392632446633
-4.2733	104.0535	73.710323	31	1.0	0.0
3.6751	97.9903	76.275676	40	1.0	0.0
-2.3253	109.7815	76.375277	1	0.684440645126	0.315559354874
-2.3604	109.7875	76.40967	1	0.438230801698	0.561769198302
3.7	98.0583	76.442029	40	1.0	0.0684433748156
-2.2953	109.6044	76.675067	1	0.218726873397	0.781273126603
3.7092	98.0492	77.021181	40	1.0	0.0
-5.0766	103.6198	82.339538	28	1.0	0.0114371028552
-5.1325	103.5373	83.312	28	1.0	0.333919525715
-5.1217	103.498	83.385168	28	1.0	0.0
-1.4677	109.8562	83.893567	38	0.495606747739	0.504393252261
5.3273	101.1318	86.197164	33	1.0	0.0
-0.212	101.7092	87.099423	20	0.645445424894	0.354554575106
-0.1874	101.7572	87.156701	20	1.0	0.0
-5.1143	103.5813	87.827672	28	1.0	0.0224800782473
-5.1305	103.5533	88.776752	28	1.0	0.305418279835
-5.107	103.5518	88.832165	28	1.0	0.0
3.7643	97.8195	91.195038	-1	0.0	0.465951050971
3.7471	98.1106	91.195059	40	1.0	0.212922524363
3.7868	98.0926	92.137275	40	0.859600330979	0.140399669021
3.2347	101.4226	92.992216	32	1.0	0.0
-5.1368	103.5539	93.240927	28	1.0	0.176668821866
3.7556	97.9795	99.522028	40	0.805760459452	0.194239540548
3.7283	98.0107	99.671248	40	1.0	0.0871494033059
3.7434	98.0297	99.731786	40	1.0	0.0
3.7411	98.0189	100.026394	40	1.0	0.131301618674
-4.9382	103.8943	100.959958	28	0.114728786635	0.885271213365
-4.8015	104.2768	100.960083	-1	0.0	0.000846079927739
6.4792	100.6182	102.655998	23	1.0	0.198430607411
-2.878	104.4602	104.242479	22	1.0	0.0
-2.8784	104.4435	104.421672	22	1.0	0.0794736010711
-5.1603	103.4007	104.838656	28	1.0	0.0
-5.1169	103.5336	104.838704	28	1.0	0.0806356767939
1.5338	101.2097	107.208046	-1	0.0	0.661610848171
0.9949	100.7291	107.255917	24	0.929936185166	0.0700638148337
-1.1369	110.158	108.977971	36	0.70261983915	0.29738016085
-1.5401	111.2655	111.237918	5	0.5257471949	0.4742528051
3.8141	101.4061	111.632996	32	1.0	0.243910798909
-5.1264	103.548	114.897227	28	1.0	0.2606111656
-1.8614	110.2774	115.096108	12	1.0	0.0
-1.8279	110.2912	115.175601	12	1.0	0.0
0.0157	99.4479	115.266906	8	0.853893760329	0.146106239671
0.2635	101.5484	118.234806	20	0.181003206184	0.818996793816
-5.1172	103.4994	120.532347	28	1.0	0.0
-5.1195	103.498	120.608033	28	1.0	0.0
-5.0891	103.5186	120.711513	28	1.0	0.0
-2.4305	109.5726	122.22475	1	0.155045807648	0.844954192352
-5.0729	103.4743	124.943733	28	1.0	0.138543949994
3.8052	101.3131	126.152645	32	1.0	0.0
3.8432	101.3898	126.709573	32	1.0	0.243910798909
3.9047	101.2296	126.709639	32	1.0	0.190632199094
3.6918	98.0029	127.194043	40	1.0	0.0738254800133
-1.2922	109.6471	127.353033	18	0.522605435143	0.477394564857
4.5324	97.5235	128.128063	26	0.99381332701	0.00618667298951
-2.8167	104.3537	129.473386	22	0.418669490283	0.581330509717
-2.7975	104.3456	129.527949	22	0.474957749391	0.525042250609
-5.1632	103.404	130.200126	28	1.0	0.0
-5.0922	103.641	130.751397	28	1.0	0.0
3.402	101.3516	130.857481	32	1.0	0.157535100192
-5.0626	103.5302	136.49729	28	1.0	0.0070610618874
3.8856	101.0992	139.103803	32	1.0	0.220890332049
3.9228	101.1105	139.235286	32	1.0	0.0282527934781
-1.8348	110.2356	141.919292	12	1.0	0.0271827909634
4.3915	97.6166	142.172358	27	0.460645117651	0.539354882349
-5.6928	104.5726	143.694433	19	1.0	0.0
-2.3378	109.7566	148.17513	1	1.0	0.0
-2.3414	110.0291	148.233233	1	0.0901068027463	0.909893197254
3.7844	101.3579	149.335692	32	1.0	0.399273257401
4.493	101.862	149.336156	29	1.0	0.0
3.7796	101.423	149.503924	32	1.0	0.407307088942
3.791	101.603	149.626036	32	1.0	0.0123609576591
-5.0919	103.4427	149.938658	28	1.0	0.284367694436
-1.8749	110.2845	151.039615	12	0.862427964972	0.137572035028
-1.3108	109.9552	153.403605	37	1.0	0.140227462329
-1.3192	109.9411	153.482638	37	1.0	0.0
-1.2977	109.9803	153.617453	37	0.956608144508	0.0433918554921
4.9536	100.7467	153.648209	34	1.0	0.0
6.3894	101.0607	154.518139	23	0.508860393723	0.491139606277
-5.124	103.5306	154.848131	28	1.0	0.0175053852097
3.749	97.9833	157.890873	40	0.84708766785	0.15291233215
-4.1189	104.2761	158.342657	30	0.550534159728	0.449465840272
3.6943	98.0766	161.162954	40	1.0	0.0
3.8066	98.3412	161.163001	-1	0.0	0.259068171454
3.5237	98.1119	161.206192	-1	0.0	0.194451718654
3.733	98.0135	161.206283	40	1.0	0.108594835244
-4.9901	103.4272	164.609611	28	0.432335589345	0.567664410655
-5.0557	103.4953	164.739096	28	1.0	0.0803239869658
-5.0699	103.5489	164.841641	28	1.0	0.216089818038
-5.0343	103.545	165.372317	28	1.0	0.225000942309
0.8189	100.7539	166.886849	24	1.0	0.613306516381
0.8146	100.7432	166.948088	24	1.0	0.631048621141
0.8561	101.0146	167.007651	24	0.388892135059	0.611107864941
-0.168	101.7856	168.00119	20	1.0	0.0
-5.0527	103.5614	169.840538	28	1.0	0.0231110709065
-1.1266	110.1462	169.909673	36	1.0	0.0
-1.1929	110.0689	169.995303	-1	0.0	0.239974720842
-1.1812	110.0954	170.25833	-1	0.0	0.0081334325102
6.5464	100.7874	170.537865	23	1.0	0.429018876236
6.5166	100.683	170.639024	23	1.0	0.152684228836
6.4923	100.6605	170.73533	23	1.0	0.0
6.5357	100.8381	170.735394	23	1.0	0.429018876236
6.5984	100.9233	170.905053	23	0.597883330893	0.402116669107
-1.8408	110.2799	173.276185	12	1.0	0.0
-5.1479	103.5156	174.541308	28	1.0	0.0574798657335
9.5935	104.6408	174.727141	-1	0.0	0.53096160711
-0.0747	108.9785	178.466614	10	0.457934987357	0.542065012643
0.0403	99.4344	179.696813	8	1.0	0.0
-5.1379	103.4933	185.524695	28	1.0	0.103640476916
-5.1946	103.3547	185.585964	28	0.521384146658	0.478615853342
-5.125	103.5014	185.586011	28	1.0	0.0
3.7707	101.4178	186.824173	32	1.0	0.324640968334
-3.4783	101.9342	186.978293	16	1.0	0.0
-3.4518	101.9909	187.036092	16	1.0	0.0
-3.4983	101.9472	187.378353	16	1.0	0.0195287407571
-2.9865	104.759	187.822016	22	0.201352581654	0.798647418346
-1.3049	109.9435	190.000181	37	1.0	0.0
-2.3222	109.7658	192.431885	1	1.0	0.0
-5.0828	103.5196	192.463012	28	1.0	0.11562267413
-2.3361	109.708	192.502032	1	1.0	0.0
-2.3411	109.6888	192.545545	1	1.0	0.138626483031
-2.3494	109.7223	192.627843	1	1.0	0.0
3.7512	98.0506	192.648656	40	1.0	0.0400867150754
-2.2638	109.8949	192.724247	1	0.122715436048	0.877284563952
3.7549	98.0221	192.766259	40	1.0	0.0362203052519
3.917	101.095	194.695217	32	1.0	0.0
-1.4442	109.8301	195.463656	38	1.0	0.0
-4.0789	104.1595	198.516867	30	0.692635822049	0.307364177951
-4.0791	104.2648	198.583696	30	0.722195226701	0.277804773299
-4.1079	104.2511	198.783356	30	0.962065828258	0.0379341717417
-5.1233	103.5468	198.918583	28	1.0	0.0933027982463
-4.1433	104.1773	198.946131	30	0.625733468378	0.374266531622
-5.1392	103.5164	199.428092	28	1.0	0.118005384751
-1.4263	109.8371	202.723273	38	1.0	0.0
4.7179	100.6869	203.244449	34	0.185632099684	0.814367900316
3.8361	101.3435	203.724718	32	1.0	0.20785810982
-4.7684	105.7603	205.234026	15	0.259643039988	0.740356960012
-4.6396	106.1387	205.234213	14	0.728838510321	0.271161489679
-2.5915	103.6054	206.153172	17	0.0579919882543	0.942008011746
-5.1142	103.6028	208.244354	28	1.0	0.245135010484
-1.9781	109.9395	210.291771	1	0.0874607533765	0.912539246624
-1.8197	110.2523	210.291962	12	0.959086838996	0.0409131610044
-2.3129	109.7628	211.423615	1	1.0	0.0
3.5231	101.3529	212.993028	32	1.0	0.186130453336
-1.3059	109.9954	214.173336	37	1.0	0.0
-1.3108	109.9334	214.260835	37	1.0	0.352143970629
1.286	100.6119	214.490948	25	0.418688724825	0.581311275175
3.7713	101.3387	215.009927	32	1.0	0.384360357165
3.8064	101.3845	215.155081	32	1.0	0.243910798909
3.6908	97.6023	215.420753	-1	0.0	0.801042863437
-2.5473	102.9005	218.889747	17	0.373820278578	0.626179721422
2.2544	102.3285	219.29139	11	1.0	0.0
2.2555	102.3279	219.340823	11	1.0	0.0
2.9068	102.8101	219.345866	11	0.081245490114	0.918754509886
-1.4143	109.8312	220.842031	38	1.0	0.0
6.4845	100.8027	222.646348	23	0.834735464078	0.165264535922
3.8427	101.6691	223.0324	32	0.524634076952	0.475365923048
3.8514	101.3809	223.074131	32	1.0	0.269623996573
-2.3232	109.7293	223.743505	1	1.0	0.11548301204
-2.3539	109.6887	223.812649	1	1.0	0.138626483031
3.7408	98.0196	224.164441	40	1.0	0.108594835244
3.7253	98.0166	224.381206	40	1.0	0.216668628197
4.3484	97.5718	224.523412	-1	0.0	0.0616182365762
-5.1241	103.4927	224.97939	28	1.0	0.103640476916
-1.8343	110.2538	227.665002	12	1.0	0.0
-3.4486	102.0903	228.869178	16	0.264334621761	0.735665378239
-2.4867	102.991	229.106129	17	0.752985652514	0.247014347486
-3.3677	102.2224	229.340855	16	0.107532775157	0.892467224843
4.5248	97.4797	229.434677	26	1.0	0.0
4.5545	97.5099	229.479358	26	0.820776589663	0.179223410337
4.5166	97.5469	229.628933	26	0.96133934072	0.0386606592799
-5.131	103.5704	230.548982	28	1.0	0.0744738419172
-1.2745	109.9656	231.445956	37	1.0	0.0
-1.3011	109.9558	231.544991	37	1.0	0.121050292694
-1.2899	109.9135	231.629274	37	0.924051154168	0.0759488458316
-1.8179	110.1932	234.816987	12	1.0	0.13587660674
-5.1038	103.526	235.719184	28	1.0	0.0175450364447
-0.1985	101.7801	236.832338	20	1.0	0.0
0.7423	100.8303	237.12389	24	1.0	0.0
0.7592	100.8289	237.201874	24	1.0	0.0
-0.0213	108.9111	237.242787	10	0.763272042178	0.236727957822
0.7332	100.6697	237.497888	24	0.601810711602	0.398189288398
-6.4594	98.4909	237.958606	4	1.0	0.0
-6.5279	98.4019	238.226869	4	0.51738785542	0.48261214458
-1.0008	101.5005	241.999223	21	0.260290781876	0.739709218124
-0.8717	101.7236	241.999255	21	0.569972880921	0.430027119079
3.836	101.4338	242.525979	32	1.0	0.369365931385
3.8258	101.5003	242.526021	32	1.0	0.120890504614
3.7237	101.2767	242.622713	32	1.0	0.0817175341384
-2.0292	110.4527	246.346677	-1	0.0	0.0999984758155
-3.4678	101.9224	246.413346	16	1.0	0.0643705310626
-5.1238	103.6717	248.636679	28	0.973943635064	0.0260563649359
-5.1881	103.5645	248.695182	28	0.811272437523	0.188727562477
-5.1377	103.6188	248.763468	28	1.0	0.190648174649
-5.225	103.4907	248.925018	28	0.583121352683	0.416878647317
-5.1501	103.5999	248.925043	28	1.0	0.295562557508
-5.2862	103.2519	249.056618	28	0.288934921607	0.711065078393
-5.1258	103.695	249.056745	28	0.578183873045	0.421816126955
3.2698	101.2134	251.525583	32	0.935342293173	0.0646577068268
-1.3234	109.9377	254.70083	37	1.0	0.28961198421
-1.297	109.9567	254.765153	37	1.0	0.0
-1.3184	109.9446	255.440914	37	1.0	0.108758178915
-1.6231	111.221	260.172613	5	0.939727188333	0.0602728116669
3.7213	98.0602	260.90445	40	1.0	0.0
3.7096	98.3085	260.983335	39	1.0	0.0
3.6749	98.0248	261.307666	40	1.0	0.152277569843
3.704	98.2759	262.129129	39	1.0	0.0
-5.1545	103.5383	262.1672	28	1.0	0.030371235857
3.9743	101.1611	262.557041	32	1.0	0.0
-1.5739	110.0561	264.221672	-1	0.0	0.502062901478
-4.2902	104.0701	265.243986	31	1.0	0.0
-5.0774	103.5027	270.1895	28	1.0	0.0853724709165
-5.0899	103.4868	270.30808	28	1.0	0.0
3.8016	101.3427	270.611874	32	1.0	0.0
3.3388	101.2497	276.112029	32	1.0	0.265106251485
3.8134	101.4099	277.065237	32	1.0	0.2687835753
9.6892	104.6987	277.29263	-1	0.0	0.017252448324
6.973	100.206	277.939573	-1	0.0	0.0818337894487
6.9715	100.192	278.141841	-1	0.0	0.10585965696
3.483	101.234	279.575634	32	1.0	0.0
3.5084	101.2431	279.687285	32	1.0	0.0
3.5017	101.2698	279.74805	32	1.0	0.173092843655
-5.0573	103.4381	280.908626	28	0.815229790449	0.184770209551
3.9554	101.0717	284.102135	32	1.0	0.0878218545854
3.915	101.2849	284.233686	32	0.989215989122	0.0107840108775
3.9055	101.1052	284.415369	32	1.0	0.0
-5.104	103.5308	285.753734	28	1.0	0.146015745976
6.4768	100.6601	285.846098	23	1.0	0.0
6.5841	100.6598	285.954702	23	0.994647788592	0.00535221140775
-0.1136	108.9888	287.516456	10	0.251294920868	0.748705079132
-1.2849	109.8432	288.345779	37	0.381831972902	0.618168027098
-1.3006	109.9822	288.345861	37	1.0	0.152710357909
-2.8339	104.4847	288.758035	22	1.0	0.129513362951
3.7498	98.0854	290.424816	40	1.0	0.114651149482
3.7395	98.0506	290.558095	40	1.0	0.15202053729
-5.2653	100.2007	290.591904	-1	0.0	0.49256941871
3.6604	97.9892	290.839629	40	1.0	0.181712748109
-5.1448	103.2933	295.853581	28	0.288934921607	0.711065078393
-5.0914	103.5193	295.853644	28	1.0	0.0
-3.4471	102.0139	297.265799	16	0.706471309017	0.293528690983
-3.5291	102.141	297.458615	16	0.170893858806	0.829106141194
-1.8072	110.3771	300.765267	12	0.328004945989	0.671995054011
-1.3149	109.9223	300.793076	37	1.0	0.0713449416298
-1.3348	109.9194	300.861193	37	1.0	0.179083423375
3.5424	101.2847	301.799283	32	1.0	0.11630668571
-0.9047	101.5658	301.8804	21	0.44712617961	0.55287382039
-5.1215	103.5529	303.968847	28	1.0	0.342601652042
3.8559	101.3725	304.068713	32	1.0	0.243910798909
-1.847	110.205	307.1326	12	1.0	0.0148197675185
-2.3003	109.8704	309.008477	1	0.160616040199	0.839383959801
-2.3067	109.7626	309.100704	1	1.0	0.0622169785193
-1.0182	108.9298	309.984556	2	0.939512331018	0.0604876689818
-0.0037	108.885	312.058655	10	0.490953981138	0.509046018862
-1.649	111.1874	312.701727	5	0.774830153758	0.225169846242
0.7874	100.8378	314.668087	24	1.0	0.0
1.0173	100.8382	314.6682	24	0.68893131865	0.31106868135
-5.0847	103.488	316.47246	28	1.0	0.0
-1.837	110.2141	316.522552	12	1.0	0.0
4.9829	100.822	318.765266	34	0.506146068327	0.493853931673
4.979	100.7458	318.82149	34	1.0	0.0
4.9225	100.7607	318.869325	34	0.734583967804	0.265416032196
4.9087	100.6905	318.902038	34	0.3546830886	0.6453169114
4.978	100.9074	318.902055	34	0.242789873765	0.757210126235
4.9169	100.732	319.020761	34	0.756707681168	0.243292318832
5.6253	101.2608	319.021244	-1	0.0	0.361019921402
4.8569	100.9078	319.381939	34	0.238200919724	0.761799080276
5.5803	101.2161	319.497436	-1	0.0	0.219003611621
4.8284	100.9198	319.598088	34	0.237726892781	0.762273107219
3.789	101.5105	319.60711	32	1.0	0.053808911237
-4.039	104.2366	321.302604	30	0.96343242124	0.0365675787603
5.2711	100.9617	321.492114	33	1.0	0.0
6.0397	101.6002	321.559005	-1	0.0	0.184856305494
-1.5302	109.6843	322.905958	-1	0.0	0.121892556417
-1.4393	109.9118	322.906059	-1	0.0	0.0451330164626
-1.7302	109.7062	323.040889	-1	0.0	0.358429914173
-1.3588	109.9348	324.65939	37	0.631459162357	0.368540837643
3.6759	97.9922	324.936176	40	1.0	0.132630790816
3.717	97.7599	325.063346	-1	0.0	0.637587917626
-3.4485	101.9061	327.100297	16	0.99384103166	0.00615896833962
-1.6616	111.2436	327.573733	5	1.0	0.0
3.8093	101.3622	327.774036	32	1.0	0.0110493198881
-2.9383	104.4561	329.558713	22	1.0	0.0171681547625
-5.0843	103.493	331.102578	28	1.0	0.00897172437075
-0.7946	109.3287	331.127111	-1	0.0	0.0180299019462
-5.0652	103.4871	331.265314	28	1.0	0.0627138832186
-1.272	110.1753	332.517859	-1	0.0	0.365223417776
-1.1305	110.1652	332.69362	36	0.516797845851	0.483202154149
-2.5408	103.0189	333.901115	17	1.0	0.0
0.8788	100.77	335.076451	24	1.0	0.622543143134
0.8938	100.8392	335.135123	24	0.895297018793	0.104702981207
-0.8485	101.6108	335.143709	21	0.551132430155	0.448867569845
-0.9412	101.642	335.245771	21	0.801806490278	0.198193509722
3.9076	101.5344	335.959723	32	1.0	0.0497615418462
0.922	100.793	336.226246	24	1.0	0.405807349756
-2.3041	109.7341	338.78666	1	1.0	0.0210052790818
-2.263	109.7556	338.870959	1	0.747679598427	0.252320401573
-2.3478	109.6785	339.756374	1	1.0	0.151688578984
-1.8024	110.2313	340.045318	12	1.0	0.105205264429
6.4049	101.008	342.100876	23	0.775549203905	0.224450796095
6.4536	100.8684	342.183621	23	1.0	0.0
1.8396	102.9616	342.644007	11	0.0718713721996	0.9281286278
8.2117	99.9198	343.101678	13	1.0	0.0
-5.1349	103.5373	345.762941	28	1.0	0.0448168255705
6.3948	100.6798	345.787797	23	1.0	0.236706011928
6.4587	100.7012	345.932823	23	1.0	0.152684228836
3.7547	98.0154	346.932631	40	1.0	0.157011776275
3.7517	98.1916	346.983889	40	0.579335181971	0.420664818029
3.7669	98.0819	347.0955	40	1.0	0.195056747802
3.6735	98.0392	347.489751	40	1.0	0.0869531298409
-3.4392	101.9332	347.629691	16	1.0	0.127241293353
-5.1296	103.463	351.580764	28	1.0	0.0
-5.0975	103.6086	351.708864	28	1.0	0.023422936215
-5.0964	103.5422	351.949726	28	1.0	0.0268872663918
-1.0212	108.9068	353.151141	2	0.77310428539	0.22689571461
-1.0437	109.0898	353.151193	2	1.0	0.0
3.2839	101.349	353.829814	32	1.0	0.0
4.4752	97.5334	357.310918	26	0.928524830032	0.0714751699682
4.5403	97.7338	357.310947	-1	0.0	0.193365877589
-1.1627	110.1326	357.94316	36	0.870153338309	0.129846661691
-1.1297	110.0999	358.323051	36	0.500153950324	0.499846049676
-4.0829	104.2197	358.53915	30	1.0	0.0
-4.0499	104.2193	358.718453	30	1.0	0.0
-5.1174	103.561	360.173084	28	1.0	0.0
0.0212	108.8892	362.144219	10	0.421307052174	0.578692947826
3.8295	101.3196	362.580893	32	1.0	0.398806323241
3.8271	101.5577	362.58095	32	1.0	0.0
3.8428	101.3785	362.679439	32	1.0	0.243910798909
-0.0108	109.6116	365.44339	-1	0.0	0.250140346846
-1.3379	109.9733	365.712037	37	0.625310421589	0.374689578411
-1.3725	109.938	365.848341	37	0.464284410797	0.535715589203
-1.3326	109.9991	365.883184	37	0.568919517236	0.431080482764
-1.5132	109.5672	365.922778	18	1.0	0.0
-1.3846	109.8335	365.964881	38	0.535230844066	0.464769155934
-1.4224	109.8661	366.025744	-1	0.0	0.0422223000854
-1.5381	110.0226	366.025895	-1	0.0	0.502062901478
-0.9009	101.7402	368.021342	21	0.598379318479	0.401620681521
3.8947	101.0413	368.923724	32	1.0	0.501734211589
4.456	101.428	369.051364	-1	0.0	0.325022259567
3.9247	101.1009	369.152632	32	1.0	0.0
3.945	101.0388	369.178443	32	1.0	0.391455209293
3.9191	101.1141	369.210138	32	1.0	0.0
3.8993	101.0855	369.233198	32	1.0	0.0
3.9123	101.1263	369.281891	32	1.0	0.0516345930898
3.9164	101.0805	369.309537	32	1.0	0.223956257083
-5.1052	103.501	369.35455	28	1.0	0.373433055552
3.8787	101.1318	369.445239	32	1.0	0.31978385616
3.9303	101.0792	370.132108	32	1.0	0.106351071887
3.8785	101.0751	370.251507	32	1.0	0.228760905703
0.726	100.4741	370.56275	-1	0.0	0.406514850457
0.857	100.8138	370.562844	24	1.0	0.662272060229
4.3788	100.4762	371.241199	-1	0.0	0.136768102745
4.532	101.8774	371.241903	29	1.0	0.0
-0.0278	108.9521	375.756215	10	1.0	0.0
3.3049	98.1879	377.811709	-1	0.0	0.678774429666
-2.8953	104.5404	377.828225	22	1.0	0.0
3.7545	98.0314	377.880069	40	1.0	0.138660747403
3.7574	98.1768	378.203756	40	0.579335181971	0.420664818029
3.6867	98.0696	378.708563	40	1.0	0.0948412029412
3.6642	97.8953	378.831884	40	0.610888865917	0.389111134083
4.9741	100.7198	380.017106	34	0.673312077357	0.326687922643
3.4273	101.2682	383.331565	32	1.0	0.0
6.3759	100.8942	384.254419	23	1.0	0.0438875573197
-0.9074	101.6807	387.237976	21	0.899677100572	0.100322899428
4.3171	97.6607	387.34889	27	0.802642271564	0.197357728436
3.6906	98.0355	388.868473	40	1.0	0.217998398967
3.8036	98.2698	388.868525	-1	0.0	0.0558265403075
8.8411	100.1458	388.960848	13	0.533335773107	0.466664226893
3.6794	97.9751	389.006634	40	1.0	0.0261026382639
3.8608	101.1544	389.409787	32	1.0	0.508141130097
-2.028	105.2925	389.807293	-1	0.0	0.223382347064
-5.0921	103.4614	391.496772	28	1.0	0.0
-5.1318	103.5036	391.496821	28	1.0	0.219306049198
-5.0955	103.5932	391.607207	28	1.0	0.0
-5.0858	103.4538	391.65238	28	1.0	0.0787055273528
-2.5107	103.1022	393.370676	17	0.338307403537	0.661692596463
3.4062	101.2558	395.002772	32	1.0	0.0
-1.0373	101.7052	395.249853	21	1.0	0.0
-1.2826	110.1135	396.394174	-1	0.0	0.296503118051
-5.6271	104.5038	398.315018	19	1.0	0.0
3.8268	101.3468	400.537102	32	1.0	0.0
4.5278	101.8792	400.53759	29	1.0	0.0
-1.4074	109.8804	400.936139	-1	0.0	0.00098901383468
-1.2995	109.7907	400.936149	-1	0.0	0.266491637665
-1.849	110.1722	401.481587	12	0.713713856115	0.286286143885
2.296	102.3676	401.595099	11	0.978189022454	0.0218109775457
-4.0686	104.1876	401.782103	30	1.0	0.0
3.727	98.2951	402.526488	39	1.0	0.0
-0.1291	109.2327	403.126581	9	0.872583621265	0.127416378735
-3.4828	101.9318	403.684652	16	1.0	0.0
-2.5442	102.5975	405.322134	17	0.124094641999	0.875905358001
-5.0688	103.5825	405.544803	28	1.0	0.00289373605669
-5.0758	103.5483	405.680322	28	1.0	0.163025709829
-5.0745	103.5309	405.810445	28	1.0	0.195490383498
6.1203	98.9124	405.83949	-1	0.0	0.688549085988
4.9378	100.7844	405.90815	34	0.5695344117	0.4304655883
6.5495	100.61	409.095684	23	1.0	0.24302955501
-5.1531	103.4457	409.158142	28	1.0	0.397576812758
0.8874	100.8064	409.456261	24	1.0	0.613306516381
0.8775	100.776	409.778478	24	1.0	0.613306516381
0.8776	100.9716	409.778523	24	0.519580233538	0.480419766462
0.8622	100.7442	410.066062	24	1.0	0.613306516381
0.8037	100.8036	410.208064	24	0.925816441532	0.0741835584685
-5.1864	103.5005	410.227257	28	0.945183401951	0.0548165980488
-2.3131	109.6788	411.946057	1	0.854493231907	0.145506768093
-2.2885	109.7214	412.045171	1	0.802626395016	0.197373604984
-2.2564	109.7366	412.266907	1	0.652019671856	0.347980328144
-2.9156	104.5268	414.292903	22	1.0	0.0
-1.0172	110.1989	415.699233	35	0.925785980665	0.0742140193347
3.7203	98.0149	417.030718	40	1.0	0.14872929179
3.7139	98.0277	417.145829	40	1.0	0.0415274794997
3.7404	98.0274	417.762154	40	1.0	0.0
-1.1548	110.1557	418.120006	36	0.762711728187	0.237288271813
-1.1424	110.1292	418.266802	36	1.0	0.0
3.842	101.3024	420.655353	32	1.0	0.217715107134
3.3974	101.3632	421.979001	32	1.0	0.135855354311
-1.446	109.8236	422.64451	38	0.89719704652	0.10280295348
-1.4404	109.8292	422.777289	38	1.0	0.0
-5.1401	103.5209	423.215289	28	1.0	0.118005384751
-1.8268	110.2709	425.20288	12	1.0	0.0
6.9311	101.3781	425.636355	-1	0.0	0.181762812362
6.429	100.9214	425.719793	23	1.0	0.0
-2.5779	103.0451	426.499164	17	0.803588512217	0.196411487783
-2.5584	103.01	426.610392	17	1.0	0.0
-2.2813	109.739	428.691188	1	0.895943748453	0.104056251547
3.6812	98.0171	432.868111	40	1.0	0.149833971991
3.6048	98.0769	433.386454	40	0.536334060842	0.463665939158
-5.1051	103.4864	434.397601	28	1.0	0.0
4.5837	102.0363	436.773871	29	0.877940285417	0.122059714583
3.8428	101.3414	436.826102	32	1.0	0.362926765372
3.7979	101.3433	436.887994	32	1.0	0.0
3.7955	101.3117	436.929912	32	1.0	0.0
-2.4847	102.6214	438.539171	17	0.145471324363	0.854528675637
-2.8445	104.5636	439.858013	22	1.0	0.212200303398
-2.8938	104.637	439.933038	22	0.522204763943	0.477795236057
-5.1416	103.4862	440.541423	28	1.0	0.372093293242
-5.1321	103.5074	440.645237	28	1.0	0.0506303006283
-2.5728	102.9988	442.61053	17	1.0	0.0
3.8266	101.4384	446.851607	32	1.0	0.407307088942
3.9572	100.9734	447.161746	32	0.706432237885	0.293567762115
3.2466	101.2987	447.338128	32	1.0	0.45869898905
-1.8607	109.0904	447.419448	-1	0.0	0.273687140084
-2.3062	109.9245	447.420055	1	0.135940314213	0.864059685787
4.508	97.4232	447.489593	26	0.416803954984	0.583196045016
4.536	97.4709	447.489653	26	0.966767065538	0.0332329344621
4.5262	97.5352	447.552901	26	0.928524830032	0.0714751699682
-1.2981	109.9466	447.786376	37	1.0	0.139282864615
-1.3285	109.9456	447.861376	37	1.0	0.0177748788356
-1.2908	109.9267	447.969578	37	0.947073036059	0.0529269639412
-1.3121	109.9626	447.969624	37	1.0	0.0175590181348
4.518	97.5738	448.018551	26	0.613368966957	0.386631033043
-5.1287	103.4737	448.05147	28	1.0	0.0959168548049
-5.1006	103.491	448.58815	28	1.0	0.0
-5.1075	103.5153	448.588215	28	1.0	0.013382902821
-5.1107	103.4612	448.714394	28	1.0	0.0
0.0593	99.4926	449.333716	8	1.0	0.0
0.0484	99.528	449.466046	8	0.563401673813	0.436598326187
-6.4849	98.5045	449.800094	4	1.0	0.0
-6.5258	98.4318	449.998588	4	0.653567587072	0.346432412928
3.817	101.2264	452.797608	32	1.0	0.100695303246
1.3218	100.5619	453.168739	25	1.0	0.0
-3.4499	101.969	453.216589	16	0.930597441295	0.0694025587051
-0.2466	101.7691	456.829773	20	0.65881685227	0.34118314773
-2.1226	110.2676	459.105009	12	0.20096839175	0.79903160825
3.7871	101.5691	459.162015	32	1.0	0.0
-1.8134	110.4381	459.243174	12	0.238445543442	0.761554456558
4.3758	97.8434	459.404343	-1	0.0	0.463923524715
4.3586	97.652	459.437003	27	1.0	0.0
4.3393	97.6673	459.688574	27	1.0	0.0
4.5035	97.9594	459.688625	-1	0.0	0.68341583002
1.0783	111.3099	459.869154	0	0.949246614613	0.0507533853867
-2.2622	109.7115	461.158723	1	0.495269792326	0.504730207674
3.7492	98.0444	461.249381	40	1.0	0.15202053729
3.7149	98.0316	461.64324	40	1.0	0.0544607706167
3.699	97.9411	462.109122	40	0.612493520968	0.387506479032
3.7909	98.1678	462.109166	40	0.527536937274	0.472463062726
6.4653	100.7651	462.212291	23	1.0	0.374093697728
-5.3197	103.027	463.045155	28	0.105303731222	0.894696268778
-5.1327	103.4733	463.045285	28	1.0	0.0409223207031
-5.1488	103.4184	463.096012	28	1.0	0.318235029652
-5.1081	103.4864	463.136984	28	1.0	0.0
6.3737	100.9619	466.453879	23	0.793005959318	0.206994040682
4.7192	100.8594	466.968517	34	0.197058607964	0.802941392036
4.7039	100.8157	466.96866	34	0.188773341637	0.811226658363
4.9372	100.8302	467.0117	34	0.5695344117	0.4304655883
-2.599	103.0278	470.565091	17	0.961176373851	0.0388236261486
3.8022	101.3429	471.92717	32	1.0	0.0
3.6511	97.973	473.01542	40	1.0	0.181712748109
3.6221	98.0748	473.073049	40	0.622250347479	0.377749652521
3.6704	97.8202	473.245014	-1	0.0	0.320813831643
-2.3217	109.7437	473.352587	1	1.0	0.0210052790818
3.703	98.0048	473.582455	40	1.0	0.101032229053
-2.8472	104.5664	477.065458	22	1.0	0.163308833035
-2.8758	104.5183	477.138689	22	0.976904628716	0.0230953712842
6.4786	100.7417	478.877552	23	1.0	0.302309200303
-1.5774	109.9678	479.041871	-1	0.0	0.502062901478
-2.3065	109.749	480.781694	1	1.0	0.0997069255254
-1.8439	110.2063	481.290724	12	1.0	0.0
-1.6856	111.1729	484.84672	5	0.738070548631	0.261929451369
-1.7914	111.0651	485.065259	-1	0.0	0.586332941482
-1.6869	111.2107	485.065353	5	0.885057761752	0.114942238248
-5.1439	103.489	485.261504	28	1.0	0.367613236714
-5.1555	103.5383	485.608118	28	1.0	0.0722080680539
3.7367	101.2393	487.205672	32	0.964377943052	0.0356220569484
3.4662	101.2522	487.589543	32	1.0	0.0
0.8009	100.6285	487.620363	24	0.494102337728	0.505897662272
3.5232	101.1386	487.649088	32	0.525885582369	0.474114417631
0.9058	100.6769	487.735268	24	0.629267181887	0.370732818113
0.889	100.6986	487.765998	24	0.741996419731	0.258003580269
3.54	101.2461	487.822782	32	1.0	0.186938589236
3.4793	101.3927	488.30735	32	1.0	0.0469727252602
-1.3213	109.9164	488.832748	37	1.0	0.0713449416298
-1.3346	109.9214	488.887106	37	0.97285865505	0.0271413449501
3.8357	101.3529	491.349323	32	1.0	0.341123013377
3.8368	101.5587	491.34938	32	1.0	0.0
-2.3285	109.7003	491.37032	1	1.0	0.138626483031
-2.1727	109.9911	491.489763	1	0.13083673079	0.86916326921
-3.7099	101.4741	492.517328	16	0.0555528777112	0.944447122289
-3.5395	101.8465	492.517402	16	0.475919539573	0.524080460427
-3.5711	101.8534	492.572596	16	0.350743820064	0.649256179936
3.5822	98.0667	493.356148	40	0.463110018906	0.536889981094
3.7393	98.0433	494.405818	40	1.0	0.260154748344
-2.5513	102.9901	496.860593	17	1.0	0.0
-2.5822	103.0028	496.981738	17	1.0	0.0
-2.6493	104.3269	497.239451	22	0.255526548337	0.744473451663
-2.9211	104.5059	497.795378	22	1.0	0.187186831932
3.3626	101.236	498.064191	32	1.0	0.297738267841
3.3567	101.2582	498.264856	32	1.0	0.0927187824649
3.4116	101.2622	498.335478	32	1.0	0.0927187824649
-2.2535	109.7393	498.714712	1	0.575775598041	0.424224401959
-4.0308	104.1873	501.60352	30	0.885871716673	0.114128283327
6.4226	100.9627	502.521728	23	1.0	0.0
-5.1113	103.4817	507.642844	28	1.0	0.0185292573506
3.7561	98.0156	507.677824	40	1.0	0.21326614062
3.7492	98.0859	507.756565	40	1.0	0.114651149482
-1.114	109.0315	510.577992	2	1.0	0.0
-0.0239	101.6603	510.666759	20	0.40759000627	0.59240999373
-1.2907	109.9953	512.484151	37	1.0	0.0
-1.3293	109.9093	512.768729	37	0.9204947405	0.0795052594996
0.962	100.7943	514.452851	24	1.0	0.0
-6.4889	98.3104	514.715274	4	0.272646540676	0.727353459324
-2.5248	102.978	515.030813	17	0.921280991217	0.0787190087828
-2.3385	109.6899	515.824106	1	1.0	0.138626483031
-5.1546	103.4468	517.567875	28	1.0	0.400388397655
-5.1785	103.3678	518.088853	28	0.767952716465	0.232047283535
-0.1002	109.4272	519.120095	-1	0.0	0.565870949496
-0.1517	109.1303	521.965889	9	1.0	0.0
-0.1475	109.127	521.96912	9	1.0	0.0
3.8126	101.3403	525.323938	32	1.0	0.0
3.939	101.6122	525.408267	32	0.701705591189	0.298294408811
6.279	100.793	525.556589	23	0.487450963572	0.512549036428
8.2716	99.5517	526.078973	13	0.610662725331	0.389337274669
-4.0577	104.3928	526.876583	-1	0.0	0.536263895505
3.6636	97.9641	530.427746	40	0.953187237237	0.0468127627633
3.6028	98.0284	531.049787	40	0.691151284838	0.308848715162
-0.5735	100.7168	531.352629	-1	0.0	0.0795515721073
-1.2085	101.7133	531.353078	21	0.480795648277	0.519204351723
3.4579	101.2368	536.730963	32	1.0	0.0384385753221
-1.3541	109.9279	538.283598	37	0.834490113344	0.165509886656
8.2643	99.9693	539.131735	13	0.848848085532	0.151151914468
-1.6774	111.2005	540.729615	5	1.0	0.0
-1.6214	111.2314	540.800245	5	1.0	0.0
1.0591	111.1927	540.831447	0	1.0	0.0
-1.6564	111.2261	540.856232	5	1.0	0.0
-1.6508	111.265	541.033954	5	0.715441351596	0.284558648404
2.2969	102.4077	544.108494	11	0.540360592878	0.459639407122
-5.1195	103.4465	544.162195	28	1.0	0.235150231514
-5.0932	103.474	545.029869	28	1.0	0.00377344044553
-2.5043	102.9753	545.525353	17	0.704333657367	0.295666342633
-2.5249	103.0498	545.640956	17	0.677869156449	0.322130843551
1.8583	103.0144	545.944427	-1	0.0	0.0128296721274
-2.3241	109.6683	546.363108	1	0.921811855756	0.078188144244
-4.6502	106.0923	547.596713	14	0.768423228398	0.231576771602
-3.4303	101.9083	550.073303	16	0.902337419812	0.0976625801877
3.8185	101.3064	550.105055	32	1.0	0.308522410608
3.7273	101.2611	550.216969	32	1.0	0.052631473305
3.807	101.35	550.217018	32	1.0	0.0427040023916
3.768	101.3386	550.354226	32	1.0	0.0375567366106
-3.4518	101.9233	550.490849	16	1.0	0.181509782716
6.4113	100.8842	551.453085	23	1.0	0.0
6.3696	100.8696	551.516526	23	0.968035200359	0.0319647996412
5.252	101.0937	553.304512	33	1.0	0.0
5.2791	101.0558	553.488572	33	1.0	0.0
0.9823	111.1685	553.856597	0	1.0	0.0
3.2866	101.2687	556.750131	32	1.0	0.505577097265
3.2782	101.3276	557.253414	32	1.0	0.347049818931
0.017	108.8926	557.875588	10	0.490953981138	0.509046018862
3.7443	98.0907	558.035092	40	1.0	0.0228484808828
3.7286	97.9319	558.732846	40	0.595745943658	0.404254056342
3.693	98.0855	558.732867	40	1.0	0.208694290804
4.4058	97.6952	558.80739	27	0.477941419692	0.522058580308
4.3896	97.6582	558.844506	27	0.679266175774	0.320733824226
-1.3099	109.6275	559.352168	18	0.502146004929	0.497853995071
-1.0408	108.9051	563.210349	2	0.780928066452	0.219071933548
-2.9496	104.5664	564.922901	22	1.0	0.0
-2.0837	110.3339	565.280949	-1	0.0	0.00790027022932
-3.0645	104.4101	566.956175	22	0.410607455087	0.589392544913
-2.8505	104.5895	570.802993	22	1.0	0.257853043871
-0.9145	101.6924	573.111413	21	0.865857582541	0.134142417459
-0.9369	101.6579	573.1929	21	1.0	0.0
6.5285	100.7448	573.620756	23	0.916759449888	0.0832405501118
-1.3054	109.9231	574.803988	37	1.0	0.0507012112442
-1.949	110.225	577.584196	12	0.483415442719	0.516584557281
-2.3007	109.7553	579.635061	1	0.959165094751	0.040834905249
3.698	98.0435	580.119067	40	1.0	0.117542646516
3.7822	101.3522	583.302128	32	1.0	0.288841878816
-2.9054	104.5806	585.457234	22	1.0	0.0612749742651
-2.9077	104.5668	585.7017	22	1.0	0.0
-2.9866	104.4742	585.925107	22	0.807714940221	0.192285059779
1.3891	111.3362	586.813992	0	0.596537105515	0.403462894485
1.3788	100.7247	589.057053	25	0.152491840807	0.847508159193
3.6719	98.1188	593.072536	40	0.706131413179	0.293868586821
-2.3029	109.6776	593.311369	1	0.666080462669	0.333919537331
-1.3106	109.9313	593.870469	37	1.0	0.0507012112442
-6.4296	99.0304	595.044467	3	1.0	0.0
4.2818	100.4286	595.565225	-1	0.0	0.23220327094
-2.2575	104.9099	596.668291	-1	0.0	0.0367483873887
-2.0651	105.3203	596.668488	-1	0.0	0.22561128929
4.4976	97.533	598.422098	26	0.99381332701	0.00618667298951
0.7531	100.7702	599.036342	24	0.855232059605	0.144767940395
0.7687	100.6891	599.09035	24	0.600081412631	0.399918587369
