-11.1287	141.0294	-0.000111	2	1.0	0.0
-11.1102	141.3562	-584.249449	2	0.230968447176	0.769031552824
-12.4369	131.0444	-577.353089	6	0.373524640376	0.626475359624
-4.6216	146.9817	-574.067406	5	0.28738752983	0.71261247017
-3.3598	137.2217	-563.777816	1	1.0	0.0
-4.6822	146.344	-555.876444	5	1.0	0.0
-4.7522	141.9832	-555.009739	10	1.0	0.0250275323351
-4.6333	146.9786	-551.843453	5	0.292179950147	0.707820049853
-5.2154	149.0603	-547.208628	4	0.578657412432	0.421342587568
-12.7773	140.7245	-546.364451	2	0.0327172475686	0.967282752431
-12.7832	140.8369	-546.364404	2	0.0336399047265	0.966360095273
-4.9978	141.305	-538.050704	-1	0.0	0.065111902862
-8.6896	148.6076	-532.284054	3	0.719497122574	0.280502877426
-11.1672	141.2472	-520.614057	2	0.244195098144	0.755804901856
-11.2088	141.2503	-520.337245	2	0.243184469379	0.756815530621
-5.9645	142.0056	-502.641721	9	1.0	0.0
-4.7572	146.3695	-481.989342	5	1.0	0.0
-4.7342	141.939	-470.676189	10	1.0	0.336117016604
-4.8546	141.9621	-469.147546	10	0.492757517065	0.507242482935
-12.3096	130.9566	-465.022082	6	0.378541798279	0.621458201721
-5.2786	145.6425	-463.235495	5	0.119067626815	0.880932373185
-5.1707	149.0752	-455.566661	4	0.433475421099	0.566524578901
-5.2065	149.0241	-455.391897	4	0.716665588313	0.283334411687
-11.011	141.2992	-450.857979	2	0.243184469379	0.756815530621
-13.3633	134.1281	-441.321644	0	1.0	0.0
-13.3651	134.1994	-441.253681	0	0.716311600617	0.283688399383
-13.3759	134.0887	-441.141941	0	0.818995410027	0.181004589973
-4.8625	145.9949	-430.091459	5	0.261687837214	0.738312162786
-12.5042	130.3458	-427.414817	8	1.0	0.0
-4.6425	141.9005	-425.6496	10	1.0	0.0347680957554
-4.6799	141.8164	-424.869737	10	1.0	0.0
-4.6093	141.8869	-424.869675	10	1.0	0.0733117073224
-4.6527	141.8991	-424.682598	10	1.0	0.0480452007442
-8.9751	148.7451	-416.804241	3	0.387596996416	0.612403003584
-8.3855	149.1683	-416.803955	3	0.203838518165	0.796161481835
-13.2501	134.2053	-409.93605	0	0.598570516782	0.401429483218
-12.674	130.7452	-405.09302	7	1.0	0.0
-12.6058	130.7897	-405.09301	7	0.76093102155	0.23906897845
-3.3256	136.8604	-400.495482	1	0.822570815231	0.177429184769
-3.2965	137.0255	-400.495443	1	1.0	0.0
-4.734	141.8655	-398.384197	10	1.0	0.197988789179
-4.5575	141.9226	-398.36177	10	0.789909774664	0.210090225336
-4.6989	141.8198	-398.081461	10	1.0	0.0
-12.7262	130.5151	-393.153555	7	0.494643711503	0.505356288497
-11.2614	141.0712	-387.782522	2	0.491769691412	0.508230308588
-5.2068	149.0659	-372.011305	4	0.581129861387	0.418870138613
-5.3104	149.2375	-372.011208	4	0.0881691661078	0.911830833892
-4.7893	141.8803	-359.643793	10	1.0	0.0
-4.6969	141.8015	-343.26776	10	1.0	0.0
-11.1234	141.0206	-327.012563	2	1.0	0.0
-5.236	149.138	-294.956356	4	0.203608268534	0.796391731466
-4.6703	141.7909	-293.617609	10	0.747730306302	0.252269693698
-12.7412	130.4833	-287.857058	7	0.510855783393	0.489144216607
-4.8372	141.6202	-275.653709	10	0.163392957892	0.836607042108
-13.36	134.1606	-263.671578	0	1.0	0.0
-12.2306	131.1155	-261.270871	6	0.668337287691	0.331662712309
-5.2014	148.9894	-248.388033	4	0.706366113849	0.293633886151
-5.1759	149.0055	-248.308111	4	1.0	0.0
-12.7846	130.7129	-246.159177	7	1.0	0.0
-12.9796	130.4921	-245.032908	-1	0.0	0.0291463144042
-12.7176	130.7944	-244.836716	7	0.737824682688	0.262175317312
-5.2064	147.0671	-236.677812	5	0.291094839793	0.708905160207
-11.0869	140.9685	-223.299446	2	1.0	0.0
-8.819	148.7017	-218.132034	3	0.510253819712	0.489746180288
-8.8504	148.4698	-217.532847	3	0.510253819712	0.489746180288
-4.647	141.9236	-215.01007	10	1.0	0.0833615749624
-4.6698	141.9298	-214.94382	10	1.0	0.0
-4.6811	141.9482	-214.887495	10	1.0	0.233550671437
-4.6868	141.9388	-214.794297	10	1.0	0.0261369654518
-4.7147	141.9603	-214.761493	10	1.0	0.0
-4.6817	141.9286	-214.708145	10	1.0	0.0
-13.3443	134.164	-212.758679	0	1.0	0.0
-5.26	145.7424	-206.374833	5	0.136299638275	0.863700361725
-4.6672	143.0094	-202.647888	-1	0.0	0.425508049325
-4.5732	141.7417	-198.188875	10	0.369459785202	0.630540214798
-4.7204	141.7355	-198.188803	10	0.419170680592	0.580829319408
-4.7176	141.825	-195.883542	10	1.0	0.0
-5.1731	149.01	-185.860569	4	1.0	0.0
-5.3416	149.2144	-185.776903	4	0.0987055899983	0.901294410002
-5.135	149.0769	-185.522403	4	0.357144763303	0.642855236697
-4.7171	141.9851	-178.206951	10	1.0	0.121446581962
-4.5217	143.0799	-177.944609	-1	0.0	0.45997824492
-11.0993	140.9678	-173.009117	2	1.0	0.0
-12.5776	130.5374	-166.477392	-1	0.0	0.0786651818323
-4.7513	141.9262	-164.086145	10	1.0	0.225575309142
-3.3194	136.9566	-156.885095	1	1.0	0.0
-8.3949	148.5316	-155.064299	3	1.0	0.0
-5.2338	147.0426	-147.342488	5	0.284326648611	0.715673351389
-5.2136	147.0498	-147.26892	5	0.292179950147	0.707820049853
-12.8924	130.6524	-147.019067	7	0.796516840757	0.203483159243
-4.7015	141.9452	-143.18978	10	1.0	0.0562665848856
-4.6582	141.9268	-143.133734	10	1.0	0.0
-5.2575	149.0622	-135.228668	4	0.349116158641	0.650883841359
-4.657	146.3293	-133.359556	5	1.0	0.0
-4.771	146.4983	-133.359417	5	0.545261817195	0.454738182805
-5.0942	142.8992	-131.21411	-1	0.0	0.370706384528
-4.5865	141.8255	-123.365096	10	0.548087632555	0.451912367445
-4.7814	142.1084	-122.839424	10	0.318209597766	0.681790402234
-12.5931	130.3114	-115.781692	8	0.69931788471	0.30068211529
-13.5485	129.6252	-109.366818	-1	0.0	0.780363682074
-11.316	141.4821	-89.947542	2	0.110414283236	0.889585716764
-4.6544	147.0428	-86.379736	5	0.310960919188	0.689039080812
-5.124	149.002	-85.5923	4	0.625832032749	0.374167967251
-13.4078	134.0253	-83.978428	0	0.563252320737	0.436747679263
-8.3426	148.44	-78.238806	3	1.0	0.0
-8.4236	148.5125	-78.203447	3	1.0	0.0
-8.4129	148.6324	-78.203338	3	0.653072760476	0.346927239524
-8.3642	148.3979	-78.177666	3	1.0	0.0
-5.2933	149.1808	-75.41601	4	0.129965486433	0.870034513567
-4.7287	141.8783	-73.598041	10	1.0	0.130189725936
-4.7551	141.8859	-73.482787	10	1.0	0.0
-4.6901	141.8595	-73.201966	10	1.0	0.0
-4.6771	141.853	-73.004086	10	0.897922599457	0.102077400543
-11.1507	140.943	-68.222736	2	1.0	0.38268816565
-12.8465	130.6621	-63.191934	7	1.0	0.0
-12.8507	130.7116	-63.125057	7	1.0	0.0
-12.53	130.3514	-59.203514	8	1.0	0.0
-5.8735	141.9394	-58.761162	9	1.0	0.0
-5.1647	142.8085	-42.511056	-1	0.0	0.271522085322
-12.5181	130.239	-36.0421	8	0.389750517056	0.610249482944
-13.5638	129.6999	-25.883118	-1	0.0	0.766068637776
-5.1929	149.04	-5.361053	4	0.900829273725	0.099170726275
-5.1705	149.0362	-5.313494	4	1.0	0.0
-11.1287	141.0294	-0.000111	2	1.0	0.0
-4.7801	141.9003	0.402176	10	1.0	0.0
-4.7774	141.8977	0.445993	10	1.0	0.0
-4.8062	141.8978	0.485685	10	1.0	0.0623285395057
-4.1809	142.2849	0.486086	10	0.0853687232624	0.914631276738
-4.7984	141.9382	0.537036	10	0.840504514447	0.159495485553
-4.7419	141.9102	0.692299	10	1.0	0.0567525682737
-4.6398	146.3047	2.117691	5	1.0	0.0
-4.6773	146.3164	2.164201	5	1.0	0.0
-4.9125	146.4255	2.771623	5	0.546415757479	0.453584242521
-8.3054	148.2571	6.338313	3	0.589558293913	0.410441706087
-11.1667	141.0223	22.460511	2	1.0	0.0
-11.2007	140.9442	22.970157	2	0.679677218653	0.320322781347
-5.1808	149.0396	46.481278	4	0.820323038617	0.179676961383
-5.1753	149.0208	46.582842	4	1.0	0.0
-5.9673	141.9991	81.656002	9	1.0	0.0
-8.4096	148.451	82.098537	3	1.0	0.0
-4.8164	142.1154	91.026732	10	0.276264901705	0.723735098295
-5.167	149.0014	97.850244	4	1.0	0.0
-5.2382	148.9258	97.894081	4	0.192075471706	0.807924528294
-5.0833	149.0994	97.894244	4	0.207698011864	0.792301988136
-5.2257	145.7866	102.53277	5	0.147044055852	0.852955944148
-11.1757	141.0371	122.252894	2	1.0	0.00426471585241
-11.1549	140.9652	122.421426	2	0.97913848359	0.0208615164103
-11.0547	141.024	122.499197	2	0.715193925377	0.284806074623
-13.2974	134.0896	133.712807	0	0.817925577305	0.182074422695
-5.7202	148.0314	142.017548	4	0.0157751267824	0.984224873218
-5.1729	149.0062	151.488257	4	1.0	0.0
-5.1607	149.0352	151.5544	4	0.924333703156	0.0756662968443
-5.1439	148.9967	151.665951	4	0.850943747688	0.149056252312
-5.8463	142.3111	153.286388	9	0.309914243927	0.690085756073
-11.1902	141.0097	167.458409	2	1.0	0.0
-12.5069	130.3231	177.232169	8	1.0	0.0
-10.9766	141.2599	186.028675	2	0.230968447176	0.769031552824
-4.7383	141.84	189.873885	10	1.0	0.0
-4.7535	141.914	189.925084	10	1.0	0.0
-5.093	141.4766	189.986149	10	0.0902603273414	0.909739672659
-13.3773	134.1774	191.011291	0	0.853953810509	0.146046189491
-4.5749	141.9097	196.604532	10	0.884004427196	0.115995572804
-4.5402	146.3708	208.246755	5	0.998506606203	0.00149339379676
-4.6333	146.5255	208.246794	5	0.508822152869	0.491177847131
-4.6719	141.9291	222.512276	10	1.0	0.0
-4.7053	141.968	222.579341	10	1.0	0.0
-4.7041	141.9687	222.683529	10	1.0	0.0
-5.9435	141.8894	235.37299	9	1.0	0.0
-11.213	141.0252	255.334901	2	0.948954040861	0.0510459591386
-11.1102	140.9942	255.374256	2	1.0	0.42033857581
-11.1535	141.0219	255.413756	2	1.0	0.0
-11.1101	141.0262	255.512398	2	0.962143084025	0.0378569159746
-11.129	140.9958	255.574654	2	1.0	0.0534933190502
-13.2981	134.1416	260.322946	0	1.0	0.0
-12.5695	130.3582	261.817199	8	0.748457511275	0.251542488725
-12.6762	130.096	261.817232	-1	0.0	0.190853090762
-12.5765	130.2567	261.870054	8	0.494161762998	0.505838237002
-12.6192	130.326	261.918116	8	0.643887539186	0.356112460814
-12.5824	130.3091	261.98658	8	0.776656709493	0.223343290507
-3.2321	137.2846	270.83877	1	1.0	0.0
-12.7456	140.6275	271.483421	2	0.0321200478656	0.967879952134
-4.6137	146.8069	274.138243	5	0.310960919188	0.689039080812
-13.4072	134.0393	284.518228	0	0.56280657971	0.43719342029
-13.3008	134.1066	306.018658	0	1.0	0.0
-4.6508	141.9341	322.331328	10	1.0	0.0
-4.7154	141.9966	322.379894	10	1.0	0.00702769164321
-12.8036	130.6629	330.513293	7	1.0	0.0
-11.1635	141.1979	331.454628	2	0.244195098144	0.755804901856
-12.4947	130.3276	338.780102	8	1.0	0.0
-12.2963	131.0645	343.505462	6	0.889971616792	0.110028383208
-5.1442	148.9651	343.930823	4	0.414354436038	0.585645563962
-5.3518	149.5798	343.931199	4	0.03498668899	0.96501331101
-4.706	141.9974	371.066731	10	1.0	0.00159218754417
-4.6834	141.9734	371.123346	10	1.0	0.12854908597
-4.6671	141.9616	372.439604	10	1.0	0.229868554138
-12.233	131.038	389.410476	6	1.0	0.0
-12.2056	131.0504	389.555698	6	1.0	0.0
-11.1793	141.0563	392.319932	2	0.757784678711	0.242215321289
-11.2096	141.2409	392.320008	2	0.233265145917	0.766734854083
-3.1866	137.2566	416.990298	1	1.0	0.0
-4.5271	141.9482	418.188939	10	0.609700378228	0.390299621772
-4.5583	141.9743	418.392672	10	0.519255456068	0.480744543932
-1.7294	138.6419	422.44238	1	0.184059467292	0.815940532708
-12.4947	130.377	424.564302	8	0.646501389017	0.353498610983
-5.1815	148.9822	433.247806	4	0.654844300899	0.345155699101
-4.635	141.9285	446.013218	10	1.0	0.11119107026
-4.7089	141.9551	446.091352	10	1.0	0.0
-4.7147	141.9649	446.199251	10	1.0	0.0
-13.343	133.9575	448.804517	0	0.321608820931	0.678391179069
-12.6638	130.7093	451.699672	7	0.764298497086	0.235701502914
-12.6483	130.7283	451.909819	7	0.912006440045	0.0879935599548
-12.2369	131.0548	454.640899	6	1.0	0.0
-8.378	148.35	461.074803	3	1.0	0.0
-12.7463	140.6906	473.989967	2	0.032935994537	0.967064005463
-11.1125	140.9596	478.864783	2	1.0	0.0
-11.0916	140.96	479.041776	2	1.0	0.0
-11.1005	140.9628	479.125548	2	1.0	0.0
-11.0964	140.9958	479.207235	2	0.971562837544	0.0284371624559
-11.1637	141.0113	479.460084	2	1.0	0.00955637659107
-4.5758	141.9035	482.041502	10	0.924611962893	0.0753880371065
-12.2464	130.919	502.367899	6	0.306793457195	0.693206542805
-5.8819	141.9351	512.727608	9	1.0	0.0
-12.613	130.5928	514.192151	7	0.542605630013	0.457394369987
-12.2162	131.0746	531.247757	6	1.0	0.0
-11.2095	141.0888	537.281532	2	0.428325969572	0.571674030428
-5.1141	148.9778	555.477461	4	0.456804439954	0.543195560046
-5.0684	148.883	555.477482	4	0.136363656766	0.863636343234
-11.1613	140.9789	565.110893	2	0.865508021487	0.134491978513
-11.1491	140.9289	565.260963	2	0.74812108034	0.25187891966
-12.3539	130.8221	576.56938	6	0.23011162048	0.76988837952
-12.2101	131.0771	576.718954	6	1.0	0.0
-4.6943	142.0211	582.229617	10	0.822380512272	0.177619487728
-4.683	142.0433	582.229652	10	0.512080887442	0.487919112558
-4.846	141.991	582.336036	10	0.478378444711	0.521621555289
-5.0152	142.1725	582.336126	10	0.155076903599	0.844923096401
-4.8104	142.0977	582.603515	10	0.322826396266	0.677173603734
-12.5245	130.3156	584.285845	8	1.0	0.0
-13.2834	134.0328	591.390344	0	0.57974094685	0.42025905315
-4.659	141.7432	597.664002	10	0.506554796736	0.493445203264
