6.4408	283.3805	-2.1e-05	24	0.996668008317	0.00333199168308
-2.3664	286.5966	-597.725509	36	0.300998119814	0.699001880186
5.5282	283.5213	-596.489257	-1	0.0	0.430172146832
-2.2001	286.4082	-592.366013	37	1.0	0.279423951773
-2.1654	286.4376	-592.181499	37	1.0	0.387885552369
-1.5554	286.4263	-592.181486	-1	0.0	0.230403261257
-2.0209	286.4046	-592.181479	37	1.0	0.333890802392
-1.5852	281.8618	-590.256132	14	1.0	0.0
-1.543	281.9987	-590.240095	15	0.771743628627	0.228256371373
2.3409	282.6237	-584.517741	10	1.0	0.0
-1.1304	286.9463	-584.418757	-1	0.0	0.135258634436
-2.0546	286.4243	-583.484747	37	1.0	0.0
-2.1918	286.452	-583.48474	37	1.0	0.0107672103825
5.7284	283.6066	-583.360204	31	1.0	0.0
-2.0785	286.5148	-583.34156	37	0.977972279376	0.022027720624
5.5546	283.543	-583.283723	-1	0.0	0.291857914346
-2.2234	286.405	-583.273185	37	1.0	0.0
5.9019	284.8008	-579.931315	20	0.850898264842	0.149101735158
-3.7636	285.3662	-578.96784	23	0.624458975118	0.375541024882
-2.4742	286.6829	-578.881995	36	0.669293559834	0.330706440166
-3.0528	285.107	-578.768834	19	1.0	0.0
0.033	286.9741	-576.282105	25	1.0	0.0
0.2154	287.0772	-576.282099	25	0.776257609578	0.223742390422
-1.7742	286.4648	-573.828503	37	0.712356028817	0.287643971183
5.7015	283.5944	-573.297596	31	0.615503735312	0.384496264688
5.969	283.5357	-573.297489	29	1.0	0.0
5.9231	283.503	-573.270969	-1	0.0	0.332917822265
5.7158	283.5348	-573.216683	31	0.641319260421	0.358680739579
-3.5215	282.6526	-573.196763	7	0.59594123916	0.40405876084
-0.2351	288.9537	-573.027055	0	1.0	0.0
-1.5676	281.9536	-571.876026	15	0.407690565508	0.592309434492
5.7565	283.5399	-569.121411	31	0.748205036067	0.251794963933
6.8194	283.1844	-569.103279	-1	0.0	0.41467427121
5.8511	283.568	-569.087475	30	0.905317497453	0.0946825025468
6.7062	283.2068	-569.087021	-1	0.0	0.176825277589
5.7656	283.5831	-569.052886	31	0.82006276767	0.17993723233
5.7457	283.593	-569.022428	31	1.0	0.0
5.7574	283.5676	-568.995389	31	0.970086795317	0.0299132046832
6.0694	283.5944	-568.99528	28	0.959554728857	0.0404452711429
5.789	283.553	-568.903246	31	0.624370984956	0.375629015044
5.7197	283.5456	-568.900711	31	0.917814053238	0.0821859467622
5.9203	283.621	-568.900656	30	0.831468601124	0.168531398876
-0.1747	285.7136	-567.465707	13	1.0	0.0
-2.5599	287.0418	-566.670827	35	0.553867403873	0.446132596127
-2.4496	286.979	-566.670819	33	1.0	0.0
-3.3068	281.9441	-565.016812	8	0.485343972862	0.514656027138
-4.3576	284.2298	-564.930979	-1	0.0	0.222939127185
6.4557	283.3478	-563.121725	24	1.0	0.0
5.8058	283.6054	-562.007619	31	0.430655491735	0.569344508265
-1.5086	281.4503	-561.364331	6	1.0	0.0
-2.0311	286.4748	-560.264587	37	1.0	0.0
-1.7085	286.5067	-560.264557	-1	0.0	0.283175733645
-1.9942	286.5183	-560.230024	37	1.0	0.194731606109
-2.0404	286.504	-560.174962	37	1.0	0.150194801357
-1.9095	286.5247	-560.174924	37	0.741874044887	0.258125955113
-1.946	286.4988	-560.117573	37	0.914830267403	0.0851697325969
-2.0836	286.4682	-559.952604	37	1.0	0.0877927069826
-1.6885	286.5432	-559.699053	-1	0.0	0.271441769522
-2.357	286.4415	-559.699039	-1	0.0	0.119878385555
5.665	284.6821	-558.34487	20	0.423961217788	0.576038782212
6.0108	284.7712	-558.344712	20	1.0	0.0
-2.7636	281.7658	-555.554007	-1	0.0	0.0928866803489
-2.4567	286.6765	-554.508734	36	0.772232162208	0.227767837792
-2.2977	286.8358	-554.508733	-1	0.0	0.132435462908
-2.499	286.5886	-554.46703	36	0.382202828645	0.617797171355
-2.4548	286.67	-554.443184	36	0.819181342864	0.180818657136
-2.2705	286.6927	-554.443173	-1	0.0	0.24097872932
-2.474	286.654	-554.214575	36	0.852675310953	0.147324689047
-1.5977	285.2616	-553.884995	11	0.717419379145	0.282580620855
-1.7711	285.2455	-553.88499	11	0.915698346086	0.0843016539144
-2.2003	286.387	-552.791815	37	1.0	0.0733302737755
5.8528	284.372	-552.338	21	1.0	0.0
5.4613	284.4338	-552.325252	21	0.466142767985	0.533857232015
-2.1871	286.4123	-551.639705	37	1.0	0.0779358923279
-2.1055	286.4197	-551.583979	37	1.0	0.078149645652
-1.9621	286.4212	-551.552882	37	1.0	0.192501729769
-2.1996	286.3688	-551.552869	37	1.0	0.0808798561097
-0.3877	280.2763	-548.83278	3	1.0	0.0
-0.5762	280.2224	-548.832769	3	0.98353032225	0.0164696777498
6.0236	283.5565	-547.998517	28	0.894072522736	0.105927477264
-4.4189	285.989	-547.80921	12	1.0	0.0
4.75	285.5209	-544.362362	9	1.0	0.0
8.9696	283.3588	-544.216107	-1	0.0	0.24643424389
5.6742	283.5924	-541.698367	31	0.478430885926	0.521569114074
6.0651	283.6487	-541.698231	-1	0.0	0.318960095713
-3.2757	281.9496	-537.994076	8	0.529223787227	0.470776212773
-3.0665	282.3902	-536.06093	8	0.0980574363112	0.901942563689
-2.3969	286.3465	-535.701283	-1	0.0	0.0607161371212
-2.1696	286.41	-535.584413	37	1.0	0.322155482905
-2.0862	286.3946	-535.584395	37	1.0	0.167025411608
-4.2036	285.5623	-534.588658	22	0.708101225559	0.291898774441
-2.4987	286.6674	-532.861517	36	1.0	0.0
-2.4555	286.7009	-532.719432	36	0.532643173014	0.467356826986
-1.7098	285.159	-530.892347	11	1.0	0.0
-3.1341	282.1051	-530.127117	8	1.0	0.0
-3.3381	282.0309	-530.127102	8	0.757651487231	0.242348512769
-2.2001	286.4254	-529.764543	37	1.0	0.0434588250974
-1.9558	286.5744	-529.049865	-1	0.0	0.199015087823
-1.6202	286.5452	-529.01805	-1	0.0	0.170819130193
-1.9877	286.4105	-526.407667	37	1.0	0.0813408331932
-1.7421	286.4721	-526.407666	-1	0.0	0.0619517609426
-2.1987	286.3948	-526.40764	37	1.0	0.0714174899383
-2.1724	286.4307	-526.335612	37	1.0	0.240455474673
-2.164	286.417	-526.3063	37	1.0	0.0994090639363
-3.1549	282.1482	-526.294863	8	0.762280288845	0.237719711155
1.3929	294.1527	-526.063303	-1	0.0	0.0468393528025
-3.46	282.5449	-524.68371	7	0.605817148365	0.394182851635
5.7873	283.6229	-523.130005	31	0.645230864597	0.354769135403
-2.0092	286.4182	-520.150578	37	1.0	0.0284235933667
-2.1995	286.4737	-519.632461	37	1.0	0.211506923675
-2.0379	286.5166	-519.570498	37	1.0	0.208273758086
-1.7693	286.5861	-519.570483	-1	0.0	0.00888388344599
-2.068	286.4525	-519.450847	37	1.0	0.00737718438294
5.9628	284.8693	-516.648871	20	0.555471143767	0.444528856233
5.9391	284.7076	-516.648842	20	1.0	0.0
-2.958	282.0053	-516.025896	8	0.245968987119	0.754031012881
-1.7503	286.5471	-515.71881	-1	0.0	0.233910809896
-3.3732	281.9776	-515.510542	8	0.438591826785	0.561408173215
-3.2073	282.0426	-515.412056	8	1.0	0.284380366334
5.7188	283.5443	-512.954432	31	0.887100647797	0.112899352203
2.3064	282.9211	-512.867643	17	0.868823355051	0.131176644949
2.5094	282.9463	-512.867603	17	0.575138531348	0.424861468652
2.2057	282.9749	-512.676267	17	0.594128026883	0.405871973117
2.3023	282.958	-512.676252	17	1.0	0.0
-2.0058	286.3867	-512.23798	37	1.0	0.238717149811
-3.0723	282.0655	-511.129854	8	0.865182657985	0.134817342015
-0.5776	285.8714	-510.310333	13	1.0	0.0
-2.5088	286.7143	-504.837376	36	0.301359641011	0.698640358989
-2.1511	286.425	-499.738949	37	1.0	0.273101047875
-2.1767	286.4579	-499.708574	37	1.0	0.0401928292083
-2.013	286.3961	-499.66234	37	1.0	0.305679776751
-2.2025	286.4278	-499.662317	37	1.0	0.092685292223
-0.0427	288.9666	-498.925601	0	0.779495794825	0.220504205175
-0.109	288.7215	-498.92559	0	0.171813505427	0.828186494573
0.8153	280.1284	-496.317732	3	0.749766934125	0.250233065875
5.7492	283.5732	-496.046021	31	1.0	0.0
2.3312	282.6143	-493.092507	10	1.0	0.0
2.3794	282.7303	-493.077691	10	0.15586189233	0.84413810767
2.5326	282.6604	-493.051112	10	0.165532022949	0.834467977051
2.3814	282.5431	-493.051111	10	0.300621448653	0.699378551347
3.1178	282.2255	-493.03079	-1	0.0	0.753787486001
2.3425	282.6578	-493.020746	10	0.451567634032	0.548432365968
-3.3287	282.0396	-492.608983	8	0.923087954705	0.0769120452951
-3.3057	282.0742	-492.210755	8	0.696011105088	0.303988894912
-1.2302	281.3854	-492.210524	6	0.365979744525	0.634020255475
-3.1736	282.0906	-491.962666	8	0.976346765392	0.0236532346085
-2.2318	286.4091	-491.876462	37	1.0	0.0246369197129
-2.1734	286.415	-491.87645	37	1.0	0.0
-1.8876	281.8126	-491.009516	-1	0.0	0.60639112408
0.2818	280.0251	-490.10784	3	1.0	0.0
-3.5005	282.5555	-489.171114	7	0.687743784807	0.312256215193
-1.552	286.6396	-488.619534	-1	0.0	0.0418882948854
-2.0083	286.5154	-487.464409	37	1.0	0.0899702567142
-1.311	286.7342	-487.170908	-1	0.0	0.249124776339
-2.5043	286.6404	-487.086239	36	0.583640284015	0.416359715985
-2.3648	286.9039	-486.797347	-1	0.0	0.449412403492
-2.4795	286.6846	-486.797325	36	0.5904202024	0.4095797976
-1.7369	286.2176	-486.797283	-1	0.0	0.141625891695
-2.3396	286.6238	-486.642109	36	0.295525100963	0.704474899037
-1.913	285.1773	-486.185277	11	0.642987584526	0.357012415474
-1.7912	285.1591	-486.185251	11	1.0	0.0
-1.8263	285.1312	-486.010816	11	1.0	0.0
-1.6508	285.2115	-486.010796	11	0.915698346086	0.0843016539144
5.8642	283.6406	-484.644405	-1	0.0	0.0912496168851
4.9828	285.5119	-483.757464	9	0.739082236658	0.260917763342
6.2166	284.7713	-483.65596	20	0.552678461854	0.447321538146
-3.1502	282.1214	-483.523909	8	1.0	0.0
-3.1988	282.079	-483.467338	8	1.0	0.521954641704
-1.9052	286.4325	-481.415472	37	1.0	0.153806245381
-2.08	286.3755	-481.415459	37	0.955208036235	0.044791963765
-3.2027	282.0154	-478.22012	8	1.0	0.6112659488
-3.2018	282.04	-478.076583	8	1.0	0.376623476811
-3.1347	282.0243	-478.042475	8	0.588133251623	0.411866748377
-3.196	281.987	-478.01163	8	1.0	0.6112659488
-3.1781	282.0258	-477.870772	8	0.950193114204	0.0498068857958
5.751	283.6237	-477.095597	31	0.736475511853	0.263524488147
5.8749	283.5811	-477.095559	30	0.905317497453	0.0946825025468
-2.145	286.4036	-475.705476	37	1.0	0.0282592970594
-2.1221	286.6468	-475.615321	-1	0.0	0.150165230475
-1.5676	282.0029	-475.56471	15	1.0	0.0
-1.5017	282.0213	-475.564691	15	0.473822485359	0.526177514641
-1.4543	282.0701	-475.422006	-1	0.0	0.161301214947
-1.6136	281.9573	-475.421978	15	0.487151797377	0.512848202623
-2.0503	286.5202	-472.782574	37	1.0	0.30755833196
-2.0423	286.5202	-472.702493	37	1.0	0.0959936633956
-2.1163	286.4845	-472.670456	37	0.800339875289	0.199660124711
-2.0065	286.5134	-472.670431	37	1.0	0.0899702567142
-1.8177	286.5597	-472.619729	-1	0.0	0.230220822823
-2.0256	286.4743	-472.444802	37	1.0	0.0
-2.0484	286.4182	-472.174422	37	1.0	0.0
-3.6126	282.5892	-464.672232	7	1.0	0.0
-2.0921	286.5055	-463.153837	37	0.762512539445	0.237487460555
-2.2552	286.4295	-461.379366	37	1.0	0.0164938059874
-2.1814	286.4357	-461.379346	37	1.0	0.378844166991
-2.1573	286.4303	-461.272194	37	1.0	0.203391353092
4.941	284.0759	-459.437105	-1	0.0	0.224028039451
6.7776	285.8729	-459.405553	5	1.0	0.0
7.0545	285.8683	-459.405418	5	1.0	0.0
-3.3556	282.0325	-455.116811	8	0.920518173688	0.0794818263122
5.7795	283.6214	-451.638876	31	0.736475511853	0.263524488147
1.2153	293.9008	-448.316492	1	1.0	0.0
-2.1544	286.453	-447.773365	37	1.0	0.0606377011614
-2.117	286.4719	-447.773336	37	1.0	0.212579290648
-2.1757	286.4192	-447.697784	37	1.0	0.0
-2.1437	286.4212	-447.697761	37	1.0	0.339784870152
-2.0696	286.4181	-447.569631	37	1.0	0.227150993439
-1.9617	286.4706	-447.569631	37	1.0	0.251447475374
-2.148	286.4367	-447.43937	37	1.0	0.124402274409
-2.1662	286.4196	-447.000168	37	1.0	0.0
-2.1802	286.4371	-446.857636	37	1.0	0.356337306868
-3.2435	281.9939	-446.64844	8	0.837479662071	0.162520337929
5.7397	283.5948	-446.146455	31	1.0	0.0696617653008
-1.9405	281.9178	-445.330634	-1	0.0	0.551428265246
-1.6088	282.0012	-445.32687	15	1.0	0.0
3.9767	286.9457	-440.805603	-1	0.0	0.0664059465415
6.2942	284.8338	-440.804705	20	0.458194748883	0.541805251117
1.9054	282.8355	-440.421235	-1	0.0	0.285395915055
-3.6388	282.566	-440.379937	7	1.0	0.0
4.7883	285.4345	-437.471144	9	1.0	0.0
4.4663	285.4207	-437.398401	9	0.838751902707	0.161248097293
4.8651	285.4622	-437.398308	9	1.0	0.0
4.0717	285.4501	-436.961365	9	0.450213118085	0.549786881915
4.5891	285.5085	-436.961231	9	1.0	0.0
4.199	285.7678	-436.673114	9	0.392192996113	0.607807003887
4.5768	285.4357	-436.672997	9	1.0	0.0
5.7484	283.6037	-433.528922	31	1.0	0.0
5.7362	283.545	-429.064765	31	1.0	0.0775933844017
-2.1626	286.4557	-426.553169	37	1.0	0.0
-1.9488	286.3578	-426.508685	-1	0.0	0.064973816524
-2.1526	286.4159	-426.479584	37	1.0	0.340161491147
-1.9021	286.431	-426.479565	37	1.0	0.153806245381
6.6172	284.5941	-424.541386	-1	0.0	0.271622390236
5.9508	284.7207	-424.376829	20	1.0	0.0
6.0251	284.6854	-424.376793	20	0.828170947381	0.171829052619
-3.0767	281.8913	-423.233655	8	0.204820276735	0.795179723265
-1.7392	286.4917	-419.294724	-1	0.0	0.140886592195
-1.6832	286.6078	-419.149329	-1	0.0	0.384677656042
-1.8138	286.6341	-419.149328	-1	0.0	0.161306231096
-2.1033	286.6276	-419.149327	-1	0.0	0.226692970203
-3.1564	282.1173	-416.226014	8	1.0	0.0
-3.1437	282.1029	-416.210981	8	1.0	0.0
-3.1792	282.0656	-416.160888	8	1.0	0.55435270722
-1.7056	285.098	-415.120307	11	0.848298891993	0.151701108007
5.9145	283.6348	-415.098561	-1	0.0	0.14864444643
5.7442	283.5137	-414.863496	-1	0.0	0.0520629581167
-1.6306	286.2951	-413.475193	32	1.0	0.0
-1.572	286.3456	-413.202412	32	1.0	0.0
-1.6728	286.5125	-412.983185	-1	0.0	0.296420451459
-1.8754	286.4684	-412.91419	37	1.0	0.200929586339
5.8249	283.6018	-409.111427	-1	0.0	0.108220040069
5.7384	283.5603	-409.075301	31	1.0	0.0
5.9411	283.6114	-409.075216	-1	0.0	0.0384449084116
5.7483	283.5369	-409.03448	31	0.740142262532	0.259857737468
5.7551	283.6081	-408.965863	31	1.0	0.0
5.7594	283.5583	-408.80122	31	1.0	0.0417782701023
-3.3542	285.5451	-408.688414	23	0.829249373538	0.170750626462
-3.5059	285.501	-408.688401	23	1.0	0.0
-3.5197	285.4812	-408.646495	23	1.0	0.0
-3.4667	285.5367	-408.640904	23	1.0	0.0
-3.8249	285.3338	-408.608344	23	0.536298259556	0.463701740444
2.5693	282.9564	-408.592098	17	0.503109599486	0.496890400514
1.8609	293.8946	-408.278125	2	0.0964080098007	0.903591990199
-0.1416	288.9903	-405.780803	0	1.0	0.0759180701768
-0.078	288.96	-405.474854	0	1.0	0.0
-0.2178	288.9737	-405.474848	0	1.0	0.0626899424488
-3.2931	281.902	-405.223553	8	0.365541426194	0.634458573806
-2.1582	286.4239	-405.064124	37	1.0	0.148568927916
-1.5757	286.2767	-404.746037	-1	0.0	0.00614994644466
-2.1889	286.3451	-404.631537	37	1.0	0.000854808267212
-2.8408	286.9846	-403.773511	-1	0.0	0.0991040056918
-2.4602	286.9918	-403.614993	33	1.0	0.0
-2.2028	286.861	-403.267867	-1	0.0	0.244188051413
-1.557	282.0095	-403.057686	15	1.0	0.0
0.5383	281.259	-403.057351	-1	0.0	0.432409069202
-3.2265	282.0724	-401.436532	8	1.0	0.453832519194
-2.4794	281.9103	-401.4365	-1	0.0	0.0287663256771
-3.103	282.075	-401.363333	8	0.865182657985	0.134817342015
-3.1545	282.0523	-401.32687	8	1.0	0.62755597424
-3.0092	282.0533	-401.255805	8	0.400051734961	0.599948265039
-3.2297	282.0319	-401.255792	8	1.0	0.0
-3.2538	282.0449	-401.126391	8	1.0	0.457076383025
-3.3836	282.0708	-400.84079	8	0.52863189724	0.47136810276
-3.2192	282.0359	-400.840788	8	1.0	0.0
-0.954	286.5992	-400.29757	-1	0.0	0.0115238472172
5.3647	284.8727	-399.138076	18	0.43163429876	0.56836570124
5.1771	284.8685	-399.074776	18	1.0	0.0
5.2329	284.867	-399.074744	18	1.0	0.0
5.7192	283.5591	-394.529141	31	1.0	0.022346411079
2.5035	283.0879	-391.693807	-1	0.0	0.00123932374416
2.8614	282.6423	-391.693641	-1	0.0	0.525705466054
2.3776	283.0472	-391.692275	17	0.492739493742	0.507260506258
5.7613	283.5274	-389.053843	31	0.670315042709	0.329684957291
-1.4834	286.4527	-386.968626	-1	0.0	0.274069800816
-2.2092	286.3804	-386.968598	37	1.0	0.120640596218
-1.8631	286.4333	-386.917047	37	0.926079990577	0.0739200094228
2.6737	285.1551	-385.901674	-1	0.0	0.267306469554
5.7632	283.5551	-383.303151	31	0.844360273884	0.155639726116
-3.2503	282.0237	-381.454125	8	1.0	0.0921971044478
5.7179	283.573	-381.091336	31	0.877825427309	0.122174572691
-3.6621	285.4243	-380.719425	23	0.624458975118	0.375541024882
-1.8978	286.4232	-376.006569	37	0.92020994341	0.0797900565897
-2.1695	286.4117	-376.006554	37	1.0	0.153571445486
-3.8735	287.2196	-375.938991	-1	0.0	0.207963172254
-2.169	286.466	-375.938941	37	1.0	0.0412197918593
5.8242	283.5726	-375.865626	30	0.781157095507	0.218842904493
-1.6869	286.4403	-375.819442	-1	0.0	0.146971348022
-2.2252	286.345	-375.819437	37	1.0	0.257951500027
5.5247	283.5678	-375.669651	-1	0.0	0.426691903037
5.8127	283.8223	-375.602213	-1	0.0	0.302719770588
5.7182	283.5803	-375.602192	31	1.0	0.132700212912
-3.6693	282.491	-371.293188	7	0.411887665073	0.588112334927
5.0608	284.8706	-368.328133	18	0.904642909958	0.0953570900416
5.2407	284.8651	-368.328105	18	0.892752310734	0.107247689266
-2.22	286.3913	-368.030058	37	1.0	0.0
-2.0527	286.4253	-367.931137	37	1.0	0.140582983385
-1.8514	286.3587	-367.769307	-1	0.0	0.417644197724
-2.1871	286.3696	-367.769291	37	1.0	0.00407631938696
-3.2389	282.0617	-363.111161	8	1.0	0.44905963883
-3.2237	282.0533	-363.079493	8	1.0	0.455563194653
-3.3859	282.0491	-363.079488	8	0.688440314737	0.311559685263
-3.2283	282.0813	-363.028112	8	1.0	0.453832519194
-1.4377	281.8509	-358.339587	-1	0.0	0.423296074285
7.9093	282.3784	-356.805754	-1	0.0	0.139101555594
-1.202	281.4504	-354.773552	6	0.34080397251	0.65919602749
-1.5886	285.248	-354.413083	11	0.693030100477	0.306969899523
-3.2105	281.9919	-354.394632	8	1.0	0.6112659488
6.056	283.5553	-354.389737	-1	0.0	0.152439237454
-2.1846	286.4177	-350.444457	37	1.0	0.0779358923279
-3.4786	282.4879	-349.65054	7	0.502237217222	0.497762782778
2.5086	282.9604	-348.429662	17	0.583510978118	0.416489021882
2.6823	282.986	-348.403172	-1	0.0	0.126034994734
1.9227	283.2121	-348.117721	-1	0.0	0.173482967687
-2.0619	286.4183	-346.967918	37	1.0	0.0
-2.0955	286.543	-345.288541	37	0.670195654574	0.329804345426
-3.1787	282.1238	-343.08865	8	0.762280288845	0.237719711155
5.1037	284.8897	-341.525459	18	0.995765522538	0.00423447746198
-1.5793	282.0374	-341.516371	15	0.47421984505	0.52578015495
-1.5623	282.1144	-341.516354	-1	0.0	0.357213699461
-3.2776	281.9581	-338.511557	8	0.661336402275	0.338663597725
-1.588	286.469	-338.45721	-1	0.0	0.283509186218
-1.3015	286.0593	-338.45717	-1	0.0	0.379727087401
-3.5264	282.7187	-334.313726	7	0.403658281973	0.596341718027
-3.5822	282.65	-334.215442	7	0.765668772751	0.234331227249
-1.912	286.4879	-330.951537	37	1.0	0.200929586339
-3.4872	285.5283	-325.231271	23	1.0	0.0
-2.0393	286.4377	-323.796128	37	1.0	0.0
2.3567	282.9711	-323.657036	17	0.886292806974	0.113707193026
2.3182	282.5381	-323.65703	10	0.268176240347	0.731823759653
2.3805	282.5939	-323.610973	10	0.549778220766	0.450221779234
2.356	282.6426	-323.487305	10	0.749092210311	0.250907789689
2.3435	282.6078	-323.068112	10	1.0	0.0
-2.076	286.3826	-322.961819	37	1.0	0.263744160227
2.3463	282.6208	-322.851528	10	1.0	0.0
-3.1967	282.1898	-321.981518	8	0.450939378832	0.549060621168
-2.4755	286.6422	-319.079792	36	0.801154569981	0.198845430019
-2.5013	286.6383	-319.051453	36	0.64221183986	0.35778816014
-2.5305	286.5998	-318.993911	36	0.508048218163	0.491951781837
-2.4379	286.6956	-318.89523	36	0.487507629424	0.512492370576
-2.0244	286.7351	-318.895214	-1	0.0	0.234573735059
-2.7718	286.6329	-318.895187	-1	0.0	0.305888943274
-2.3529	286.6629	-318.79092	-1	0.0	0.217717882521
-2.4794	286.6651	-318.790915	36	1.0	0.0
-2.0615	286.6956	-318.718009	-1	0.0	0.282513745818
-2.1514	286.4558	-318.717962	37	1.0	0.0
-2.1655	286.4606	-318.650823	37	1.0	0.0
-2.1358	286.4468	-317.666494	37	1.0	0.0780148662511
-2.2252	286.3934	-317.345503	37	1.0	0.0
-2.1283	286.4074	-317.043287	37	1.0	0.000111999470617
-2.1902	286.3584	-316.368716	37	1.0	0.0
5.7888	283.5321	-312.585591	31	0.482065267004	0.517934732996
-3.2479	282.0317	-309.121947	8	1.0	0.0510401259097
-4.0488	282.4217	-309.017666	-1	0.0	0.149186226781
-3.3325	282.0489	-309.017596	8	0.799485673114	0.200514326886
-2.1956	286.3979	-306.708027	37	1.0	0.00220450367203
-2.0431	286.3991	-306.708022	37	1.0	0.321487210001
-2.1974	286.3807	-306.611402	37	1.0	0.0310174418119
-2.1928	286.3877	-306.611369	37	1.0	0.0310174418119
-2.0064	286.4044	-306.56785	37	1.0	0.0166393882601
-2.457	286.9526	-305.346725	33	0.751185126221	0.248814873779
-2.455	287.0806	-305.164485	-1	0.0	0.0779972710092
-2.7194	287.0534	-305.164469	35	0.738880511032	0.261119488968
-2.6552	287.0795	-304.967483	35	0.848614338729	0.151385661271
-4.207	285.4466	-303.736329	22	1.0	0.0
0.8487	284.9178	-302.689388	-1	0.0	0.268000651918
-1.186	286.406	-302.549727	-1	0.0	0.0557931809772
-2.2245	286.3375	-302.549713	37	0.954472734552	0.0455272654483
-1.8387	286.4413	-299.663834	37	1.0	0.0
5.7542	283.5656	-296.888118	31	1.0	0.0109880484284
5.0665	284.8539	-296.299426	18	0.827993548379	0.172006451621
5.7333	283.5797	-295.974739	31	1.0	0.0819253609257
5.2137	284.1144	-295.89698	-1	0.0	0.31343001713
-2.0268	284.935	-294.937357	11	0.270387072471	0.729612927529
-2.1112	286.5925	-294.532301	-1	0.0	0.219188116233
-2.2156	286.6448	-290.210789	-1	0.0	0.181133168627
-3.5253	281.9859	-286.561334	8	0.219852337782	0.780147662218
-3.2229	282.0534	-286.263056	8	1.0	0.44905963883
-3.1749	281.941	-286.237262	8	0.438583124758	0.561416875242
-2.193	286.281	-284.452916	-1	0.0	0.281951670266
-0.1712	288.9155	-282.85558	0	0.93815056777	0.0618494322297
-0.038	288.9805	-282.833799	0	1.0	0.0
-0.1058	289.0297	-282.792606	0	0.727379460248	0.272620539752
-0.0784	288.9529	-282.792574	0	1.0	0.0
0.0126	288.9305	-282.696782	0	0.676019392752	0.323980607248
0.0864	288.9136	-282.624416	0	0.400629007931	0.599370992069
-0.1509	288.9887	-282.624389	0	1.0	0.0820125606055
-0.1608	288.9173	-282.523845	0	1.0	0.0
-1.9705	286.4469	-281.946162	37	1.0	0.0
-1.5673	286.4412	-281.918101	-1	0.0	0.0857672662372
-2.5449	286.612	-281.413282	36	0.508048218163	0.491951781837
-2.1743	286.5284	-281.253826	-1	0.0	0.279590469076
-2.5769	286.6257	-281.165072	36	0.310656932826	0.689343067174
5.7376	283.5865	-280.355406	31	1.0	0.0819253609257
6.0391	283.5983	-280.327333	28	1.0	0.0
5.7664	283.5777	-280.310864	31	0.897179519093	0.102820480907
5.6541	283.5774	-280.280242	-1	0.0	0.135877589431
5.8168	283.7864	-279.602007	-1	0.0	0.131809516904
6.2295	283.3106	-278.859326	24	0.374374993427	0.625625006573
6.322	283.3256	-278.859278	24	0.75549925678	0.24450074322
6.4468	283.2771	-278.859232	24	0.434905045614	0.565094954386
-1.0512	281.2326	-277.834362	-1	0.0	0.0479541837667
-2.7178	286.3146	-276.400742	-1	0.0	0.124131434054
5.8431	283.5592	-275.835069	-1	0.0	0.121630642756
2.4437	280.0279	-272.955006	-1	0.0	0.101048925926
-3.5177	281.2807	-272.819397	4	0.941184179652	0.0588158203478
2.1928	283.2024	-268.584239	16	1.0	0.0
2.2344	283.1967	-268.584205	16	1.0	0.0
2.2017	283.1862	-268.530051	16	1.0	0.0
-2.0443	286.413	-268.457369	37	1.0	0.0
-2.025	286.4298	-268.457343	37	1.0	0.00383987157456
-2.038	286.4094	-268.432938	37	1.0	0.252133529859
-1.9829	286.3373	-267.541945	-1	0.0	0.0442550453235
-3.6917	285.2511	-266.529147	23	0.462433335738	0.537566664262
5.6623	283.5403	-266.232069	-1	0.0	0.074892880796
5.7568	283.5247	-266.23202	31	0.660166913895	0.339833086105
-2.2715	286.4848	-264.037988	37	0.740904722657	0.259095277343
-2.5729	286.9568	-262.311637	-1	0.0	0.144189308664
-3.6535	285.786	-260.361355	-1	0.0	0.0539757085296
-4.4309	285.9838	-259.708705	12	1.0	0.0
-3.2064	282.0342	-258.907512	8	1.0	0.232200355537
-2.1983	286.4147	-257.773052	37	1.0	0.161631973424
5.7787	283.6104	-257.435926	31	0.67667703765	0.32332296235
6.0222	283.5965	-257.435836	28	1.0	0.0
-2.2011	286.3599	-257.366066	37	1.0	0.0
-1.0922	286.4476	-257.36603	-1	0.0	0.0291589267914
0.2964	285.4088	-257.348736	-1	0.0	0.00873601483392
-2.0297	286.3854	-257.308908	37	1.0	0.00728650865845
-2.1914	286.4138	-257.308906	37	1.0	0.0779358923279
-3.6547	282.6297	-256.827081	7	0.796362293352	0.203637706648
6.4701	284.7472	-253.799028	20	0.340827783547	0.659172216453
-3.2485	282.1221	-253.025436	8	0.723464222458	0.276535777542
-3.4713	282.1008	-252.915884	8	0.276873190999	0.723126809001
-3.3225	282.1069	-252.748205	8	0.613142718541	0.386857281459
-2.4464	286.4863	-252.727407	-1	0.0	0.371369446287
-1.6913	281.9171	-250.189278	14	0.580221811927	0.419778188073
-1.6488	281.8895	-250.187794	14	0.936739874065	0.0632601259354
5.1236	284.8539	-249.516813	18	1.0	0.0
5.1924	284.8433	-249.396085	18	0.963971514376	0.0360284856243
2.3513	282.6078	-248.642778	10	1.0	0.0
2.4401	282.5606	-248.642744	10	0.257313786687	0.742686213313
-0.1235	289.0171	-242.700774	0	1.0	0.14071828897
8.9431	281.9445	-242.623165	-1	0.0	0.00255497309469
6.4115	283.3519	-242.576051	24	1.0	0.0
6.3914	283.3472	-242.515418	24	1.0	0.0
-2.4086	281.7242	-240.768185	-1	0.0	0.0712404182044
5.7544	283.6016	-239.507413	31	1.0	0.0
2.2511	283.0971	-239.163108	16	0.640784063693	0.359215936307
0.4452	281.2868	-237.344526	-1	0.0	0.42165976041
-1.8199	285.1629	-236.990141	11	1.0	0.0
6.7631	283.1774	-236.50029	-1	0.0	0.350167976408
5.7254	283.5472	-236.467317	31	1.0	0.00424131462485
5.6911	283.5534	-236.428079	31	0.560366301245	0.439633698755
5.7309	283.609	-236.423081	31	1.0	0.0
5.6359	283.603	-236.172994	-1	0.0	0.0184259728388
-3.2845	282.036	-235.630608	8	1.0	0.462340015243
2.3684	282.6231	-234.07805	10	0.847867780279	0.152132219721
2.3119	282.5884	-233.990174	10	0.605228393693	0.394771606307
2.3203	282.5896	-233.914637	10	0.699581847206	0.300418152794
-1.0972	286.8304	-232.342276	26	0.36001467582	0.63998532418
-1.1141	286.8942	-232.322703	-1	0.0	0.0967790644143
-1.1078	286.892	-232.290398	-1	0.0	0.0749507413872
5.7737	283.5417	-230.386707	31	0.625758228996	0.374241771004
-2.1388	286.4284	-225.149209	37	1.0	0.0486278461998
-2.1685	286.4293	-224.719098	37	1.0	0.211966849213
-2.2703	286.3819	-224.626927	37	1.0	0.0455349990319
-2.3114	286.3733	-224.383193	37	0.993165843875	0.00683415612528
-2.1635	286.4565	-224.157121	37	1.0	0.0
-0.6326	286.5637	-221.045652	-1	0.0	0.0115238472172
-0.6531	286.514	-220.955799	-1	0.0	0.126888632047
-4.4205	285.6902	-219.716863	-1	0.0	0.0879557318769
-1.9054	286.5102	-217.240008	37	0.819831951284	0.180168048716
-3.2379	282.0376	-216.649423	8	1.0	0.0510401259097
6.4083	283.3193	-216.193673	24	0.784262748183	0.215737251817
-2.0718	286.5181	-212.343873	37	1.0	0.167241504336
-2.0337	286.4756	-212.343853	37	1.0	0.0
5.7321	283.5525	-210.842491	31	1.0	0.00424131462485
-2.0154	281.8815	-207.471192	-1	0.0	0.663113662383
5.1684	284.8687	-206.94139	18	1.0	0.0
5.2976	284.875	-206.941341	18	0.729802399642	0.270197600358
5.7898	283.5883	-206.377951	31	0.508162083532	0.491837916468
5.9312	283.5375	-206.377883	29	1.0	0.0
-4.2003	285.4699	-205.218053	22	1.0	0.0
-3.0905	282.2175	-204.567006	8	0.270802517846	0.729197482154
-3.287	282.1819	-204.566997	8	0.454192822781	0.545807177219
-1.4271	279.9815	-204.442308	3	0.949925774053	0.0500742259471
-3.1657	282.0671	-204.264783	8	1.0	0.551897717263
-3.112	282.085	-204.234342	8	0.865182657985	0.134817342015
-3.239	282.0843	-204.234338	8	1.0	0.453832519194
-2.1645	286.4637	-203.766271	37	1.0	0.0
-2.1297	286.4901	-203.718417	37	0.811506400597	0.188493599403
-2.0553	286.5779	-203.663882	38	1.0	0.0
-1.7172	286.3223	-203.663872	-1	0.0	0.0824023916226
-1.8976	286.4829	-203.576081	37	1.0	0.200929586339
-2.1385	286.4697	-203.576065	37	1.0	0.120561782338
-2.1678	286.4275	-203.340844	37	1.0	0.138197233386
6.3242	283.601	-202.40534	-1	0.0	0.0225469015528
5.9669	283.531	-202.396428	29	1.0	0.0
5.7623	283.6338	-201.188505	31	0.736475511853	0.263524488147
5.9689	283.5444	-201.188414	29	1.0	0.0
-1.8801	286.5703	-196.187415	37	0.697279789281	0.302720210719
5.6821	284.3458	-195.847811	21	1.0	0.0
-3.55	285.4955	-194.392361	23	0.981892430279	0.0181075697214
-2.1877	286.3818	-190.450197	37	1.0	0.12587286477
6.0606	283.554	-189.433877	-1	0.0	0.216673719739
5.7852	283.5788	-189.386545	31	0.610868670738	0.389131329262
-2.1725	286.4031	-186.813517	37	1.0	0.0751178309852
-1.5506	281.9875	-185.940849	15	0.662339888989	0.337660111011
-1.5689	281.9778	-185.910456	15	0.588585568089	0.411414431911
-3.2603	282.0297	-185.802429	8	1.0	0.0266001337913
-3.1897	282.1693	-185.687971	8	0.593536334037	0.406463665963
-3.0864	282.054	-185.68796	8	0.865182657985	0.134817342015
-3.213	282.0712	-185.436449	8	1.0	0.540252145122
-3.2283	282.0511	-184.969306	8	1.0	0.456912834308
5.9466	284.7714	-183.084826	20	1.0	0.0
-3.3945	281.3389	-181.91245	4	1.0	0.0
-2.034	286.5879	-179.007462	-1	0.0	0.113336392043
-2.1711	286.7039	-179.007456	-1	0.0	0.282513745818
-2.2644	286.7995	-177.665732	-1	0.0	0.0217806835271
-2.1273	286.4322	-175.794952	37	1.0	0.0273425480006
7.6438	285.3427	-172.696263	5	0.266661740192	0.733338259808
2.1942	293.6053	-163.993115	-1	0.0	0.00114374232647
-2.217	286.4028	-163.974258	37	1.0	0.0
-2.1818	286.4292	-163.875926	37	1.0	0.232075210526
1.5816	284.5632	-163.651009	-1	0.0	0.00787110552975
-2.2071	286.3893	-163.330957	37	1.0	0.0
-1.4909	281.1232	-162.905089	-1	0.0	0.201434570314
-1.48	286.774	-159.006588	-1	0.0	0.190810092351
2.4033	282.4007	-158.117109	-1	0.0	0.270788075291
2.4505	282.3911	-158.11707	-1	0.0	0.307855072077
4.8397	284.7872	-156.104943	18	0.190068721951	0.809931278049
5.2289	284.8562	-156.104819	18	0.996489371515	0.00351062848496
5.0756	284.9014	-156.080842	18	0.904642909958	0.0953570900416
5.3652	284.8514	-156.080766	18	0.420166242421	0.579833757579
5.1985	284.8898	-156.04888	18	0.880966927826	0.119033072174
5.1234	284.8852	-156.012239	18	0.990045145902	0.00995485409824
1.7602	293.7094	-153.791297	2	0.358665694052	0.641334305948
-1.5442	284.8816	-152.377711	-1	0.0	0.0651569677282
-1.6862	281.609	-150.629452	6	0.319309173722	0.680690826278
5.7463	283.6091	-148.738059	31	1.0	0.101372778647
5.7286	283.5855	-148.665937	31	1.0	0.0819253609257
-2.2237	286.4919	-148.133517	37	0.73658947029	0.26341052971
5.747	283.5507	-146.308093	31	0.973225365758	0.0267746342424
-2.1593	286.6844	-144.178152	-1	0.0	0.181133168627
-2.5241	286.5959	-144.178146	36	0.508048218163	0.491951781837
-2.4851	286.6703	-144.120577	36	1.0	0.0
-2.44	286.7923	-143.986893	-1	0.0	0.0533073697786
-2.4748	286.7061	-143.92067	36	0.499629125668	0.500370874332
-2.4779	286.6645	-143.849331	36	1.0	0.0
-1.9563	286.744	-143.750262	-1	0.0	0.0282007488151
-2.4801	286.6663	-143.750245	36	1.0	0.0
-2.0554	286.3819	-143.476933	37	1.0	0.0285005382855
0.1708	286.9945	-139.693312	25	1.0	0.0
-0.038	287.0366	-139.693308	25	1.0	0.0
-0.24	288.9381	-137.765391	0	1.0	0.0
1.2667	293.8742	-136.755552	2	0.0867997475371	0.913200252463
-2.6043	286.8261	-136.518985	-1	0.0	0.263690966614
-2.6038	286.8222	-136.093967	-1	0.0	0.305436453947
-2.6143	286.8109	-136.029305	-1	0.0	0.33416548411
-2.6978	286.7612	-135.963927	-1	0.0	0.459625553904
2.4574	282.9957	-135.059007	17	0.575138531348	0.424861468652
-1.9312	286.5773	-135.035043	37	0.697279789281	0.302720210719
2.9653	285.1719	-133.838825	-1	0.0	0.267306469554
5.6952	283.5253	-133.837843	-1	0.0	0.0118208751508
2.2973	282.5996	-132.587214	10	0.682009605034	0.317990394966
2.2079	282.8992	-129.19766	17	0.595314462615	0.404685537385
2.2339	282.8628	-129.144026	17	0.732501080329	0.267498919671
-2.1792	286.4496	-128.473994	37	1.0	0.0271973580754
-2.2128	286.3915	-128.408458	37	1.0	0.0
-2.3849	286.4339	-128.336906	-1	0.0	0.18245494034
-2.2486	286.417	-128.24475	37	1.0	0.0895083733529
-1.8509	286.4523	-128.157784	37	1.0	0.0
-2.0675	286.4659	-127.407247	37	1.0	0.00737718438294
-2.2215	286.4045	-127.40724	37	1.0	0.0
-2.2264	286.437	-127.322635	37	1.0	0.170329954031
-2.1554	286.4133	-125.222966	37	1.0	0.308115169299
5.7786	283.5616	-125.074194	31	0.697919563188	0.302080436812
5.8971	283.6056	-125.074129	30	1.0	0.0
5.7607	283.5722	-124.51278	31	1.0	0.0304129113382
1.2687	293.8443	-122.204659	-1	0.0	0.0491898701274
-3.1561	286.1434	-113.138995	27	1.0	0.0
6.7816	283.1851	-113.004689	-1	0.0	0.36420489885
5.926	283.5653	-112.979888	-1	0.0	0.0382001106002
5.7221	283.6044	-112.719502	31	1.0	0.0
-2.0967	286.4229	-103.2696	37	1.0	0.337815478363
-2.3175	286.4348	-103.269591	37	0.885756047867	0.114243952133
-1.9797	286.4992	-99.458437	37	1.0	0.270848561187
-2.097	286.5529	-99.313134	-1	0.0	0.153029597131
-1.9567	286.4419	-99.247433	37	1.0	0.0113249254544
-1.9949	286.4416	-99.225023	37	1.0	0.168312849523
-1.7509	286.5741	-99.225007	-1	0.0	0.242186440302
-1.9705	286.4813	-99.185594	37	1.0	0.270848561187
5.7251	283.5589	-93.979141	31	1.0	0.022346411079
5.7454	283.618	-93.970597	31	0.854023013659	0.145976986341
6.0102	283.5768	-93.904036	28	0.894072522736	0.105927477264
5.7453	283.5792	-93.891905	31	1.0	0.0397586581062
6.0469	283.5983	-93.891789	28	1.0	0.0
5.7517	283.6414	-93.864899	31	0.73344762214	0.26655237786
5.9084	283.5939	-93.864845	30	1.0	0.0
-3.1741	282.0901	-91.10873	8	1.0	0.0925292204735
-1.7474	285.291	-85.003054	11	0.786728749384	0.213271250616
-1.7866	285.2728	-84.643674	11	0.691706903554	0.308293096446
-2.7464	287.0472	-82.892566	-1	0.0	0.00607975991189
-2.6817	287.0715	-82.892549	35	0.913402013723	0.0865979862774
-2.6575	287.0487	-82.660751	35	0.888131569777	0.111868430223
-2.575	287.1392	-82.459688	-1	0.0	0.355028146266
-2.7627	287.0022	-82.459676	34	1.0	0.0
-2.0383	286.4983	-81.19218	37	1.0	0.100212543668
-2.3487	286.6578	-80.729313	-1	0.0	0.24097872932
-2.5821	286.6286	-80.729308	36	0.279364639585	0.720635360415
-1.6886	281.9732	-80.55326	15	0.468729056596	0.531270943404
5.7025	283.622	-80.472849	31	0.609946325446	0.390053674554
5.782	283.7976	-80.440882	-1	0.0	0.17541111709
-2.6547	286.3371	-73.704975	-1	0.0	0.41355009808
-2.1865	286.4014	-73.704941	37	1.0	0.290969337999
-2.2087	286.326	-73.669154	37	0.859100178024	0.140899821976
-2.205	286.4531	-73.62917	37	1.0	0.0985526584528
-2.1978	286.4467	-73.577549	37	1.0	0.067046348072
-3.1741	282.0694	-72.911147	8	1.0	0.551897717263
-2.5165	281.9628	-72.911099	-1	0.0	0.0434941955817
-0.2461	288.9205	-71.897136	0	1.0	0.148723718891
-1.506	286.814	-70.522515	-1	0.0	0.0380515321531
5.7212	283.5679	-63.670447	31	1.0	0.0260480466127
13.1888	279.6702	-63.539418	-1	0.0	0.600101071566
-1.9692	286.4495	-63.533751	37	1.0	0.0
-1.9827	286.4524	-63.386194	37	1.0	0.0
-0.365	285.8452	-63.386117	13	1.0	0.0
-2.0318	286.4858	-62.344697	37	1.0	0.0
-1.9194	286.496	-62.229142	37	1.0	0.200929586339
-1.5124	286.3597	-62.22913	32	1.0	0.0
-2.1901	286.308	-59.426625	-1	0.0	0.0748107277333
-1.8305	286.246	-59.386697	-1	0.0	0.0916011145117
-3.1942	281.9927	-59.37074	8	1.0	0.6112659488
-3.2063	282.0023	-59.323353	8	1.0	0.6112659488
5.7346	284.3965	-58.538813	21	1.0	0.0
5.8469	284.4322	-58.538759	21	0.969362705902	0.0306372940984
5.8811	284.4286	-58.403635	21	1.0	0.0
5.9913	284.414	-58.403598	21	0.812240022338	0.187759977662
-2.0997	286.7022	-57.885841	-1	0.0	0.204444957183
-3.2587	282.0445	-53.551904	8	1.0	0.412238368215
-3.2629	282.0678	-53.468339	8	1.0	0.639722634128
-3.501	282.0151	-53.092204	8	0.279086498142	0.720913501858
2.3137	282.9751	-45.978312	17	1.0	0.0
-2.1929	286.4298	-45.201226	37	1.0	0.379838640573
6.4045	283.0042	-43.537224	-1	0.0	0.554208374584
-1.6484	281.996	-43.318733	15	0.816309986486	0.183690013514
4.9291	279.5436	-43.316925	-1	0.0	0.281794736136
1.9079	293.7349	-41.872136	2	0.476085990552	0.523914009448
-2.4561	286.621	-41.066347	36	0.385716576218	0.614283423782
-3.1547	282.0546	-39.176174	8	1.0	0.58520743874
0.4354	280.0385	-34.231741	3	0.977079262036	0.0229207379635
-2.0846	286.577	-33.360345	38	1.0	0.0
-3.4866	282.4813	-33.347292	7	0.468757583436	0.531242416564
-3.299	282.5141	-33.324074	7	0.360838812829	0.639161187171
-2.1905	286.408	-33.262779	37	1.0	0.25893098258
-1.864	286.2856	-33.123924	-1	0.0	0.33238284013
-2.1263	286.361	-26.574741	-1	0.0	0.0129694954504
5.85	283.5956	-25.829034	30	0.82718257011	0.17281742989
5.9553	283.631	-25.828987	-1	0.0	0.0142129109502
5.6977	283.5443	-25.384449	31	0.648787969987	0.351212030013
-1.5547	282.0345	-25.168333	15	0.519355236172	0.480644763828
-1.6162	281.8644	-25.16829	14	1.0	0.0
-1.8926	286.5657	-24.40946	37	0.70929652349	0.29070347651
-1.8127	286.4896	-24.070771	-1	0.0	0.251259032281
-3.2007	281.9609	-22.734951	8	0.659548490239	0.340451509761
-0.165	288.9583	-20.429935	0	1.0	0.0759180701768
-0.2933	289.0033	-20.429849	0	0.614568691468	0.385431308532
-0.2318	288.9251	-20.401921	0	1.0	0.0
-0.1528	288.9777	-20.401871	0	1.0	0.0759180701768
-2.4953	286.641	-18.875785	36	0.760907105914	0.239092894086
5.7012	284.457	-8.721257	21	0.854058271896	0.145941728104
5.868	284.3422	-8.72121	21	0.801943951744	0.198056048256
5.875	283.594	-4.613644	30	1.0	0.0
-2.22	286.4072	-4.408265	37	1.0	0.0
-1.7596	286.4695	-4.338776	-1	0.0	0.0478761113139
-2.1942	286.3561	-4.338766	37	1.0	0.0
-2.1288	286.4417	-4.280021	37	1.0	0.0515334552199
-3.2485	282.1066	-4.049003	8	0.841980416434	0.158019583566
-2.0964	286.3374	-2.987599	-1	0.0	0.0129694954504
6.4408	283.3805	-2.1e-05	24	0.996668008317	0.00333199168308
6.2897	283.3484	0.026173	24	0.65321622646	0.34678377354
-2.0404	286.3991	1.669804	37	1.0	0.305679776751
-2.0459	286.3645	2.099839	37	0.910518407776	0.0894815922238
1.8257	293.7579	2.765103	2	0.446879756915	0.553120243085
-2.0544	286.466	7.314359	37	1.0	0.315891369228
5.7283	283.6215	8.031876	31	0.947749502574	0.0522504974263
6.108	283.4241	8.319987	24	0.274000906365	0.725999093635
6.0308	283.5707	8.470514	28	0.894072522736	0.105927477264
-2.6413	287.0234	9.377578	35	0.500450155037	0.499549844963
-2.7252	287.1118	9.970102	-1	0.0	0.187696556589
-1.6427	281.855	10.984231	14	1.0	0.0
1.3051	294.0149	12.29845	1	1.0	0.0
-3.2977	282.1426	12.575777	8	0.645870007974	0.354129992026
-3.2582	282.0441	17.520198	8	1.0	0.395577285732
-3.2171	282.0877	17.520215	8	1.0	0.541240598332
-3.2513	282.031	18.153362	8	1.0	0.0266001337913
-2.2722	286.4723	19.144356	37	0.716155689871	0.283844310129
-2.4391	286.56	20.926499	36	0.308890623145	0.691109376855
-1.5209	286.757	22.373684	-1	0.0	0.190810092351
-1.2837	286.6359	22.376873	-1	0.0	0.0770781626183
-1.9831	286.2843	25.048809	-1	0.0	0.00257311448835
5.7565	283.5897	27.854211	31	0.930167950239	0.0698320497606
-1.5552	281.9588	29.249909	15	0.487151797377	0.512848202623
-2.2129	286.4004	29.79182	37	1.0	0.0693251341283
-2.3835	286.365	30.219834	37	0.762733096038	0.237266903962
-2.6092	286.9704	32.186814	35	0.45126543939	0.54873456061
-2.6272	286.9981	32.268793	35	0.45126543939	0.54873456061
-3.0672	286.9458	32.268801	-1	0.0	0.326011914584
-2.5713	286.9392	32.355271	-1	0.0	0.269214734354
-1.9846	286.4578	33.286679	37	1.0	0.147516883317
-1.6337	286.4977	33.286696	-1	0.0	0.283509186218
-2.0707	286.4088	34.23681	37	1.0	0.0503989298329
5.9264	283.5815	36.361537	30	0.787353670253	0.212646329747
6.1541	283.6227	36.361595	-1	0.0	0.481517274121
5.7109	283.5901	36.413312	31	0.852151536053	0.147848463947
5.865	283.6278	36.41335	-1	0.0	0.0520899877695
5.6723	283.5919	36.592375	31	0.49770845868	0.50229154132
5.9485	283.54	36.862003	29	1.0	0.0
-3.3211	285.6704	37.357287	23	0.301024098026	0.698975901974
-3.7726	282.7136	40.622302	7	0.343427983336	0.656572016664
-2.1664	286.4229	41.216789	37	1.0	0.0
-1.8123	286.4472	41.216816	37	0.92533306828	0.0746669317195
-2.3031	286.4154	41.42638	37	1.0	0.180464920049
-2.1668	286.4769	41.426395	37	1.0	0.173785484739
-1.968	286.2641	42.282096	-1	0.0	0.293234325796
-1.586	281.4955	42.811893	6	0.840105868706	0.159894131294
-1.6158	281.428	42.840431	6	1.0	0.0
-2.1969	286.4175	46.945836	37	1.0	0.169986699509
-2.0785	286.3331	46.945846	-1	0.0	0.102470009703
1.8132	293.6748	51.821315	2	0.37896551324	0.62103448676
1.8761	293.7466	51.821363	2	1.0	0.0
1.7821	293.7267	51.936939	2	0.358665694052	0.641334305948
-2.4227	286.4052	56.973691	-1	0.0	0.21872240515
-2.3244	286.6048	57.184724	36	0.300998119814	0.699001880186
-2.5072	286.5968	57.184733	36	0.446012510123	0.553987489877
-2.2898	286.5172	60.675267	37	0.740904722657	0.259095277343
-1.5739	282.0088	64.073427	15	0.987017279573	0.012982720427
-2.2245	286.4781	67.928817	37	0.755935606539	0.244064393461
-2.017	286.4835	67.92882	37	1.0	0.000879626692968
-1.6893	286.3183	67.982156	32	1.0	0.0
-2.2437	286.4389	68.094078	37	1.0	0.231629545061
-3.1898	281.975	69.105282	8	1.0	0.62959724618
-3.1243	282.1108	69.17995	8	1.0	0.0
-0.5841	286.8514	73.141532	26	0.373843264504	0.626156735496
-0.8032	286.8438	73.141532	26	0.661607480399	0.338392519601
-0.7017	286.8053	73.180085	26	0.70923124062	0.29076875938
-3.3732	281.3446	76.495403	4	1.0	0.0
-3.504	281.3206	76.495414	4	1.0	0.0
1.5434	293.7087	78.909061	2	0.171936317255	0.828063682745
5.7373	283.5723	80.412345	31	1.0	0.0
5.7363	283.57	80.448471	31	1.0	0.0123645127085
-2.1521	286.4061	82.949848	37	1.0	0.0326831657943
-2.2684	286.3127	83.475556	-1	0.0	0.290324192627
-2.1727	286.4221	85.842385	37	1.0	0.00171613552698
-2.0935	286.4052	85.842398	37	1.0	0.127075015668
-3.2363	282.0303	92.631596	8	1.0	0.0
-2.1094	286.765	93.026596	-1	0.0	0.0464922154375
-2.6434	286.8876	93.264458	-1	0.0	0.225425714315
-2.6628	286.877	93.264494	-1	0.0	0.245921034577
-2.0799	286.3388	94.929609	-1	0.0	0.105157131166
1.874	293.7506	105.953935	2	1.0	0.0
1.9198	293.8092	106.140127	2	0.256778415895	0.743221584105
-2.0183	286.4732	107.636065	37	1.0	0.118190269273
-2.6044	286.7866	110.696151	-1	0.0	0.263690966614
-2.0804	286.6159	112.470273	-1	0.0	0.260288284801
-2.2861	286.5989	112.470292	-1	0.0	0.0111810080284
-2.9799	282.1366	112.529079	8	0.277411275979	0.722588724021
-2.4504	286.9843	113.882053	33	1.0	0.0
-2.1377	286.3595	114.263474	37	0.703052929993	0.296947070007
-1.5261	286.3286	115.070735	32	1.0	0.0
1.5259	293.9465	117.912019	-1	0.0	0.0846042538054
-2.2407	286.6404	118.176903	-1	0.0	0.237579740525
6.3438	283.4028	121.441921	24	0.607318066172	0.392681933828
-3.3193	282.0008	126.500065	8	0.656443945344	0.343556054656
4.1568	283.045	126.629933	-1	0.0	0.0588613134531
-2.8155	287.0309	133.194884	-1	0.0	0.0991040056918
-2.7321	287.0686	133.194902	35	0.822168181642	0.177831818358
-2.6407	286.9638	133.53532	-1	0.0	0.151752065616
-1.9536	286.65	133.535337	-1	0.0	0.135777738873
1.6049	293.7141	133.773882	2	0.228490853022	0.771509146978
1.8613	293.7409	133.773957	2	1.0	0.0
1.8378	293.6923	133.842611	2	0.37896551324	0.62103448676
1.6567	293.7384	133.921536	2	0.225169559971	0.774830440029
1.9998	293.7634	133.921633	2	0.230026126983	0.769973873017
1.8831	293.7773	134.044992	2	0.505061763487	0.494938236513
2.6618	293.3746	134.16982	-1	0.0	0.70030818333
-3.3773	285.4798	134.455856	23	0.798603863394	0.201396136606
-2.6053	286.5508	137.12988	-1	0.0	0.369436865846
-0.5265	286.5275	137.325868	-1	0.0	0.259543922156
-2.0482	286.3707	138.675227	37	1.0	0.189034201527
-2.0372	286.418	139.036885	37	1.0	0.163704819174
-2.3164	286.5084	143.1597	-1	0.0	0.105261779253
-3.1096	282.1461	148.097021	8	0.57402303362	0.42597696638
-2.5841	287.0323	148.280871	35	0.580309709738	0.419690290262
5.7447	283.5967	151.367612	31	1.0	0.0448358555496
5.7597	283.6037	151.386169	31	1.0	0.0430125261357
5.8686	283.6164	151.386211	-1	0.0	0.0241360131887
5.7223	283.5561	151.44141	31	1.0	0.022346411079
6.1902	283.5941	151.441574	-1	0.0	0.605734097859
-3.3161	282.0019	152.353742	8	0.696407274436	0.303592725564
-3.3177	281.9787	153.883313	8	0.696407274436	0.303592725564
-3.5707	282.5814	158.906678	7	1.0	0.0
2.1494	284.5408	160.307511	-1	0.0	0.267306469554
-2.0614	286.3578	160.398306	37	0.874552595967	0.125447404033
5.7264	283.6297	162.361484	31	0.620999651607	0.379000348393
5.8878	283.5916	162.42722	30	1.0	0.0
6.0171	283.6178	162.427256	28	1.0	0.0
5.7491	283.5571	162.480067	31	1.0	0.0
-1.8873	286.551	163.987621	37	0.70929652349	0.29070347651
-1.8778	286.611	164.423849	-1	0.0	0.0228116530323
-1.8715	286.6292	164.481259	-1	0.0	0.0228116530323
-1.915	286.6609	164.524279	-1	0.0	0.0228116530323
-1.8804	286.6305	164.623272	-1	0.0	0.0228116530323
5.7199	284.307	165.45285	21	0.735149015143	0.264850984857
-3.1536	281.9212	166.64414	8	0.364615746338	0.635384253662
-3.2556	281.9874	169.322705	8	0.693502961951	0.306497038049
-2.117	286.2973	174.128971	-1	0.0	0.00696491387506
-1.7102	286.3002	174.238876	-1	0.0	0.0178689614191
-2.481	286.5618	174.390446	36	0.382202828645	0.617797171355
-3.6147	282.5575	178.03792	7	0.982689708041	0.0173102919585
-0.9087	284.7239	179.18672	-1	0.0	0.354243038807
-3.3389	282.0749	179.332247	8	0.62666054013	0.37333945987
-4.2414	284.1062	184.11409	-1	0.0	0.268631645375
-1.6322	281.9882	185.378	15	0.814577325213	0.185422674787
-1.5947	282.0038	185.404451	15	1.0	0.0
-1.6254	281.9964	185.404497	15	1.0	0.0
-1.5912	281.9946	185.425286	15	0.987429864257	0.0125701357428
-1.619	281.8852	185.466771	14	1.0	0.0
-2.0216	286.5087	186.799922	37	1.0	0.0899702567142
-1.4323	286.3597	186.79994	-1	0.0	0.0181917847618
-1.9952	286.4423	186.854244	37	1.0	0.160592001641
-1.9831	286.4329	186.928643	37	1.0	0.142988717642
-2.0291	286.3946	187.253468	37	1.0	0.305679776751
-1.9042	286.5337	187.267817	37	0.70929652349	0.29070347651
2.348	282.8957	187.51216	17	0.491309102338	0.508690897662
-2.031	286.4846	187.584854	37	1.0	0.0
-2.0495	286.4351	187.709809	37	1.0	0.024520731306
-2.7575	286.3057	189.85141	-1	0.0	0.044529716484
-2.9018	286.3182	189.851421	-1	0.0	0.044529716484
-0.7036	286.7558	192.631419	26	0.837719153959	0.162280846041
-2.4861	287.0578	193.174944	35	0.476095403036	0.523904596964
5.1333	284.8453	193.205955	18	0.896795248412	0.103204751588
-2.6098	287.058	193.27228	35	0.64169326857	0.35830673143
-2.5105	287.0327	193.296359	35	0.470870084892	0.529129915108
-2.6291	287.0347	193.296362	35	0.65883511917	0.34116488083
-2.6108	287.0449	193.641027	35	0.64977968422	0.35022031578
-2.438	286.5944	194.44558	36	0.311277284743	0.688722715257
-1.9686	286.6397	194.477918	-1	0.0	0.199414176428
-3.3033	282.114	199.812076	8	0.728305563484	0.271694436516
-3.2844	282.1767	199.914032	8	0.513392002198	0.486607997802
-3.0444	282.1189	200.008615	8	0.487091838935	0.512908161065
-3.098	282.1244	200.398485	8	0.782757854967	0.217242145033
-3.2816	282.1364	200.707149	8	0.820536084883	0.179463915117
1.8592	293.7905	202.350181	2	0.331543249413	0.668456750587
2.0421	293.7205	202.379918	2	0.230026126983	0.769973873017
2.0148	293.7017	202.382513	2	0.177596255513	0.822403744487
-1.7236	286.4442	205.261397	-1	0.0	0.11532812731
-2.0333	286.4452	205.261401	37	1.0	0.0
-1.4338	286.5967	205.320706	-1	0.0	0.0750212669141
-1.6113	281.874	211.505336	14	1.0	0.0
-1.9649	281.9639	211.550304	-1	0.0	0.613401373444
5.7181	283.6257	213.553221	31	0.947749502574	0.0522504974263
5.9469	283.6141	213.553298	-1	0.0	0.128111585797
5.7416	283.6512	213.670861	-1	0.0	0.00708143849508
5.888	283.5749	213.670921	30	0.811589874055	0.188410125945
5.7238	283.6055	214.017767	31	1.0	0.0
-2.5382	287.0629	214.183271	35	0.494691257484	0.505308742516
6.5219	283.3449	222.0408	24	0.597183309617	0.402816690383
-3.2755	282.1279	223.58698	8	0.820536084883	0.179463915117
-3.1165	282.0695	226.637426	8	0.865182657985	0.134817342015
-1.9844	286.2492	226.9872	-1	0.0	0.397458299655
-2.2194	286.3899	226.987377	37	1.0	0.0
-1.9211	286.4345	226.987386	37	1.0	0.188141797305
-2.2586	286.3935	227.098738	37	1.0	0.055797716997
-2.2218	286.4668	227.190979	37	0.876890984892	0.123109015108
-2.5351	286.3691	227.191009	-1	0.0	0.41355009808
-2.2204	286.4258	227.247957	37	1.0	0.05269324624
-2.1966	286.4146	227.286287	37	1.0	0.0779358923279
-2.1915	286.3972	227.722135	37	1.0	0.00411669152866
-2.1278	286.5209	227.84991	37	0.727429959942	0.272570040058
-3.2246	282.0371	229.603042	8	1.0	0.0
-0.7541	286.7425	229.867018	26	0.935813068752	0.0641869312479
-0.8128	286.7842	229.908537	26	1.0	0.0
-0.3738	286.6446	229.908541	-1	0.0	0.126888632047
5.7636	283.809	230.131048	-1	0.0	0.229561955186
5.4248	283.5913	230.15743	-1	0.0	0.693958287256
5.746	283.5996	230.157498	31	1.0	0.0
5.7399	283.5674	230.200154	31	1.0	0.0
5.827	283.6314	230.225417	-1	0.0	0.0520899877695
5.7055	283.6308	230.260001	31	0.57824892249	0.42175107751
5.9993	283.6187	230.260095	-1	0.0	0.172710111893
5.8524	283.6346	230.346265	-1	0.0	0.0520899877695
5.4389	283.5079	230.381576	-1	0.0	0.681318886563
5.6177	283.5321	230.381644	-1	0.0	0.351027106302
5.6035	283.5749	230.480329	-1	0.0	0.307320043041
5.7501	283.59	230.480383	31	1.0	0.0819253609257
-2.0429	286.4024	233.059311	37	1.0	0.308818282974
-2.4794	286.547	233.909086	-1	0.0	0.0687221301746
-3.4347	285.4899	233.920309	23	1.0	0.0
-3.0578	282.073	235.488502	8	0.699259022809	0.300740977191
6.946	285.7851	239.503634	5	1.0	0.0
-2.3751	286.3167	240.170169	-1	0.0	0.143535406528
-0.0999	286.996	241.140157	25	0.789388995089	0.210611004911
0.1748	287.0268	241.140187	25	1.0	0.0
0.3475	280.0241	241.360297	3	1.0	0.0
-3.1325	286.7606	243.167318	-1	0.0	0.231941868356
-3.4956	282.6224	246.627297	7	0.747619235928	0.252380764072
-3.1356	286.1771	249.500787	27	1.0	0.0
-3.1141	286.2448	249.541224	27	0.904184294291	0.0958157057086
-3.1301	286.2061	249.601544	27	1.0	0.0
-3.1465	286.1549	249.663692	27	1.0	0.0
-2.8044	286.3307	250.590648	-1	0.0	0.044529716484
-3.224	282.0298	251.874273	8	1.0	0.0
-1.8672	286.455	258.141298	37	1.0	0.0
-2.3354	286.3892	258.141298	37	0.807276112668	0.192723887332
-2.3116	286.5472	258.378482	-1	0.0	0.217370340089
-3.2262	281.3777	259.122058	4	0.803195438973	0.196804561027
-3.4415	281.3435	259.122073	4	1.0	0.0
6.054	284.7494	259.174931	20	1.0	0.0
-2.3787	286.4214	265.983793	37	0.676292102272	0.323707897728
-4.1572	285.5199	266.767261	22	1.0	0.0
-4.207	285.4692	266.767307	22	1.0	0.0
1.8611	293.7585	269.257649	2	0.76146708994	0.23853291006
1.9255	293.7916	269.257698	2	0.302251116333	0.697748883667
-1.9013	286.3225	275.935706	-1	0.0	0.0951824282071
-2.03	286.4954	275.993316	37	1.0	0.056143435946
-1.656	286.4056	276.846431	-1	0.0	0.300655829365
-2.2047	286.6139	276.846433	-1	0.0	0.0831431945148
-1.8669	286.5118	281.550683	-1	0.0	0.100305204592
5.6933	283.5961	282.774891	31	0.751288101008	0.248711898992
5.8931	283.5585	282.774953	-1	0.0	0.0460566640876
-1.3442	279.9295	284.09937	3	0.961666505324	0.0383334946759
-1.9959	286.4762	291.146903	37	1.0	0.0593556291026
-1.5295	281.3158	291.309649	6	0.430457036987	0.569542963013
-1.6096	281.4526	291.413886	6	1.0	0.0
-1.7188	281.3388	291.413897	6	0.461791817549	0.538208182451
-2.2315	287.1095	292.427477	-1	0.0	0.117898998439
-2.7221	287.0088	292.42749	34	1.0	0.0
-2.6906	287.0685	292.536643	35	1.0	0.0
-2.6771	287.079	293.441516	35	1.0	0.0
-4.3662	285.9417	294.574375	12	1.0	0.0
-3.1966	282.0575	296.620325	8	1.0	0.536219826837
-2.2209	286.5731	300.844056	-1	0.0	0.0433130563675
-2.1897	286.2794	300.972952	-1	0.0	0.251851610718
-1.924	286.5578	301.071234	37	0.70929652349	0.29070347651
-2.2199	286.5437	301.071241	-1	0.0	0.0980291703008
-2.1794	286.5666	301.21582	-1	0.0	0.071099301225
-2.1134	286.417	301.215829	37	1.0	0.337815478363
5.7288	283.6125	301.43124	31	1.0	0.0875629203672
5.7684	283.6219	301.479021	31	0.736475511853	0.263524488147
1.8205	280.9177	301.524009	-1	0.0	0.520968788809
5.7395	283.5272	301.524871	31	0.622636845451	0.377363154549
5.7694	283.6339	301.936282	31	0.73344762214	0.26655237786
-2.0219	286.4569	303.103998	37	1.0	0.0663383781143
-2.1163	286.2826	303.366065	-1	0.0	0.281951670266
2.2834	282.9525	304.026993	17	1.0	0.0
2.3129	282.9719	304.044404	17	1.0	0.0
2.3025	282.9994	304.06213	17	0.81915747299	0.18084252701
2.2941	282.9412	304.064223	17	1.0	0.0
2.4172	282.991	304.064252	17	0.583510978118	0.416489021882
-1.7269	285.1147	306.583489	11	1.0	0.0
1.781	293.7282	309.015585	2	0.354754862767	0.645245137233
-1.4278	286.5211	312.729543	-1	0.0	0.0521791047953
-2.0546	286.4171	312.729567	37	1.0	0.0
-2.0139	286.452	312.75912	37	1.0	0.0128882098111
1.4156	283.2949	313.897757	-1	0.0	0.706426397998
2.1682	283.2368	313.897852	16	1.0	0.0
1.707	283.4841	313.917644	-1	0.0	0.684628215588
2.2037	283.2048	313.928914	16	1.0	0.0
2.2938	283.1775	313.92893	16	0.946155869144	0.0538441308556
-3.2624	282.0241	315.417681	8	1.0	0.108916626184
-0.2315	288.9546	316.190341	0	1.0	0.0
0.1554	288.9774	316.673357	0	0.366362834264	0.633637165736
-0.16	288.9892	316.673362	0	1.0	0.0759180701768
-2.2349	286.4203	317.870363	37	1.0	0.101039148542
-0.8859	285.9336	317.870423	13	0.935631353195	0.0643686468048
-2.0307	286.2677	317.917479	-1	0.0	0.043117039083
-1.637	281.9592	321.056232	15	0.489682274503	0.510317725497
-2.2982	286.3807	321.738238	37	1.0	0.0380712156591
-1.9562	286.3571	321.893507	-1	0.0	0.0993157727359
-2.2948	286.4118	321.921698	37	1.0	0.0295189684608
-2.5396	286.6286	322.632326	36	0.508048218163	0.491951781837
-3.5169	282.5639	326.761539	7	0.856571281485	0.143428718515
-3.585	282.5947	326.813716	7	1.0	0.0
-3.5873	282.7484	326.813741	7	0.397132146791	0.602867853209
-3.7341	282.7128	327.32066	7	0.399050212483	0.600949787517
-3.5845	282.6248	327.320705	7	1.0	0.0
1.4759	293.9457	327.645324	2	0.0797931878906	0.920206812109
-4.2528	286.0546	328.095164	12	1.0	0.0
-0.0274	285.6931	328.656976	-1	0.0	0.0386629202887
-2.5544	287.0914	329.170373	-1	0.0	0.0972820052549
-0.6907	286.8406	331.233906	26	0.572932184524	0.427067815476
-0.8904	286.7699	331.281159	26	1.0	0.0
2.1835	285.5185	333.649914	-1	0.0	0.120130749281
-2.2834	286.4538	339.075105	37	0.744420059362	0.255579940638
-1.5656	286.5696	339.161904	-1	0.0	0.002125680508
-2.0218	286.4987	339.16192	37	1.0	0.0899702567142
-2.2694	286.3704	339.161926	37	1.0	0.0701884964913
-2.2697	286.5019	339.19446	37	0.740904722657	0.259095277343
-2.2787	286.4399	339.459127	37	1.0	0.231629545061
-1.8976	286.4481	339.459131	37	1.0	0.153806245381
6.9638	285.8825	339.607153	5	1.0	0.0
-2.9272	286.3466	348.755655	-1	0.0	0.14367222251
5.7436	283.5593	348.812087	31	1.0	0.0705215394529
5.8455	283.5585	348.813687	-1	0.0	0.0769852806182
5.7562	283.5799	348.866056	31	1.0	0.0564597500415
0.0331	286.1038	349.19033	-1	0.0	0.0727719127928
-2.176	285.1379	349.356072	11	0.326832528535	0.673167471465
-2.4648	286.9653	352.149477	33	1.0	0.0
-2.5862	287.0701	352.441954	35	0.494331793015	0.505668206985
-0.2162	286.863	358.764335	-1	0.0	0.138612864721
6.6948	285.8423	360.039934	5	1.0	0.0
-2.6453	287.0122	362.661177	35	0.54961237249	0.45038762751
-2.6335	287.0747	362.66121	35	0.64169326857	0.35830673143
-2.2817	286.4434	362.77656	37	0.94604287471	0.0539571252897
-2.2977	286.3735	363.884178	37	1.0	0.0701884964913
-0.5458	285.7989	363.884273	13	1.0	0.0
-2.9849	286.1865	365.128121	27	0.713490600225	0.286509399775
-1.9008	286.471	366.618515	37	0.874827429664	0.125172570336
6.1113	283.3162	366.779709	24	0.309648056871	0.690351943129
6.3951	283.3848	366.779816	24	1.0	0.0
6.379	283.3593	366.782931	24	0.888409273586	0.111590726414
6.5363	283.4144	366.782984	24	0.434421528966	0.565578471034
-2.1651	286.4463	368.21908	37	1.0	0.0519663058256
-2.0347	286.4458	368.219081	37	1.0	0.0
-2.0727	286.4387	368.858507	37	1.0	0.153988338111
-1.9575	286.5246	368.858523	37	0.685752029235	0.314247970765
4.9754	284.8213	369.404468	18	0.375956801079	0.624043198921
5.0859	284.8736	369.404501	18	1.0	0.0
-2.1146	286.4233	370.723377	37	1.0	0.337815478363
-3.3312	282.2259	374.703874	8	0.243640914955	0.756359085045
-2.713	287.0655	381.178609	35	1.0	0.0
-2.7976	287.0095	381.229892	-1	0.0	0.215425169486
-2.6899	287.0973	381.229935	35	0.528555170428	0.471444829572
-2.5327	287.1068	381.264744	-1	0.0	0.0171096738684
-3.0045	287.0679	381.264757	-1	0.0	0.309020159672
-2.737	287.0844	381.345835	35	0.586994761895	0.413005238105
-2.7164	286.9933	381.38453	34	1.0	0.0
-2.7282	287.0772	381.429678	35	0.941913739902	0.0580862600985
-2.7148	287.0725	381.959231	35	1.0	0.0
-3.2506	282.0853	382.483455	8	1.0	0.584287656508
1.7881	293.6535	384.586243	2	0.288598850432	0.711401149568
1.9339	293.6368	384.586257	2	0.166047584158	0.833952415842
1.7311	293.652	384.951519	2	0.234213954519	0.765786045481
1.8378	293.6824	384.951572	2	0.303349479526	0.696650520474
-2.1749	286.4171	386.141294	37	1.0	0.0
2.2253	282.8352	386.217958	17	0.627329347328	0.372670652672
2.1832	282.7946	386.238489	-1	0.0	0.141403552642
2.2676	282.8818	386.296539	17	0.732501080329	0.267498919671
2.2604	283.0253	386.346122	17	0.53952995219	0.46047004781
2.1848	282.8646	386.482632	17	0.715728967064	0.284271032936
5.7725	283.6251	387.505443	31	0.736475511853	0.263524488147
6.0523	283.617	387.505547	28	1.0	0.0
5.0817	284.1418	387.505683	-1	0.0	0.0222353831104
5.734	283.5719	387.719557	31	1.0	0.0573875743183
-1.6361	281.969	389.872064	15	0.738353325701	0.261646674299
-1.6456	281.9835	389.907705	15	0.869603433851	0.130396566149
-1.4814	282.0374	389.947074	15	0.387427662479	0.612572337521
-1.5382	282.0183	389.985463	15	0.721582396421	0.278417603579
-1.6316	282.0113	390.048802	15	0.745620705477	0.254379294523
6.615	282.1963	391.011804	-1	0.0	0.147739089364
-3.5336	285.3455	391.483957	23	0.486744223977	0.513255776023
-3.6796	285.4004	391.496035	23	0.623080761221	0.376919238779
-3.7325	285.3372	391.661886	23	0.624458975118	0.375541024882
-3.125	285.2146	391.661913	19	1.0	0.0
-3.2453	285.1736	392.069728	19	1.0	0.0
-3.0565	285.2402	392.069739	19	1.0	0.0
-3.2802	285.1336	392.069775	19	0.945175367782	0.0548246322182
-2.5049	284.9262	392.17218	11	0.23611762366	0.76388237634
-2.9798	285.0267	392.172181	19	0.791983462999	0.208016537001
-2.9545	285.1861	392.172218	19	1.0	0.0
-2.8591	285.013	392.419744	19	0.740088598233	0.259911401767
-2.2617	286.3807	396.699307	37	1.0	0.057323155262
2.2042	283.1359	399.331202	16	0.850847068205	0.149152931795
1.8724	293.7569	403.538585	2	0.978080052648	0.0219199473521
-1.5374	286.4772	403.89217	-1	0.0	0.292736222849
-2.0412	286.4572	403.892182	37	1.0	0.0
-2.2433	286.3981	409.112447	37	1.0	0.20054198869
-1.9502	286.4513	409.112449	37	1.0	0.0
-2.2306	286.399	409.171457	37	1.0	0.0
3.0677	284.1167	409.172085	-1	0.0	0.103131426952
-2.2597	286.39	409.302759	37	1.0	0.0374430740043
-2.2648	286.3462	409.387836	37	0.841697729165	0.158302270835
-2.0404	286.309	409.527648	-1	0.0	0.00257311448835
-2.1469	286.3571	413.111649	37	0.851646676476	0.148353323524
-0.0901	288.9199	415.848319	0	0.874036557388	0.125963442612
-0.2136	288.9886	415.848419	0	1.0	0.112949509707
0.0	289.0077	415.919312	0	0.575282712457	0.424717287543
-0.2012	288.9416	415.959092	0	1.0	0.0
-0.096	288.9277	416.325023	0	1.0	0.0
-2.3974	286.9807	417.079277	33	0.884177543405	0.115822456595
-2.6605	287.0566	417.079317	35	1.0	0.0
-2.3664	286.2893	420.295046	-1	0.0	0.316514935101
-2.2525	286.4057	422.223193	37	1.0	0.130101030254
-3.2811	281.8966	429.14758	8	0.336483579779	0.663516420221
5.7731	283.5422	429.579953	31	0.635211555271	0.364788444729
7.3044	282.687	429.580842	-1	0.0	0.012011725657
1.8958	293.642	432.040327	2	0.221201700602	0.778798299398
-1.5383	281.4232	432.174284	6	1.0	0.0
-1.5934	281.4478	432.196966	6	1.0	0.0
1.7269	293.7635	432.380943	2	0.239130471096	0.760869528904
1.5072	293.7605	432.58552	2	0.141080776127	0.858919223873
1.8597	293.7417	432.794525	2	1.0	0.0
-2.3047	286.7195	433.548271	-1	0.0	0.392485463582
-2.4677	286.6377	433.548277	36	0.650884326837	0.349115673163
-3.4004	287.3023	435.162569	-1	0.0	0.19872168969
5.7194	284.4091	439.287744	21	1.0	0.0
5.8477	284.3334	439.287804	21	0.784694709801	0.215305290199
5.6638	284.3955	439.327807	21	1.0	0.0
6.6634	284.0406	439.349442	-1	0.0	0.275829714169
-3.4655	282.0172	442.637595	8	0.362390918595	0.637609081405
-2.0453	286.45	443.728684	37	1.0	0.0
-1.9757	286.4539	443.814022	37	1.0	0.0
-2.0217	286.4923	443.88815	37	1.0	0.0
-2.0053	286.5063	444.0152	37	1.0	0.188943976426
-2.0772	286.4321	444.422047	37	1.0	0.00793424628505
-1.7859	286.4437	444.422048	-1	0.0	0.0478761113139
1.3487	294.1265	444.884782	1	1.0	0.0
1.2169	294.1164	445.290375	1	1.0	0.0
1.3398	294.1466	445.290401	1	1.0	0.0
-2.0814	286.4231	450.869709	37	1.0	0.337815478363
-1.4156	286.5061	450.869761	-1	0.0	0.410044846225
-2.0857	286.456	450.992415	37	1.0	0.0109614757305
-2.101	286.4314	451.165062	37	1.0	0.0792246730725
-1.8513	286.4497	451.165067	37	1.0	0.0
-1.6114	286.4874	451.695956	-1	0.0	0.304859980347
-0.0034	286.9453	452.512228	25	1.0	0.0
-4.1816	285.4535	453.541904	22	1.0	0.0
-2.6451	287.0556	456.373582	35	1.0	0.0
-2.1436	286.4626	457.053179	37	1.0	0.00295309952765
-2.2972	286.5127	457.053186	37	0.740904722657	0.259095277343
2.5277	282.971	458.359647	17	0.583510978118	0.416489021882
-1.7951	285.2732	460.354431	11	0.666511741954	0.333488258046
-3.0225	287.3153	461.326982	-1	0.0	0.00766450677786
-2.6578	287.0635	461.327013	35	0.913402013723	0.0865979862774
5.6921	283.577	461.426561	31	0.499431843501	0.500568156499
5.9138	283.595	461.426639	30	1.0	0.0
5.7197	283.5892	461.441733	31	0.955335674258	0.0446643257421
5.715	283.6095	461.501997	31	1.0	0.074405987297
5.758	283.6348	461.582674	31	0.732858545323	0.267141454677
6.0529	283.6402	461.582774	-1	0.0	0.0707835995768
5.6036	283.6227	461.642466	-1	0.0	0.441812576947
5.7268	283.6128	461.642524	31	1.0	0.0
6.0212	283.6462	461.642614	-1	0.0	0.0986308671412
5.7113	283.5629	461.677662	31	1.0	0.0421649977661
1.8555	293.7309	462.41466	2	0.845842051672	0.154157948328
-2.5677	287.0389	462.58869	35	0.558635587607	0.441364412393
-2.3242	287.0835	462.709644	-1	0.0	0.0504377100811
-2.6047	287.1125	462.709656	-1	0.0	0.221520145307
-2.5332	286.9988	462.852033	-1	0.0	0.314149446823
-2.5601	286.9024	462.874952	-1	0.0	0.245921034577
-3.2075	286.7404	469.530576	-1	0.0	0.312630030352
-2.7261	286.8522	469.532743	-1	0.0	0.365750499161
6.4433	283.3799	471.298444	24	1.0	0.0
6.9695	283.3789	471.298663	-1	0.0	0.447440033437
-3.1283	286.2038	471.930016	27	1.0	0.0
-1.2084	280.0588	476.660638	3	1.0	0.0
-1.3864	280.0109	476.66065	3	1.0	0.0
-1.9461	286.493	479.609585	37	1.0	0.200929586339
-1.4837	286.5371	479.91788	-1	0.0	0.394026747736
-1.9479	286.4548	479.917889	37	1.0	0.022970256373
-2.2694	286.4174	481.359352	37	1.0	0.0328883797525
-2.0702	286.4553	481.35937	37	1.0	0.0
-4.4161	286.1078	482.366109	12	1.0	0.0
-4.3315	286.1877	482.651463	12	0.800232111369	0.199767888631
-2.4379	286.9013	483.714709	-1	0.0	0.338983324852
1.8944	293.7162	487.816102	2	0.451138917351	0.548861082649
2.0988	293.739	487.829342	2	0.195824115185	0.804175884815
1.8516	293.6641	487.923076	2	0.351942133655	0.648057866345
-1.869	286.4571	488.006129	37	1.0	0.0
1.9664	293.6108	488.094109	2	0.116969770052	0.883030229948
1.8562	293.7805	488.451556	2	0.440934449222	0.559065550778
-2.1786	286.3497	490.185037	37	1.0	0.0
-2.3929	286.3758	490.185057	-1	0.0	0.0607161371212
-2.0589	286.5594	493.919544	38	1.0	0.0
-2.2661	286.5262	493.919555	-1	0.0	0.0487075836236
-2.3434	286.5713	494.12626	36	0.271488392738	0.728511607262
5.9275	283.5594	494.675572	29	0.913176397688	0.0868236023124
5.709	283.5584	494.921386	31	1.0	0.0540094828932
-3.1638	286.2513	495.728965	27	0.820633615989	0.179366384011
-3.2823	282.0427	497.100258	8	1.0	0.431165405926
-3.3	282.0076	497.171036	8	0.826863329877	0.173136670123
-3.2749	282.0233	497.640191	8	1.0	0.404206106308
-0.8761	281.2243	497.6405	-1	0.0	0.277552235888
-3.2089	282.163	497.866494	8	0.670096168835	0.329903831165
5.9799	284.3939	499.806281	21	0.864430425596	0.135569574404
6.2174	284.1107	499.806409	-1	0.0	0.262008777641
-1.363	286.73	503.308351	-1	0.0	0.210088681847
-1.5426	286.6579	503.308358	-1	0.0	0.0940540613758
-2.6545	287.0201	505.433801	35	0.507557462513	0.492442537487
-2.0236	286.5803	506.016462	38	1.0	0.0
-2.0305	286.5562	506.05912	38	1.0	0.0
-2.0198	286.5544	506.15695	-1	0.0	0.00735379855317
-1.3752	286.3959	506.156959	-1	0.0	0.151920810463
-2.1524	286.5218	506.213116	-1	0.0	0.195737666751
-2.0467	286.4891	506.295403	37	1.0	0.130292693083
-1.7832	286.5892	506.295415	-1	0.0	0.119850930128
-2.0277	286.5269	506.371896	37	1.0	0.104445061202
-0.813	286.7719	510.78735	26	1.0	0.0
-0.8964	286.778	510.796869	26	1.0	0.0
-0.7861	286.7846	510.826102	26	0.935813068752	0.0641869312479
-0.3944	286.759	510.82613	-1	0.0	0.0700678248524
-0.8916	286.7431	510.863787	26	0.864998868677	0.135001131323
-2.2411	286.3537	515.707919	37	0.882208584566	0.117791415434
-3.1851	282.1345	516.649214	8	0.923520483156	0.076479516844
1.6761	293.6817	520.33019	2	0.271746383164	0.728253616836
1.8426	293.7317	520.330245	2	0.776095635428	0.223904364572
2.0073	293.7428	520.330289	2	0.266615702047	0.733384297953
-3.3199	281.2999	520.508918	4	1.0	0.0
-2.1636	286.2813	523.433033	-1	0.0	0.0748107277333
-1.98	286.4089	523.750136	37	1.0	0.11425464162
-1.8026	286.5448	523.750186	-1	0.0	0.0709073286377
-2.04	286.4757	523.750213	37	1.0	0.0875670365076
-2.0166	286.4861	524.405065	37	1.0	0.0
-1.9995	286.4114	525.607304	37	1.0	0.0166393882601
-2.4499	286.6708	533.031393	36	0.685240870308	0.314759129692
-2.319	286.7558	533.412121	-1	0.0	0.00962220899024
-2.3702	286.3475	537.286329	-1	0.0	0.0692421579605
1.6162	293.6919	537.681523	2	0.239312724921	0.760687275079
1.8745	293.7457	537.68158	2	1.0	0.0
1.9563	293.7584	537.73636	2	0.300616187117	0.699383812883
1.753	293.7433	538.043971	2	0.322722657128	0.677277342872
-0.1249	285.4924	540.168879	13	1.0	0.0
-2.1969	286.3523	540.243894	37	1.0	0.0
-3.1126	286.7888	541.840429	-1	0.0	0.1361984408
-2.4907	286.5364	541.843725	-1	0.0	0.239878208207
-2.0276	286.4175	542.035719	37	1.0	0.252133529859
0.1127	285.3533	543.739384	-1	0.0	0.0156088913
-2.2875	286.3766	543.988738	37	1.0	0.0455349990319
-2.6664	287.0902	544.087132	35	0.6505132078	0.3494867922
-2.6639	287.059	544.495346	35	1.0	0.0
-2.4845	287.0491	544.495377	-1	0.0	0.0185518311574
-2.7112	286.9267	544.586421	-1	0.0	0.225425714315
-2.8638	286.9369	545.058717	-1	0.0	0.458137253352
-2.4324	287.0044	545.058735	33	1.0	0.0
-2.6891	287.0627	545.058736	35	1.0	0.0
-2.9778	287.0408	545.229673	-1	0.0	0.089396107024
-3.1939	286.0915	547.611584	27	0.529755701517	0.470244298483
-3.2714	282.031	549.599839	8	1.0	0.109674909852
-2.9425	286.3305	552.124176	-1	0.0	0.157870244938
-2.5589	286.3816	552.124177	-1	0.0	0.0891788048188
5.6015	283.5724	561.350974	-1	0.0	0.291857914346
5.7283	283.5854	561.35102	31	1.0	0.0819253609257
6.1891	283.6152	561.430263	-1	0.0	0.611918314634
-2.3118	286.3507	562.995352	37	0.772008826591	0.227991173409
-2.1316	286.4127	562.995368	37	1.0	0.344453522324
-2.1868	286.2135	563.035249	-1	0.0	0.00148853315242
1.866	293.719	570.461991	2	0.637009913578	0.362990086422
1.7076	293.6967	570.495956	2	0.239312724921	0.760687275079
1.7437	293.7019	570.495983	2	0.341180558395	0.658819441605
1.4638	293.6554	570.519056	2	0.102502545653	0.897497454347
1.8506	293.7181	570.698685	2	0.500255311135	0.499744688865
-1.5988	282.0015	570.910267	15	1.0	0.0
-2.4099	287.0395	571.330586	-1	0.0	0.0780407358619
-2.6278	286.9683	571.330612	-1	0.0	0.00495135654972
-2.5052	286.2801	572.565419	-1	0.0	0.105594142217
1.4691	293.7986	574.789717	2	0.0998572777399	0.90014272226
6.5494	283.5486	578.16548	-1	0.0	0.31028752009
-0.7436	286.7438	579.15557	26	0.916187852487	0.0838121475126
-0.8714	286.7833	579.155581	26	1.0	0.0
-2.3012	286.3554	579.353548	37	0.90590757256	0.0940924274402
-2.2889	286.4056	579.454168	37	1.0	0.0147045996796
-2.2999	286.2549	581.749214	-1	0.0	0.340461505196
-2.4068	286.3708	584.880738	-1	0.0	0.0675329592401
-1.0075	285.8631	584.880793	13	0.926931636612	0.0730683633877
-2.2556	286.4183	587.725967	37	1.0	0.101039148542
-1.9416	286.41	587.811269	37	0.722476374256	0.277523625744
-2.3542	286.3843	587.811276	37	0.762733096038	0.237266903962
-2.3353	286.4121	588.017953	37	0.782490500733	0.217509499267
-2.277	286.4109	588.01797	37	1.0	0.0662162168511
-2.2469	286.4159	588.062966	37	1.0	0.067069983275
-2.2816	286.3952	588.123202	37	1.0	0.0147045996796
-2.0813	286.4081	588.204171	37	1.0	0.0177472919474
-2.259	286.3964	588.204193	37	1.0	0.0374430740043
-1.3315	281.4826	590.483438	6	0.486847007944	0.513152992056
-2.4452	286.6361	590.780009	36	0.470201972381	0.529798027619
-2.6883	286.9918	596.757283	34	1.0	0.0
-2.521	287.0416	596.757285	35	0.558635587607	0.441364412393
-2.8864	286.9977	597.191424	-1	0.0	0.300726029785
-2.7232	286.9822	597.191441	34	1.0	0.0
2.5493	284.4471	597.300754	-1	0.0	0.267306469554
