-4.5586	117.2938	0.000112	15	0.421951694218	0.578048305782
-8.7639	122.1484	-596.800429	7	0.0359446483971	0.964055351603
-8.3946	111.8689	-596.782027	1	1.0	0.0
-8.8242	122.1579	-596.530239	7	0.0346424286804	0.96535757132
-4.2451	117.3224	-595.584218	16	0.831602850817	0.168397149183
-4.2606	117.3364	-595.102342	16	0.837203056762	0.162796943238
-4.4701	116.2513	-591.0453	12	1.0	0.179951169038
-4.4665	116.3745	-590.853472	12	1.0	0.315946427999
-10.0342	116.1506	-577.117847	5	1.0	0.0
-9.9651	116.1844	-576.988236	5	0.550430857318	0.449569142682
-12.7764	113.1058	-571.821968	0	0.467752684142	0.532247315858
-3.6995	116.7277	-570.523975	-1	0.0	0.366001767
-3.6832	117.184	-558.874418	14	1.0	0.0
-3.6551	117.243	-558.361269	14	0.995372022731	0.00462797726927
-8.0567	109.2944	-555.189988	2	0.0202894941809	0.979710505819
-4.5954	117.3464	-542.898842	15	0.965971804661	0.0340281953385
-5.5135	124.7081	-537.501976	9	1.0	0.0
-4.0926	116.594	-528.336244	12	0.489841512067	0.510158487933
-3.8296	116.4488	-516.143772	-1	0.0	0.426196184264
-8.084	109.3407	-514.3758	2	0.0205431667522	0.979456833248
-9.8394	116.3776	-509.669337	5	0.149832824565	0.850167175435
-10.0569	116.1587	-501.73783	5	1.0	0.0
-3.6678	116.9685	-494.484874	14	0.689704605649	0.310295394351
-12.7474	113.0371	-494.420649	0	1.0	0.0
-13.8032	112.8545	-489.529721	0	0.102708083564	0.897291916436
-4.7785	123.2596	-488.834548	10	0.298671748779	0.701328251221
-4.8692	123.4231	-488.668032	10	0.502238047422	0.497761952578
-4.8542	123.1252	-488.661971	10	0.10761110045	0.89238889955
-4.3669	117.2849	-486.296821	16	1.0	0.0
-4.3908	117.2178	-486.275873	16	0.966004299568	0.033995700432
-4.7218	117.5472	-484.945318	-1	0.0	0.283677565644
-4.5488	117.6597	-484.945275	-1	0.0	0.344097339634
-4.2455	117.1452	-473.842364	16	0.948062180602	0.0519378193981
-4.256	117.1812	-473.245484	16	1.0	0.0
-4.2447	117.2727	-472.893815	16	0.884832277049	0.115167722951
-4.3367	116.4131	-468.739953	12	0.764956431413	0.235043568587
-7.5103	123.4001	-468.439793	8	1.0	0.0
-7.6792	123.4931	-464.670613	8	1.0	0.0
-7.7715	121.0713	-458.691287	7	0.088517440073	0.911482559927
-3.6292	117.6117	-442.902872	13	1.0	0.0
-3.7023	117.3123	-442.828371	14	1.0	0.0
-12.4924	116.1574	-442.406627	3	1.0	0.0
-4.8384	123.428	-442.083031	10	0.598669902542	0.401330097458
-4.8408	123.4266	-441.870636	10	0.598669902542	0.401330097458
-9.4782	120.6689	-431.632551	6	0.698537650622	0.301462349378
-9.8923	117.0622	-427.951175	5	0.0932675822405	0.906732417759
-7.8804	121.5668	-421.043739	7	0.404897306913	0.595102693087
-3.7414	117.0161	-405.99385	14	1.0	0.116065469255
-4.0377	117.9028	-403.960613	11	1.0	0.0
-4.618	117.4146	-402.993636	15	0.719687950201	0.280312049799
-3.7598	117.1805	-400.920691	14	1.0	0.0
-4.2987	111.7186	-396.730473	2	0.691169011038	0.308830988962
-3.933	116.949	-388.541031	-1	0.0	0.132028503993
-4.5751	116.2421	-386.853011	12	1.0	0.0
-4.8064	123.3531	-383.483056	10	1.0	0.0
-4.8586	123.4063	-383.317732	10	0.598669902542	0.401330097458
-12.7403	113.0103	-382.322623	0	1.0	0.0
-3.6906	117.0353	-380.308102	14	0.947169077922	0.0528309220776
-4.3044	117.1915	-367.628894	16	1.0	0.0
-4.2949	117.2274	-367.202193	16	1.0	0.0
-9.2266	120.6292	-366.909079	6	1.0	0.0
-9.2999	120.6358	-366.850378	6	1.0	0.0
-10.0456	116.1759	-364.519665	5	0.70177636722	0.29822363278
-3.6433	116.7411	-352.135825	-1	0.0	0.337347140487
-3.5654	116.7683	-351.995824	-1	0.0	0.269845245238
-4.3845	117.311	-350.178263	16	1.0	0.0
-13.749	112.9131	-349.554217	0	0.110166863264	0.889833136736
-13.7326	112.8708	-349.426006	0	0.110408537454	0.889591462546
-4.3989	117.3508	-349.221006	16	0.767730998629	0.232269001371
-4.4671	117.4283	-349.177607	-1	0.0	0.0507035075186
-4.4556	117.4286	-349.116235	-1	0.0	0.0861503212022
-7.8357	121.0039	-330.903036	7	0.0725390143214	0.927460985679
-9.2915	120.6443	-323.602855	6	1.0	0.0
-4.8169	123.3481	-316.255091	10	0.817654490482	0.182345509518
-8.1831	109.3177	-310.256708	2	0.0199352320736	0.980064767926
-3.8001	117.0377	-310.058169	14	0.818672425942	0.181327574058
-12.8013	112.9978	-291.197606	0	1.0	0.0
-4.2799	116.7496	-284.223464	-1	0.0	0.227625554261
-5.4276	124.6764	-280.669871	9	1.0	0.0
-9.3566	120.5179	-277.327499	6	0.713984542754	0.286015457246
-4.6422	117.3501	-275.968239	15	1.0	0.0
-4.8619	116.8272	-275.371051	-1	0.0	0.125891354979
-4.6083	117.4313	-275.370943	15	0.697788169257	0.302211830743
-4.3623	117.3008	-270.003258	16	0.977648831206	0.022351168794
-8.3561	111.867	-268.264075	1	1.0	0.0
-4.2122	117.8623	-265.744988	11	1.0	0.0
-4.8346	123.3775	-252.408388	10	0.66254153779	0.33745846221
-4.8249	123.3706	-252.261402	10	0.817654490482	0.182345509518
-4.6407	116.4693	-234.711415	12	0.981070349706	0.0189296502944
-2.5622	118.4241	-234.498677	-1	0.0	0.716874227101
-3.7812	117.1829	-234.15137	14	1.0	0.0
-3.7785	117.252	-233.99231	14	1.0	0.0
-7.8846	121.349	-230.186957	7	0.334015105132	0.665984894868
-7.881	121.507	-230.169292	7	1.0	0.0
-7.9223	121.5936	-230.079739	7	0.281784144968	0.718215855032
-5.4713	124.5489	-225.431039	9	0.87582433327	0.12417566673
-9.7482	116.7569	-223.68077	5	0.11469995539	0.88530004461
-9.8976	117.0345	-218.026841	5	0.101749910375	0.898250089625
-3.6334	116.9951	-213.97294	14	0.841158652639	0.158841347361
-3.6546	117.1304	-213.034306	14	0.693959977788	0.306040022212
-10.0444	116.0797	-212.804702	5	0.767067590574	0.232932409426
-4.4747	117.1841	-205.052719	-1	0.0	0.15749233098
-9.1795	120.5703	-197.337773	6	1.0	0.0
-7.8565	121.506	-192.145385	7	1.0	0.0
-4.2677	111.6486	-190.667069	2	0.953229107981	0.0467708920195
-3.6197	117.3079	-187.961223	14	0.65910722225	0.34089277775
-4.3516	116.4765	-186.057158	12	0.910367215838	0.0896327841622
-8.123	112.0011	-180.474543	1	0.249553654124	0.750446345876
-4.8089	123.305	-176.171191	10	0.510331884697	0.489668115303
-4.8771	123.3861	-176.108293	10	0.502238047422	0.497761952578
-9.9603	116.9884	-173.428375	5	0.11469995539	0.88530004461
-7.8568	121.3478	-168.967296	7	0.33506134755	0.66493865245
-4.2345	116.4997	-161.137722	12	0.565383978084	0.434616021916
-3.7676	117.2703	-148.257657	14	1.0	0.0
-3.7415	117.2586	-148.068046	14	1.0	0.0
-3.8895	117.1374	-147.956382	14	0.532594842583	0.467405157417
-4.586	117.3767	-147.917931	15	0.766670756675	0.233329243325
-7.7058	121.4731	-128.076036	7	0.309349066344	0.690650933656
-7.9006	121.6355	-127.984251	7	0.194746671505	0.805253328495
-4.1726	117.9606	-122.656787	11	0.982124458595	0.017875541405
-4.2721	116.8189	-121.891476	-1	0.0	0.227625554261
-4.6936	115.9734	-116.822711	-1	0.0	0.0414416312506
-4.6604	117.3867	-112.629876	15	1.0	0.0
-3.7302	117.0744	-91.696451	14	1.0	0.0
-4.7856	123.4195	-91.653274	10	0.479967300091	0.520032699909
-4.7863	123.4037	-91.609402	10	0.523600759959	0.476399240041
-4.792	123.3732	-91.544748	10	0.78141626913	0.21858373087
-10.0082	116.2019	-88.947431	5	0.553088482834	0.446911517166
-8.8174	122.1839	-86.406614	7	0.0337893723562	0.966210627644
-4.175	117.8986	-79.084999	11	1.0	0.0
-9.8472	116.6344	-71.263488	5	0.153251979327	0.846748020673
-7.6694	121.4389	-69.707191	7	0.263156696699	0.736843303301
-7.8906	121.4698	-69.648897	7	0.778246475639	0.221753524361
-6.2311	119.156	-69.625404	-1	0.0	0.839348357891
-9.9297	117.0049	-69.581698	5	0.110683971346	0.889316028654
-7.8551	121.4384	-69.560648	7	0.743726429811	0.256273570189
-7.4744	123.442	-59.310606	8	1.0	0.0
-4.5292	117.303	-56.869792	15	0.40564468204	0.59435531796
-3.7845	117.1554	-54.984262	14	1.0	0.193197785255
-7.6257	120.916	-48.883566	7	0.0554764296114	0.944523570389
-5.6008	125.23	-48.251605	9	0.256353250222	0.743646749778
-4.7714	123.1425	-45.852752	10	0.124650239925	0.875349760075
-3.6727	117.4919	-44.152705	13	0.691958751327	0.308041248673
-3.6414	117.6133	-44.148031	13	1.0	0.0
-9.6306	116.4816	-41.124212	5	0.153251979327	0.846748020673
-9.9312	116.4342	-31.698152	5	0.143075578335	0.856924421665
-4.6601	117.2344	-25.276303	-1	0.0	0.16193973454
-4.6046	116.2112	-23.154236	12	0.942943444226	0.057056555774
-4.6024	116.2835	-22.848901	12	1.0	0.0
-4.1931	117.1036	-22.586111	16	0.870821228044	0.129178771956
-5.3212	123.5681	-22.560327	10	0.0851077654246	0.914892234575
-5.4871	124.6879	-18.252348	9	1.0	0.0
-10.0044	116.0982	-6.96172	5	0.76003201107	0.23996798893
-4.5586	117.2938	0.000112	15	0.421951694218	0.578048305782
-4.2995	111.7313	8.450857	2	0.691169011038	0.308830988962
-8.3611	111.8839	10.003552	1	1.0	0.0
-8.37	111.9387	10.055836	1	0.607674981527	0.392325018473
-8.3712	111.9094	10.135555	1	1.0	0.0
-8.3145	111.7628	10.255972	1	0.349185091205	0.650814908795
-4.0575	117.8812	11.330221	11	1.0	0.0
-10.14	115.4999	12.430736	4	1.0	0.0
-7.8788	121.5208	14.080438	7	1.0	0.0
-4.5761	116.913	16.444343	-1	0.0	0.156884740442
-3.7246	117.2254	16.893466	14	1.0	0.206586022465
-3.7402	117.3625	16.94161	14	0.625980747471	0.374019252529
-3.7516	117.2964	17.015979	14	1.0	0.0
-4.2004	116.9456	24.296173	-1	0.0	0.227625554261
-4.3528	116.6578	24.299069	-1	0.0	0.299538237999
-4.0783	116.9924	25.183603	-1	0.0	0.0544967201989
-3.7136	117.5963	27.675336	13	0.900823871232	0.0991761287675
-3.7014	117.4565	27.728249	-1	0.0	0.0375491231565
-10.027	116.135	31.452056	5	1.0	0.0
-10.0576	116.0246	31.501567	5	0.542582339467	0.457417660533
-4.7787	123.3477	33.198702	10	1.0	0.0
-4.7692	123.3522	33.684108	10	1.0	0.0
-9.827	116.6358	34.549555	5	0.153251979327	0.846748020673
-9.8225	116.6734	34.779776	5	0.136089653395	0.863910346605
-4.5198	116.4435	38.894096	12	1.0	0.0
-5.3132	123.6328	50.171012	10	0.0823644157964	0.917635584204
-3.7853	117.2254	54.865677	14	1.0	0.0443081644555
-4.7187	117.0402	63.996024	-1	0.0	0.302572977565
-4.6527	117.1102	64.098302	-1	0.0	0.121934650742
-4.6275	117.3621	64.754985	15	1.0	0.0
-10.0316	115.3827	66.336001	4	0.412702386197	0.587297613803
-4.2539	116.8802	67.901559	-1	0.0	0.286789389075
-5.5484	124.8033	75.807947	9	1.0	0.0
-4.2945	111.6115	87.179971	2	1.0	0.0
-4.494	116.4859	90.001643	12	1.0	0.0
-4.5388	116.3139	90.106649	12	1.0	0.0
-10.0799	116.132	97.11672	5	1.0	0.0
-10.1904	115.4832	101.940462	4	1.0	0.0
-4.3353	117.2353	108.139375	16	1.0	0.0
-4.3048	117.2925	108.227815	16	1.0	0.0
-3.7637	117.2625	111.485423	14	1.0	0.0
-4.5583	116.3592	115.12044	12	0.938382628156	0.0616173718438
-4.6672	117.4076	120.13536	15	0.773580486024	0.226419513976
-4.2809	111.6914	123.537583	2	0.691169011038	0.308830988962
-4.3566	111.653	123.649649	2	0.677549625661	0.322450374339
-4.5236	116.4511	137.8986	12	1.0	0.0
-3.7383	117.0443	139.899718	14	1.0	0.0
-3.7005	117.1986	139.957546	14	1.0	0.00315509851822
-7.8556	121.4227	140.094842	7	0.623471849839	0.376528150161
-3.7362	117.0867	140.321915	14	1.0	0.0
-10.0226	116.129	147.573412	5	1.0	0.0
-10.0301	116.1172	147.576496	5	1.0	0.0
-3.7323	117.1806	157.870934	14	1.0	0.0
-3.7492	117.3222	157.981103	14	1.0	0.0892340979888
-3.6827	117.1547	158.110166	14	1.0	0.155697520853
-3.8023	117.2776	158.270627	14	1.0	0.0
-5.2953	123.6883	166.979722	10	0.0662231333039	0.933776866696
-5.2962	123.4059	167.001383	10	0.0851077654246	0.914892234575
-5.2835	123.7274	167.087594	10	0.0581573271244	0.941842672876
-4.6588	117.3587	172.956074	15	1.0	0.0
-4.6793	117.2358	172.97564	-1	0.0	0.202435650777
-10.0292	115.2963	188.600234	4	0.235270778574	0.764729221426
-10.1297	115.5349	188.600256	4	0.749402965574	0.250597034426
-4.5716	116.1115	193.260038	12	0.497377457961	0.502622542039
-12.5081	115.9989	195.221567	3	1.0	0.0
-12.5076	116.0951	195.498227	3	1.0	0.0
-4.1723	117.0891	216.353574	16	0.870821228044	0.129178771956
-3.6234	117.6167	216.416178	13	1.0	0.0
-4.1454	117.0358	216.491517	-1	0.0	0.0657169666354
-3.7333	117.1784	228.782562	14	1.0	0.0
-3.7194	117.2695	228.888489	14	1.0	0.0
-3.7607	117.2576	229.906086	14	1.0	0.0
-4.76	123.2923	238.891313	10	0.547531044146	0.452468955854
-4.6139	117.3184	239.871927	15	0.66974731362	0.33025268638
-7.854	121.5049	248.428766	7	1.0	0.0
-7.8647	121.4776	248.499771	7	0.901830122575	0.098169877425
-7.893	121.4106	248.556671	7	0.445479733974	0.554520266026
-3.6318	117.5323	249.483742	13	1.0	0.0
-4.5784	117.1595	251.940064	-1	0.0	0.15749233098
-9.7924	116.3585	257.171513	5	0.153251979327	0.846748020673
-4.315	111.7658	261.996826	2	0.460472267031	0.539527732969
-4.2911	111.7427	262.125483	2	0.681836929739	0.318163070261
-4.1301	111.6348	262.485807	2	0.470507657072	0.529492342928
-4.6658	117.4548	267.208931	15	0.563455440155	0.436544559845
-3.627	116.7997	279.244917	-1	0.0	0.112495304067
-3.7639	117.3068	281.379632	14	1.0	0.0
-3.653	117.2922	281.910478	14	1.0	0.0830497704147
-4.2674	117.1794	288.857305	16	1.0	0.0
-4.7615	123.3031	301.092872	10	0.559127773051	0.440872226949
-4.7893	123.3231	301.253572	10	0.766355292221	0.233644707779
-4.7961	122.9074	301.393838	10	0.0530406893933	0.946959310607
-4.7928	123.3469	301.394044	10	1.0	0.0
-3.5483	117.5232	301.907987	13	0.710912415211	0.289087584789
-3.6137	117.5734	302.435883	13	1.0	0.0
-10.1197	115.4824	306.695484	4	1.0	0.0
-3.6807	116.9912	313.35854	14	1.0	0.179398381091
-4.2406	116.7249	317.571499	-1	0.0	0.227625554261
-8.3508	111.8725	331.104558	1	1.0	0.0
-12.4903	115.8889	332.334405	3	1.0	0.0
-7.8515	121.4629	333.684072	7	0.901830122575	0.098169877425
-4.6423	117.3714	333.797454	15	1.0	0.0
-3.7217	117.1333	336.377608	14	1.0	0.223329484987
-4.2611	111.6311	345.80511	2	1.0	0.0
-7.6056	123.8844	346.013972	8	1.0	0.0
-3.744	117.2701	349.239293	14	1.0	0.0
-12.7441	112.9799	358.450124	0	1.0	0.0
-7.4789	123.3984	361.02077	8	1.0	0.0
-3.4889	117.7282	372.012926	-1	0.0	0.0961920444349
-9.2821	120.3806	377.632001	6	0.372730417175	0.627269582825
-3.6128	117.2331	381.445197	14	0.734467282181	0.265532717819
-3.7183	116.986	381.507909	14	0.954672449034	0.0453275509665
-10.0856	116.0767	388.735336	5	0.767067590574	0.232932409426
-10.0683	116.043	388.839748	5	0.767067590574	0.232932409426
-10.0412	116.0487	388.86816	5	0.767067590574	0.232932409426
-10.0705	116.0414	388.9593	5	0.767067590574	0.232932409426
-9.2854	120.6461	393.97756	6	1.0	0.0
-4.6257	116.1669	403.445514	12	0.64375962518	0.35624037482
-4.5505	116.2889	403.535517	12	1.0	0.0
-10.1719	115.4578	403.749517	4	1.0	0.0
-7.8848	121.4495	408.395266	7	0.840088003046	0.159911996954
-7.8589	121.4978	408.504017	7	1.0	0.0
-5.556	110.4952	418.00589	2	0.0269634240637	0.973036575936
-4.2791	111.6352	418.006116	2	1.0	0.0
-4.3415	111.5829	418.05977	2	0.566060154042	0.433939845958
-4.263	111.6118	418.082101	2	1.0	0.0
-3.7188	117.0697	420.031452	14	1.0	0.0
-4.2417	116.7252	425.673774	-1	0.0	0.227625554261
-3.6155	117.2797	430.489456	14	0.890727839426	0.109272160574
-4.4913	116.4353	431.051822	12	1.0	0.0
-7.937	109.2244	432.074726	2	0.0202054295275	0.979794570472
-4.7707	123.3362	435.031145	10	1.0	0.0
-4.0739	117.1052	448.027165	-1	0.0	0.0657169666354
-4.1294	117.1222	448.603424	16	0.831806743	0.168193257
-4.5188	116.4768	461.596955	12	1.0	0.0
-10.0373	115.9686	466.900385	5	0.365674691104	0.634325308896
-4.3005	111.6415	494.428945	2	1.0	0.0
-7.8689	121.3532	499.108304	7	0.359439088013	0.640560911987
-5.4751	124.6849	506.613292	9	1.0	0.0
-3.7569	117.0957	526.026016	14	1.0	0.0
-3.7934	117.081	527.005622	14	1.0	0.173984131632
-12.4814	115.8015	535.474058	3	1.0	0.0
-4.3373	117.3751	541.44262	16	0.742697493798	0.257302506202
-4.1573	117.9174	541.442744	11	1.0	0.0
-10.1397	115.4761	541.61684	4	1.0	0.0
-9.284	120.3469	543.874962	6	0.32858999437	0.67141000563
-4.63	117.1152	550.215152	-1	0.0	0.0214368411081
-4.5641	117.4675	550.280471	15	0.474053141521	0.525946858479
-4.4856	116.2849	551.409792	12	1.0	0.0
-3.5967	117.5526	558.852267	13	0.808792295761	0.191207704239
-4.8329	123.2033	567.182711	10	0.19420471435	0.80579528565
-12.7309	112.9857	569.912156	0	1.0	0.0
