-9.3292	134.0498	-6.6e-05	2	1.0	0.346656427591
-1.7689	132.4993	-598.584354	-1	0.0	0.0342357670385
-1.4299	132.8818	-598.584127	11	0.940633319444	0.0593666805557
-1.438	132.9109	-598.51499	11	1.0	0.0
-8.9666	141.6788	-597.647922	17	0.810554393871	0.189445606129
-4.885	138.8161	-591.922502	13	1.0	0.0
-4.7734	138.8388	-591.920218	13	1.0	0.0
-9.11	142.2907	-590.943761	-1	0.0	0.338170991045
-9.0187	142.4209	-590.943657	-1	0.0	0.435520462591
-2.2748	133.2164	-589.523171	-1	0.0	0.226879369175
-1.4625	132.9016	-581.562785	11	1.0	0.0
-8.3815	140.4218	-581.217065	-1	0.0	0.0412583906429
-4.917	138.1282	-576.064269	-1	0.0	0.548859135854
-7.3396	139.5458	-574.42278	-1	0.0	0.0669386193908
-7.3029	139.2328	-574.245888	15	0.106268153453	0.893731846547
-8.3664	140.3816	-566.259986	26	1.0	0.0
-8.344	140.5098	-566.25991	24	1.0	0.0
-6.3389	141.2417	-553.288536	-1	0.0	0.290744750188
-6.4856	140.0785	-549.425069	12	1.0	0.0
-3.5846	137.1714	-545.960151	8	0.100152348409	0.899847651591
-1.4734	132.8901	-544.693973	11	1.0	0.0
0.2564	133.9429	-544.692805	-1	0.0	0.729925093542
-1.4344	132.9153	-544.61291	11	0.940633319444	0.0593666805557
-8.4707	136.5343	-532.850551	5	1.0	0.0
-7.8665	139.7689	-530.432935	-1	0.0	0.12164720667
-7.8398	139.865	-530.432871	-1	0.0	0.536316732238
-1.809	133.8974	-527.234394	6	0.779532862014	0.220467137986
-8.5087	136.4154	-524.587891	5	1.0	0.0
-8.549	136.5528	-524.587849	5	1.0	0.0
-8.5279	136.3524	-524.470038	5	0.653937187249	0.346062812751
-8.5258	136.5075	-524.469983	5	1.0	0.0
-8.3073	140.2554	-522.684166	-1	0.0	0.530093598905
-8.3508	140.4995	-522.684057	24	1.0	0.0
-1.4829	132.8322	-520.547982	11	1.0	0.0
-13.9737	137.5766	-509.89085	4	1.0	0.0
-4.8702	138.7616	-507.69063	13	1.0	0.0
-8.8689	141.9285	-504.951641	-1	0.0	0.0387791818943
-8.7751	142.0936	-504.416279	23	1.0	0.0
-8.3477	140.4977	-501.679059	24	1.0	0.122969115863
-13.4823	137.7963	-500.835922	3	1.0	0.0
-13.3779	137.7267	-500.741831	3	1.0	0.0
-7.6809	139.6491	-491.204126	-1	0.0	0.592610621106
-8.3851	140.4618	-484.636029	-1	0.0	0.0748655199341
-8.3339	140.5484	-484.550189	24	1.0	0.244174190231
-8.3393	140.5658	-484.411236	24	1.0	0.206072141765
-6.4544	140.9112	-475.156998	-1	0.0	0.0755710800426
-10.4708	140.644	-468.993944	-1	0.0	0.454284556169
-8.4594	142.234	-468.840353	16	0.857948921674	0.142051078326
-8.4517	140.8849	-462.818822	-1	0.0	0.06206447541
-1.5116	132.9033	-459.885527	11	1.0	0.0
-4.9059	138.5954	-459.449283	-1	0.0	0.102214627508
-1.5149	132.9146	-458.612152	11	1.0	0.0
-8.2528	140.4129	-450.365142	-1	0.0	0.256470798035
-8.2845	140.3622	-434.017321	26	0.88363152128	0.11636847872
-8.76	141.8854	-426.168184	-1	0.0	0.410223713843
-8.7646	142.0647	-426.168077	23	0.752654157224	0.247345842776
-8.767	142.0836	-425.634554	23	0.988828093486	0.0111719065142
-1.562	133.4047	-424.594092	7	0.438130082309	0.561869917691
-1.4095	133.5191	-424.594006	7	0.103198019729	0.896801980271
-7.5967	137.6842	-422.88343	-1	0.0	0.481629793316
-6.0127	139.4108	-422.882085	-1	0.0	0.0779629202582
-12.7342	144.3459	-422.574133	-1	0.0	0.219062659133
-9.2992	133.9456	-422.481079	2	0.868683153117	0.131316846883
-7.356	139.426	-417.845801	15	0.100709156593	0.899290843407
-7.4999	143.2237	-410.391351	-1	0.0	0.0605246619794
-7.5103	143.4179	-410.391233	-1	0.0	0.0542093652736
-6.4583	140.0504	-405.111554	12	1.0	0.0
-4.8433	138.6499	-393.137613	13	0.871081407533	0.128918592467
-2.3332	132.2084	-391.245705	-1	0.0	0.463231265959
-1.5254	133.5086	-391.245148	7	0.113686684414	0.886313315586
-8.3566	140.5626	-391.212108	24	1.0	0.179823688116
-1.5544	133.3091	-390.907666	7	0.891459092661	0.108540907339
-1.8184	133.866	-384.144889	6	0.556897733593	0.443102266407
-1.8221	133.8865	-384.001931	6	0.749428698116	0.250571301884
-1.5277	134.0887	-384.001729	6	0.121402310265	0.878597689735
-8.0767	140.0801	-379.26346	18	1.0	0.0
-4.8933	138.3938	-369.712221	-1	0.0	0.416802815964
-8.5328	136.4426	-365.867951	5	1.0	0.0
-3.0252	130.5716	-362.260257	-1	0.0	0.130658389829
-1.5351	132.8321	-362.259318	11	1.0	0.0
-1.5124	133.2506	-361.344622	7	0.225405823466	0.774594176534
-1.5465	133.4019	-361.34462	7	0.513433657499	0.486566342501
-6.4688	139.7882	-352.124433	12	0.195374108263	0.804625891737
-6.4725	140.0589	-352.124302	12	1.0	0.0
-6.4814	140.0183	-352.025099	12	0.845059412706	0.154940587294
-6.4552	140.0562	-351.832109	12	1.0	0.0
-8.2923	140.4638	-346.49522	25	1.0	0.0
-8.2995	140.616	-346.495134	24	0.962680564329	0.0373194356712
-1.6075	133.191	-345.245166	7	0.140302484032	0.859697515968
-8.7796	142.101	-337.534102	23	0.962369042985	0.0376309570149
-8.7934	142.1332	-337.48112	23	0.828376176768	0.171623823232
-15.0278	127.8136	-335.331707	-1	0.0	0.648188355503
-9.3934	134.0373	-335.330954	2	1.0	0.454933955419
-1.5534	133.3369	-333.626451	7	0.956635722594	0.0433642774058
-1.5582	133.3194	-333.43893	7	0.891459092661	0.108540907339
-6.6026	139.9045	-327.861172	12	0.310920964356	0.689079035644
-8.2176	140.1645	-324.119839	18	0.981029517663	0.0189704823372
-8.2352	140.5039	-324.119672	-1	0.0	0.13193905427
-4.5068	137.6239	-323.504092	9	0.601530809141	0.398469190859
-8.589	140.0475	-311.82537	18	1.0	0.0
-8.345	140.4509	-311.825107	25	1.0	0.0
-8.3199	140.5605	-311.825035	24	1.0	0.0
-8.3627	140.2947	-311.726379	-1	0.0	0.193684747692
-8.3499	140.5462	-311.726247	24	1.0	0.357577431629
-7.9375	140.778	-311.605243	19	1.0	0.0
-1.5473	133.3674	-309.339228	7	1.0	0.0
-1.2802	133.4965	-309.339052	-1	0.0	0.14688445405
-12.4453	135.6195	-304.287962	1	1.0	0.0
-12.6363	135.6533	-304.287947	1	1.0	0.0
-13.3387	137.5794	-294.200064	3	0.394453015557	0.605546984443
-13.4101	137.8079	-294.199971	3	1.0	0.0
-13.422	137.8157	-294.145847	3	1.0	0.0
-12.8646	138.1147	-294.058433	-1	0.0	0.433935313332
-12.2767	139.5318	-294.057875	-1	0.0	0.0625627223861
-1.5218	132.8604	-293.760931	11	1.0	0.0
-1.549	132.727	-293.637721	-1	0.0	0.132944328778
-4.499	136.8754	-293.609266	8	0.0676783016436	0.932321698356
-7.0448	138.6485	-287.931836	-1	0.0	0.131171750163
-6.8764	139.3972	-287.931454	15	0.724795721569	0.275204278431
-6.8552	139.3101	-287.907345	15	0.718052293016	0.281947706984
-6.832	139.1361	-287.860141	15	0.145228087717	0.854771912283
-6.8341	139.3695	-287.860034	15	1.0	0.0
-6.8711	139.1207	-287.837856	15	0.133606233418	0.866393766582
-6.8583	139.3411	-287.837769	15	0.819519040188	0.180480959812
-6.8064	139.3354	-287.741693	15	0.764502219638	0.235497780362
-6.8257	139.3788	-287.600426	15	1.0	0.0
-2.3105	131.4055	-287.107316	-1	0.0	0.778750626734
-1.3315	132.7762	-287.106672	10	1.0	0.0
-4.7055	136.0151	-285.355699	-1	0.0	0.293672435603
-8.3243	140.5825	-283.782075	24	1.0	0.00792699674993
-7.929	140.7694	-283.781835	19	1.0	0.0
-8.3542	140.5486	-283.717803	24	1.0	0.29797580646
-8.359	140.5176	-283.691957	24	1.0	0.0316299730833
-7.9659	140.7055	-283.691728	19	1.0	0.0
-8.3276	140.5531	-283.632719	24	1.0	0.138486887909
-7.5625	140.8428	-283.632313	-1	0.0	0.542111897767
-1.5604	133.3468	-278.394792	7	0.956635722594	0.0433642774058
-1.5573	133.3412	-278.25759	7	0.819956550478	0.180043449522
-13.9544	143.3566	-278.190661	-1	0.0	0.213996780881
-8.3016	140.6133	-272.035526	24	1.0	0.301877971688
-6.6441	139.9413	-266.838856	12	0.326835972271	0.673164027729
-8.3263	140.5235	-258.846022	24	1.0	0.253700709815
-8.3514	140.6079	-258.845964	24	1.0	0.00188951135486
-8.2214	139.6912	-258.790939	-1	0.0	0.195182404637
-8.2983	140.6059	-258.790522	24	1.0	0.322462645108
-8.3117	140.5457	-258.711474	24	1.0	0.493238993929
-8.328	140.5987	-258.63857	24	1.0	0.0
-8.0185	140.7017	-258.638409	19	1.0	0.0
-6.2935	141.0926	-258.106512	-1	0.0	0.242535808447
-1.7826	132.9803	-257.5795	7	0.101694453006	0.898305546994
-9.3336	134.0407	-249.642606	2	1.0	0.349763211692
-8.8138	142.0257	-249.032059	23	0.64066285145	0.35933714855
-8.8227	141.8477	-248.990962	20	1.0	0.0
-8.7668	142.0664	-248.990845	23	0.828737394477	0.171262605523
-8.8382	141.9708	-248.873608	22	1.0	0.0
-7.9767	142.4964	-245.037088	-1	0.0	0.186769099827
-1.102	132.9492	-244.829779	-1	0.0	0.200717747652
-9.2489	135.105	-239.595378	2	0.061367468711	0.938632531289
-8.5787	136.5843	-239.594905	5	0.858627030754	0.141372969246
-8.3444	140.3568	-239.566226	26	1.0	0.0
-8.3214	140.5651	-239.566125	24	1.0	0.138592679869
-8.0976	140.6561	-239.565992	-1	0.0	0.25559588148
-2.6713	137.8822	-238.472383	8	0.0349045136034	0.965095486397
-2.7277	138.0724	-238.472348	-1	0.0	0.0685113239145
-2.7215	138.0572	-238.43618	-1	0.0	0.0480879062044
-1.5126	133.3844	-226.65845	7	0.627535432275	0.372464567725
-1.548	133.3615	-226.563554	7	1.0	0.0
-1.171	133.5535	-226.563306	-1	0.0	0.426908265057
-1.5111	133.3778	-226.414827	7	0.729214683903	0.270785316097
-4.6855	136.0106	-223.602512	-1	0.0	0.294780289168
-4.6695	136.0421	-223.558303	-1	0.0	0.262171722205
-8.3305	140.5905	-213.15771	24	1.0	0.0
-8.304	140.5874	-213.078177	24	1.0	0.138211137812
-4.5086	137.7937	-211.241519	9	1.0	0.0
-4.5053	138.0064	-211.24144	9	0.576494991586	0.423505008414
-8.0901	140.0635	-210.019966	-1	0.0	0.0605075277444
-6.5977	139.9463	-208.888436	12	0.386291458389	0.613708541611
-8.448	140.7963	-199.104041	21	0.752907101985	0.247092898015
-8.6817	141.4682	-197.967064	-1	0.0	0.0788922573137
-8.7071	141.7019	-197.966922	17	1.0	0.0
-8.4917	141.6227	-197.966913	-1	0.0	0.321882731757
-8.5757	141.5331	-197.283216	-1	0.0	0.0760841238903
-8.5659	141.7424	-197.283093	17	0.788835648654	0.211164351346
-8.3427	140.6108	-194.307284	24	1.0	0.20564174678
-8.5724	140.1388	-194.232274	-1	0.0	0.176870289411
-8.2881	140.4511	-194.199668	25	1.0	0.0
-8.3362	140.3874	-194.126131	26	0.880106279457	0.119893720543
-8.311	140.501	-194.126065	24	0.927002656368	0.0729973436316
-8.3204	140.3133	-193.907294	26	0.789768756838	0.210231243162
-8.3509	140.5096	-193.907209	24	1.0	0.0
-1.6568	133.1514	-192.536322	7	0.114181025084	0.885818974916
-1.5248	133.3735	-192.536247	7	1.0	0.0
-6.176	133.4665	-188.749693	-1	0.0	0.00309973163381
-1.7665	132.2411	-188.24394	-1	0.0	0.424220957186
-1.3362	132.8148	-188.243654	-1	0.0	0.078949095115
-1.4844	132.859	-187.281408	11	1.0	0.0697108087721
-8.3732	140.56	-183.536272	24	1.0	0.493659419497
-8.9058	142.2364	-173.721191	-1	0.0	0.214110120339
-1.6287	133.0917	-173.29899	7	0.106721735267	0.893278264733
-8.2624	140.1245	-168.440413	18	1.0	0.0
-8.2931	140.3596	-168.440341	26	1.0	0.0
-8.2745	140.4644	-168.440259	25	1.0	0.0
-8.3196	140.5098	-168.307015	24	1.0	0.14604237627
-8.4706	140.012	-168.188606	-1	0.0	0.176870289411
-6.7682	139.3335	-165.640115	15	0.550512690643	0.449487309357
-8.5376	141.0308	-165.599343	-1	0.0	0.314446522307
-8.559	140.5849	-165.549216	-1	0.0	0.144542724118
-8.5348	140.8505	-165.414695	21	0.855974927734	0.144025072266
-6.8104	139.3755	-165.262313	15	1.0	0.0
-1.385	132.8497	-160.365856	11	0.607367937596	0.392632062404
-4.9815	139.2546	-159.809061	-1	0.0	0.208622231771
-1.3733	132.7366	-159.316886	10	1.0	0.0
-1.0039	132.8779	-159.31665	-1	0.0	0.285018218247
-1.3925	132.7447	-159.156705	10	1.0	0.0
-8.3692	140.5247	-158.314783	24	0.986230751984	0.0137692480165
-8.3654	140.3965	-158.185048	26	1.0	0.0
-1.5492	133.3246	-151.672958	7	0.891459092661	0.108540907339
-1.5783	133.3084	-151.588229	7	0.677247931273	0.322752068727
-8.772	142.1076	-146.735238	23	1.0	0.0
-8.5905	142.1276	-146.735155	-1	0.0	0.046945756852
-8.7634	142.0693	-146.693904	23	0.960763230789	0.0392367692112
-8.8136	141.9646	-138.504982	22	1.0	0.0
-8.3563	140.5637	-131.529503	24	1.0	0.185521374634
-16.4954	137.4282	-117.255162	-1	0.0	0.807042919252
-8.3277	140.5154	-115.308193	24	1.0	0.194787911028
-8.3224	140.5861	-115.082457	24	1.0	0.0
-1.5529	133.3748	-109.818783	7	1.0	0.0
-1.5359	133.293	-109.651621	7	0.488868232382	0.511131767618
-1.5209	133.3421	-109.216722	7	0.692944457311	0.307055542689
-6.9337	139.0183	-103.838757	-1	0.0	0.0259693724034
-6.821	139.3677	-103.838557	15	0.98086875071	0.0191312492899
-6.8439	139.2447	-103.469279	15	0.262062434289	0.737937565711
-6.8295	139.3982	-103.386256	15	1.0	0.0
-13.4385	137.8065	-102.892901	3	1.0	0.0
-15.547	134.9814	-102.628876	1	0.202931654805	0.797068345195
-8.2761	140.4294	-98.374366	-1	0.0	0.00350296945428
-8.3455	140.5917	-98.374298	24	1.0	0.0
-8.3553	140.5238	-98.191777	24	1.0	0.267190829588
-1.5592	133.2183	-77.636755	7	0.177276087043	0.822723912957
-1.7686	133.0408	-77.260423	-1	0.0	0.160042600384
-1.53	133.3618	-77.260257	7	1.0	0.0
-8.5587	140.7491	-73.08256	21	1.0	0.0
-4.4468	137.7305	-67.907126	9	1.0	0.0
-4.4976	137.8277	-67.907102	9	1.0	0.0
-8.3354	140.5004	-66.713773	24	1.0	0.0
-8.7025	141.7511	-57.750219	17	0.947479735841	0.0525202641588
-8.5179	141.7313	-56.984003	-1	0.0	0.0875760138726
-8.3071	136.5556	-54.229625	5	0.984629435541	0.0153705644587
-7.6359	136.964	-54.229289	5	0.197573566	0.802426434
-4.1093	144.4112	-50.661831	-1	0.0	0.0907741230576
-8.3283	140.5575	-50.499599	24	1.0	0.0
-3.4729	137.4285	-44.559898	8	1.0	0.0
-8.8282	142.0539	-41.541333	23	1.0	0.0
-8.8301	141.532	-35.29377	-1	0.0	0.391922744431
-1.5495	133.3783	-28.84655	7	0.83314479318	0.16685520682
-1.5497	133.3129	-28.786897	7	0.891459092661	0.108540907339
-7.6364	142.8712	-20.915948	-1	0.0	0.0961652338083
-8.3129	140.2791	-17.22354	-1	0.0	0.336912823583
-8.3129	140.5599	-17.223396	24	1.0	0.108283974197
-8.3239	140.3731	-17.169379	26	1.0	0.0
-8.303	140.5538	-17.079861	24	1.0	0.421493784636
-8.3495	140.6938	-16.975028	-1	0.0	0.538064255829
-6.6045	139.9684	-6.634674	12	0.479528715152	0.520471284848
-6.1774	140.1408	-6.611895	12	0.206516463661	0.793483536339
-4.1385	128.5743	-5.439361	0	1.0	0.0
-9.3292	134.0498	-6.6e-05	2	1.0	0.346656427591
-8.4124	140.0885	2.439405	18	1.0	0.0
-8.2596	140.4644	2.439636	-1	0.0	0.0206798045639
-9.3234	140.9971	7.562244	-1	0.0	0.0972353933283
-8.3191	140.3369	14.135352	26	1.0	0.0
-8.3466	140.5602	14.135447	24	1.0	0.0
-7.2821	141.1679	14.136141	-1	0.0	0.117812755921
-8.3456	140.5572	14.34126	24	1.0	0.148058759576
-8.3559	140.5023	14.511081	24	1.0	0.0
-8.3573	140.597	14.511136	24	1.0	0.00188951135486
-8.3259	140.5646	23.80777	24	1.0	0.0
-6.8141	139.4016	23.823958	15	0.799435976398	0.200564023602
-7.6747	138.042	23.880495	-1	0.0	0.0399095579727
-6.8443	139.3447	23.88135	15	1.0	0.0
-1.8674	133.9269	29.969848	6	1.0	0.0
-1.8899	133.8989	30.515866	6	0.873605999386	0.126394000614
-8.0942	140.0708	31.816748	18	0.981029517663	0.0189704823372
-8.207	141.0725	35.69555	-1	0.0	0.543358157423
-8.9185	142.2671	36.089472	-1	0.0	0.0966265394679
-8.9997	142.4459	36.089555	-1	0.0	0.0856393102051
-2.05	132.6409	37.377002	-1	0.0	0.213555140468
-1.4539	133.2883	37.454379	7	0.257542194773	0.742457805227
-3.4697	137.3446	40.767483	8	0.302383069786	0.697616930214
-3.5025	137.4487	40.767506	8	0.728069526125	0.271930473875
-3.1954	137.569	40.840427	8	0.0730641460333	0.926935853967
-1.517	132.8311	53.694672	11	1.0	0.0
-1.5025	132.7873	53.726468	11	0.662473154826	0.337526845174
-1.5175	132.8343	54.076321	11	1.0	0.0
-1.4662	132.6857	54.119759	10	0.771305832877	0.228694167123
-1.0232	132.8454	54.120026	-1	0.0	0.184897311856
-8.8368	142.0064	54.756327	23	0.490573322021	0.509426677979
-8.8361	142.0959	54.756393	23	0.967342786077	0.032657213923
-8.3528	140.5959	57.830701	24	1.0	0.0617099803114
-8.3385	140.5549	57.962759	24	1.0	0.0
-4.3125	135.077	63.458087	-1	0.0	0.351210820436
-1.6072	133.2936	75.594949	7	0.393724903863	0.606275096137
-8.4822	140.8689	79.574768	21	0.750538493917	0.249461506083
-1.3956	132.7338	85.291571	10	1.0	0.0
-1.375	132.7114	99.72639	10	1.0	0.0
-8.1228	142.7093	101.411329	-1	0.0	0.524547941575
-8.7945	141.9437	106.482403	22	0.543818415884	0.456181584116
-8.8224	142.1369	106.482525	23	0.566412131619	0.433587868381
-8.2478	142.3629	106.824002	16	1.0	0.0
-4.4076	137.0044	107.03771	8	0.0472387182161	0.952761281784
-8.55	141.1008	109.279466	-1	0.0	0.4915852663
-8.3108	140.6207	116.791976	24	1.0	0.31174974518
-9.4254	134.0779	126.581104	2	1.0	0.0
-4.843	139.162	137.209236	14	0.225582539968	0.774417460032
-3.736	139.8709	137.210085	-1	0.0	0.158030978562
-7.4215	143.3256	139.232278	-1	0.0	0.0908784589258
-8.8634	141.9445	142.34116	-1	0.0	0.00564276398332
-8.8484	142.0656	142.341229	23	0.787685479131	0.212314520869
-8.8264	142.0274	142.5371	23	0.65612876968	0.34387123032
-8.8635	142.1009	142.642112	23	0.526781707116	0.473218292884
-8.83	142.0447	142.713551	23	0.819567058176	0.180432941824
-8.2036	142.3518	142.713919	16	1.0	0.0
-14.4163	135.3752	143.060457	1	0.338753395015	0.661246604985
-8.735	142.0656	143.063673	23	0.588790880015	0.411209119985
-8.7922	142.1169	143.20371	23	1.0	0.0
-3.5578	137.355	160.656474	8	0.284547725806	0.715452274194
-3.3698	137.2911	160.656557	8	0.147554222533	0.852445777467
-3.3345	128.4862	166.535042	0	1.0	0.0
-7.5948	142.939	170.774686	-1	0.0	0.0605246619794
-4.4668	137.6919	174.140927	9	0.897160210901	0.102839789099
-4.5231	137.8841	174.140974	9	1.0	0.0
-8.8204	141.8405	176.384554	20	1.0	0.0
-8.7992	142.0869	176.384674	23	1.0	0.0
-8.8525	141.9965	176.495839	22	0.552417423392	0.447582576608
-8.6914	142.1037	176.495949	-1	0.0	0.340054407499
-8.7524	141.8404	176.545462	20	1.0	0.0
-8.7931	142.1124	178.007061	23	1.0	0.0
-1.5429	132.9218	196.545177	11	0.701816736996	0.298183263004
-1.5272	132.9287	196.788909	11	0.748246461837	0.251753538163
-3.6205	137.1518	203.030986	8	0.108412873874	0.891587126126
-3.4639	137.4519	203.031142	8	0.697544530117	0.302455469883
-3.4757	137.4427	203.128208	8	1.0	0.0
-1.3295	132.4826	208.838847	-1	0.0	0.400852258347
-1.3168	132.6746	208.83887	-1	0.0	0.0789152651345
-8.332	140.6083	212.7429	24	1.0	0.234836163239
-10.4125	138.0699	238.372743	-1	0.0	0.830497642726
-8.3275	140.5929	238.374384	24	1.0	0.0
-1.8536	133.924	247.513999	6	1.0	0.0
-3.768	136.9493	253.559835	8	0.0818024867591	0.918197513241
-9.3853	134.2162	253.982483	2	0.481548983568	0.518451016432
-9.0221	134.1756	254.073005	2	0.30675346164	0.69324653836
-9.3455	133.9525	254.37211	2	1.0	0.0
-1.553	133.3427	255.018583	7	0.872018444358	0.127981555642
-1.5518	133.3608	255.11575	7	1.0	0.0
-8.5814	140.6885	268.90387	21	1.0	0.0
-8.6143	140.9121	268.903993	-1	0.0	0.0003139663557
-4.8762	138.5337	287.332498	13	0.754532289661	0.245467710339
-5.0324	135.7886	289.018999	-1	0.0	0.351210820436
-4.2388	136.7095	289.019629	8	0.0795227280671	0.920477271933
-3.5552	137.4237	299.301517	8	0.392475231982	0.607524768018
-3.2622	137.5865	299.301722	8	0.0779817292606	0.922018270739
-3.8491	137.119	299.409397	8	0.0818024867591	0.918197513241
-8.848	142.1064	310.601055	23	0.741694004961	0.258305995039
-8.2568	142.3469	310.601362	16	1.0	0.0
-8.9313	141.687	310.715168	17	1.0	0.0
-8.7923	142.116	310.71544	23	1.0	0.0
-8.8241	141.9746	310.779183	22	1.0	0.0
-8.7935	142.1198	310.779257	23	1.0	0.0
-8.7473	141.8396	310.870816	20	1.0	0.0
-8.8041	142.0594	310.870928	23	1.0	0.0
-8.6117	141.7451	311.263945	17	1.0	0.0
-8.6687	142.0518	311.264097	-1	0.0	0.0476618037578
-8.6483	140.6745	314.184269	21	0.766526059233	0.233473940767
-1.9005	133.6506	318.622606	6	0.110808646808	0.889191353192
-1.8635	133.9261	318.622651	6	1.0	0.0
-1.8748	133.9489	318.838494	6	1.0	0.0
-9.4047	133.971	329.409459	2	1.0	0.0
-6.02	139.265	330.477413	-1	0.0	0.0999518854481
-4.8644	138.5037	338.419182	13	0.721452503172	0.278547496828
-8.7309	141.9644	340.104771	-1	0.0	0.397678447069
-9.4326	134.0858	349.098183	2	1.0	0.0
-13.9433	137.649	352.608489	4	1.0	0.0
-13.8188	137.5165	352.644411	4	0.733673749626	0.266326250374
-13.9705	137.5567	352.658131	4	0.997758856017	0.00224114398263
-13.9721	137.6643	352.701391	4	1.0	0.0
-13.9303	137.6211	352.717631	4	1.0	0.0
-3.4879	137.3909	359.40709	8	0.341284982028	0.658715017972
-3.4812	137.3477	359.503849	8	0.329314510941	0.670685489059
-3.9494	139.8822	360.966213	-1	0.0	0.0668353468311
-6.8883	139.3378	361.048713	15	0.613032275374	0.386967724626
-8.3612	140.4203	370.050756	25	1.0	0.0
-8.3512	140.5285	370.050811	24	1.0	0.0912883378203
-7.8474	140.7525	370.051099	19	1.0	0.0
-8.3513	140.334	370.092289	-1	0.0	0.0155828271236
-8.3599	140.604	370.092427	24	1.0	0.00188951135486
-8.3327	140.5329	370.951371	24	1.0	0.535648755344
-5.6038	139.6221	379.338826	-1	0.0	0.123458752315
-4.4144	136.8379	385.083631	8	0.0795227280671	0.920477271933
-4.588	139.2672	385.868048	14	0.29947676155	0.70052323845
-4.5907	139.362	385.868096	14	1.0	0.0
-4.5995	139.1316	385.942838	14	0.225582539968	0.774417460032
-4.443	139.4059	385.943043	14	0.364079294173	0.635920705827
-4.5906	139.4304	385.951614	14	0.452121127268	0.547878872732
-1.8642	133.9306	386.459256	6	1.0	0.0
-2.4899	133.2418	386.616679	-1	0.0	0.427271040719
-1.818	134.0136	386.617136	6	0.31412352151	0.68587647849
-8.7752	141.7443	393.680398	17	1.0	0.0
-8.7808	142.0862	393.68057	23	1.0	0.0
-8.7704	142.0221	393.808368	-1	0.0	0.216364462738
-8.7865	142.0829	393.937847	23	1.0	0.0
-14.7555	140.4505	407.698999	-1	0.0	0.116696311384
-8.982	141.4965	407.953197	-1	0.0	0.0806064858918
-8.844	141.9333	407.99184	22	0.632798672276	0.367201327724
-8.8203	142.0544	407.991918	23	1.0	0.0
-8.8258	141.8379	408.065518	20	1.0	0.0
-8.8123	142.0685	408.065648	23	1.0	0.0
-3.3185	128.438	409.965125	0	1.0	0.0
-8.5347	140.5268	413.185819	-1	0.0	0.0568392296287
-7.7207	141.4714	413.186555	-1	0.0	0.0923752266081
-9.4475	134.0953	421.491961	2	1.0	0.0
-3.4875	137.4355	427.587683	8	1.0	0.0
-3.45	136.92	427.695865	8	0.0548235561706	0.945176443829
-3.4749	137.4322	427.695983	8	1.0	0.0
-9.35	133.9488	427.72003	2	1.0	0.0
-9.3317	134.067	427.826259	2	1.0	0.454933955419
-4.0174	136.7739	427.918736	8	0.0683081283843	0.931691871616
-3.5032	137.361	427.956809	8	0.341284982028	0.658715017972
-2.8753	132.4732	432.092661	-1	0.0	0.593781822841
-12.5238	135.3296	441.541745	1	1.0	0.0
-12.5182	135.6381	441.541784	1	1.0	0.0
-8.5049	140.0629	443.019983	18	1.0	0.0
-8.5684	140.7411	443.020324	21	1.0	0.0
-8.6047	140.7995	443.139626	21	0.962202467078	0.0377975329217
-8.5832	140.7482	443.234777	21	1.0	0.0
-9.45	134.0914	446.46748	2	1.0	0.0
-4.4261	139.2149	448.200456	14	0.226958269815	0.773041730185
-4.8548	139.1067	448.328902	14	0.19082907357	0.80917092643
-4.3583	139.3039	448.329232	14	0.234801017705	0.765198982295
-8.4295	142.3507	452.229879	16	1.0	0.0
-9.0323	142.3503	456.586721	-1	0.0	0.0966265394679
-8.8337	141.9003	456.668045	-1	0.0	0.276329920722
-8.8348	142.0766	456.668132	23	0.927201647208	0.0727983527916
-8.8266	141.9778	457.067011	22	1.0	0.0
-1.8985	133.9767	457.091866	6	0.518743741827	0.481256258173
-7.6066	137.6555	471.550692	-1	0.0	0.028039054339
-6.5214	140.027	486.798927	12	0.779207905143	0.220792094857
-5.9625	140.3377	486.799308	12	0.0934134128076	0.906586587192
-6.4158	140.1225	486.873982	12	0.495154717474	0.504845282526
-6.5222	139.8011	487.045954	12	0.225597626057	0.774402373943
-6.4562	140.0849	487.046124	12	1.0	0.0
-4.584	139.4042	491.263036	14	0.772225534958	0.227774465042
-4.6244	139.3412	491.301612	14	0.824447753874	0.175552246126
-4.591	139.3676	491.393926	14	1.0	0.0
-1.8473	133.9799	491.494476	6	0.54107523141	0.45892476859
-0.7785	134.4625	491.495149	-1	0.0	0.667097858726
-1.8439	133.8932	492.302543	6	0.873605999386	0.126394000614
-3.5134	137.272	492.56649	8	0.166068556203	0.833931443797
-8.9402	141.7243	492.574383	17	1.0	0.0
-8.8366	141.7426	492.574428	17	0.947479735841	0.0525202641588
-8.885	142.2091	492.574677	-1	0.0	0.434461288231
-8.8245	142.1029	492.717405	23	0.952838349151	0.0471616508493
-13.155	134.1002	493.296703	1	0.218388681418	0.781611318582
-8.2495	136.6464	497.886963	5	0.67657847175	0.32342152825
-9.4402	133.9487	501.023173	2	1.0	0.0
-9.3664	134.0728	501.228538	2	1.0	0.346656427591
-3.3399	128.4984	507.79046	0	1.0	0.0
-3.3243	128.3439	507.843085	0	1.0	0.0
-7.27	130.839	518.64748	-1	0.0	0.243103909812
-3.5128	134.7737	518.649471	-1	0.0	0.784670033305
-3.5571	134.8389	518.760555	-1	0.0	0.0517628949959
-3.5261	134.7816	518.86493	-1	0.0	0.0089799335431
-4.8518	139.087	520.281468	14	0.211603211658	0.788396788342
-4.3668	139.3994	520.281829	14	0.257828679876	0.742171320124
-4.8447	138.7713	520.305615	13	1.0	0.0
-4.8851	138.9574	520.343898	13	0.704694762348	0.295305237652
-9.4501	134.0978	520.799809	2	1.0	0.0
-4.4274	137.904	524.008397	9	1.0	0.0
-2.3089	133.391	524.679352	-1	0.0	0.329540955509
-4.5582	139.1086	533.926584	14	0.19082907357	0.80917092643
-4.6182	139.3755	533.926642	14	1.0	0.0
-4.5731	139.0338	534.284008	-1	0.0	0.0564957827991
-4.5787	139.3706	534.28414	14	1.0	0.0
-8.5213	140.4121	539.178484	-1	0.0	0.0108426790589
-8.4673	140.54	539.178569	-1	0.0	0.335871016372
-8.8279	140.054	539.310735	-1	0.0	0.392626006639
-8.548	140.6427	539.311108	21	0.997409282578	0.00259071742167
-4.9387	138.7732	542.561197	13	1.0	0.0
-8.249	142.4905	544.329228	16	1.0	0.0
-8.8745	146.9909	547.14169	-1	0.0	0.440666403425
-13.9331	137.3431	551.911824	-1	0.0	0.0663955536729
-13.9461	137.6164	551.911914	4	1.0	0.0
-9.4457	133.9811	556.524731	2	1.0	0.0
-9.4456	134.1382	557.084739	2	1.0	0.554829122207
-8.3017	140.5826	560.927722	24	1.0	0.318920509089
-4.0124	136.753	561.077323	8	0.0653026432216	0.934697356778
-3.4874	137.4327	561.077789	8	1.0	0.0
-2.3759	138.0829	561.155292	-1	0.0	0.2143330161
-3.9313	136.8016	561.203796	8	0.0795227280671	0.920477271933
-3.6426	137.0375	561.3495	8	0.104157042285	0.895842957715
-3.5389	137.4326	561.349688	8	0.550715517694	0.449284482306
-8.5136	140.6991	562.120745	21	1.0	0.0
-8.8392	142.1251	567.375415	23	0.600958300428	0.399041699572
-4.4082	136.9594	574.333536	8	0.0541162626347	0.945883737365
-12.5823	135.5491	577.235348	1	1.0	0.0
-15.9718	142.2028	582.059105	-1	0.0	0.341093363469
-4.6134	139.2975	582.923543	14	0.433510451895	0.566489548105
-4.6088	139.3475	582.982184	14	1.0	0.0
-8.7917	142.0402	589.639472	23	0.7031661885	0.2968338115
-8.8239	142.0537	589.683999	23	1.0	0.0
-8.8097	141.9326	589.718801	-1	0.0	0.0202838813435
-8.8015	142.0767	589.71888	23	1.0	0.0
-8.9464	141.6703	589.787508	17	0.848677723328	0.151322276672
-8.8108	141.971	589.787705	22	1.0	0.0
-8.8098	142.0827	589.787772	23	1.0	0.0
-10.0879	140.6636	589.880154	-1	0.0	0.315295919594
-8.8158	142.0886	589.881231	23	1.0	0.0
-8.8297	141.7187	589.935026	17	1.0	0.0
-8.8309	141.943	590.071783	22	0.632798672276	0.367201327724
-8.8103	142.1037	590.07187	23	0.931472992828	0.0685270071715
-9.4109	133.8589	594.753083	2	0.600013221093	0.399986778907
