6.743	78.1795	-0.000117	12	0.255065006697	0.744934993303
8.4909	75.4404	-592.868695	-1	0.0	0.234694219379
-2.1231	86.5794	-581.922687	1	0.487319200258	0.512680799742
3.2638	77.3475	-581.145866	7	0.117408428675	0.882591571325
3.2834	77.4255	-581.03884	7	0.127775917399	0.872224082601
5.7856	82.6281	-579.596764	4	0.787165144543	0.212834855457
8.5517	75.644	-575.956618	16	0.713233017246	0.286766982754
6.669	78.582	-574.291002	13	0.48253063337	0.51746936663
8.5049	75.8228	-573.428622	16	1.0	0.0
8.4512	75.6918	-567.910994	16	1.0	0.0
8.4578	75.7304	-567.815664	16	1.0	0.0
9.1806	75.8034	-562.177231	14	1.0	0.0
8.531	75.8851	-559.041924	-1	0.0	0.0486677433279
8.5258	75.8243	-558.853569	16	0.818034868945	0.181965131055
8.4468	75.687	-555.511712	16	1.0	0.0
8.473	75.6629	-555.005679	16	1.0	0.172925325252
5.9902	83.0554	-545.255795	10	1.0	0.0
15.1982	75.0893	-540.954759	6	0.344181231422	0.655818768578
8.6001	75.5402	-539.946571	15	1.0	0.0
14.2997	75.2404	-538.077038	5	0.415324771821	0.584675228179
13.2572	76.2105	-536.603089	2	1.0	0.0
5.959	83.2001	-536.139151	11	0.86991872596	0.13008127404
5.9712	83.2292	-536.104719	11	0.975981102588	0.0240188974124
8.4679	75.627	-527.609887	16	0.802494101429	0.197505898571
8.4945	75.7098	-527.442844	16	1.0	0.197085076109
8.7342	75.4735	-527.251693	15	1.0	0.0
5.7794	82.6039	-518.942169	4	0.701388620329	0.298611379671
5.7799	82.6106	-518.688861	4	0.9650831877	0.0349168122996
8.4937	75.7788	-515.626571	16	1.0	0.233843842573
15.023	74.7393	-515.33374	6	0.763861141654	0.236138858346
5.9384	83.0509	-511.198014	10	1.0	0.0
6.6014	78.2912	-509.441723	12	0.519730207003	0.480269792997
6.5658	78.2736	-509.305508	12	1.0	0.0
-2.0984	86.5872	-501.243349	1	0.440307328544	0.559692671456
-2.049	86.5342	-501.055737	1	0.203695533793	0.796304466207
-2.1895	86.6105	-501.055618	1	1.0	0.0
8.4954	75.6891	-494.52025	16	1.0	0.221852163692
8.4431	75.6572	-489.522494	16	1.0	0.173350542652
8.5136	75.7361	-489.465535	16	1.0	0.191328348497
8.4599	75.7681	-489.205546	16	1.0	0.13206647622
14.9953	74.908	-478.318789	6	1.0	0.125478386636
14.9825	74.8259	-478.212607	6	1.0	0.525006665576
8.4541	75.7373	-470.221637	16	1.0	0.0
8.4684	75.7569	-470.051664	16	1.0	0.0
8.44	75.7289	-469.956981	16	1.0	0.0
8.2841	75.3102	-465.437259	17	0.523790935551	0.476209064449
6.7219	78.5464	-464.638186	13	1.0	0.0
6.7382	78.5753	-464.549823	13	0.808901832537	0.191098167463
14.8703	75.0147	-461.420353	6	0.842805499029	0.157194500971
8.4306	75.6942	-456.75497	16	1.0	0.0442596686721
8.4962	75.7667	-441.174643	16	1.0	0.0984602965008
5.8147	82.608	-433.768428	4	0.967905291367	0.0320947086326
8.4817	75.7013	-432.857314	16	1.0	0.0477236216697
8.4861	75.6546	-432.482603	16	1.0	0.153765875684
8.4371	75.6862	-427.284582	16	1.0	0.0
8.4448	75.7562	-426.699995	16	1.0	0.0
6.7212	78.5915	-423.611607	13	0.808901832537	0.191098167463
6.5253	78.1581	-423.542072	12	0.437778742468	0.562221257532
-2.1748	86.6119	-423.116727	1	1.0	0.0
-2.1312	86.5905	-423.083969	1	0.68421693365	0.31578306635
5.9943	83.1144	-415.337061	11	0.447914083843	0.552085916157
4.2235	78.178	-410.704127	7	1.0	0.0
9.2172	75.7798	-404.718913	14	0.988130326617	0.0118696733828
8.751	77.3113	-404.051939	-1	0.0	0.737243959669
8.4457	75.6702	-403.819208	16	1.0	0.173350542652
11.6099	91.3872	-399.271667	0	0.0446357833696	0.95536421663
6.7437	78.4976	-391.544759	13	0.462087344174	0.537912655826
8.3894	75.6399	-391.498953	16	0.713540946142	0.286459053858
15.4463	75.3273	-378.172176	-1	0.0	0.0342133720531
8.4681	75.7699	-367.565259	16	1.0	0.0165686586453
6.5381	78.2486	-348.263404	12	1.0	0.0
6.4786	78.2066	-348.226328	12	0.527237190992	0.472762809008
8.3889	75.5218	-342.799528	16	0.427520186552	0.572479813448
8.4466	75.5758	-342.671714	16	0.470674606217	0.529325393783
14.9419	74.8751	-340.361732	6	1.0	0.0
6.4513	78.5295	-334.631391	13	0.127732023806	0.872267976194
6.7007	78.5239	-334.631322	13	0.740088952007	0.259911047993
8.439	75.6668	-334.616074	16	1.0	0.0
8.4309	75.6829	-334.425104	16	1.0	0.0442596686721
6.6728	78.5091	-333.993294	13	0.726303904905	0.273696095095
6.6775	78.5073	-333.87736	13	0.730128768482	0.269871231518
8.7135	75.5431	-326.378382	15	0.901554662795	0.0984453372051
8.7364	75.5439	-326.280798	15	0.925321467491	0.0746785325088
8.4857	76.1673	-320.03289	-1	0.0	0.436143691663
9.2076	75.871	-318.187628	14	0.470045242785	0.529954757215
6.4424	82.9548	-315.963896	8	1.0	0.0
3.193	79.6072	-315.559629	3	0.894364107952	0.105635892048
8.4967	75.6681	-315.382543	16	1.0	0.256262830726
8.4908	75.7935	-314.497285	16	1.0	0.0
14.8712	74.9728	-314.406168	6	1.0	0.465977982531
8.4774	75.731	-314.381289	16	1.0	0.0
5.8426	82.5971	-314.145047	4	0.801338993648	0.198661006352
5.8201	82.5398	-314.018987	4	0.349270827534	0.650729172466
-0.7067	86.7604	-299.879065	1	0.0162860554164	0.983713944584
8.4387	75.6776	-294.132573	16	1.0	0.0
8.5049	75.5898	-293.837814	16	0.600865239081	0.399134760919
8.4684	75.6958	-282.433472	16	1.0	0.289559560341
6.007	83.2797	-282.384725	11	0.477003425063	0.522996574937
5.9697	83.2285	-282.23333	11	1.0	0.0
8.4571	75.9821	-280.000759	-1	0.0	0.534465747128
14.9287	74.7399	-278.591221	6	1.0	0.109960158453
8.3871	75.6668	-275.981078	16	0.974401694005	0.0255983059954
8.4009	75.692	-275.924748	16	1.0	0.195405400202
9.2101	75.7969	-263.039549	14	1.0	0.0
6.7502	78.5432	-261.144081	13	1.0	0.0
6.6619	78.6089	-260.476108	13	0.546083872994	0.453916127006
6.7532	78.2131	-259.025291	12	0.235489401719	0.764510598281
8.4492	75.7105	-251.895402	16	1.0	0.0358360836477
8.4433	76.0119	-251.895392	-1	0.0	0.0792238615907
8.2166	75.4739	-250.973236	17	0.250907541066	0.749092458934
14.3055	75.3161	-246.62551	5	0.610297293164	0.389702706836
5.808	82.6095	-243.995144	4	1.0	0.0
13.4903	76.0003	-237.502881	2	1.0	0.0
13.4923	76.0954	-237.502868	2	1.0	0.0
6.5078	78.1321	-225.51402	12	0.331852904238	0.668147095762
6.78	78.1589	-224.380041	12	0.205875536162	0.794124463838
6.7974	78.1366	-224.333777	-1	0.0	0.0903999388999
14.8793	74.7597	-221.685713	6	1.0	0.0
6.0187	83.0327	-218.049185	10	0.796151386391	0.203848613609
5.9806	83.0465	-217.973901	10	1.0	0.0
8.5606	75.7905	-217.703612	16	0.650749124738	0.349250875262
8.5949	75.5086	-217.226115	15	0.8733078532	0.1266921468
8.9187	75.9765	-214.771934	-1	0.0	0.0431015097804
-2.2023	86.6422	-214.178971	1	0.3579827364	0.6420172636
-4.0163	90.1945	-213.124265	1	0.00325160645631	0.996748393544
14.9479	74.7492	-202.490541	6	1.0	0.0994465388139
6.7458	78.552	-201.228551	13	1.0	0.0
6.6999	78.5909	-201.109648	13	0.826888144962	0.173111855038
13.4014	76.4237	-197.348796	2	0.761206903189	0.238793096811
8.4358	75.7316	-190.166183	16	1.0	0.0
14.8327	74.7447	-178.94797	6	1.0	0.207250736187
3.2309	79.5491	-178.448919	3	1.0	0.0
3.1608	79.5261	-178.426477	3	0.717544839173	0.282455160827
3.2025	79.5512	-178.395986	3	1.0	0.0
8.3488	75.3857	-173.508441	17	0.441257670719	0.558742329281
6.4991	78.2362	-159.450374	12	0.820009966381	0.179990033619
6.5456	78.3648	-159.380266	12	0.299544240113	0.700455759887
6.5494	78.2541	-159.017761	12	1.0	0.0
6.0551	83.1601	-158.829408	11	0.534728609244	0.465271390756
5.9715	83.2277	-158.785305	11	1.0	0.0
8.4958	75.6574	-155.571964	16	1.0	0.0607496267544
9.1725	75.6996	-152.304092	14	1.0	0.404255524694
6.4122	82.8675	-132.322578	8	0.296901721266	0.703098278734
6.734	78.5293	-122.763675	13	0.841428548133	0.158571451867
6.7236	78.5957	-122.672953	13	0.767821152614	0.232178847386
6.7355	78.5316	-122.644016	13	0.908844381468	0.0911556185324
3.1998	79.5642	-122.598936	3	1.0	0.0
3.1772	79.5077	-122.431118	3	0.559701638347	0.440298361653
3.2096	79.5689	-122.294168	3	1.0	0.0
8.5061	75.673	-119.747134	16	1.0	0.209700259341
8.3284	75.7921	-119.091299	-1	0.0	0.109558945601
4.0915	78.1513	-99.117273	7	1.0	0.0
14.8775	74.7822	-95.33626	6	1.0	0.0
14.9092	74.818	-95.167803	6	1.0	0.112374996904
8.2312	75.3006	-90.16137	17	0.478014108411	0.521985891589
8.4716	75.6301	-89.011255	16	0.877205894813	0.122794105187
8.452	75.6606	-88.959331	16	1.0	0.0055382679848
5.8432	82.679	-85.898319	4	0.30818417345	0.69181582655
14.1906	75.3652	-66.606938	5	1.0	0.0
14.8884	74.8112	-61.899971	6	1.0	0.0729723606361
7.127	77.8249	-58.269603	9	1.0	0.0
8.2555	75.3366	-57.557543	17	1.0	0.0
6.5572	78.3337	-57.122299	12	0.49191323513	0.50808676487
6.5681	78.0678	-57.058158	-1	0.0	0.117836307791
3.4048	79.2905	-52.75012	3	0.107678728542	0.892321271458
2.9501	79.5958	-52.750008	3	0.254641526472	0.745358473528
8.9141	75.9102	-52.33301	-1	0.0	0.00339145401005
8.8936	75.9396	-52.332977	-1	0.0	0.115429188761
8.4281	75.8344	-46.672313	16	0.774624644159	0.225375355841
8.4569	75.7307	-46.230318	16	1.0	0.0
6.9989	77.8984	-45.022228	9	0.863405847836	0.136594152164
8.2361	75.3457	-44.312159	17	0.694873019356	0.305126980644
6.002	83.0082	-31.466329	10	0.660899344179	0.339100655821
8.2204	75.3617	-31.153764	17	0.602972926792	0.397027073208
8.2283	75.4258	-31.025271	17	0.368043725139	0.631956274861
-2.2597	86.6309	-26.130857	1	0.275155645958	0.724844354042
8.4644	75.8141	-22.166472	16	1.0	0.0
8.4362	75.722	-21.980773	16	1.0	0.0
8.4252	75.7651	-21.761573	16	1.0	0.337861471756
8.4273	75.5907	-21.209997	16	0.579007339997	0.420992660003
14.8894	74.7735	-18.486548	6	1.0	0.0
14.722	74.7333	-18.116256	6	0.65187476469	0.34812523531
6.458	83.0139	-11.147809	8	0.826666444865	0.173333555135
6.4019	82.9992	-10.997504	8	0.979846561861	0.0201534381386
6.6852	78.622	-9.675361	13	0.753660537435	0.246339462565
6.6978	78.5079	-9.489075	13	0.740088952007	0.259911047993
6.6491	78.474	-9.419956	13	0.387781894145	0.612218105855
8.4939	75.8147	-0.870191	16	1.0	0.0
8.516	75.706	-0.727942	16	1.0	0.311198181157
8.5188	75.7411	-0.62927	16	1.0	0.335311410961
6.743	78.1795	-0.000117	12	0.255065006697	0.744934993303
14.9343	74.9028	0.83686	6	1.0	0.0
8.2399	75.426	15.43074	17	0.416113605097	0.583886394903
8.2495	75.37	15.665874	17	0.602972926792	0.397027073208
6.53	78.32	15.894898	12	0.518774858117	0.481225141883
5.9905	83.0924	17.759679	10	0.952866599761	0.0471334002395
5.8193	82.5888	23.735447	4	0.797331213766	0.202668786234
6.0191	83.2449	33.076023	11	0.827415006644	0.172584993356
6.0347	83.205	33.137162	11	0.9850922693	0.0149077307003
8.4513	75.7086	34.677019	16	1.0	0.300654649851
8.411	75.7035	34.750993	16	1.0	0.248030909384
8.419	75.8155	34.882216	16	0.692908177328	0.307091822672
8.434	75.7191	35.236944	16	1.0	0.0
7.1024	77.8135	44.078205	9	1.0	0.0
4.8945	72.1215	53.075009	-1	0.0	0.283516332803
8.4939	75.7524	55.097741	16	1.0	0.0868402614693
8.4527	75.7419	55.936539	16	1.0	0.0
3.0711	79.579	58.102736	3	0.455391633229	0.544608366771
3.2065	79.6193	58.102765	3	0.810769866028	0.189230133972
3.1942	79.634	58.182141	3	0.645903213996	0.354096786004
6.7268	78.4859	58.310949	13	0.452217757463	0.547782242537
6.7038	78.4526	58.370277	13	0.300740184603	0.699259815397
6.7304	78.5834	58.438688	13	0.882867562762	0.117132437238
5.8066	82.6266	60.165077	4	1.0	0.0
8.2794	75.4271	64.326032	17	0.44350942763	0.55649057237
14.8695	74.8069	75.521527	6	1.0	0.0
6.3696	90.8042	79.617118	0	1.0	0.0
-2.2319	86.5674	83.494103	1	0.328823501958	0.671176498042
8.2468	75.3011	86.495279	17	0.575630925357	0.424369074643
6.2181	83.0492	97.017633	8	0.29690311866	0.70309688134
6.5369	78.29	101.227925	12	0.781286511594	0.218713488406
14.9406	75.0445	103.350202	6	0.734421903862	0.265578096138
6.4223	82.9857	105.946259	8	1.0	0.0
6.4197	83.012	106.03338	8	0.999103474803	0.000896525197322
6.0579	83.3104	110.153248	-1	0.0	0.323151648121
8.7778	75.492	122.026412	15	0.925321467491	0.0746785325088
8.3649	75.5153	122.318296	17	0.235760984681	0.764239015319
6.4012	90.7417	125.288584	0	1.0	0.0
8.2746	75.3582	125.799784	17	0.525932088573	0.474067911427
8.2841	75.3342	125.987231	17	0.84029482512	0.15970517488
8.2657	75.3425	126.251943	17	1.0	0.0
5.8106	82.5765	136.310522	4	0.542162879203	0.457837120797
5.8128	82.6218	136.438317	4	1.0	0.0
7.1255	77.7802	139.705965	9	0.729444924283	0.270555075717
4.2925	78.1613	142.681032	7	1.0	0.0
4.2834	78.1512	143.003594	7	1.0	0.0
4.2892	78.1896	143.034015	7	1.0	0.0
14.9207	74.9734	147.506569	6	1.0	0.427305116149
6.7466	78.567	152.862104	13	0.898218549546	0.101781450454
6.7424	78.5687	152.903898	13	0.882867562762	0.117132437238
6.7465	78.6289	152.923	13	0.470180333486	0.529819666514
6.6901	78.5432	153.184943	13	0.57819581792	0.42180418208
10.7309	71.8418	155.408885	-1	0.0	0.162006453067
14.1711	75.3623	155.900691	5	1.0	0.0
15.1062	75.1148	159.604228	6	0.373139993431	0.626860006569
8.2276	75.2448	166.285433	17	0.413832256671	0.586167743329
8.2478	75.3348	180.238786	17	1.0	0.0
8.2411	75.3934	180.310977	17	0.44350942763	0.55649057237
8.2618	75.3305	180.37059	17	1.0	0.0
8.8974	75.9933	180.637056	-1	0.0	0.00339145401005
8.2601	75.3638	181.063898	17	0.602972926792	0.397027073208
9.1804	75.813	181.569916	14	1.0	0.0
9.1439	75.3925	181.700076	-1	0.0	0.318755647203
8.7052	75.4273	182.871951	-1	0.0	0.186664448264
8.7257	75.2533	183.257498	-1	0.0	0.305182313772
6.4553	82.9766	188.291505	8	0.822357652727	0.177642347273
6.3565	83.0432	188.379802	8	0.521195913043	0.478804086957
6.4102	90.7986	189.229264	0	1.0	0.0
-2.1997	86.5211	193.420586	1	0.328823501958	0.671176498042
7.0508	77.893	200.269822	9	1.0	0.0
13.5248	76.1211	202.135757	2	1.0	0.0
4.4877	82.4891	202.516018	-1	0.0	0.655851567593
14.891	74.756	205.201457	6	1.0	0.0
8.2129	75.2942	208.327808	17	0.546989840664	0.453010159336
8.4899	75.8475	212.724448	16	0.798572535798	0.201427464202
5.8451	82.6323	214.873876	4	0.848454282421	0.151545717579
5.8322	82.5431	214.963418	4	0.37079537915	0.62920462085
5.7819	82.5723	215.051211	4	0.45339610306	0.54660389694
8.4637	75.8177	223.757875	16	1.0	0.0
10.6616	91.4012	224.187181	0	0.0532510132576	0.946748986742
5.9529	83.0642	225.336584	10	1.0	0.0
7.2893	85.621	231.627265	-1	0.0	0.904603639556
6.4216	90.8535	232.224523	0	1.0	0.0
8.2946	75.3888	233.414212	17	0.443283173979	0.556716826021
8.2983	75.4762	233.475048	17	0.310205517327	0.689794482673
7.1729	77.9658	244.213532	9	0.618780427204	0.381219572796
8.5933	75.5304	244.798471	15	1.0	0.0
3.203	79.6057	246.028968	3	0.894364107952	0.105635892048
6.7435	78.6481	248.760003	13	0.445202372644	0.554797627356
6.697	78.6096	248.81731	13	0.790095917531	0.209904082469
6.0606	83.1853	254.710787	11	0.723791413891	0.276208586109
8.2574	75.3319	259.111904	17	1.0	0.0
8.2347	75.3766	259.11192	17	0.602972926792	0.397027073208
8.2462	75.3109	259.139424	17	0.575630925357	0.424369074643
1.6683	71.9951	267.622028	-1	0.0	0.0424988176785
1.8014	71.9873	267.811631	-1	0.0	0.0276531262167
6.4291	82.9761	277.491597	8	1.0	0.0
6.3999	82.9609	277.577428	8	1.0	0.0
6.4186	83.1467	277.66504	-1	0.0	0.245156479775
6.4145	82.9457	277.998977	8	0.841213651043	0.158786348957
9.1735	75.7888	281.517439	14	1.0	0.0
9.1647	75.7383	281.651522	14	1.0	0.0
9.1641	75.7028	281.98904	14	1.0	0.355006624297
6.5329	78.2421	289.060302	12	1.0	0.0
6.5437	78.2787	289.182588	12	0.952719222365	0.0472807776354
8.2243	75.2546	289.622774	17	0.546989840664	0.453010159336
5.0806	83.6576	291.490448	-1	0.0	0.618437990206
5.048	83.8545	291.490507	-1	0.0	0.694086277767
-2.3365	86.5177	291.714542	1	0.20288877497	0.79711122503
6.3923	90.7962	296.492512	0	1.0	0.0
14.9708	74.8845	297.885904	6	1.0	0.0
-2.1594	86.6007	310.65175	1	0.85728615906	0.14271384094
8.2173	75.2273	310.681421	17	0.268862930044	0.731137069956
6.7469	78.5505	310.832293	13	1.0	0.0
10.1471	72.4956	310.913969	-1	0.0	0.283516332803
6.6588	78.5119	310.938173	13	0.610654187589	0.389345812411
8.2725	75.4695	310.957303	17	0.332417845624	0.667582154376
8.2827	75.5756	311.003832	-1	0.0	0.0567407401373
6.7227	78.6165	311.13229	13	0.753660537435	0.246339462565
9.1166	75.6883	312.141959	14	0.954133162862	0.0458668371376
9.1835	75.722	312.551046	14	1.0	0.0
13.3397	76.1944	317.694889	2	1.0	0.0
6.0348	83.23	319.046474	11	0.771790498748	0.228209501252
5.9972	83.1972	319.144858	11	1.0	0.0
5.8001	82.7186	320.299778	4	0.188495227643	0.811504772357
14.2572	75.3495	320.49298	5	1.0	0.0
8.6758	75.511	321.415529	15	1.0	0.0
3.1761	79.5615	321.510518	3	1.0	0.0
3.1587	79.5909	321.547084	3	0.894364107952	0.105635892048
3.1131	79.6708	321.547119	3	0.380456473326	0.619543526674
8.4202	75.6525	326.999405	16	1.0	0.22889817684
9.1702	75.7355	339.745407	14	1.0	0.0
6.437	90.9088	341.27386	0	0.977763415855	0.0222365841448
6.5601	78.1887	344.855454	12	0.527237190992	0.472762809008
14.7072	74.8204	361.410413	6	0.61316433796	0.38683566204
8.2379	75.5492	363.651752	-1	0.0	0.0952988449097
6.9733	77.8698	366.482999	9	1.0	0.0
7.0219	77.7961	366.583286	9	1.0	0.0
8.7592	75.4631	367.465056	15	0.811251748715	0.188748251285
15.0088	74.9109	371.773655	6	1.0	0.222643100859
6.2455	82.9617	371.910316	8	0.338633236466	0.661366763534
9.1512	75.7191	373.502614	14	1.0	0.126268697375
9.1563	75.6279	373.518651	14	0.501554159258	0.498445840742
9.1612	75.7517	373.809483	14	1.0	0.369703417739
8.5245	75.6396	380.140961	16	0.924685278097	0.0753147219026
8.2066	75.2722	381.14301	17	0.546989840664	0.453010159336
14.2074	75.341	382.464997	5	1.0	0.0
6.0139	83.2135	386.096611	11	1.0	0.0
6.0346	83.2951	386.276594	-1	0.0	0.155418559385
6.0539	83.1618	386.337153	11	0.556365534166	0.443634465834
9.189	75.7354	402.180632	14	1.0	0.0
9.139	75.7989	402.44612	14	1.0	0.0
14.9367	74.8834	402.870581	6	1.0	0.0
8.4778	75.7174	404.704884	16	1.0	0.0363270980383
8.5021	75.7405	404.950966	16	1.0	0.0155039598713
5.6143	82.9094	411.271874	-1	0.0	0.557537945462
8.6937	75.5405	413.835486	15	1.0	0.0
-2.1288	86.5475	419.307362	1	0.283061146995	0.716938853005
-2.1899	86.5368	419.368022	1	0.328823501958	0.671176498042
-2.1995	86.5998	419.371257	1	0.688765582892	0.311234417108
-2.1654	86.6048	419.422735	1	1.0	0.0
-2.0745	86.5769	419.470845	1	0.297577186456	0.702422813544
-2.1871	86.6017	419.659036	1	1.0	0.0
-2.1898	86.6042	419.707037	1	1.0	0.0
-2.1456	86.6004	419.745792	1	0.640698571392	0.359301428608
-2.1911	86.6481	419.897392	1	0.316762812844	0.683237187156
14.8528	74.9213	421.979521	6	1.0	0.514587882633
11.6235	91.2337	422.760911	0	0.0456964505916	0.954303549408
1.6997	72.106	425.930222	-1	0.0	0.0363878254225
10.6866	91.2985	433.378229	0	0.0543554500015	0.945644549999
14.2156	75.2482	438.03981	5	0.44638265634	0.55361734366
8.362	75.3803	439.292203	17	0.422476775618	0.577523224382
8.2498	75.4043	439.418718	17	0.44350942763	0.55649057237
8.2219	75.2756	440.143934	17	0.546989840664	0.453010159336
8.9891	76.1325	440.911361	-1	0.0	0.321029624914
6.2097	82.9478	448.195591	8	0.272368207068	0.727631792932
6.2542	82.9775	448.247609	8	0.350008562419	0.649991437581
6.2509	82.972	448.316981	8	0.347138809836	0.652861190164
8.3081	75.3263	452.470825	17	0.463779220526	0.536220779474
8.2927	75.5351	452.548618	17	0.292998360745	0.707001639255
8.2817	75.4462	452.637719	17	0.416113605097	0.583886394903
8.3016	75.503	452.827427	17	0.332417845624	0.667582154376
5.9433	83.23	453.411166	11	0.800582953679	0.199417046321
6.5184	78.2009	454.050311	12	0.644434974093	0.355565025907
6.5252	78.2618	454.147874	12	1.0	0.0
14.2535	75.3606	457.386252	5	1.0	0.0
15.1354	75.191	459.287508	6	0.27953201951	0.72046798049
5.986	83.184	462.908363	11	0.763445856234	0.236554143766
9.157	75.6546	471.928657	14	0.778307191214	0.221692808786
3.2127	77.6254	477.335907	7	0.154822908402	0.845177091598
3.2663	77.5503	477.546624	7	0.145573147486	0.854426852514
7.1435	90.249	486.413674	0	0.165635172521	0.834364827479
5.8323	82.6301	488.594876	4	1.0	0.0
8.7601	75.5992	492.286034	-1	0.0	0.294181002668
8.213	75.3322	499.852229	17	0.542043326802	0.457956673198
8.2249	75.2597	499.954456	17	0.546989840664	0.453010159336
8.3088	75.3906	500.025479	17	0.422476775618	0.577523224382
14.9146	74.8998	504.311997	6	1.0	0.0167963841118
8.6646	75.343	505.166534	-1	0.0	0.47297246489
6.435	82.9414	516.933677	8	0.75543866483	0.24456133517
6.4275	83.0408	517.012118	8	0.698007138136	0.301992861864
6.4182	83.0034	517.113187	8	1.0	0.0
6.4126	82.8858	517.259532	8	0.372597345299	0.627402654701
9.1804	75.7272	530.721785	14	1.0	0.0
-2.2681	86.4554	532.792525	1	0.160816187385	0.839183812615
-2.2347	86.6769	532.841996	1	0.193271591888	0.806728408112
-2.3463	86.703	532.841997	1	0.125266240281	0.874733759719
-2.2495	86.5457	532.861764	1	0.328823501958	0.671176498042
-2.2704	86.5591	532.896806	1	0.258751999423	0.741248000577
-2.2385	86.55	532.915553	1	0.328823501958	0.671176498042
-2.2392	86.42	532.950367	1	0.109140556334	0.890859443666
-2.2365	86.5136	533.012944	1	0.32716649999	0.67283350001
13.3221	76.7389	535.109569	2	0.386244486835	0.613755513165
5.9546	83.0852	539.252689	10	1.0	0.0
5.9763	83.2041	559.234209	11	1.0	0.0
14.8966	74.5167	559.782656	6	0.251685946981	0.748314053019
6.4982	78.2172	566.356122	12	0.77579135483	0.22420864517
8.3171	75.3699	568.704463	17	0.497306657775	0.502693342225
8.3308	75.3577	568.745344	17	0.413140935707	0.586859064293
8.3281	75.44	568.894438	17	0.298541914494	0.701458085506
14.9634	74.9365	577.229577	6	1.0	0.241998971868
6.6926	78.6481	579.963839	13	0.445834699644	0.554165300356
6.7303	78.5394	580.038062	13	1.0	0.0
6.7141	78.3165	580.086666	12	0.254482947176	0.745517052824
6.6992	78.6314	580.146458	13	0.678929099391	0.321070900609
6.7326	78.4985	580.404008	13	0.509239942095	0.490760057905
8.8149	75.6995	582.431254	14	0.245537930621	0.754462069379
14.9679	74.9664	584.393906	6	0.991830112643	0.00816988735726
8.1093	75.5298	584.73571	-1	0.0	0.25586825919
8.0793	75.5015	585.43072	-1	0.0	0.327679187065
5.8409	82.617	586.201068	4	1.0	0.0
7.3397	77.855	592.765146	9	0.618780427204	0.381219572796
14.9539	74.8888	599.138834	6	1.0	0.0
