4.7089	115.1802	-1.4e-05	23	0.753886071213	0.246113928787
9.1678	118.4761	-599.72958	28	0.736830577766	0.263169422234
8.8414	124.278	-594.215288	8	0.765086103932	0.234913896068
8.8013	124.2319	-594.048512	8	1.0	0.0
-6.8408	110.5373	-588.25666	13	0.466655367121	0.533344632879
-6.9119	110.4738	-587.651482	13	0.462204566934	0.537795433066
9.1932	118.4369	-586.789748	28	0.467563531913	0.532436468087
8.0484	121.6774	-586.759296	17	0.843952155489	0.156047844511
9.0206	118.2632	-586.708184	-1	0.0	0.309458141578
7.7067	121.2502	-586.691513	-1	0.0	0.125108099617
8.0331	121.6638	-586.691151	17	0.708767540478	0.291232459522
10.0092	122.3464	-579.252006	2	0.712874168749	0.287125831251
7.7229	123.4492	-575.759727	26	1.0	0.0
1.9096	114.1355	-575.218869	21	1.0	0.0
5.6117	115.8976	-573.586837	11	0.424295505152	0.575704494848
5.5247	115.6404	-573.558877	11	1.0	0.0375850423432
5.5923	115.8131	-573.509662	11	1.0	0.133046048931
5.571	115.8039	-573.450086	11	1.0	0.133046048931
5.567	115.7577	-573.199933	11	1.0	0.0
1.3095	109.7179	-571.850745	1	0.945162435316	0.0548375646837
8.2072	121.9103	-571.802123	17	1.0	0.670216545773
8.1296	121.7407	-571.765056	17	1.0	0.0798109594601
8.2048	121.8307	-571.729201	17	0.789730279237	0.210269720763
1.2889	109.6107	-571.708609	1	0.535810119607	0.464189880393
1.3027	109.711	-571.708601	1	0.837946148969	0.162053851031
1.3115	109.738	-571.650091	1	1.0	0.0
8.1355	121.7424	-571.340471	17	1.0	0.0743815795246
-7.2151	108.9801	-568.726837	-1	0.0	0.384430104535
-7.086	108.9426	-568.393052	-1	0.0	0.40900162353
-6.4221	106.6864	-564.14876	3	1.0	0.0
9.0557	118.5119	-561.974606	28	0.252847947671	0.747152052329
5.5554	111.0855	-557.199847	-1	0.0	0.124630374138
9.2473	118.5063	-554.300264	28	0.552567507933	0.447432492067
9.2416	118.5035	-554.179787	28	0.60274061981	0.39725938019
9.3238	119.0626	-545.737621	-1	0.0	0.317331700113
4.5498	115.3761	-545.275827	-1	0.0	0.082228057614
9.1973	118.5107	-543.954023	28	1.0	0.0
9.1721	118.4057	-543.886993	28	0.430664241109	0.569335758891
9.2019	118.5401	-543.83295	28	0.942709903808	0.057290096192
9.1917	118.5439	-543.726016	28	0.942709903808	0.057290096192
6.2132	115.5672	-542.292228	18	1.0	0.0
-6.8008	110.4778	-541.402074	13	1.0	0.0
-6.851	110.4341	-541.307133	13	1.0	0.217939836156
8.1024	123.5052	-532.034951	26	0.471088496365	0.528911503635
7.2349	123.7818	-527.036147	25	1.0	0.142571734606
7.2356	123.7919	-526.950172	25	1.0	0.142571734606
9.0819	118.5738	-524.432738	28	0.235726085036	0.764273914964
9.1817	118.8972	-518.636638	27	0.534205066645	0.465794933355
9.1919	118.5067	-511.058719	28	1.0	0.0
-6.9447	109.5676	-504.342899	12	0.796162541707	0.203837458293
-6.8619	109.8165	-504.342889	12	0.154241669397	0.845758330603
-6.7294	109.4947	-504.296611	12	0.545661124602	0.454338875398
-6.8544	109.5495	-503.786281	12	0.902095340087	0.097904659913
4.0101	114.9812	-501.111388	20	1.0	0.0
7.8698	120.6335	-499.658322	4	0.275741618593	0.724258381407
7.8606	120.4996	-499.575841	4	0.323245600708	0.676754399292
-6.3052	106.521	-491.258517	3	0.803042979416	0.196957020584
1.2063	116.0514	-491.244639	10	0.726756130618	0.273243869382
9.2201	118.5001	-482.639118	28	0.940166113115	0.059833886885
9.3493	118.536	-482.639038	28	0.194186399178	0.805813600822
4.9144	115.15	-478.395818	23	1.0	0.00722183461754
4.9746	115.1028	-478.351881	23	1.0	0.24266467605
4.9264	115.14	-478.13159	23	1.0	0.0
4.4678	114.692	-476.398627	24	0.754440316461	0.245559683539
4.4552	114.4916	-476.348776	24	0.122702502048	0.877297497952
4.4925	114.6748	-476.348728	24	0.754440316461	0.245559683539
4.4486	114.7128	-476.29964	24	1.0	0.225823252318
5.5111	115.6762	-472.919848	11	1.0	0.0
5.5598	115.8218	-472.919768	11	1.0	0.133046048931
7.7093	123.3138	-470.055783	26	1.0	0.149588483881
7.7168	123.4318	-470.001654	26	1.0	0.0
7.6981	123.3341	-469.938792	26	1.0	0.0
7.7155	123.4785	-469.727725	26	0.946043805005	0.0539561949948
7.7116	123.4438	-469.650482	26	1.0	0.0
7.6973	123.3647	-469.496932	26	1.0	0.0164461190801
8.2179	120.3883	-469.214672	4	1.0	0.0
8.1628	120.1889	-469.102949	4	0.289524693022	0.710475306978
8.2055	120.3712	-469.102849	4	1.0	0.0
8.1821	120.3332	-469.055274	4	1.0	0.0
8.2144	120.3712	-469.026523	4	1.0	0.0
7.9293	121.8082	-465.975801	17	0.949849542424	0.0501504575762
8.03	122.0908	-465.975624	17	0.722495649268	0.277504350732
7.9574	121.8909	-465.922616	17	1.0	0.678370565573
7.9629	123.4736	-465.035625	26	0.471088496365	0.528911503635
-6.7837	110.3498	-463.937719	13	0.602667846707	0.397332153293
0.6961	114.8243	-461.656561	22	0.750424543159	0.249575456841
0.7079	114.7961	-461.52049	22	1.0	0.0
0.6888	114.7961	-461.502875	22	1.0	0.0
0.6891	114.7859	-461.485415	22	1.0	0.0
0.6787	114.7123	-461.431026	22	0.640274743541	0.359725256459
0.5777	114.835	-461.430952	22	0.426657860413	0.573342139587
0.6796	114.7948	-461.347606	22	1.0	0.0
4.4225	114.7098	-458.906637	24	1.0	0.159306019297
4.4145	114.5772	-458.818391	24	0.240148915769	0.759851084231
9.2305	118.4868	-457.897397	28	0.54218865431	0.45781134569
9.0545	118.9027	-455.729639	27	1.0	0.0
7.2936	123.7991	-454.238798	25	1.0	0.356417093532
9.1056	118.6429	-452.874669	28	0.257735277793	0.742264722207
6.2037	115.5794	-448.304202	18	1.0	0.0
6.1379	115.7929	-446.936252	-1	0.0	0.098304064395
8.6188	124.1081	-446.763219	8	1.0	0.0
9.9864	122.2093	-445.025357	2	0.33705263361	0.66294736639
1.2463	109.6925	-439.590563	1	0.64250227061	0.35749772939
1.1859	109.5621	-439.422972	1	0.381517144195	0.618482855805
-6.9187	107.1146	-438.159044	3	1.0	0.0
-6.6295	107.2134	-438.159017	3	1.0	0.0
7.2325	123.6064	-437.998387	25	0.934406290395	0.0655937096054
-6.7333	110.4052	-437.546858	13	1.0	0.0
1.7978	115.0207	-437.418066	6	0.300502927778	0.699497072222
-6.6319	110.3464	-436.579367	13	0.554792529078	0.445207470922
9.1877	118.5196	-434.638632	28	1.0	0.0
8.0316	122.5246	-434.592976	7	1.0	0.0
9.2053	118.5305	-434.550595	28	0.942709903808	0.057290096192
9.1951	118.5059	-434.476151	28	1.0	0.0
9.1306	118.2906	-434.384764	28	0.217023234584	0.782976765416
9.1785	118.5048	-434.384642	28	1.0	0.0
8.8274	124.2199	-426.938797	8	1.0	0.0
1.9644	114.1696	-425.301507	21	0.976622862809	0.0233771371914
9.1777	122.4284	-419.007814	2	0.192120471957	0.807879528043
6.9402	124.1193	-415.082701	-1	0.0	0.0208301436423
6.9673	124.0267	-415.022616	25	0.334401331942	0.665598668058
7.2409	123.813	-413.604807	25	1.0	0.0
7.1835	123.6382	-413.508274	25	1.0	0.537956035126
7.264	123.8461	-413.508138	25	1.0	0.387642141704
7.2648	123.8172	-413.243078	25	1.0	0.100525351851
7.2329	123.7269	-413.177343	25	1.0	0.576557157788
7.1829	123.6416	-412.935763	25	1.0	0.537956035126
8.1402	123.4454	-412.753029	26	0.421741943482	0.578258056518
8.1106	123.3416	-412.710625	-1	0.0	0.142774468424
-6.7035	110.4816	-407.503354	13	0.659739277266	0.340260722734
1.646	114.0142	-404.346301	21	1.0	0.0
-6.7811	110.4694	-402.634818	13	1.0	0.0
7.1771	123.8681	-399.142182	25	1.0	0.340515377015
8.0008	121.6622	-394.978824	17	0.671188832381	0.328811167619
8.0219	121.7614	-394.917349	17	1.0	0.0
4.4195	114.6925	-392.994971	24	1.0	0.0
9.1213	118.6841	-392.136315	28	0.169447392466	0.830552607534
9.0906	118.6503	-391.959213	28	0.257735277793	0.742264722207
2.2209	114.9156	-390.197098	6	0.209973504636	0.790026495364
4.9536	115.076	-389.390502	23	1.0	0.316581349308
-7.1207	110.4758	-389.036278	13	0.145220653829	0.854779346171
4.9275	115.1935	-388.832591	23	1.0	0.0
4.0294	115.0373	-383.850365	20	1.0	0.0
-6.7896	110.4099	-376.656713	13	1.0	0.0
-6.7601	110.3819	-376.58488	13	0.891885569483	0.108114430517
6.2379	115.565	-376.252817	18	1.0	0.0
5.5412	115.6513	-375.356624	11	1.0	0.0
6.0855	116.0912	-375.356185	-1	0.0	0.345831845194
5.4946	115.5942	-375.306804	11	0.56329228582	0.43670771418
5.6062	115.7414	-375.306716	11	1.0	0.0
5.5581	115.7649	-375.293705	11	1.0	0.0
5.6038	115.8333	-375.24191	11	1.0	0.321857714969
5.5378	115.7179	-375.201248	11	1.0	0.308340067752
5.5337	115.81	-375.109986	11	1.0	0.347100801284
4.746	115.101	-371.409	23	1.0	0.0
9.2376	118.3655	-371.293745	28	0.340888462667	0.659111537333
7.3212	123.7644	-367.895826	25	0.857672723126	0.142327276874
5.8726	115.3841	-365.40947	18	0.230185156818	0.769814843182
7.6404	123.3312	-355.272822	26	1.0	0.254382252169
9.1703	118.5516	-353.850637	28	0.720672311205	0.279327688795
1.0798	116.2806	-353.831898	10	1.0	0.0
4.411	114.686	-350.536505	24	1.0	0.098201697776
4.4048	114.6757	-350.165187	24	1.0	0.393217214405
8.3404	117.1811	-340.946958	14	0.83938557173	0.16061442827
8.3578	117.152	-340.579708	14	0.5863199432	0.4136800568
8.2164	121.9977	-340.184573	17	0.821023156024	0.178976843976
1.2994	109.4771	-335.147771	1	0.266570570655	0.733429429345
1.2436	109.7322	-335.047182	1	0.648868161627	0.351131838373
1.3646	109.7263	-334.873119	1	1.0	0.0
1.3188	109.6913	-334.763399	1	0.703506306	0.296493694
1.3165	109.5706	-334.646421	1	0.431760224492	0.568239775508
4.9806	115.1632	-333.744004	23	1.0	0.233368347737
4.9524	115.1161	-333.631693	23	1.0	0.127909278462
9.2038	118.407	-333.576851	28	0.467563531913	0.532436468087
9.2097	118.4047	-333.341377	28	0.426966657256	0.573033342744
9.2106	118.5534	-332.91521	28	0.899379588624	0.100620411376
4.4099	114.6535	-331.998908	24	1.0	0.0
8.6278	117.7819	-329.775122	15	1.0	0.0
8.614	117.7331	-329.771961	15	1.0	0.0
9.2417	119.2435	-324.336105	-1	0.0	0.590029847471
-6.7772	110.4137	-320.297015	13	1.0	0.0600103605191
-6.6989	110.3915	-318.175416	13	0.991232261743	0.00876773825653
-6.6487	110.3708	-317.718857	13	1.0	0.426619431934
-6.7984	110.4205	-317.642636	13	1.0	0.0
4.6665	115.0485	-313.201802	23	0.761198016774	0.238801983226
4.7807	115.1303	-312.581202	23	1.0	0.454080458901
0.5301	109.6184	-311.583052	1	0.0698863374414	0.930113662559
8.9147	118.9652	-300.236045	-1	0.0	0.0970286878697
1.7039	114.11	-295.503411	21	1.0	0.0
9.1626	118.354	-292.08156	28	0.274877593516	0.725122406484
9.2109	118.4565	-292.081497	28	0.484129794354	0.515870205646
5.026	115.1625	-283.658771	23	0.915878690673	0.0841213093265
-6.8073	110.4707	-278.575397	13	1.0	0.0
1.2678	109.6258	-276.553092	1	0.535810119607	0.464189880393
-6.7398	110.3885	-275.155309	13	1.0	0.0
4.4451	114.6906	-265.223882	24	1.0	0.154056040248
4.4554	114.6811	-265.149974	24	0.814051644191	0.185948355809
7.3474	123.6683	-264.4055	25	0.65128230979	0.34871769021
7.7643	123.8905	-264.405191	-1	0.0	0.489710670506
-6.7691	110.4451	-261.18813	13	1.0	0.0
7.7465	123.402	-255.220668	26	1.0	0.00762894840576
9.0355	118.8229	-250.436811	27	0.541601385555	0.458398614445
-6.7789	110.4111	-248.668154	13	1.0	0.0
-6.8157	110.4096	-248.426326	13	1.0	0.015647307295
-6.7999	110.4121	-248.172588	13	1.0	0.0
8.1362	116.3832	-248.094991	9	1.0	0.0
8.2228	116.5361	-248.09489	9	1.0	0.0
7.8096	122.344	-246.972828	7	1.0	0.0
0.6491	114.755	-245.792783	22	0.996136639623	0.00386336037694
0.7813	114.706	-245.760001	22	0.559803985134	0.440196014866
5.5366	115.7573	-245.446954	11	1.0	0.0
5.5815	115.8423	-245.446899	11	0.93107636713	0.0689236328701
9.2153	118.4439	-245.402554	28	0.380228979368	0.619771020632
5.5864	115.7871	-245.358339	11	1.0	0.133046048931
5.3644	115.5473	-242.263315	11	0.263895858497	0.736104141503
4.9137	115.1318	-242.123523	23	1.0	0.0
9.1352	118.7006	-241.900447	27	0.453036877826	0.546963122174
7.28	123.7225	-236.674149	25	1.0	0.559033675952
2.0213	116.7541	-234.440804	5	0.276104209509	0.723895790491
8.1339	120.471	-234.29352	4	0.546273230195	0.453726769805
-6.4339	110.2829	-231.804923	13	0.17449722277	0.82550277723
9.8901	117.6071	-225.957677	-1	0.0	0.139648352417
-6.8324	110.2873	-224.715266	13	0.381484768119	0.618515231881
6.2315	115.5666	-224.216725	18	1.0	0.0
7.9813	122.0412	-223.200194	17	0.895447939362	0.104552060638
4.9392	115.1999	-220.616319	23	1.0	0.0
4.9214	115.1906	-220.551119	23	1.0	0.0
4.9065	115.1161	-219.96461	23	1.0	0.215446559702
9.487	118.9605	-218.957527	-1	0.0	0.232125254457
1.8915	115.1059	-212.511418	6	0.177370153173	0.822629846827
8.2187	121.8547	-211.862502	17	0.952176200678	0.0478237993219
4.6888	115.1194	-211.252171	23	1.0	0.0
9.6441	119.2219	-210.50774	-1	0.0	0.590029847471
9.0181	118.7601	-210.456248	27	0.453036877826	0.546963122174
9.031	118.9116	-210.456179	27	1.0	0.0
1.1212	116.05	-206.452904	10	0.666018597236	0.333981402764
1.9375	116.6892	-206.452354	5	0.147026558006	0.852973441994
-6.7202	110.3588	-204.372065	13	0.673801735945	0.326198264055
8.6897	116.2286	-201.501256	9	0.445565480215	0.554434519785
1.3699	109.7088	-199.382404	1	0.949929601695	0.0500703983051
1.3503	109.73	-199.28253	1	1.0	0.0
1.3453	109.7672	-199.275193	1	0.684560577976	0.315439422024
-6.7029	110.3852	-198.934896	13	1.0	0.0707189832162
5.6003	115.7384	-198.886913	11	1.0	0.0
1.3905	109.7291	-198.709744	1	1.0	0.0
8.178	121.9688	-195.899344	17	1.0	0.670216545773
6.3904	115.7296	-193.846915	18	0.261880608849	0.738119391151
4.4305	114.6433	-189.182743	24	0.70733383419	0.29266616581
4.9759	115.0471	-188.33527	23	0.8326657808	0.1673342192
9.2342	118.2863	-185.636616	28	0.231321315638	0.768678684362
4.4455	114.7102	-185.622981	24	1.0	0.0
4.4015	114.7011	-185.548378	24	1.0	0.289712643427
4.4109	114.7481	-185.28681	24	0.452353345298	0.547646654702
7.861	122.4149	-185.064618	7	1.0	0.0
8.1449	123.3623	-184.464882	-1	0.0	0.0995514625179
8.1716	123.3054	-184.396932	-1	0.0	0.345178928078
-6.7393	110.4388	-184.254952	13	1.0	0.0
-6.617	110.3394	-182.449619	13	0.435009918508	0.564990081492
7.1107	124.0865	-179.753196	25	0.334401331942	0.665598668058
7.4751	124.3313	-179.604274	-1	0.0	0.654877698048
-6.6378	110.388	-179.389273	13	1.0	0.0
8.0341	123.5985	-178.944851	26	0.444572904267	0.555427095733
8.0749	123.6163	-178.94481	26	0.394986102794	0.605013897206
8.0327	123.5575	-178.916574	26	0.471088496365	0.528911503635
4.0439	115.0669	-173.027222	20	1.0	0.0
-6.8559	110.4465	-170.634824	13	0.99667866879	0.00332133121021
-7.817	110.8018	-170.012004	-1	0.0	0.436819189427
-6.802	110.4086	-168.294866	13	1.0	0.0
-6.7694	110.4879	-155.25611	13	1.0	0.0
-6.9848	110.1368	-153.750593	13	0.129224201104	0.870775798896
-6.8209	110.4214	-153.750573	13	1.0	0.015647307295
1.3503	109.8323	-151.668773	1	0.265102127147	0.734897872853
7.374	123.5799	-147.314259	25	0.498654027965	0.501345972035
9.1854	118.5441	-147.047565	28	0.942709903808	0.057290096192
3.9725	115.1234	-145.863574	20	0.866428827486	0.133571172514
-6.6518	110.3898	-141.565648	13	1.0	0.0
-6.4978	110.2893	-141.464101	13	0.233240567529	0.766759432471
5.5904	115.7381	-140.515853	11	1.0	0.0
5.5909	115.7374	-140.446986	11	1.0	0.0
4.4071	114.6872	-137.374668	24	1.0	0.160519122708
7.7329	123.3394	-128.064116	26	1.0	0.0
7.6761	123.2554	-128.00238	26	0.567043729676	0.432956270324
7.7905	123.4349	-128.00225	26	1.0	0.0886964854682
-6.8117	110.4787	-123.452327	13	1.0	0.0
4.4718	114.7303	-122.512815	24	0.505943686258	0.494056313742
4.4861	114.654	-122.433086	24	0.513064091168	0.486935908832
-6.6533	110.4131	-114.418358	13	1.0	0.386613614446
4.4254	114.6947	-114.335554	24	1.0	0.0
8.0408	120.6541	-114.269842	4	0.306684242376	0.693315757624
7.201	123.9064	-113.391401	25	1.0	0.0
7.2146	123.9169	-113.334675	25	1.0	0.0
7.2318	123.8938	-113.307391	25	1.0	0.0
7.8166	122.3589	-113.138064	7	1.0	0.0
-0.4589	113.7161	-111.713351	-1	0.0	0.0291374876637
0.7063	115.107	-111.712718	22	0.173744070726	0.826255929274
8.0362	121.625	-110.050518	17	0.503023516619	0.496976483381
8.0634	121.2323	-109.808427	-1	0.0	0.0955498394568
7.2185	123.8393	-105.842257	25	1.0	0.447708683676
7.2716	123.7799	-105.66812	25	1.0	0.287003204539
7.2422	123.7458	-105.561947	25	1.0	0.486535582933
4.915	115.2021	-103.711993	23	1.0	0.0
4.9238	115.1411	-103.655535	23	1.0	0.0
-6.8158	110.2719	-100.514985	13	0.477588239888	0.522411760112
-6.8058	110.2348	-100.36839	13	0.380766940993	0.619233059007
2.0503	116.8767	-98.387698	5	1.0	0.0
2.0628	116.8482	-98.33761	5	1.0	0.0
2.0803	116.8689	-98.217533	5	1.0	0.0
-6.7978	110.5117	-98.033549	13	1.0	0.137968325811
8.6668	117.7741	-96.046084	15	1.0	0.0
9.278	118.3744	-91.369897	28	0.308875055777	0.691124944223
0.1607	108.9552	-89.602678	1	0.0517116336104	0.94828836639
-6.8233	110.3495	-88.842066	13	0.415238783378	0.584761216622
-7.1672	111.45	-84.448676	-1	0.0	0.655074621703
8.2307	116.3335	-81.893271	9	0.966441446807	0.033558553193
8.241	116.3884	-81.827018	9	1.0	0.0
8.0376	121.3344	-81.647703	16	1.0	0.0
1.2323	123.9409	-74.009341	0	0.38619813985	0.61380186015
1.2711	123.9295	-73.820498	0	0.360719869351	0.639280130649
9.0061	118.7834	-73.74602	27	0.541601385555	0.458398614445
4.4246	114.6169	-72.965747	24	0.399539880946	0.600460119054
-7.0541	109.583	-72.822323	12	0.429662735297	0.570337264703
4.5055	114.6581	-72.109086	24	0.440190017218	0.559809982782
7.0596	124.0496	-69.340178	25	0.334401331942	0.665598668058
7.2052	123.8925	-69.01146	25	1.0	0.0
-6.8105	110.5213	-68.212745	13	0.810259827484	0.189740172516
7.3215	123.6781	-66.671444	25	0.882348931237	0.117651068763
7.345	123.8342	-66.595027	25	0.864095119618	0.135904880382
2.0579	116.8823	-63.94008	5	1.0	0.0
2.0406	116.8495	-63.656553	5	0.83768855434	0.16231144566
4.4297	114.7046	-59.812475	24	1.0	0.0
4.407	114.6848	-59.638884	24	1.0	0.022806527362
4.4237	114.7028	-59.582837	24	1.0	0.0
1.1749	115.9776	-58.060423	10	0.49719499467	0.50280500533
2.0134	116.8854	-51.763525	5	0.571685935417	0.428314064583
-6.7954	110.4251	-47.569433	13	1.0	0.109655744659
-6.8168	110.455	-47.134832	13	1.0	0.0
-6.7986	110.4934	-47.03913	13	1.0	0.0
4.3282	114.5404	-46.259172	24	0.139064542352	0.860935457648
8.6359	124.0807	-42.770028	8	0.919546960048	0.0804530399518
4.5236	114.8926	-39.509105	24	0.103062869518	0.896937130482
4.7025	115.1616	-39.508941	23	1.0	0.0729147931386
4.6576	115.0793	-39.451669	23	1.0	0.0
4.8533	115.1446	-38.952781	23	1.0	0.229129550661
9.0663	118.8467	-33.922139	27	0.541601385555	0.458398614445
7.3526	122.6154	-31.711248	-1	0.0	0.303555214845
1.2869	124.1042	-31.648891	0	1.0	0.0
9.1015	118.5989	-29.514671	28	0.257735277793	0.742264722207
-6.7489	110.4224	-26.850695	13	1.0	0.0549445146172
0.7135	115.123	-24.28914	22	0.158226078721	0.841773921279
1.1964	109.4681	-16.500196	1	0.240826880882	0.759173119118
1.2522	109.6202	-16.500166	1	0.51436937982	0.48563062018
4.9069	115.1656	-15.287763	23	1.0	0.340598697405
7.0883	124.0099	-12.608621	25	0.334401331942	0.665598668058
-6.8188	110.4945	-11.564961	13	1.0	0.00111499392657
-6.8022	110.4773	-11.099555	13	1.0	0.0
5.5303	115.6557	-10.480485	11	1.0	0.0
6.8857	123.793	-10.144793	-1	0.0	0.213664400396
10.0704	122.4606	-9.925413	2	1.0	0.0
9.9765	122.2603	-9.875764	2	0.417556117248	0.582443882752
-6.7879	110.4888	-2.745722	13	1.0	0.0
4.7089	115.1802	-1.4e-05	23	0.753886071213	0.246113928787
4.4111	114.7218	2.93535	24	0.79858834408	0.20141165592
4.385	114.7563	3.418459	24	0.318787360485	0.681212639515
-6.8335	110.4626	4.477535	13	1.0	0.0
7.2651	123.781	7.497376	25	1.0	0.31587946836
7.21	123.6914	7.554912	25	1.0	0.511123376782
7.2735	123.6868	7.580231	25	1.0	0.534911000429
0.7027	114.7662	9.396708	22	0.996136639623	0.00386336037694
0.6969	114.7324	9.423838	22	0.879649855091	0.120350144909
9.6786	124.0531	9.4716	-1	0.0	0.00232951390262
3.9982	114.9449	10.368037	20	0.87586821753	0.12413178247
3.9448	114.74	10.496695	20	0.40943517663	0.59056482337
4.0127	114.8966	10.496769	20	0.596922353039	0.403077646961
8.316	117.0922	22.619413	14	0.34211130597	0.65788869403
8.3285	117.2829	22.619498	14	0.765809196408	0.234190803592
1.2947	109.7621	23.281958	1	0.62591745177	0.37408254823
0.9251	109.2673	23.430964	1	0.0799187778393	0.920081222161
9.1847	118.5392	27.118948	28	0.942709903808	0.057290096192
2.5954	117.1242	27.364329	5	0.0585210673461	0.941478932654
7.5928	123.4994	27.369916	26	0.534642243535	0.465357756465
4.877	115.0278	32.425031	23	0.560701156147	0.439298843853
8.7212	124.1146	33.381717	8	1.0	0.0
7.2384	123.6865	34.977312	25	1.0	0.555512431246
9.3425	119.0419	38.794851	-1	0.0	0.231127967203
9.3337	119.0101	38.911147	-1	0.0	0.0709149092865
-6.801	110.4877	40.32063	13	1.0	0.0
0.6305	114.7824	41.358086	22	1.0	0.0
2.0866	116.8632	43.209584	5	1.0	0.0
2.1705	116.7933	43.319582	5	0.303677564376	0.696322435624
5.6331	115.7235	43.899792	11	1.0	0.0984339501125
-0.1763	124.2912	50.267734	0	0.0799687630678	0.920031236932
8.0162	121.8746	51.360036	17	1.0	0.109964146785
7.9427	121.5066	51.518875	16	1.0	0.0
8.0473	121.9453	51.624142	17	1.0	0.0
8.0546	121.7518	51.970906	17	1.0	0.0
-6.7884	110.4984	56.555352	13	1.0	0.0
-6.8138	110.4786	57.2354	13	1.0	0.0
1.2338	124.114	58.927976	0	1.0	0.0
7.2743	123.572	59.25759	25	0.723678545406	0.276321454594
7.6972	123.1843	66.631136	26	0.340804943005	0.659195056995
6.2942	115.5657	72.803964	18	1.0	0.0
4.3962	114.7154	76.485495	24	0.855995486825	0.144004513175
4.4155	114.6577	76.541925	24	1.0	0.0
4.37	114.6933	76.678229	24	0.732872516049	0.267127483951
4.9468	115.1291	77.701555	23	1.0	0.0
-6.726	110.3903	83.428776	13	1.0	0.0
3.9983	115.0725	84.129328	20	1.0	0.0
8.6102	117.6325	85.521785	15	1.0	0.0
8.6319	117.7365	85.521835	15	1.0	0.0
10.0977	122.5007	86.279159	2	1.0	0.0
10.0554	122.4191	86.353161	2	1.0	0.0
10.0681	122.463	86.43993	2	1.0	0.0
7.2167	123.8362	86.846192	25	1.0	0.396928787215
8.2166	116.4939	92.289396	9	1.0	0.0
8.3549	117.1991	94.689262	14	0.78914844782	0.21085155218
8.3712	117.2394	94.733068	14	1.0	0.0
8.3409	117.1368	94.756809	14	0.593075207795	0.406924792205
8.3611	117.338	94.756897	14	0.444385138743	0.555614861257
8.3761	117.2559	94.799236	14	1.0	0.0
8.3787	117.2587	94.920726	14	1.0	0.0
1.9118	114.8773	94.948711	6	0.409817175444	0.590182824556
8.3502	117.2545	95.044945	14	1.0	0.0
1.0178	116.3122	99.156296	10	0.870951680216	0.129048319784
5.4379	115.1396	99.172356	19	0.115927242065	0.884072757935
9.478	118.9568	104.779167	-1	0.0	0.231127967203
9.5367	119.1267	104.779266	-1	0.0	0.330069997452
0.6359	114.7632	105.284313	22	0.862804134911	0.137195865089
0.6472	114.7591	105.318394	22	1.0	0.0
5.4825	115.0527	105.631955	19	0.265998114158	0.734001885842
4.5217	114.8876	107.741381	24	0.106494966186	0.893505033814
7.7938	123.4799	108.056775	26	0.803594913872	0.196405086128
-6.7597	110.4843	108.454494	13	1.0	0.0
5.6166	115.5775	112.268233	11	0.403615281153	0.596384718847
5.6285	115.761	112.26831	11	1.0	0.243901455474
8.2226	121.9231	115.677799	17	0.918802268588	0.0811977314123
8.2022	121.7892	115.888504	17	0.952176200678	0.0478237993219
-6.8001	110.3244	123.92585	13	0.509285561471	0.490714438529
1.8801	114.9348	124.046874	6	0.740490337507	0.259509662493
-6.7241	110.4527	124.065551	13	1.0	0.211612619098
9.255	118.3468	132.817694	28	0.340888462667	0.659111537333
-6.7649	110.4678	133.151928	13	1.0	0.0
-6.6996	110.3736	133.27387	13	1.0	0.127042265113
-6.8338	110.4155	133.331329	13	1.0	0.108676983653
-2.0996	109.1783	133.702722	1	0.018402905366	0.981597094634
-6.9747	109.5267	135.166602	12	1.0	0.0
-6.7754	109.4612	135.209293	12	0.548760120839	0.451239879161
4.9007	115.2085	135.617752	23	1.0	0.0
4.9127	115.1218	136.102384	23	1.0	0.028642057453
4.9593	115.2159	136.102433	23	1.0	0.0962324068729
8.7554	122.7868	136.48318	2	0.143450863379	0.856549136621
7.979	121.8101	136.523097	17	1.0	0.0
8.0653	122.0038	136.523214	17	1.0	0.518194546488
8.0228	121.9449	136.703758	17	1.0	0.0
-6.8089	110.4668	138.582521	13	1.0	0.0
8.2119	116.4978	140.065691	9	1.0	0.0
1.2499	109.508	140.625484	1	0.406016183478	0.593983816522
7.23	123.808	141.323608	25	1.0	0.0
7.2177	123.774	141.471509	25	1.0	0.142571734606
-2.0389	119.9433	142.792469	-1	0.0	0.236793590478
9.0622	118.9348	147.447058	27	1.0	0.0
9.0278	118.9256	147.51548	27	1.0	0.0
9.001	118.7653	147.672528	-1	0.0	0.0440304827034
-6.7407	110.4515	147.797276	13	1.0	0.0
5.4487	115.0927	151.990761	19	0.343248275221	0.656751724779
4.3902	114.6606	152.835933	24	1.0	0.0
-6.7039	110.4314	152.946711	13	1.0	0.228740858411
4.4816	114.7719	152.976682	24	0.274638608197	0.725361391803
4.4328	114.6928	153.47527	24	1.0	0.0940009340315
4.4319	114.7035	153.706902	24	1.0	0.0
8.1051	123.5808	154.371148	26	0.471088496365	0.528911503635
9.4343	116.9296	157.456748	-1	0.0	0.050678877858
1.2651	124.0388	161.9049	0	0.78633798002	0.21366201998
5.4488	115.0644	162.176952	19	0.642334646319	0.357665353681
0.7042	114.2567	162.298694	22	0.0734320748947	0.926567925105
-6.6737	110.4477	173.678844	13	0.607639917619	0.392360082381
9.2321	118.3209	178.963594	28	0.317882891414	0.682117108586
7.5491	123.4444	181.362442	26	0.538872079941	0.461127920059
1.8855	114.9677	183.692473	6	0.740490337507	0.259509662493
5.4427	115.0709	189.014345	19	1.0	0.0
5.5589	115.1201	189.014425	19	0.0886222995446	0.911377700455
5.4896	115.0375	189.11746	19	0.203650749367	0.796349250633
1.0791	116.2647	189.850335	10	1.0	0.0
-6.8088	110.5064	190.046693	13	1.0	0.0
-6.8854	109.5195	195.92651	12	1.0	0.0
-6.9115	109.508	195.989565	12	1.0	0.0
-6.3528	108.6765	196.051738	-1	0.0	0.611877764737
-6.8733	109.5096	196.513081	12	1.0	0.0
5.4391	115.0206	198.417673	19	0.179576582404	0.820423417596
1.1256	114.4475	198.555835	22	0.0934155068213	0.906584493179
2.066	116.8109	202.372942	5	0.571431371697	0.428568628303
2.0899	116.8682	202.417	5	0.989555341272	0.0104446587281
2.0764	116.7184	202.452128	5	0.230274947224	0.769725052776
2.0372	116.8727	202.452207	5	0.974322567444	0.0256774325559
9.5272	119.073	207.790709	-1	0.0	0.264396009096
5.4304	115.0786	209.055492	19	0.636596486766	0.363403513234
9.1493	118.5177	209.850357	28	0.72370939277	0.27629060723
8.3679	118.3609	210.144491	-1	0.0	0.790385182557
9.132	118.514	210.14499	28	0.515355067358	0.484644932642
9.1338	118.5142	210.364149	28	0.523344179028	0.476655820972
4.9701	115.171	218.588689	23	1.0	0.125166709808
-6.6149	110.3963	230.157933	13	1.0	0.256635109494
-6.8112	110.4665	230.248926	13	1.0	0.0
5.4358	115.0616	235.746492	19	0.551470098304	0.448529901696
5.5397	115.756	238.242995	11	1.0	0.0
7.8177	120.5706	241.36127	4	0.308024749996	0.691975250004
8.1462	121.8772	244.06189	17	1.0	0.651183517882
4.6889	115.0637	246.633038	23	1.0	0.0106882249813
4.6533	115.0996	246.748538	23	1.0	0.0
4.6831	115.1149	247.033102	23	1.0	0.0
0.7722	115.0711	252.286411	22	0.197887890342	0.802112109658
9.2644	118.3577	254.167341	28	0.340888462667	0.659111537333
9.2838	118.4297	254.381569	28	0.305820300639	0.694179699361
4.9136	115.1221	254.452011	23	1.0	0.0
8.2502	120.4808	258.835001	4	0.522105995684	0.477894004316
10.0884	122.4542	265.972455	2	1.0	0.0
6.2322	115.4803	266.654816	18	0.543730281085	0.456269718915
6.2231	115.4816	266.737266	18	0.554373555373	0.445626444627
1.9269	114.968	268.349023	6	0.777002563685	0.222997436315
2.0244	114.9391	268.449254	6	0.954258186639	0.0457418133607
-6.6399	110.4111	269.139525	13	1.0	0.23243215261
2.0975	116.8378	271.928309	5	0.712652724054	0.287347275946
7.3852	123.6553	272.335653	25	0.498654027965	0.501345972035
7.2888	123.4602	272.350796	25	0.296445068975	0.703554931025
8.6	124.1138	273.254232	8	1.0	0.0
5.4452	115.0525	276.825986	19	0.335086394505	0.664913605495
1.3574	109.6388	276.941292	1	0.457357923937	0.542642076063
7.9958	121.7992	277.292623	17	1.0	0.0
1.1193	108.9631	277.574006	1	0.0516844031784	0.948315596822
8.0558	121.9479	277.800183	17	1.0	0.0
7.7411	123.2731	279.537489	26	0.682459924333	0.317540075667
7.7703	123.3278	279.604708	26	1.0	0.174534324088
7.7687	123.3921	279.641257	26	1.0	0.18146735567
9.4084	116.8684	280.788675	-1	0.0	0.0723411260756
4.0606	115.0363	287.97345	20	1.0	0.0
5.4446	115.0694	291.913882	19	1.0	0.0
1.2627	113.7533	297.481144	21	0.67113617444	0.32886382556
7.2575	123.8156	298.132719	25	1.0	0.0
7.2491	123.825	298.182962	25	1.0	0.0319258440172
7.1877	123.6245	298.224053	25	1.0	0.537956035126
7.2068	123.6818	298.274044	25	1.0	0.534911000429
7.2259	123.7215	298.337097	25	1.0	0.492540049848
4.3999	114.6599	300.71358	24	1.0	0.0
0.7158	114.6798	303.423289	22	0.618163360865	0.381836639135
-6.8145	110.4572	306.366765	13	1.0	0.0
-6.6523	110.3983	306.753884	13	1.0	0.0
-6.6408	110.4031	307.617208	13	1.0	0.0519314814725
5.4547	115.0763	310.245682	19	0.639093505406	0.360906494594
5.6535	115.2096	314.17581	19	0.0540253098515	0.945974690148
5.6627	115.2061	314.232147	19	0.0544340760031	0.945565923997
8.8832	117.5219	321.052304	15	0.544585299082	0.455414700918
9.2298	122.4227	322.414701	2	0.20124877714	0.79875122286
9.4845	116.8866	323.335158	-1	0.0	0.111181942801
1.2572	124.0968	324.521239	0	1.0	0.0
5.431	115.0715	325.68651	19	0.9140301862	0.0859698137995
5.4496	115.0268	325.823219	19	0.218974455494	0.781025544506
5.5541	115.7691	327.774897	11	1.0	0.0
5.5328	115.7106	327.901815	11	1.0	0.366705781416
5.588	115.7208	327.998047	11	1.0	0.0
5.5435	115.7352	328.059702	11	1.0	0.0372500058608
5.5761	115.6652	328.139539	11	1.0	0.0
0.7231	115.5619	329.798075	-1	0.0	0.0232907310374
-6.7642	110.475	334.436424	13	1.0	0.0
9.5021	118.9545	338.258486	-1	0.0	0.293959073549
7.9898	121.2871	338.724473	16	1.0	0.0
8.0305	121.431	338.724552	16	1.0	0.0
8.0518	121.31	338.995071	16	1.0	0.0
4.3965	114.6516	341.00344	24	1.0	0.0
-6.6293	110.4	345.249899	13	1.0	0.0658973478764
-6.4663	110.3002	345.665037	13	0.216378841091	0.783621158909
5.4387	115.0723	350.397736	19	1.0	0.0
5.4385	115.1078	350.775862	19	0.261107426794	0.738892573206
7.7252	123.4255	352.004323	26	1.0	0.0
-6.8235	110.4278	352.120291	13	1.0	0.108676983653
8.1799	120.389	353.195672	4	1.0	0.0
9.2946	118.2619	353.306704	-1	0.0	0.0439002321928
7.1249	123.5926	356.724392	25	0.728433700106	0.271566299894
-6.6565	110.3879	363.512911	13	1.0	0.0
-6.9288	110.1782	363.512968	13	0.188208648626	0.811791351374
-6.7133	110.4115	363.621343	13	1.0	0.0581671695799
-6.9029	110.2465	363.621374	13	0.296756480419	0.703243519581
-6.7597	110.4616	363.780772	13	1.0	0.0
0.779	115.0938	364.125512	22	0.178071533872	0.821928466128
8.0333	121.9729	369.83274	17	1.0	0.275735075448
8.0305	121.9782	369.878017	17	1.0	0.359476049636
7.9985	121.8124	369.92133	17	1.0	0.0
8.2291	122.0823	369.92156	17	0.685341693465	0.314658306535
8.0452	121.9593	369.961419	17	1.0	0.0
8.109	122.0135	370.283684	17	1.0	0.647904565235
8.0087	121.88	370.676891	17	0.976614658275	0.0233853417254
2.0443	116.8241	375.539204	5	0.742781611493	0.257218388507
-6.7474	110.48	375.951773	13	1.0	0.0
9.1544	118.4055	376.021344	28	0.38341952935	0.61658047065
9.2071	118.5598	376.021428	28	0.714655497703	0.285344502297
-6.7501	110.4462	376.210255	13	1.0	0.0
1.9504	114.1428	385.562514	21	1.0	0.0
1.3281	113.8661	388.043247	21	1.0	0.0
-6.6522	110.3931	388.927484	13	1.0	0.0
5.6462	115.168	388.992984	19	0.0842954103977	0.915704589602
7.8833	122.3499	395.737612	7	1.0	0.0
-6.81	110.4463	396.959767	13	1.0	0.245996862545
4.4498	114.7159	399.345922	24	1.0	0.359235320593
8.0884	122.1243	400.165044	17	0.633829718614	0.366170281386
0.7221	115.5645	400.761948	-1	0.0	0.0288207536213
1.9837	114.9444	402.077376	6	1.0	0.0
1.9822	114.9737	402.278163	6	0.900845408311	0.0991545916885
7.3776	123.5706	408.914503	25	0.462915725441	0.537084274559
1.1488	114.5225	409.44724	22	0.10812344672	0.89187655328
-6.7507	110.4268	411.044224	13	1.0	0.0
7.2305	123.8053	413.799318	25	1.0	0.0
7.118	123.6759	413.869651	25	0.770915637679	0.229084362321
7.218	123.9134	413.869806	25	1.0	0.0
0.5236	109.7618	415.389481	1	0.0693496564612	0.930650343539
-6.7389	110.4263	419.960589	13	1.0	0.0
-6.6325	110.3774	420.403958	13	1.0	0.317098101324
2.0877	116.8429	424.119784	5	0.871769319739	0.128230680261
8.9861	124.0593	424.126668	8	0.81178700009	0.18821299991
1.214	109.8482	424.318936	1	0.218246708402	0.781753291598
5.6331	115.0571	426.368718	19	0.0605973638706	0.939402636129
9.089	118.9358	426.578378	27	1.0	0.0
1.9549	114.8608	426.847072	6	0.322247207421	0.677752792579
5.4545	115.0938	429.132859	19	0.339058142784	0.660941857216
5.42	114.9492	429.21715	19	0.0576333300588	0.942366669941
5.4281	115.0875	429.217209	19	0.372827369751	0.627172630249
-6.6896	110.3696	430.544449	13	1.0	0.469976937392
9.1355	118.4729	431.220916	28	0.55512453679	0.44487546321
9.1355	118.4699	431.246587	28	0.507371117405	0.492628882595
9.1768	118.4635	431.481416	28	0.619321179335	0.380678820665
-2.5248	111.869	434.190712	-1	0.0	0.126013961345
7.6574	123.1136	435.819778	-1	0.0	0.356846442677
7.7648	123.348	435.865397	26	1.0	0.0
7.7093	123.3528	435.922781	26	1.0	0.0
-6.7152	110.6269	439.015624	13	0.168422856196	0.831577143804
1.2549	109.6698	439.811489	1	0.535810119607	0.464189880393
1.2539	109.5701	439.87047	1	0.535810119607	0.464189880393
0.6641	114.9418	443.955436	22	0.197887890342	0.802112109658
9.1194	118.6003	449.91243	28	0.257735277793	0.742264722207
1.0614	116.1776	451.551632	10	1.0	0.0
1.0994	116.2406	451.551674	10	1.0	0.0
1.2728	116.2114	451.893637	10	1.0	0.0
7.2943	123.5208	459.590134	25	0.527535699419	0.472464300581
5.539	115.6661	459.660879	11	1.0	0.0
2.0135	114.9488	459.691011	6	1.0	0.0
1.9989	114.9557	459.952627	6	1.0	0.0
9.5245	119.2166	459.975996	-1	0.0	0.423453597691
1.9647	114.9365	460.272911	6	0.894199442649	0.105800557351
1.9233	114.8624	460.567038	6	0.325037098188	0.674962901812
2.1179	114.8882	460.567059	6	0.284156193483	0.715843806517
4.9658	121.1968	462.407739	-1	0.0	0.30022921145
7.7044	123.3496	462.410167	26	1.0	0.0
-6.8088	110.4637	465.92554	13	1.0	0.0
7.401	123.8089	468.206439	25	0.626671978552	0.373328021448
1.2638	113.7382	469.10104	21	0.647201191478	0.352798808522
1.3641	113.8362	469.328626	21	0.956909948986	0.0430900510138
-6.7794	110.4497	478.848707	13	1.0	0.0
7.2958	123.8373	479.846283	25	1.0	0.404782572106
2.0088	114.9635	480.319493	6	1.0	0.0
5.6617	115.161	483.148247	19	0.0831014051056	0.916898594894
4.8869	115.0876	485.271302	23	1.0	0.259508797809
0.1705	109.0652	485.35991	1	0.0525821513	0.9474178487
-6.9433	109.49	487.620464	12	1.0	0.0
0.6942	115.5859	489.13567	-1	0.0	0.0402177252676
5.4581	115.0827	489.40468	19	0.466488439515	0.533511560485
5.4376	115.0708	489.459939	19	1.0	0.0
5.4182	115.072	489.561944	19	0.53134051655	0.46865948345
4.3149	114.6676	493.542824	24	0.363921357504	0.636078642496
-2.7765	117.8792	494.657963	-1	0.0	0.0058068882929
2.0143	114.9789	498.593393	6	1.0	0.0
-6.732	110.2678	499.277942	13	0.380720615579	0.619279384421
-6.7982	110.4345	499.277968	13	1.0	0.173440180348
-6.7422	110.4032	500.646931	13	1.0	0.0
-6.7398	110.4146	500.957984	13	1.0	0.0
7.1958	123.7668	501.014494	25	1.0	0.361752325387
7.1457	123.6234	501.081186	25	1.0	0.537956035126
7.2224	123.6088	501.087669	25	0.982291008602	0.017708991398
-6.9081	107.0773	504.796644	3	1.0	0.0
-7.0471	106.7852	504.796653	3	1.0	0.0
8.3418	117.223	510.76072	14	1.0	0.0
-6.8555	110.4672	511.474905	13	0.924362366041	0.075637633959
-6.8002	110.294	511.565205	13	0.477588239888	0.522411760112
-6.8262	110.4624	511.565224	13	1.0	0.0
4.5118	114.6188	512.334988	24	0.336175777939	0.663824222061
1.903	114.9598	516.047214	6	0.830811049112	0.169188950888
-6.6136	110.3932	520.610259	13	1.0	0.353068457389
1.9544	115.0001	521.312827	6	0.665936682017	0.334063317983
8.0413	121.8983	526.199977	17	1.0	0.577469473862
8.0742	122.1109	526.20007	17	0.747980029235	0.252019970765
-6.734	110.5156	527.515	13	0.609035480352	0.390964519648
1.2831	124.1216	532.021453	0	1.0	0.0
1.2635	124.062	532.120067	0	1.0	0.0
2.0335	114.9878	534.99656	6	0.670303467469	0.329696532531
1.3549	109.7346	547.020732	1	1.0	0.0
1.3	109.6055	547.056101	1	0.535810119607	0.464189880393
7.6576	123.4118	547.833426	26	1.0	0.139510097222
-6.8481	110.4247	549.323469	13	1.0	0.108676983653
-6.7656	110.3898	549.411052	13	1.0	0.208932415678
5.4357	115.0508	550.961355	19	0.315708378254	0.684291621746
5.4576	115.0374	551.012792	19	0.315708378254	0.684291621746
5.4412	115.0746	551.336988	19	1.0	0.0
5.446	115.1281	551.470984	19	0.154498813828	0.845501186172
0.1687	109.0966	551.61121	1	0.0516844031784	0.948315596822
-6.8358	110.4343	557.328352	13	1.0	0.20271842391
0.6468	114.6497	559.581264	22	0.338210198022	0.661789801978
0.7138	114.7636	559.581323	22	0.886689018902	0.113310981098
0.6362	114.5937	559.651731	22	0.216424447194	0.783575552806
0.7222	114.7265	559.691312	22	0.77499301989	0.22500698011
9.167	118.4929	567.732847	28	0.736830577766	0.263169422234
7.2083	123.7768	569.643728	25	1.0	0.142571734606
7.2087	123.7748	569.772655	25	1.0	0.142571734606
7.152	123.6685	569.992049	25	1.0	0.537956035126
7.1456	123.5828	570.057062	25	0.805483217132	0.194516782868
7.2321	123.8111	570.149193	25	1.0	0.0
9.2191	118.9515	572.088533	27	0.461576467491	0.538423532509
1.9059	114.9371	577.43938	6	0.830811049112	0.169188950888
1.924	114.9309	577.501949	6	0.794936271913	0.205063728087
4.2603	114.7048	580.645051	24	0.22551041542	0.77448958458
5.8051	115.2848	581.81981	19	0.038702848706	0.961297151294
4.5209	114.6936	582.008472	24	0.440190017218	0.559809982782
8.0198	121.9441	582.565719	17	1.0	0.0
8.032	121.9661	582.676235	17	1.0	0.0836301324321
-6.7693	110.4593	584.074304	13	1.0	0.0
-6.6932	110.4177	584.123749	13	0.87159596809	0.12840403191
1.9531	114.9966	587.878077	6	0.691211508521	0.308788491479
7.6771	123.4121	592.066307	26	1.0	0.0
