22.0065	279.9449	-4.5e-05	11	1.0	0.0
16.227	274.142	-598.894862	18	0.864605330238	0.135394669762
16.311	274.175	-598.894836	18	1.0	0.0
16.2813	274.1645	-598.801838	18	1.0	0.0
16.274	274.0572	-598.709283	18	0.756686782404	0.243313217596
21.6179	281.2851	-594.033501	8	0.235424062066	0.764575937934
21.5886	281.3831	-593.988417	8	1.0	0.0
21.7241	280.8826	-593.350269	8	0.0735646721555	0.926435327844
21.6656	280.8985	-593.220134	8	0.0827560185328	0.917243981467
24.4629	273.6762	-590.806847	1	1.0	0.0
28.504	278.4475	-585.736844	12	0.159081084688	0.840918915312
22.6595	279.3169	-585.511134	16	0.330376314148	0.669623685852
22.6665	279.3679	-585.417998	16	0.355380661863	0.644619338137
28.0111	278.3731	-584.767514	12	0.0632287595777	0.936771240422
28.1677	278.3649	-584.703111	12	0.0800465913669	0.919953408633
22.8348	278.0763	-583.870957	10	0.37693249759	0.62306750241
26.8303	277.9306	-578.448769	24	0.857348168874	0.142651831126
27.0958	277.656	-575.322699	-1	0.0	0.0286064681941
27.0193	277.9283	-575.322686	24	0.980594651428	0.0194053485716
27.6133	277.7016	-574.394746	28	0.704238101284	0.295761898716
27.6644	277.4061	-574.29825	-1	0.0	0.146707567871
24.4965	273.7439	-572.762936	1	0.389900933871	0.610099066129
31.6779	278.7497	-571.354519	5	0.994965201974	0.00503479802602
26.9713	278.2506	-567.056892	-1	0.0	0.114810530774
22.8107	278.0645	-566.210213	10	0.371249817766	0.628750182234
30.3882	285.5446	-566.156702	0	0.10188117322	0.89811882678
16.3531	274.4118	-563.469825	18	1.0	0.0902981487295
28.1399	277.5717	-561.742729	19	1.0	0.0
28.0768	277.5205	-560.944126	19	0.321398299512	0.678601700488
26.8518	277.956	-552.922418	24	1.0	0.0
21.5396	281.3038	-544.411573	8	0.311486726638	0.688513273362
21.8693	277.0853	-544.380335	7	0.919586040186	0.0804139598143
19.5377	277.6281	-544.379242	-1	0.0	0.411350730239
21.5533	281.4282	-543.379099	8	0.652243275516	0.347756724484
28.4585	278.3782	-540.501326	12	0.880167721267	0.119832278733
23.0948	278.8079	-537.955956	14	0.970643143218	0.0293568567823
16.4789	274.85	-537.856313	17	0.661260763746	0.338739236254
24.2627	272.8587	-536.177039	2	1.0	0.0
26.6036	278.3807	-532.498651	25	0.965443796312	0.0345562036879
22.8615	278.0695	-531.123273	10	0.367081234738	0.632918765262
25.0224	281.3265	-530.997581	4	0.368852060519	0.631147939481
21.5008	281.3646	-528.682317	8	0.345244988196	0.654755011804
16.245	274.2382	-528.657448	18	0.945813538067	0.0541864619328
16.1638	274.2747	-528.50041	18	0.54262869744	0.45737130256
16.3103	274.1205	-528.500397	18	1.0	0.205536257393
23.023	278.6328	-527.190904	13	0.583099283662	0.416900716338
28.4778	278.412	-526.753699	12	0.349343772486	0.650656227514
22.8417	278.0286	-522.105977	10	1.0	0.0
22.8464	277.9949	-521.997424	10	1.0	0.0
13.8059	276.0295	-521.828637	23	1.0	0.0
16.2912	273.9188	-518.41144	18	0.366132060303	0.633867939697
27.1597	278.4391	-510.522757	26	1.0	0.0
27.1521	278.4185	-510.351235	26	0.841212736072	0.158787263928
22.5321	279.3595	-507.198174	16	0.98334586094	0.0166541390599
22.5275	279.355	-507.101999	16	1.0	0.0
29.8608	276.9316	-506.960369	6	1.0	0.0
29.8784	276.9828	-506.928502	6	1.0	0.0
26.6397	278.3466	-505.229436	25	1.0	0.0
23.051	278.566	-504.516344	13	0.410160776004	0.589839223996
22.8717	277.8946	-504.487414	10	0.208704931762	0.791295068238
22.7479	278.0855	-504.487397	10	0.19595843893	0.80404156107
22.8196	278.0503	-504.416606	10	0.585170239151	0.414829760849
14.5832	276.2626	-498.806711	22	0.698050889901	0.301949110099
14.4403	275.941	-498.806649	-1	0.0	0.108025657909
24.4846	273.7403	-494.619814	1	0.441921313742	0.558078686258
28.1421	277.5793	-492.521499	19	1.0	0.0
26.8484	277.942	-490.135656	24	1.0	6.51233990743e-05
22.0773	279.9738	-486.884129	11	0.521334152492	0.478665847508
22.4807	279.3926	-484.929859	16	0.657378638326	0.342621361674
26.9773	277.9021	-479.146284	24	1.0	0.406109278772
22.8582	278.051	-473.286762	10	0.599741862644	0.400258137356
22.4784	279.3866	-471.376858	16	0.683084591435	0.316915408565
22.5172	279.3675	-471.193566	16	0.683084591435	0.316915408565
13.8202	275.8255	-468.460192	23	0.770851787384	0.229148212616
13.8046	275.9687	-468.46018	23	1.0	0.0
22.3567	278.212	-467.9828	10	0.0357966029185	0.964203397082
23.1483	278.7563	-466.332853	14	1.0	0.0
23.1208	278.7714	-466.042125	14	1.0	0.0
21.8798	277.0086	-463.327036	7	0.594583564877	0.405416435123
21.8967	277.0711	-463.263569	7	1.0	0.0
23.0356	278.5873	-460.432879	13	0.642113888179	0.357886111821
22.809	278.0143	-455.519439	10	0.612778040046	0.387221959954
28.0012	278.2322	-455.47674	12	0.0547967092658	0.945203290734
26.9542	277.9337	-452.604019	24	1.0	0.0
26.9661	277.9586	-452.400927	24	1.0	0.313827931206
26.9779	277.6515	-452.400889	-1	0.0	0.095789066464
26.957	277.9577	-452.32474	24	1.0	0.313827931206
22.8449	277.9479	-444.560697	10	0.646570036243	0.353429963757
16.3673	274.4218	-443.347547	18	1.0	0.0
24.4952	273.7255	-443.1682	1	0.526962466832	0.473037533168
24.4484	273.6661	-443.102577	1	0.949228089675	0.0507719103246
28.1299	277.572	-442.802389	19	1.0	0.0
22.8314	278.0189	-439.050643	10	1.0	0.269297860943
16.2108	274.139	-438.427791	18	0.744020483093	0.255979516907
16.2737	274.2133	-437.973923	18	1.0	0.226585748433
16.3353	274.0809	-437.906541	18	1.0	0.201841819129
13.6233	275.6503	-433.574256	-1	0.0	0.0632170986823
13.5591	276.0036	-433.574218	23	0.843065293003	0.156934706997
23.054	278.6029	-433.142382	13	1.0	0.0
23.0457	278.5121	-432.608959	13	0.188651310634	0.811348689366
22.39	279.6187	-430.720163	-1	0.0	0.552959905294
21.6611	280.7733	-429.924919	8	0.0564254699867	0.943574530013
22.0172	279.9078	-420.205181	11	0.542973358825	0.457026641175
28.4547	278.3673	-413.548731	12	1.0	0.0
28.4691	278.4153	-413.265215	12	0.303701615888	0.696298384112
29.6831	291.3963	-410.098981	-1	0.0	0.438596217511
14.5125	276.2878	-410.026689	22	0.810897101226	0.189102898774
23.0466	278.5924	-409.949898	13	0.743356871106	0.256643128894
22.4815	279.328	-406.585815	16	0.515445669923	0.484554330077
21.9077	277.0512	-402.750597	7	1.0	0.0
21.9255	277.0579	-402.660814	7	1.0	0.0
15.3937	275.5315	-401.588846	-1	0.0	0.646498807089
24.4588	273.6831	-399.465544	1	1.0	0.0
14.942	276.8139	-392.625269	21	1.0	0.0
22.8126	278.0176	-392.536052	10	0.672003711396	0.327996288604
22.8328	278.0612	-392.415008	10	0.599741862644	0.400258137356
24.0958	281.807	-388.797013	4	0.016961517215	0.983038482785
23.9985	282.0979	-388.796985	4	0.0116972493761	0.988302750624
22.3421	279.7393	-386.869689	11	0.0944589264261	0.905541073574
19.0625	287.7736	-377.958553	-1	0.0	0.35260154419
16.2732	274.8424	-361.259861	17	1.0	0.0
16.2682	274.6206	-361.259842	17	0.838336740687	0.161663259313
21.6828	277.0746	-352.567825	7	0.325672055363	0.674327944637
22.8345	278.0347	-352.497235	10	1.0	0.0
22.8368	278.0407	-352.401039	10	0.812712164237	0.187287835763
28.4532	278.3793	-349.615423	12	0.767932870279	0.232067129721
13.7467	276.0136	-348.981634	23	1.0	0.0
21.2237	281.3663	-346.977723	8	0.120401750474	0.879598249526
29.8599	276.9071	-341.68577	6	1.0	0.0
23.0439	278.6166	-340.084386	13	1.0	0.0
27.0829	278.7148	-337.040516	-1	0.0	0.186362928959
27.0789	278.4966	-336.964898	26	1.0	0.0
27.0675	278.4923	-336.883916	26	1.0	0.0
31.7034	278.6754	-334.343625	5	1.0	0.0
22.4948	279.4057	-332.739912	16	0.683084591435	0.316915408565
22.7924	277.9474	-330.706095	10	0.341133269077	0.658866730923
27.2921	277.6066	-328.610154	-1	0.0	0.217173156028
27.4199	277.6495	-328.610096	27	1.0	0.0
14.4679	276.2753	-326.447588	22	0.698050889901	0.301949110099
16.3423	274.4409	-321.904823	18	1.0	0.0
21.7338	277.0543	-321.787657	7	0.420194775793	0.579805224207
24.8024	281.3526	-316.26425	4	0.0966372453832	0.903362754617
16.2663	274.7405	-315.385662	17	1.0	0.148695089628
16.3131	274.4359	-315.385651	18	1.0	0.0
23.2111	278.3894	-313.108983	-1	0.0	0.623960479517
23.1311	278.7261	-313.108981	14	1.0	0.0
28.4575	278.3679	-312.15664	12	1.0	0.0
22.025	279.9426	-308.642888	11	1.0	0.0
15.0141	276.7848	-308.481707	21	1.0	0.0
14.6179	276.3312	-293.010417	22	0.395351536563	0.604648463437
16.2897	274.1891	-291.341085	18	1.0	0.0
22.7386	278.01	-289.133173	10	0.251636641168	0.748363358832
26.7302	278.3659	-289.027692	25	1.0	0.0
27.4359	277.6263	-282.980895	-1	0.0	0.059995999798
27.4443	277.6398	-282.629501	27	0.785455861768	0.214544138232
27.3947	277.6724	-282.629463	27	1.0	0.0
26.9024	277.9596	-281.04658	24	0.980413083094	0.0195869169064
26.8493	277.9594	-280.917947	24	1.0	0.0
27.0122	277.91	-279.442702	24	1.0	0.530743303739
14.5175	276.237	-278.865754	22	1.0	0.0
28.4559	278.3983	-278.145497	12	0.481777112021	0.518222887979
28.5226	277.9998	-278.145479	12	0.0322725047357	0.967727495264
28.478	278.3324	-277.789214	12	0.276554941368	0.723445058632
26.678	278.395	-274.89621	25	1.0	0.0
32.1319	278.6579	-269.620456	5	1.0	0.0
32.1231	278.5652	-269.590755	5	1.0	0.0
13.8799	276.1394	-258.561481	23	0.822629112815	0.177370887185
24.4462	273.6242	-258.211045	1	0.467760822701	0.532239177299
24.4237	273.6883	-258.109668	1	1.0	0.0
23.0476	278.5596	-252.835021	13	0.348750052389	0.651249947611
23.0373	278.6115	-252.820821	13	1.0	0.0
24.9696	281.3061	-252.106189	4	0.976347778591	0.0236522214087
16.2835	274.0785	-251.474544	18	1.0	0.201841819129
21.4384	281.1074	-247.737158	8	0.0827560185328	0.917243981467
28.458	278.3865	-243.688871	12	0.754933331033	0.245066668967
28.3633	278.3766	-243.655031	12	0.169556716302	0.830443283698
22.4968	279.3362	-239.792263	16	0.693530782929	0.306469217071
22.8443	277.9638	-238.948956	10	0.646570036243	0.353429963757
22.8227	277.9745	-238.908815	10	0.744946362648	0.255053637352
22.8385	277.9985	-238.859291	10	1.0	0.0
22.9396	277.7776	-238.83501	10	0.0720962933697	0.92790370663
22.8408	278.0174	-238.793536	10	0.993027700613	0.00697229938723
22.8212	278.0044	-238.447651	10	0.927457290545	0.0725427094545
16.3571	274.6938	-233.099184	17	1.0	0.188210323004
16.389	274.6361	-232.987795	17	0.886953101113	0.113046898887
28.1545	277.5929	-230.928863	19	1.0	0.0
20.039	274.8277	-223.377356	-1	0.0	0.54120694494
19.9748	274.6485	-223.377307	-1	0.0	0.524030084941
26.9747	277.9512	-218.281661	24	1.0	0.341234167553
24.9985	281.289	-212.345586	4	0.744709154509	0.255290845491
24.9729	281.3052	-211.960116	4	1.0	0.0
16.3155	274.1705	-211.594973	18	1.0	0.0
16.282	274.0467	-211.424903	18	0.691996986449	0.308003013551
27.0653	278.4663	-210.015521	26	1.0	0.0
27.0881	278.5406	-209.923545	26	0.984448343948	0.0155516560517
21.596	281.3919	-209.752466	8	1.0	0.0
21.6303	281.3417	-209.71556	8	0.466202788553	0.533797211447
15.0013	276.658	-208.522425	21	0.72327804865	0.27672195135
28.4902	278.2142	-206.833264	12	0.0695926968036	0.930407303196
28.4759	278.418	-206.782001	12	0.28226349677	0.71773650323
28.4689	278.3411	-206.67344	12	0.351891312969	0.648108687031
31.3917	284.7732	-205.62135	0	0.457667584264	0.542332415736
31.3467	284.6505	-205.492329	0	0.814223327412	0.185776672588
28.7567	278.8455	-205.086158	9	1.0	0.0
28.7444	278.881	-204.972058	9	1.0	0.0
22.8047	278.0346	-197.089366	10	0.582175606355	0.417824393645
24.046	282.0012	-197.000864	4	0.0131574098886	0.986842590111
21.6496	280.8632	-195.484467	8	0.0743580181576	0.925641981842
21.9094	277.0426	-195.416203	7	1.0	0.0
26.8905	277.9649	-195.015019	24	1.0	0.0
24.4181	273.6899	-185.866947	1	1.0	0.0
26.7397	278.3014	-179.243495	25	0.971378299778	0.0286217002216
25.0086	281.24	-171.949465	4	0.286913069873	0.713086930127
27.0162	277.9181	-171.774978	24	1.0	0.621939494035
16.3284	274.1743	-169.018524	18	1.0	0.0
26.9932	277.8129	-168.899171	24	0.352182140063	0.647817859937
26.8761	277.8654	-168.899167	24	0.821528257042	0.178471742958
26.7157	278.3565	-168.454526	25	1.0	0.0
31.4423	284.5207	-167.947725	0	1.0	0.0
28.4641	278.3664	-166.605934	12	1.0	0.0
27.0968	278.5096	-166.448254	26	1.0	0.0
23.0366	278.7003	-161.194804	13	0.18347106689	0.81652893311
16.1617	273.4558	-160.848975	-1	0.0	0.709566067286
22.8323	277.9612	-160.828568	10	0.687589712191	0.312410287809
22.6375	279.4535	-159.232978	16	0.395809879212	0.604190120788
16.2924	274.7274	-159.114062	17	1.0	0.0
27.5714	277.6324	-154.669459	28	1.0	0.0
26.898	277.905	-151.056293	24	1.0	0.466677689854
21.4512	281.5691	-145.977125	8	0.134331721232	0.865668278768
16.251	274.7835	-143.529489	17	1.0	0.379749469407
28.7141	278.897	-138.415414	9	1.0	0.0
25.0172	281.3243	-135.039677	4	0.423356666486	0.576643333514
25.015	281.2788	-134.997531	4	0.512913259732	0.487086740268
26.8661	277.8716	-134.428863	24	0.899999490601	0.100000509399
26.9716	277.9258	-133.177922	24	1.0	0.018367668852
14.3256	276.2056	-129.198403	22	0.464018764945	0.535981235055
26.8192	277.9191	-128.056097	24	0.627850826016	0.372149173984
16.2832	274.6754	-126.679113	17	1.0	0.0
28.4456	278.3633	-125.978096	12	0.816317590205	0.183682409795
28.4664	278.3807	-125.704704	12	0.773916022676	0.226083977324
13.7901	275.8584	-125.01477	23	0.761471019619	0.238528980381
13.7593	275.7141	-124.863127	23	0.720052176155	0.279947823845
21.5531	281.4305	-123.4702	8	0.613006785808	0.386993214192
22.461	279.1672	-121.171448	15	1.0	0.0
23.0301	278.6107	-120.796632	13	1.0	0.0
24.1375	273.0941	-110.125461	3	0.967582254719	0.0324177452809
26.8833	277.8972	-106.619498	24	1.0	0.478059309326
24.9068	281.3746	-106.542372	4	0.129811085226	0.870188914774
24.9086	281.2309	-106.54231	4	0.182076245703	0.817923754297
16.2859	274.4209	-106.525556	18	1.0	0.254741822844
16.3443	274.2203	-106.525534	18	1.0	0.107584274818
16.3567	274.4216	-106.128795	18	1.0	0.0
24.3974	273.7115	-103.927301	1	0.780097494473	0.219902505527
24.4087	273.4731	-103.927248	1	0.13730522748	0.86269477252
14.498	276.1816	-103.912693	22	1.0	0.0
14.4656	276.1902	-103.795089	22	0.883635455937	0.116364544063
21.9177	277.0854	-96.532809	7	1.0	0.0
22.8981	277.856	-92.580638	10	0.126123752151	0.873876247849
13.3016	276.0365	-90.681481	-1	0.0	0.0945692682442
16.328	274.2269	-88.296706	18	1.0	0.152636099667
30.002	276.8681	-82.776101	6	1.0	0.0
24.0299	282.0432	-82.548729	4	0.012502945842	0.987497054158
27.7386	277.3161	-80.10057	-1	0.0	0.115642395748
27.6612	277.7349	-80.10057	28	0.687375877665	0.312624122335
27.6299	277.7571	-79.842348	-1	0.0	0.149004163187
23.0823	278.7741	-77.882418	14	1.0	0.0
23.0995	278.7959	-77.785832	14	1.0	0.0
26.8972	277.8951	-76.019549	24	1.0	0.466677689854
23.0548	278.6134	-72.074185	13	1.0	0.0
16.323	274.8428	-69.839594	17	1.0	0.0
16.3967	274.4883	-69.701267	18	0.68702264982	0.31297735018
26.9572	277.9317	-68.223839	24	1.0	0.0
21.0522	282.4788	-60.022796	8	0.0504446851803	0.94955531482
32.1165	278.6554	-58.22925	5	1.0	0.0
29.573	291.2762	-57.390796	-1	0.0	0.429764226791
26.9798	277.8993	-56.186811	24	1.0	0.463979493711
26.9919	277.8905	-56.134329	24	1.0	0.561632514697
27.0231	277.92	-56.052478	24	0.894358763402	0.105641236598
25.0388	281.2083	-52.053279	4	0.187156195628	0.812843804372
13.9221	276.137	-50.543149	23	0.898805221305	0.101194778695
13.9737	276.0861	-50.142798	23	1.0	0.0
21.6009	281.4028	-50.021367	8	0.963955629502	0.0360443704979
21.5673	281.4307	-49.960628	8	0.602614474323	0.397385525677
21.6153	281.4024	-49.931491	8	1.0	0.0
26.9566	277.9079	-38.607153	24	1.0	0.292613996409
26.9678	277.9204	-38.392027	24	1.0	0.224964350378
26.9739	278.3792	-34.699004	26	0.690378125686	0.309621874314
20.1881	275.2971	-30.562411	-1	0.0	0.55749027214
22.6477	279.5141	-28.285325	16	0.279185453632	0.720814546368
26.9592	277.8849	-22.241996	24	1.0	0.4840065838
24.4548	273.7144	-18.381001	1	0.787185963753	0.212814036247
22.7891	277.9865	-17.886775	10	0.471099004987	0.528900995013
24.9883	281.2294	-17.806242	4	0.291318511996	0.708681488004
22.0057	279.9222	-17.613718	11	0.831026565905	0.168973434095
16.2001	273.4115	-17.156067	-1	0.0	0.733269145185
16.4229	274.231	-11.797796	18	0.929939913888	0.0700600861119
16.3263	274.2337	-11.79774	18	1.0	0.226585748433
16.334	274.3672	-11.711399	18	1.0	0.42480349034
16.3166	274.4175	-11.64239	18	1.0	0.0
16.3263	274.3323	-11.570981	18	1.0	0.0
26.9688	277.925	-9.428455	24	1.0	0.0
14.4731	276.2395	-2.534115	22	1.0	0.0
14.5179	276.0416	-2.429445	22	0.335692726982	0.664307273018
22.0065	279.9449	-4.5e-05	11	1.0	0.0
22.7825	276.9099	0.325562	7	0.075672950306	0.924327049694
28.0299	277.3337	2.59314	20	1.0	0.0
28.0641	277.305	2.668883	20	0.935480897722	0.0645191022777
26.9691	277.9583	5.106995	24	1.0	0.313827931206
28.4839	278.3866	6.909114	12	0.473143754214	0.526856245786
28.4446	278.3466	6.969455	12	0.535780554531	0.464219445469
26.858	277.9697	9.768593	24	1.0	0.0
24.2577	272.8156	10.308763	2	1.0	0.0
26.8435	278.257	18.803768	25	0.615343236088	0.384656763912
22.8347	277.9984	20.231993	10	1.0	0.0
14.5138	276.2158	26.257699	22	1.0	0.0
14.9887	277.0508	29.505191	21	0.290005045105	0.709994954895
15.068	276.8361	29.505223	21	1.0	0.0
22.4896	279.3976	31.136326	16	0.67474521771	0.32525478229
24.9903	281.2872	32.168661	4	0.86721727813	0.13278272187
24.1671	273.1206	32.786947	3	0.961981208559	0.0380187914409
26.9472	277.9441	35.860358	24	1.0	0.0980384521847
26.9493	277.9416	35.907703	24	1.0	0.0
26.95	277.9645	35.977582	24	1.0	0.484727564093
26.9165	277.9293	36.048551	24	1.0	0.466677689854
27.0129	277.6135	36.048584	-1	0.0	0.0162058835338
28.7415	278.9002	36.890904	9	1.0	0.0
27.6599	277.643	38.722494	28	0.934972263055	0.0650277369454
27.6915	277.6798	38.722531	28	0.763795226471	0.236204773529
27.622	277.6927	39.078666	28	0.732701856301	0.267298143699
16.2857	274.6931	42.140974	17	1.0	0.0
20.9803	282.4546	44.995269	8	0.0504446851803	0.94955531482
21.0156	282.4779	45.144539	8	0.0504446851803	0.94955531482
16.327	273.9434	49.358037	18	0.406832949859	0.593167050141
24.1509	273.107	50.852641	3	1.0	0.0
24.2653	272.849	50.852649	2	1.0	0.0
24.4366	273.6711	51.100646	1	1.0	0.0
22.6189	279.4404	54.663603	16	0.454494730759	0.545505269241
24.1784	273.1537	70.977347	3	0.696087063126	0.303912936874
24.1616	273.1042	71.094296	3	1.0	0.0
21.6759	277.0495	71.839087	7	0.320296924155	0.679703075845
22.0527	279.9311	73.147096	11	0.70843948826	0.29156051174
14.5028	276.2018	80.119031	22	1.0	0.0
14.5475	276.1673	80.36219	22	0.824916170194	0.175083829806
22.5999	279.4089	80.983419	16	0.454494730759	0.545505269241
28.1536	278.468	81.006412	12	0.0533054404043	0.946694559596
26.9635	277.9348	82.938886	24	1.0	0.0336201778428
16.3194	274.3045	87.30368	18	1.0	0.0
28.4633	278.3684	94.654788	12	1.0	0.0
28.5658	277.8872	94.654817	-1	0.0	0.132821216166
28.6893	278.2974	94.697976	12	0.0615623030764	0.938437696924
28.4547	278.3609	94.698004	12	1.0	0.0
26.94	277.9339	100.278448	24	1.0	0.0
26.9556	277.9188	100.43756	24	1.0	0.116633705041
13.8173	275.937	103.713191	23	1.0	0.0
22.0137	279.9863	110.200779	11	0.797740844858	0.202259155142
22.0042	279.963	110.239003	11	1.0	0.0
22.0201	279.9678	110.368693	11	0.956504895802	0.0434951041976
29.9374	276.6343	112.08365	6	0.44918228515	0.55081771485
28.075	277.3464	115.997463	20	1.0	0.0
28.0673	277.3287	116.00029	20	1.0	0.0
24.4043	273.6529	116.036836	1	0.76660526252	0.23339473748
32.0799	278.4461	116.445705	5	1.0	0.0
21.6171	281.3702	119.381773	8	0.818094513743	0.181905486257
21.5928	281.3763	119.381808	8	1.0	0.0
21.6255	281.3846	119.481638	8	1.0	0.0
27.544	277.3656	125.147642	-1	0.0	0.0505983628495
27.6138	277.5886	125.147672	28	0.921466882622	0.0785331173784
24.1676	273.1328	126.046701	3	1.0	0.0
26.8914	277.9045	126.769762	24	1.0	0.466677689854
27.4223	277.3855	126.864868	-1	0.0	0.0684305360148
26.9466	277.9288	126.864871	24	1.0	0.116633705041
20.267	275.1667	126.91257	-1	0.0	0.0507354235572
26.9886	277.781	126.964904	24	0.2505313652	0.7494686348
22.6438	279.5131	128.472977	16	0.284178278911	0.715821721089
24.9686	281.2465	132.466659	4	0.395722102143	0.604277897857
25.1004	280.7929	132.508523	4	0.0225946305846	0.977405369415
24.9941	281.2965	132.508541	4	1.0	0.0
24.9872	281.2914	132.576934	4	1.0	0.0
28.1684	277.5883	136.48836	19	1.0	0.0
14.7071	277.2347	136.984482	-1	0.0	0.460597724164
16.3132	274.3216	143.382608	18	1.0	0.0
16.3245	274.2654	143.465122	18	1.0	0.0523855125104
16.3263	274.3025	143.503263	18	1.0	0.0
28.7224	278.9267	145.227802	9	1.0	0.0
22.8178	277.9742	150.736724	10	0.714966948127	0.285033051873
22.8603	278.0398	150.905564	10	0.800833652372	0.199166347628
22.8517	278.0259	150.90558	10	1.0	0.0
24.1475	273.0957	153.966661	3	1.0	0.0
24.1034	272.9653	153.966734	3	0.1564199133	0.8435800867
24.1621	273.0862	154.060749	3	0.967582254719	0.0324177452809
22.515	279.3324	161.962904	16	0.917486049793	0.0825139502074
22.4434	279.4141	162.003652	16	0.580559461032	0.419440538968
16.3479	274.1335	168.148349	18	1.0	0.163535947602
16.3534	274.1033	168.211588	18	1.0	0.201841819129
31.4617	284.5283	168.942475	0	1.0	0.0
31.4369	284.5021	168.942502	0	1.0	0.0
22.8575	278.0196	170.92156	10	0.93440098603	0.06559901397
22.8675	278.0373	171.084146	10	0.664537975429	0.335462024571
22.1001	279.9231	182.735049	11	0.377467884407	0.622532115593
22.0147	280.0018	182.885961	11	0.485360100012	0.514639899988
24.1608	273.1391	183.425852	3	0.864074775281	0.135925224719
24.214	272.9695	183.425875	3	0.209151921132	0.790848078868
24.2122	273.106	183.576738	3	0.544093897151	0.455906102849
24.235	272.8483	183.576782	2	1.0	0.0
30.5456	283.3616	187.728034	0	0.089339647401	0.910660352599
22.84	278.0332	190.460567	10	1.0	0.0
22.8309	277.9737	190.576655	10	0.772151086879	0.227848913121
16.3515	274.8286	190.874325	17	1.0	0.0
24.3553	273.6706	197.259366	1	0.624791237912	0.375208762088
24.3892	273.4166	197.259413	1	0.104412306048	0.895587693952
24.7712	273.1721	197.280227	-1	0.0	0.225070262622
24.3803	273.6687	197.368779	1	0.832171559618	0.167828440382
24.9829	281.3069	197.824262	4	1.0	0.0
27.2996	277.707	199.674999	27	0.88395873474	0.11604126526
22.542	279.2917	200.093416	16	0.417719336043	0.582280663957
28.116	278.3019	200.117735	12	0.0774517915254	0.922548208475
29.8944	276.8914	202.853917	6	1.0	0.0
27.6413	277.6363	205.511765	28	1.0	0.0
14.0865	276.0572	206.479876	23	0.751561684967	0.248438315033
16.2691	274.6922	209.103633	17	1.0	0.0
22.3669	278.2139	209.18482	10	0.0362680182038	0.963731981796
24.2112	273.0418	213.393232	3	0.333924991589	0.666075008411
22.6521	279.3608	221.084135	16	0.400895531658	0.599104468342
26.9516	277.9436	222.961358	24	1.0	0.101978814462
26.9477	277.9035	223.024934	24	1.0	0.406109278772
28.0779	277.8859	225.6824	-1	0.0	0.370913622798
28.3765	278.2858	225.907186	12	0.117350936146	0.882649063854
20.9954	282.4882	226.025359	8	0.0489335908665	0.951066409134
22.823	277.9883	228.914534	10	0.744946362648	0.255053637352
27.2604	278.5816	231.058839	-1	0.0	0.188065513714
22.4635	279.2083	232.159186	15	1.0	0.0
22.5581	279.2891	236.058964	16	0.394320719298	0.605679280702
24.2374	273.081	238.7601	3	0.397542848524	0.602457151476
22.7941	277.9996	243.729462	10	0.531973746077	0.468026253923
16.314	274.8206	245.660284	17	1.0	0.0
26.9426	277.8689	247.602252	24	0.758955443663	0.241044556337
31.4077	284.6078	249.78756	0	1.0	0.0
31.4249	284.638	249.860249	0	0.965262139601	0.0347378603994
27.9983	278.208	252.473388	12	0.0485067498054	0.951493250195
24.1532	273.1021	260.594248	3	1.0	0.0
24.2106	273.1656	260.601358	3	0.397488032003	0.602511967997
28.0667	277.3263	260.609768	20	1.0	0.0
28.0436	277.3632	260.614032	20	1.0	0.0
27.3403	277.7655	260.884176	27	0.8653347091	0.1346652909
14.9952	276.8477	263.362729	21	1.0	0.0
16.3004	274.7335	264.869985	17	1.0	0.087338326777
21.9118	279.884	276.53168	11	0.263691111052	0.736308888948
15.0536	276.7993	278.443383	21	1.0	0.0
25.0445	281.3119	278.568334	4	0.339409021928	0.660590978072
24.9588	281.308	278.647187	4	0.617623582857	0.382376417143
24.9718	281.293	278.64723	4	0.795934096236	0.204065903764
21.5862	281.4031	278.908267	8	0.999455266767	0.000544733232904
16.3605	274.3367	282.350215	18	1.0	0.109823530757
16.3306	274.2855	282.40217	18	1.0	0.0
27.5849	277.5273	283.60867	-1	0.0	0.182185840119
27.5762	277.6036	283.945143	28	1.0	0.0
22.6106	279.4512	289.72892	16	0.454494730759	0.545505269241
22.632	279.4451	289.777696	16	0.454494730759	0.545505269241
24.4894	273.5158	306.818669	1	0.170506489321	0.829493510679
16.3538	274.2594	311.79821	18	1.0	0.152636099667
31.4848	284.5035	317.175533	0	1.0	0.0
13.5753	275.9714	318.477701	23	0.855266416787	0.144733583213
21.5244	281.4054	325.122641	8	0.584954546046	0.415045453954
15.8856	272.9111	330.461775	-1	0.0	0.759015678742
22.9093	277.7192	331.628794	10	0.0524176045965	0.947582395403
14.4947	276.0419	340.035362	22	0.331216135855	0.668783864145
14.5369	276.0321	340.362776	22	0.314161068816	0.685838931184
22.0241	279.9731	342.218216	11	0.748052418277	0.251947581723
26.891	277.9309	343.564279	24	1.0	6.51233990743e-05
26.8586	278.0777	343.688326	24	0.230569385962	0.769430614038
26.8857	277.8783	343.688352	24	1.0	0.478059309326
26.8929	277.9692	343.838832	24	1.0	0.0
13.3321	276.5832	348.503977	-1	0.0	0.602822056755
22.8579	278.01	351.17683	10	0.956490413698	0.0435095863019
22.8395	278.0008	351.348976	10	1.0	0.0
24.9885	281.3062	354.407272	4	1.0	0.0
22.4646	279.188	354.826253	15	1.0	0.0
22.4425	279.2048	354.872526	15	1.0	0.0
24.4046	273.6939	355.011678	1	0.865799915877	0.134200084123
27.2766	278.3196	355.328728	-1	0.0	0.0584045559326
22.5776	279.702	361.103895	-1	0.0	0.594365240776
29.3705	277.5486	361.348029	-1	0.0	0.358768880928
16.3422	274.7433	363.157568	17	1.0	0.256630077135
22.8447	277.9314	375.088323	10	0.48908313146	0.51091686854
16.2994	273.8291	375.593774	-1	0.0	0.375844110004
24.177	273.1119	375.7082	3	1.0	0.0
27.151	277.7072	384.883348	-1	0.0	0.181698876752
27.2835	277.7485	384.883407	27	1.0	0.0
27.3044	277.7236	384.975292	27	1.0	0.0
24.1466	273.1404	388.532882	3	0.689672946215	0.310327053785
13.9686	275.552	391.640566	-1	0.0	0.171521098948
14.0223	275.6417	391.640573	-1	0.0	0.0876939317853
22.5496	279.3422	401.71666	16	1.0	0.0
22.5057	279.2828	401.770467	16	0.388957269641	0.611042730359
27.6083	277.6315	407.856038	28	1.0	0.0
21.2872	281.6362	408.661873	8	0.142236406777	0.857763593223
21.8996	279.5239	410.192954	-1	0.0	0.373047184331
22.0485	279.8026	410.192982	11	0.156261654203	0.843738345797
21.9765	279.9678	410.193005	11	0.726050904957	0.273949095043
21.4261	281.7554	414.643827	8	0.0826581691692	0.917341830831
22.841	278.0132	415.104346	10	1.0	0.155820754791
14.9949	276.5787	425.583302	21	0.442951040017	0.557048959983
14.9809	276.6963	425.583336	21	0.755187090844	0.244812909156
14.3154	276.2232	425.833457	22	0.450007893142	0.549992106858
24.1581	273.0315	431.337776	3	0.276174467183	0.723825532817
24.1837	273.0569	431.427876	3	0.521074053843	0.478925946157
27.4256	278.3439	436.067952	-1	0.0	0.140498393859
21.3653	281.5156	438.299471	8	0.153756375085	0.846243624915
24.9641	281.2721	444.328657	4	0.440133527664	0.559866472336
22.8524	278.007	446.963667	10	1.0	0.19642589219
16.3447	274.8551	452.675004	17	1.0	0.0
22.342	278.221	454.504628	10	0.0344181367762	0.965581863224
15.2245	276.2922	455.789283	-1	0.0	0.25273743523
15.0957	276.8631	455.789309	21	0.765420864463	0.234579135537
16.3872	274.4996	456.106389	18	0.597324135796	0.402675864204
16.1835	273.2552	456.129234	-1	0.0	0.764497749206
16.6627	274.4104	456.258276	-1	0.0	0.1571606941
16.2953	274.654	456.258463	17	1.0	0.055381818686
22.8601	277.9136	456.651062	10	0.291494218459	0.708505781541
27.3274	278.3976	458.617975	26	0.740724938622	0.259275061378
27.5986	277.5728	463.463301	28	0.858628723735	0.141371276265
22.0929	279.9734	467.666323	11	0.426550470071	0.573449529929
27.2963	278.3594	468.358653	26	0.740724938622	0.259275061378
26.9789	278.3406	473.045148	26	0.656280885233	0.343719114767
26.9219	278.1225	473.259304	-1	0.0	0.261955636543
26.9885	278.3366	473.259355	25	0.615343236088	0.384656763912
14.8416	272.8056	476.607101	-1	0.0	0.111778015906
31.3391	284.2868	476.880366	0	0.470230178163	0.529769821837
21.1501	282.0888	479.230001	8	0.0504446851803	0.94955531482
21.6371	281.4309	479.417156	8	0.513491241012	0.486508758988
15.2957	275.6305	482.770597	-1	0.0	0.579174689027
15.3149	275.6428	482.833134	-1	0.0	0.577940942511
22.8347	278.0281	485.100727	10	1.0	0.0
22.8609	277.9505	485.14354	10	0.545538472956	0.454461527044
22.8411	278.0043	485.223031	10	1.0	0.0
22.8488	277.9875	485.607895	10	0.772151086879	0.227848913121
26.9326	277.9464	486.804272	24	1.0	0.248789174073
14.9946	276.7324	493.559817	21	0.925867769783	0.0741322302173
24.2555	273.1848	496.966911	3	0.218676056289	0.781323943711
21.3857	281.5246	496.991971	8	0.153756375085	0.846243624915
27.6038	277.6148	501.145646	28	1.0	0.0
21.2288	281.4503	504.715457	8	0.153756375085	0.846243624915
27.3801	277.7486	505.673382	27	0.97584673622	0.0241532637801
24.1801	273.0841	507.220778	3	0.671636798046	0.328363201954
26.9395	277.8814	512.931365	24	1.0	0.576620423347
27.0736	277.8874	512.931429	24	0.573696242979	0.426303757021
28.4216	278.3368	515.596761	12	0.292759124644	0.707240875356
28.5765	277.9556	515.596774	-1	0.0	0.0212433694655
22.5803	279.1881	517.702731	15	1.0	0.0
22.5731	279.3524	517.702734	16	1.0	0.0
22.532	279.4149	517.768108	16	0.520767221456	0.479232778544
22.5483	279.3384	517.858268	16	1.0	0.0
22.5464	279.3592	517.931352	16	1.0	0.0
27.3664	277.6934	520.608256	27	1.0	0.0
24.9922	281.3037	526.691496	4	0.946804812227	0.0531951877732
25.0217	281.3033	526.72334	4	0.548999821839	0.451000178161
25.0082	281.2549	526.723374	4	0.420859809491	0.579140190509
24.9896	281.2739	526.753247	4	0.641149520057	0.358850479943
16.4308	274.0128	530.733333	18	0.504108585567	0.495891414433
26.8946	277.9154	532.614167	24	1.0	0.466677689854
22.0239	279.845	535.437011	11	0.24456213889	0.75543786111
22.0081	279.9341	535.437037	11	1.0	0.0
21.9972	279.9522	535.579424	11	1.0	0.0
26.7672	278.3696	535.91613	25	1.0	0.0
24.1882	273.0853	539.519025	3	0.616610348371	0.383389651629
31.2147	284.1563	540.583028	0	0.292599068056	0.707400931944
22.8339	277.9394	549.738435	10	0.471266426162	0.528733573838
24.1819	272.978	554.40853	3	0.229868667959	0.770131332041
26.9296	277.9041	560.374146	24	1.0	0.512094188591
16.3009	274.6927	563.865591	17	1.0	0.0
16.3795	274.3216	563.865609	18	1.0	0.137304513127
14.7726	272.8348	572.742414	-1	0.0	0.120560770091
27.4346	278.4768	573.017353	-1	0.0	0.204127804617
22.8326	277.9821	574.239124	10	0.772151086879	0.227848913121
22.5778	279.3339	578.675181	16	0.63640381768	0.36359618232
14.9363	276.7459	585.803687	21	1.0	0.0
15.0033	276.458	585.803706	21	0.338013150406	0.661986849594
24.1744	273.1358	587.689458	3	0.961981208559	0.0380187914409
24.1313	272.833	587.689486	2	1.0	0.0
24.1898	273.125	587.841478	3	1.0	0.0
21.2759	281.4181	591.030916	8	0.153756375085	0.846243624915
21.6131	281.323	591.05745	8	0.424019778525	0.575980221475
15.2781	276.5202	597.292273	21	0.296770677169	0.703229322831
