25.2131	282.3658	-4.9e-05	6	0.583922339114	0.416077660886
34.5659	282.7834	-597.110107	35	1.0	0.0
34.3945	280.7375	-594.144409	13	0.52154746857	0.47845253143
34.3741	280.7262	-593.908104	13	0.611659917638	0.388340082362
27.9313	273.97	-592.907753	22	1.0	0.0
23.264	281.7475	-587.432478	7	1.0	0.0
23.2882	281.7542	-587.432451	7	1.0	0.0
27.9696	273.8621	-586.828001	-1	0.0	0.228159119202
35.3752	274.0075	-585.727521	2	0.280638651353	0.719361348647
35.4126	274.091	-585.580422	2	0.533298431501	0.466701568499
35.3491	274.1321	-585.519519	2	0.789851365963	0.210148634037
35.3028	274.0942	-585.448671	2	1.0	0.0
35.3584	274.1319	-585.343711	2	0.714332358805	0.285667641195
35.3707	274.1491	-585.176409	2	0.475278005976	0.524721994024
28.4433	273.7825	-581.283867	38	1.0	0.0
28.4505	273.7688	-581.189293	38	1.0	0.0
28.4488	273.7455	-580.959731	38	1.0	0.0
28.4024	273.7969	-578.952013	38	1.0	0.20708129084
31.1163	278.4372	-577.668146	10	1.0	0.113121841001
31.1041	278.439	-577.569413	10	1.0	0.213415415355
31.1024	278.4705	-577.404621	10	0.757226739617	0.242773260383
28.338	273.7277	-574.135216	38	1.0	0.0
27.908	273.9303	-573.762071	22	0.714684925694	0.285315074306
27.9111	273.932	-573.697955	22	0.797048227857	0.202951772143
25.328	282.5156	-573.431004	6	1.0	0.0
25.3284	282.4639	-573.373467	6	1.0	0.117537346536
25.5298	279.4807	-573.322462	32	1.0	0.0
25.6021	282.3676	-572.061953	5	1.0	0.0
25.5887	282.3583	-571.839434	5	0.894885470966	0.105114529034
25.6163	282.404	-571.666811	5	0.887203198581	0.112796801419
28.0577	280.1326	-570.547387	24	0.450024155535	0.549975844465
34.8946	279.112	-570.195319	17	1.0	0.0
32.7219	273.6181	-564.586949	-1	0.0	0.478519121031
22.6323	281.3419	-561.948034	7	0.261754579645	0.738245420355
35.0328	289.2878	-560.199561	3	1.0	0.0
27.9491	274.0011	-559.776785	22	0.733051349765	0.266948650235
27.9162	273.9942	-559.705663	22	0.858693112415	0.141306887585
34.4064	282.4319	-556.358772	36	0.64433850118	0.35566149882
34.4368	282.4647	-556.304602	36	0.723446956525	0.276553043475
34.4288	282.3844	-556.304566	36	0.840530730255	0.159469269745
34.4229	282.506	-555.9719	36	0.420554258913	0.579445741087
35.1114	280.1606	-554.52556	40	0.828327738172	0.171672261828
32.2671	274.563	-554.223973	-1	0.0	0.177942300877
31.8606	274.8873	-553.767149	-1	0.0	0.352778854353
31.4859	283.2437	-553.639937	-1	0.0	0.254518938001
31.4929	283.1437	-553.639901	-1	0.0	0.166352981815
28.4496	273.7541	-549.838034	38	1.0	0.0
28.4086	273.7319	-549.74066	38	1.0	0.233810615865
28.4299	273.7385	-549.579084	38	1.0	0.0
28.4218	273.7492	-549.094051	38	1.0	0.0
28.6418	273.9392	-548.138819	-1	0.0	0.316356315583
28.6303	273.9833	-547.603045	37	1.0	0.0
29.9055	281.3802	-546.548776	26	0.232659435323	0.767340564677
31.6034	275.2548	-539.854449	4	0.62290342375	0.37709657625
32.2256	285.4527	-539.320781	18	1.0	0.0
27.9229	273.9414	-539.028365	22	1.0	0.0530352904362
27.944	273.9521	-538.935129	22	0.914593085447	0.0854069145534
35.312	274.1109	-535.550525	2	1.0	0.0
35.3716	274.1008	-535.461353	2	0.810847920216	0.189152079784
28.6964	280.8587	-525.800746	30	0.916017184534	0.083982815466
28.6902	280.957	-525.727176	30	1.0	0.0
28.6979	280.9415	-525.691058	30	1.0	0.0
31.726	285.6966	-525.516509	18	0.914799247496	0.0852007525044
31.8564	285.6933	-524.887972	18	1.0	0.0
31.8536	285.6767	-524.771016	18	1.0	0.0
24.2934	280.514	-519.918757	20	0.689464372621	0.310535627379
24.2691	280.4432	-519.815119	20	0.233986646157	0.766013353843
32.3089	274.2451	-519.49639	16	1.0	0.0
32.3137	274.2953	-519.165594	16	1.0	0.0
35.0311	289.2882	-517.955086	3	1.0	0.0
35.0419	289.2816	-517.926981	3	1.0	0.0
35.0304	289.2887	-517.909815	3	1.0	0.0
35.0669	289.2578	-517.76222	3	0.544095281162	0.455904718838
35.0401	289.3023	-517.717297	3	1.0	0.0
28.0716	280.0915	-515.371659	24	0.313641971189	0.686358028811
34.4031	282.3307	-514.446936	36	0.295854731554	0.704145268446
34.4248	282.5352	-514.265972	36	0.260490546159	0.739509453841
34.4111	282.4663	-514.26594	36	0.66744029442	0.33255970558
34.4541	282.5405	-514.259652	36	0.350270573479	0.649729426521
28.4365	273.7597	-514.003577	38	1.0	0.0
28.461	273.7891	-513.92152	38	1.0	0.157390075724
28.4561	273.7143	-513.853854	38	0.719676086712	0.280323913288
28.4631	273.7391	-513.750378	38	1.0	0.193205897981
28.4485	273.7747	-513.603599	38	1.0	0.0
25.6058	282.3728	-513.488766	5	1.0	0.0
28.4476	273.8038	-513.19614	38	1.0	0.0423126903442
25.5847	282.3875	-513.104537	5	0.965445938066	0.034554061934
31.1272	278.4181	-509.634824	10	1.0	0.0
34.2095	282.106	-509.074928	29	0.487564183075	0.512435816925
35.0896	281.5537	-500.375714	11	0.140000740813	0.859999259187
35.1189	281.4324	-500.375668	11	1.0	0.0
27.9589	273.9386	-499.764538	22	1.0	0.0
25.325	282.4339	-496.241468	6	1.0	0.398557319368
35.043	278.7325	-494.295059	-1	0.0	0.119942018363
34.9259	279.1489	-491.913169	17	0.822897838232	0.177102161768
34.8971	279.2231	-491.829894	17	0.389727924013	0.610272075987
34.7967	280.5426	-491.405386	-1	0.0	0.566786871788
27.9285	273.9793	-490.041316	22	1.0	0.0
34.3185	280.7043	-486.097014	13	0.955769702122	0.0442302978784
28.4298	273.756	-484.367258	38	1.0	0.0
28.4143	273.8363	-484.046032	38	1.0	0.0375281812239
35.1267	280.1317	-483.686524	40	0.510753507679	0.489246492321
34.4218	282.3766	-483.441872	36	0.585948557074	0.414051442926
28.4287	273.919	-482.72965	38	0.703607503535	0.296392496465
35.1898	281.5006	-478.928461	11	0.209643251053	0.790356748947
35.3109	274.1149	-474.710099	2	0.855012406597	0.144987593403
35.2969	274.0771	-474.650609	2	0.710470982415	0.289529017585
33.0379	287.0201	-473.385754	-1	0.0	0.621733505534
33.0253	286.8859	-473.385732	-1	0.0	0.680087257646
31.1276	278.4425	-471.120671	10	1.0	0.0
31.1677	278.2306	-471.120656	-1	0.0	0.621982820779
31.1396	278.4148	-471.045844	10	1.0	0.0
34.2844	282.2684	-468.518209	-1	0.0	0.0329764816534
28.4389	273.804	-465.395975	38	1.0	0.0810773848057
28.4584	273.8519	-465.121636	38	1.0	0.0
28.455	273.8664	-465.079485	38	1.0	0.277066933537
32.3169	274.3435	-462.476788	16	0.666558645084	0.333441354916
32.942	287.5513	-462.008675	-1	0.0	0.142591787989
32.9337	287.5346	-461.955776	-1	0.0	0.125457865735
35.0769	280.1827	-456.2337	40	0.571508547555	0.428491452445
35.0208	280.2449	-453.858364	39	0.602735520532	0.397264479468
28.1613	280.9911	-453.545672	31	1.0	0.0
28.4089	273.8121	-452.880825	38	1.0	0.0810773848057
35.1476	281.5228	-448.656005	11	0.184588310562	0.815411689438
35.1146	281.3999	-448.617276	11	0.503925135743	0.496074864257
27.9418	273.9854	-447.533655	22	1.0	0.17871525392
25.5996	282.3741	-446.834585	5	1.0	0.0
25.6321	282.3572	-446.788616	5	1.0	0.0
31.5639	275.343	-443.081441	4	0.851561215637	0.148438784363
31.6052	275.4547	-443.01933	4	0.617822657325	0.382177342675
28.6472	273.6793	-439.385887	-1	0.0	0.577978252259
34.4232	282.4015	-438.614954	36	0.879739900425	0.120260099575
34.4772	282.4213	-438.525514	36	1.0	0.0
34.4385	282.4479	-438.455795	36	0.723446956525	0.276553043475
28.3264	273.7177	-434.08426	38	1.0	0.0
28.3306	273.7217	-433.99479	38	1.0	0.0
35.3349	274.1434	-433.147371	2	0.715399185799	0.284600814201
35.3066	274.0882	-433.07327	2	1.0	0.0
35.3461	274.0772	-433.01309	2	0.862930049084	0.137069950916
35.3168	274.1094	-432.840882	2	1.0	0.0
35.1431	281.4079	-432.711141	11	0.532174451496	0.467825548504
35.1042	281.3883	-432.627455	11	0.351066686823	0.648933313177
33.9448	286.5641	-430.656549	27	0.160582560646	0.839417439354
35.3263	279.8102	-430.202468	33	0.374128423505	0.625871576495
32.2412	285.4268	-428.728148	18	1.0	0.0
33.1736	286.7726	-424.26964	-1	0.0	0.594515472934
28.0242	273.965	-422.091228	22	0.45115783163	0.54884216837
25.5518	279.512	-422.078073	32	1.0	0.0
25.5446	279.5649	-422.078051	32	0.390686366128	0.609313633872
25.5283	279.4977	-422.035598	32	1.0	0.0
25.5318	279.4781	-421.995816	32	1.0	0.0
34.351	282.8992	-421.495739	-1	0.0	0.396193672073
28.4447	273.8471	-412.242177	38	1.0	0.0
29.1811	273.33	-410.214703	-1	0.0	0.605524275971
22.2726	276.9676	-401.212615	1	0.452410170162	0.547589829838
32.3239	274.3156	-400.529333	16	1.0	0.298798336151
32.312	274.347	-400.492269	16	0.721669215196	0.278330784804
32.3247	274.2557	-400.404394	16	1.0	0.0
25.2626	282.5653	-399.715497	6	0.480242756632	0.519757243368
25.283	282.5442	-399.573173	6	0.767041887269	0.232958112731
28.4645	273.7816	-395.113462	38	1.0	0.0
28.4462	273.8401	-394.80471	38	1.0	0.000433245040831
28.4186	273.7311	-394.568668	38	1.0	0.225688235557
24.3235	280.4987	-394.382291	20	1.0	0.0
35.452	279.7276	-391.280108	-1	0.0	0.127015413717
35.4699	279.8342	-391.143542	33	0.311507930584	0.688492069416
35.3566	274.0885	-388.447777	2	0.763494470497	0.236505529503
25.9321	280.1541	-388.384534	41	0.767119261122	0.232880738878
34.4104	282.7511	-383.709535	-1	0.0	0.0491518526843
25.6152	282.3395	-377.853038	5	0.937466691676	0.0625333083243
25.6277	282.3178	-377.811792	5	0.937466691676	0.0625333083243
25.6328	282.3382	-377.767977	5	1.0	0.0
32.2602	274.4547	-377.074052	15	1.0	0.0
32.2409	274.4424	-377.024546	15	1.0	0.0
32.0631	274.6698	-377.005859	8	0.522922474306	0.477077525694
32.2506	274.4547	-376.846774	15	1.0	0.0
35.0823	279.993	-376.72684	-1	0.0	0.179440752957
32.0789	274.7196	-374.021437	8	0.930317129564	0.0696828704362
32.096	274.716	-373.95351	8	1.0	0.040775074813
32.0624	274.7637	-373.556941	8	0.918350543747	0.0816494562529
32.0871	274.7511	-373.342018	8	1.0	0.254531871405
35.3107	278.9754	-371.852161	17	0.185901475026	0.814098524974
31.9861	284.7731	-369.684107	14	0.147951115961	0.852048884039
34.1799	282.1273	-369.302938	-1	0.0	0.0805869470963
34.4149	282.3938	-368.804665	36	0.934558219865	0.0654417801353
34.4538	282.4046	-368.706666	36	0.979779350626	0.0202206493741
34.4905	282.3887	-368.672012	36	0.946186724119	0.0538132758812
34.4141	282.4447	-368.610807	36	0.681496772489	0.318503227511
27.9638	273.9393	-368.476381	22	1.0	0.0
32.3524	274.3092	-367.234178	16	1.0	0.312658823826
35.227	279.1595	-366.056285	17	0.185901475026	0.814098524974
28.4441	273.8211	-361.490357	38	1.0	0.0863451999621
28.4497	273.7638	-361.392223	38	1.0	0.0
31.1321	278.4672	-361.150846	10	0.968637306829	0.0313626931711
31.1422	278.4297	-361.06439	10	1.0	0.0
34.99	289.2899	-361.026299	3	0.632673848946	0.367326151054
32.3269	274.3799	-352.808343	16	0.564518805388	0.435481194612
35.2946	280.001	-351.583863	33	1.0	0.0
35.3357	280.0011	-351.485346	33	0.992696320453	0.00730367954687
22.2998	277.037	-348.627183	1	0.919722787147	0.0802772128531
27.932	274.0081	-346.192584	22	0.513230316517	0.486769683483
30.9928	282.2626	-345.652416	25	1.0	0.0
32.2047	281.1808	-343.119881	-1	0.0	0.00736036222389
28.1443	280.9819	-340.459583	31	1.0	0.0
28.0605	281.2104	-340.385141	31	0.218266660736	0.781733339264
23.1105	281.7947	-340.272121	7	1.0	0.0
23.3518	281.8388	-340.272071	7	1.0	0.0
25.5307	279.4687	-340.03598	32	0.810934945183	0.189065054817
25.5574	279.4794	-340.003466	32	0.849687607632	0.150312392368
25.4939	279.4533	-339.980257	32	0.473021333628	0.526978666372
35.2095	273.943	-338.694732	2	0.190705186643	0.809294813357
28.622	273.7061	-330.530525	-1	0.0	0.451692428421
28.4486	273.8426	-330.51864	38	1.0	0.0
34.504	282.5768	-326.663358	36	0.260490546159	0.739509453841
34.4434	282.4194	-326.566697	36	1.0	0.0
34.4573	282.4404	-326.411991	36	0.94435726788	0.0556427321199
27.9209	273.8954	-324.129353	22	0.393153397265	0.606846602735
33.9206	286.5831	-321.28889	27	0.144145369486	0.855854630514
34.9148	279.0951	-316.267043	17	1.0	0.0
35.1026	281.3716	-315.785816	11	0.261507372649	0.738492627351
35.3289	279.0289	-312.411238	17	0.185901475026	0.814098524974
31.6661	275.3579	-310.761641	4	1.0	0.0
24.3351	280.538	-309.625667	20	0.503397061256	0.496602938744
24.3427	280.5244	-309.483035	20	0.842142799324	0.157857200676
33.917	286.3616	-307.232295	27	0.800657138019	0.199342861981
34.3073	282.1289	-306.73664	29	0.985547920289	0.0144520797114
34.3699	282.1148	-306.661533	29	1.0	0.0
34.3397	282.9071	-305.840391	-1	0.0	0.431179414662
26.7582	273.787	-299.077521	-1	0.0	0.723666511587
25.6131	282.3854	-298.051834	5	1.0	0.0
35.0589	280.1487	-292.934548	40	0.51012296623	0.48987703377
35.0236	280.1468	-292.913076	40	0.360001232965	0.639998767035
35.49	279.6064	-292.334222	-1	0.0	0.526124253387
32.0754	274.8464	-291.383709	8	0.550886707273	0.449113292727
32.2009	274.6827	-291.275449	8	0.765765159763	0.234234840237
29.9115	281.2954	-289.476902	26	0.791336534822	0.208663465178
28.4724	273.7789	-289.353142	38	1.0	0.0
28.5535	273.952	-289.339002	37	1.0	0.0
28.4528	273.7598	-289.301038	38	1.0	0.0
28.4634	273.815	-289.240511	38	1.0	0.0
29.8931	281.3133	-289.003872	26	1.0	0.0
28.5772	274.0223	-288.760887	37	1.0	0.0
28.5706	274.0653	-288.569482	-1	0.0	0.389725676908
35.5049	278.952	-288.412984	17	0.163124263996	0.836875736004
32.375	274.234	-288.367569	16	0.667451129996	0.332548870004
32.327	274.2962	-288.297417	16	1.0	0.0
32.4558	274.2074	-288.279614	16	0.313305190813	0.686694809187
32.3177	274.2415	-288.190902	16	1.0	0.0
27.9096	273.9743	-287.301879	22	1.0	0.0864888386571
27.9212	273.9526	-287.212904	22	0.961478491484	0.0385215085162
22.3054	277.0229	-285.723384	1	1.0	0.0
28.3688	273.7328	-280.731254	38	1.0	0.233810615865
28.3338	273.7669	-280.64838	38	0.703355510433	0.296644489567
31.0945	278.5368	-278.233088	9	0.929226449156	0.0707735508439
34.3689	280.8675	-272.9937	13	0.500013252289	0.499986747711
34.4549	282.4273	-272.561743	36	1.0	0.0
31.221	278.3636	-272.243151	10	0.709377815028	0.290622184972
35.3647	274.0346	-270.703765	2	0.424074694386	0.575925305614
35.3415	274.0599	-270.639915	2	0.710470982415	0.289529017585
35.1196	281.4406	-269.065561	11	1.0	0.0
32.1761	274.6746	-258.175616	8	1.0	0.0
28.4446	273.8414	-254.04156	38	1.0	0.0539379253415
32.3237	274.3569	-252.500406	16	0.59519598337	0.40480401663
28.1668	280.3325	-252.155587	24	0.0882786824865	0.911721317514
28.1406	280.2458	-252.143843	24	0.172906043172	0.827093956828
34.5066	282.7407	-251.75633	35	1.0	0.0
34.9127	279.2961	-251.08295	17	0.231918398722	0.768081601278
34.3048	282.138	-250.031745	29	1.0	0.0
25.3549	280.0681	-249.630818	-1	0.0	0.38565249592
25.3098	280.0704	-249.588565	-1	0.0	0.0129908102741
25.2735	280.0448	-249.573211	-1	0.0	0.0819624572711
34.8062	280.4554	-247.72048	-1	0.0	0.351546911511
24.4734	280.6924	-244.500274	20	0.0844919911348	0.915508008865
25.9243	280.1904	-241.883841	41	1.0	0.0
25.9211	280.1799	-241.8094	41	1.0	0.0
31.8553	274.8941	-240.114771	-1	0.0	0.378622120565
34.2536	280.7007	-238.811019	13	1.0	0.0
25.3536	282.4696	-238.433371	6	0.785081501872	0.214918498128
25.3578	282.4619	-238.428327	6	0.859858175293	0.140141824707
34.4669	282.3637	-237.623607	36	0.547323287242	0.452676712758
24.3151	280.4987	-232.31888	20	1.0	0.0
35.1328	281.428	-231.37919	11	1.0	0.0
25.6403	282.4079	-229.711008	5	0.577641615248	0.422358384752
25.6501	282.3981	-229.242956	5	0.605609764083	0.394390235917
32.2308	281.1576	-226.623284	-1	0.0	0.0151117532657
22.3182	276.9563	-226.544236	1	0.411723070743	0.588276929257
22.2583	277.0445	-226.539244	1	0.487902537561	0.512097462439
32.336	274.2722	-225.247056	16	1.0	0.215267306478
32.3154	274.3009	-225.202068	16	1.0	0.0
32.3347	274.2972	-225.130331	16	1.0	0.0
32.3331	274.3027	-225.081308	16	1.0	0.0
28.7637	280.9382	-219.973511	30	1.0	0.0
31.1526	278.4242	-218.08139	10	1.0	0.0664430567579
31.6525	275.3578	-217.975219	4	1.0	0.0
31.6211	275.3579	-217.86275	4	1.0	0.0
31.6081	275.4115	-217.810747	4	0.819166707445	0.180833292555
27.9353	273.9798	-217.64223	22	1.0	0.0
27.9558	273.9669	-217.559164	22	1.0	0.163366402588
27.9849	273.9943	-217.421322	22	0.655720631028	0.344279368972
28.4556	273.8519	-215.551311	38	1.0	0.014220437606
28.4259	273.872	-215.434916	38	1.0	0.411207452716
28.4276	273.8456	-215.377762	38	1.0	0.168246672786
28.4376	273.8884	-215.278587	38	1.0	0.0137908735367
34.942	279.125	-215.24451	17	1.0	0.0
28.4392	273.88	-215.002966	38	1.0	0.358421779994
28.4412	273.8645	-214.909149	38	1.0	0.358421779994
28.4661	273.9677	-214.396667	37	0.963479475859	0.0365205241409
31.2861	275.8878	-210.988769	-1	0.0	0.417540827442
28.3276	273.8125	-209.937061	38	0.499898521384	0.500101478616
23.1243	281.7674	-209.557073	7	1.0	0.0
27.1141	280.9828	-207.418089	34	0.5053289763	0.4946710237
34.9198	281.5862	-203.062347	11	0.0818966314157	0.918103368584
35.3486	274.0982	-192.763789	2	1.0	0.0
29.888	281.3109	-192.538747	26	1.0	0.0
29.8702	281.298	-192.470112	26	0.806049702225	0.193950297775
29.907	281.2987	-192.426587	26	0.993571528401	0.00642847159882
27.9427	273.9357	-186.894788	22	1.0	0.0
27.9248	273.9676	-186.838432	22	1.0	0.0
28.0076	273.9351	-186.780129	22	0.523931635383	0.476068364617
28.4656	273.7691	-185.051161	38	1.0	0.0
28.4775	273.8218	-184.856113	38	1.0	0.0
25.0661	278.8576	-184.530035	19	1.0	0.0
35.1755	280.1819	-181.73267	40	0.582342207763	0.417657792237
30.1208	281.8816	-181.307681	26	0.0315778456931	0.968422154307
34.4558	282.341	-179.62732	36	0.440969500167	0.559030499833
30.1869	281.5417	-176.731876	26	0.0594282387495	0.94057176125
30.2152	281.6108	-176.542623	26	0.0492591280672	0.950740871933
34.3655	282.1533	-175.796449	29	1.0	0.0
31.221	278.1269	-168.201474	-1	0.0	0.70802836327
33.1756	286.773	-167.552239	-1	0.0	0.593722668729
35.1455	281.4236	-164.218116	11	0.823726637271	0.176273362729
32.0931	274.8009	-164.05436	8	1.0	0.0
32.0832	274.7913	-163.354342	8	1.0	0.0
35.2476	279.9671	-161.45176	33	0.748888695665	0.251111304335
32.3125	274.1905	-161.273434	16	0.692418846094	0.307581153906
28.096	280.0868	-160.296274	24	0.299664846863	0.700335153137
25.9286	279.541	-159.171279	32	0.096786591746	0.903213408254
32.3303	274.2631	-158.184572	16	1.0	0.123504551042
31.1018	278.5428	-157.072213	9	1.0	0.0
31.0813	278.4526	-157.072165	10	0.932530762589	0.0674692374111
35.2949	279.9787	-154.346937	33	1.0	0.0
32.0225	284.3808	-153.739801	14	0.186846299428	0.813153700572
28.3516	273.8043	-152.690128	38	0.759528723756	0.240471276244
28.3409	273.7458	-152.235402	38	1.0	0.312852989706
28.3374	273.709	-152.147412	38	1.0	0.246929116217
24.1285	280.4221	-151.892515	20	0.117433515457	0.882566484543
24.3428	280.5355	-151.838662	20	0.530578239393	0.469421760607
28.5574	274.0022	-151.424433	37	1.0	0.0
28.5606	273.9739	-151.191884	37	1.0	0.0
28.5354	274.0147	-151.055019	-1	0.0	0.00503311297004
22.2857	276.9527	-150.282075	1	0.359077894157	0.640922105843
25.94	280.1775	-139.786666	41	1.0	0.0
25.0293	278.8414	-139.445661	19	1.0	0.0
34.4012	280.7688	-138.165521	13	0.461980072501	0.538019927499
35.2707	278.9562	-138.130971	17	0.185901475026	0.814098524974
35.2392	279.0857	-138.130962	17	0.185901475026	0.814098524974
27.938	273.9269	-129.094187	22	0.906612112556	0.0933878874437
27.9447	273.912	-129.061665	22	0.680911628854	0.319088371146
27.9564	273.9287	-129.028339	22	1.0	0.0
25.6246	282.2741	-127.597124	5	0.488329473973	0.511670526027
25.6123	282.2886	-127.533294	5	0.557406273147	0.442593726853
25.6081	282.3311	-127.470236	5	0.905635196452	0.0943648035485
34.4475	282.0159	-126.20383	-1	0.0	0.349027509807
34.9393	289.5104	-123.823377	3	0.0930114279192	0.906988572081
32.3002	281.1962	-118.205325	-1	0.0	0.542941276932
35.1071	280.1564	-115.420677	40	0.673307046822	0.326692953178
31.1471	278.4525	-113.440646	10	1.0	0.348195886252
28.2554	281.0172	-112.243491	31	0.77047207973	0.22952792027
28.5166	273.8881	-108.546752	38	0.702757775986	0.297242224014
28.479	273.8644	-108.438479	38	1.0	0.0
28.4632	273.8507	-107.910378	38	1.0	0.103176834084
29.9663	281.1954	-103.733863	26	0.139744468859	0.860255531141
29.9144	281.3167	-103.578087	26	1.0	0.0
29.8888	281.3384	-103.546042	26	0.583887406798	0.416112593202
26.0314	280.3772	-103.538427	41	0.107786875672	0.892213124328
30.4998	281.1526	-103.481858	26	0.043843326679	0.956156673321
22.3004	277.0233	-103.144099	1	1.0	0.0
25.0371	278.8549	-102.841177	19	1.0	0.0
33.8305	286.4144	-102.281335	27	0.917406815751	0.0825931842486
29.0751	280.9579	-97.508823	30	1.0	0.0
35.1057	281.434	-97.310346	11	0.864362275908	0.135637724092
28.059	280.152	-96.403968	24	0.520622088254	0.479377911746
28.1958	280.0699	-96.403885	24	0.19865063704	0.80134936296
35.2917	279.8967	-96.141117	33	0.572993111391	0.427006888609
27.9214	273.9785	-83.106978	22	1.0	0.0
34.4847	282.4734	-82.162428	36	0.5036532798	0.4963467202
27.8159	281.0319	-82.014166	31	0.231295309932	0.768704690068
32.2656	274.4771	-81.670203	15	1.0	0.0
31.5365	275.2935	-75.819159	4	0.74385110059	0.25614889941
32.0984	274.775	-74.359283	8	1.0	0.0
32.066	274.7736	-74.26865	8	1.0	0.0604751850229
32.0788	274.8083	-74.189516	8	1.0	0.104574792748
28.3703	274.2331	-73.491006	23	1.0	0.0
31.4535	284.4425	-67.079463	14	0.956135959794	0.0438640402061
32.3403	274.1829	-66.864083	16	0.692418846094	0.307581153906
35.2583	279.9762	-61.835193	33	1.0	0.0
25.9317	279.5588	-59.21209	32	0.096105959555	0.903894040445
22.3188	276.9895	-57.355885	1	0.492229700726	0.507770299274
22.3207	277.0153	-57.194526	1	1.0	0.0
27.1631	280.979	-56.518167	34	0.668704390777	0.331295609223
25.0317	278.8679	-55.524147	19	1.0	0.0
25.0259	278.8799	-55.380666	19	0.697625016872	0.302374983128
35.2493	273.9676	-53.884859	2	0.264138564825	0.735861435175
26.7815	280.5855	-49.630764	-1	0.0	0.345516827338
26.7753	280.6157	-49.58746	-1	0.0	0.357702600228
25.9626	280.1923	-47.790071	41	0.776564310204	0.223435689796
25.9095	280.209	-47.739366	41	0.568565338849	0.431434661151
28.4812	273.8163	-44.767439	38	1.0	0.0
27.9893	274.0205	-39.328946	22	0.419276110497	0.580723889503
34.3389	282.0827	-38.835756	29	0.675128409098	0.324871590902
34.3263	280.8668	-34.956251	13	0.44043790742	0.55956209258
25.0125	278.8373	-30.029088	19	0.987156387096	0.012843612904
25.052	278.8762	-29.96547	19	0.961126657706	0.0388733422943
28.1087	280.1027	-28.561799	24	0.454685621034	0.545314378966
31.0092	282.3667	-27.794218	25	1.0	0.0
35.2811	279.8736	-24.645347	33	0.51146438145	0.48853561855
32.0319	284.4032	-22.497511	14	0.186885791954	0.813114208046
33.7954	285.9493	-17.996815	28	1.0	0.0
33.8954	285.9806	-17.553427	28	0.5180421773	0.4819578227
28.1315	280.1598	-14.860789	24	0.553552544525	0.446447455475
34.7964	280.5107	-10.971995	-1	0.0	0.507832178838
15.8918	286.3749	-10.868334	0	0.277706562609	0.722293437391
31.1333	278.4102	-10.594505	10	1.0	0.178966722889
28.4881	273.8182	-7.80612	38	1.0	0.00234392623047
28.4472	273.9153	-7.677621	38	0.760067686436	0.239932313564
31.6758	275.2226	-3.398464	4	0.41403516169	0.58596483831
25.2131	282.3658	-4.9e-05	6	0.583922339114	0.416077660886
31.122	278.5487	2.302527	9	1.0	0.0
31.1472	278.568	2.312324	9	1.0	0.0
34.6052	282.6217	3.898798	-1	0.0	0.104857913428
34.3669	280.8823	4.3709	13	0.440518208395	0.559481791605
25.017	278.8237	10.47671	19	0.662629226146	0.337370773854
34.5012	282.3947	12.685004	36	0.979779350626	0.0202206493741
24.2819	280.577	13.498544	20	0.276776505834	0.723223494166
24.3382	280.5343	13.502609	20	0.567867278791	0.432132721209
25.5173	279.504	14.118814	32	0.952044327455	0.047955672545
25.5301	279.4995	14.374121	32	1.0	0.0
27.9548	273.9727	16.214337	22	1.0	0.0941453332683
27.9538	273.9604	16.24726	22	1.0	0.112891895464
27.9451	273.9467	16.269784	22	1.0	0.0
28.3579	273.4601	18.596027	-1	0.0	0.136491991176
35.3537	279.9212	19.005477	33	0.572993111391	0.427006888609
35.328	279.9772	19.09185	33	1.0	0.0
35.1115	280.1646	26.047793	40	1.0	0.0
34.5249	282.8094	26.817675	35	1.0	0.0
35.2645	280.1069	39.173137	-1	0.0	0.312155857921
29.1751	273.3675	40.154161	-1	0.0	0.598608364202
32.2286	274.4492	41.236164	15	1.0	0.0
34.3615	282.0417	41.477371	-1	0.0	0.0128393264388
34.3366	282.2516	41.587137	-1	0.0	0.0641437247442
34.2574	280.772	42.922625	13	0.537537126753	0.462462873247
34.2752	280.7409	43.332741	13	0.891517236251	0.108482763749
27.1388	280.9222	48.954655	34	1.0	0.0
27.1339	281.0091	48.996337	34	0.355985885565	0.644014114435
27.1736	280.9418	49.021333	34	0.990261428974	0.00973857102581
27.1204	280.9546	49.057316	34	0.689149504632	0.310850495368
28.4853	273.8584	49.079996	38	1.0	0.323378422362
27.1173	280.9265	49.110635	34	0.793627778323	0.206372221677
28.4741	273.8031	49.169948	38	1.0	0.0318435544759
28.4717	273.8584	49.259452	38	1.0	0.0
28.4708	273.8683	49.359376	38	1.0	0.0159751693091
31.117	278.5721	49.469658	9	0.992360011306	0.00763998869383
28.4786	273.8135	49.543913	38	1.0	0.0
31.4908	284.4692	49.776097	14	1.0	0.0
29.0654	280.9969	49.805916	30	1.0	0.0
32.1358	274.7139	52.726863	8	1.0	0.0667956756165
34.4675	282.4009	55.485523	36	0.893273304215	0.106726695785
35.1211	281.4413	56.174883	11	1.0	0.0
28.0518	280.1769	56.741905	24	0.30829341633	0.69170658367
25.2961	282.4951	61.579261	6	1.0	0.0
25.3107	282.5073	61.8801	6	1.0	0.0
28.214	281.0107	65.833767	31	1.0	0.0
32.0774	274.8081	69.325837	8	1.0	0.105350113382
32.0874	274.7875	69.439152	8	1.0	0.0
33.8558	286.3975	70.855699	27	1.0	0.0
33.8637	286.403	70.90181	27	1.0	0.0
33.8581	286.4084	70.932968	27	1.0	0.0
33.8925	286.3703	70.975788	27	0.794357091871	0.205642908129
25.0301	278.8333	79.003665	19	1.0	0.0
29.8895	281.3105	84.512009	26	1.0	0.0
29.8921	281.3091	84.62629	26	1.0	0.0
35.2431	274.0248	87.337695	2	0.328803917389	0.671196082611
35.2531	274.052	87.340747	2	0.440700589101	0.559299410899
28.3948	273.8724	91.494123	38	1.0	0.400462150562
28.366	273.8753	91.634947	38	0.860927552541	0.139072447459
28.3291	273.7587	91.635021	38	0.946408700817	0.0535912991833
34.2637	280.702	95.199863	13	1.0	0.0
33.7455	286.1927	95.885575	27	0.106621460938	0.893378539062
31.271	278.0584	96.44906	-1	0.0	0.782220572784
31.225	278.0578	96.465756	-1	0.0	0.786135641384
31.0559	282.3889	98.075012	25	1.0	0.0
34.4412	282.4202	98.215945	36	0.954609273216	0.0453907267845
31.6902	284.5793	98.399546	14	0.403014556466	0.596985443534
25.926	280.162	104.305151	41	1.0	0.0
35.3001	279.9942	105.480795	33	1.0	0.0
31.1365	278.5311	105.678034	9	0.960256665982	0.0397433340179
28.5239	273.8894	105.958745	38	0.621229221629	0.378770778371
31.8656	285.6823	108.134839	18	1.0	0.0
35.1148	280.1819	108.517358	40	1.0	0.0
35.152	280.2222	108.559065	40	0.537600687641	0.462399312359
35.1522	280.2083	108.603662	40	0.638035790701	0.361964209299
35.0427	280.1399	109.266364	40	0.409040315795	0.590959684205
25.1289	278.8506	110.638126	19	0.431595069384	0.568404930616
27.5594	274.2641	111.925429	-1	0.0	0.247128807927
35.2979	279.4544	115.452996	-1	0.0	0.621910517262
32.0954	274.6442	115.966747	8	0.561307855631	0.438692144369
32.1448	274.6291	115.966803	8	0.543402782683	0.456597217317
25.6161	282.2688	116.275739	5	0.432123933609	0.567876066391
25.7351	282.2697	116.275775	5	0.302197965181	0.697802034819
25.6471	282.3217	116.557125	5	0.905635196452	0.0943648035485
35.1221	281.4909	120.900003	11	0.302629971142	0.697370028858
34.479	282.3974	129.332099	36	0.979779350626	0.0202206493741
34.4675	282.427	129.388503	36	1.0	0.0
22.3104	277.0523	129.9978	1	0.509362220968	0.490637779032
22.2787	277.0515	130.042625	1	0.491934987856	0.508065012144
30.952	278.3357	131.962116	-1	0.0	0.60984100501
34.3645	282.1564	140.395441	29	0.982628223536	0.0173717764639
34.3406	282.1505	140.426597	29	1.0	0.0
25.0973	278.8488	141.593918	19	0.591712866522	0.408287133478
27.1518	280.9221	144.728514	34	0.985560253902	0.014439746098
35.1514	280.2101	144.752845	40	0.684573746878	0.315426253122
27.1226	280.902	144.789242	34	0.656505423561	0.343494576439
34.2729	280.7355	145.945732	13	1.0	0.0
34.2793	280.8151	146.001291	13	0.500013252289	0.499986747711
28.4801	273.8056	153.236789	38	1.0	0.0
28.4417	273.8889	153.308488	38	1.0	0.0933631362232
28.4864	273.8732	153.347162	38	1.0	0.413203615221
28.5025	273.7777	154.055038	38	0.864295884057	0.135704115943
27.928	274.0894	157.043746	21	1.0	0.0
27.9126	274.1146	157.115761	21	0.835132786591	0.164867213409
27.9039	274.0573	157.18682	21	0.500244447612	0.499755552388
27.906	274.0949	157.22982	21	0.970628791139	0.0293712088613
27.9297	274.1105	157.330446	21	1.0	0.0
34.5203	278.1487	158.11795	12	0.894398936399	0.105601063601
31.0531	282.3911	158.37067	25	1.0	0.0
25.9708	280.1061	161.144916	41	0.277084094808	0.722915905192
31.108	278.5489	167.342946	9	0.983675974672	0.0163240253276
31.1248	278.5816	167.465467	9	0.880285857021	0.119714142979
31.1586	278.5458	167.538231	9	1.0	0.0
31.1473	278.5588	167.943582	9	1.0	0.0
34.7762	279.2706	169.725751	17	0.22461707108	0.77538292892
28.1858	281.0117	169.958501	31	1.0	0.0
28.1564	274.3599	172.094918	-1	0.0	0.16994246438
32.4001	274.3844	176.000483	16	0.383198336775	0.616801663225
35.1288	280.1788	176.296394	40	1.0	0.0
34.9817	280.1562	176.932907	-1	0.0	0.0043113128028
35.1401	281.4404	180.046546	11	1.0	0.0
21.7189	277.982	180.061812	1	0.0152735003905	0.984726499609
34.4803	282.4569	182.428868	36	0.615315179234	0.384684820766
34.4948	282.4144	182.428905	36	0.92689318502	0.0731068149799
34.8895	278.388	182.7445	12	1.0	0.0
28.2919	273.7644	182.928698	38	0.675840619765	0.324159380235
29.0708	280.9889	183.388243	30	0.99901747376	0.000982526240475
31.1477	278.4443	183.504601	10	1.0	0.238563314298
22.3096	276.9925	185.450902	1	0.577622665324	0.422377334676
35.3278	279.8837	196.238307	33	0.572993111391	0.427006888609
35.1215	280.2612	196.634314	40	0.321803051668	0.678196948332
34.5108	282.7244	197.412884	35	1.0	0.0
31.9498	284.429	199.887123	14	0.227264686623	0.772735313377
31.662	275.4074	204.034992	4	0.895382639735	0.104617360265
31.6862	275.4472	204.077346	4	0.76326607007	0.23673392993
31.68	275.3979	204.091481	4	1.0	0.0
31.6841	275.3234	204.404038	4	0.87697784714	0.12302215286
34.37	282.2068	206.406677	29	0.677188576821	0.322811423179
34.359	282.1483	206.406709	29	1.0	0.0
28.5799	273.8033	208.04145	-1	0.0	0.0610285352693
28.4637	273.8394	208.10195	38	1.0	0.117678805204
28.46	273.8864	208.497753	38	1.0	0.0918819886669
29.0947	273.4123	210.37273	-1	0.0	0.534252788826
33.9288	286.5554	210.957883	27	0.174595698183	0.825404301817
33.8613	286.441	211.166569	27	0.651015146025	0.348984853975
33.9826	286.3768	211.285691	27	0.431587794859	0.568412205141
31.4365	284.4979	211.987655	14	1.0	0.0
32.341	274.1681	212.643098	16	0.549081565943	0.450918434057
32.301	274.1301	213.782406	16	0.404348306884	0.595651693116
32.2306	274.544	214.611281	-1	0.0	0.114855742737
32.1958	274.6454	214.611313	8	0.644848511392	0.355151488608
32.0498	275.0056	214.626381	-1	0.0	0.491337565141
32.1518	274.6757	214.670211	8	1.0	0.0603247483312
32.1488	274.6764	214.732582	8	1.0	0.0
32.1141	274.8171	214.881495	8	1.0	0.247331309062
31.3134	283.4302	215.332527	-1	0.0	0.345496528837
34.4306	282.4715	217.152608	36	0.60773799204	0.39226200796
30.153	281.9663	220.6372	25	0.459264970653	0.540735029347
34.9439	280.2993	227.210186	39	1.0	0.0
34.937	280.311	227.432703	39	1.0	0.0
26.8008	280.5889	234.18523	-1	0.0	0.3565229117
26.7703	280.6089	234.211953	-1	0.0	0.345516827338
27.9164	274.086	236.335594	21	0.913822817717	0.0861771822826
28.0447	280.2907	239.697425	24	0.130713447476	0.869286552524
28.1283	280.1426	239.697502	24	1.0	0.0
33.8242	285.9308	242.256479	28	1.0	0.0
35.4556	279.6111	246.589221	-1	0.0	0.497737908976
35.154	280.1579	248.707267	40	0.650825192906	0.349174807094
28.3207	274.2411	249.562587	23	1.0	0.0
25.9341	280.1754	249.802775	41	1.0	0.0
25.3	282.403	250.254301	6	1.0	0.00331064107113
25.2969	282.4113	250.585588	6	1.0	0.0
34.4343	282.4038	255.955036	36	1.0	0.0
34.4711	282.425	256.030846	36	0.94435726788	0.0556427321199
28.3057	273.7323	256.27577	38	1.0	0.255436686556
25.3317	282.4945	256.553102	6	1.0	0.0
25.3177	282.5135	256.71425	6	1.0	0.0
28.3896	273.8742	258.371468	38	1.0	0.360266222824
28.3984	273.8785	258.458086	38	1.0	0.411207452716
27.1466	280.9291	262.256154	34	1.0	0.0
33.903	286.3866	262.849153	27	0.800657138019	0.199342861981
31.2002	278.452	267.064099	10	0.769529974674	0.230470025326
31.184	278.3942	267.121913	10	1.0	0.0
31.192	278.3927	267.210568	10	1.0	0.0
21.7669	278.0219	267.732363	1	0.0148068017404	0.98519319826
31.6226	275.3251	268.665939	4	1.0	0.0
27.5487	274.2776	272.535249	-1	0.0	0.285754552293
28.2755	273.5584	272.885476	-1	0.0	0.0573008546058
34.2856	280.689	274.666318	13	1.0	0.0
22.2949	277.0209	275.16675	1	1.0	0.0
15.8958	286.2862	279.967443	0	1.0	0.0
34.9448	279.2704	280.868283	17	0.280190976872	0.719809023128
34.546	282.6063	293.068066	35	0.99032184225	0.00967815775045
31.308	278.3021	293.574365	-1	0.0	0.510672313614
25.5305	279.5245	297.311873	32	0.77243895407	0.22756104593
25.5873	279.5451	297.415661	32	0.538334232189	0.461665767811
31.2033	278.3718	302.0035	10	1.0	0.168592141747
34.5137	282.3991	303.679712	36	0.886352495818	0.113647504182
34.4731	282.4627	303.799047	36	0.681954776041	0.318045223959
34.4502	282.5226	303.865261	36	0.315402728257	0.684597271743
28.1908	280.9409	305.124248	31	0.68813981475	0.31186018525
28.1521	280.9933	305.528143	31	1.0	0.0
34.9405	289.4402	306.690126	3	0.135090737617	0.864909262383
34.966	289.4209	306.729747	3	0.157137193505	0.842862806495
34.6491	282.7213	307.809099	-1	0.0	0.0265815993705
26.2912	280.4478	318.311562	-1	0.0	0.345516827338
34.5589	278.0966	318.43609	12	0.84462296182	0.15537703818
25.6393	282.2473	320.606384	5	0.370447508855	0.629552491145
28.4119	273.8786	320.79173	38	1.0	0.360266222824
33.8849	285.9323	323.342602	28	0.520886040997	0.479113959003
32.2617	274.2131	325.29654	16	0.653564512741	0.346435487259
22.6839	277.0169	325.784041	1	0.0737468799281	0.926253120072
31.1829	278.3711	327.542349	10	1.0	0.211525072348
31.2169	278.5405	327.604407	9	0.679096599579	0.320903400421
33.5362	273.7057	327.981647	-1	0.0	0.631747915238
32.144	274.6821	327.98167	8	1.0	0.0
32.1332	274.6964	328.040087	8	1.0	0.0
31.1927	275.1391	328.192584	4	0.1499711903	0.8500288097
25.4319	282.4991	329.949267	6	0.512654468119	0.487345531881
28.0278	274.0353	345.045562	-1	0.0	0.0789275071869
27.949	274.1027	345.081541	21	1.0	0.0
27.9164	274.1603	345.123483	-1	0.0	0.144999250624
27.9414	274.1008	345.150963	21	1.0	0.0
27.95	274.0816	345.191764	21	0.900566866584	0.0994331334164
27.9301	274.0948	345.219057	21	1.0	0.0
27.9221	274.0637	345.288047	21	0.688166089141	0.311833910859
32.3204	274.1657	352.615169	16	0.657093518092	0.342906481908
34.5169	282.3763	355.295184	36	0.817498898663	0.182501101337
34.5178	282.3782	355.437961	36	0.856679155981	0.143320844019
34.5154	282.3719	355.474787	36	0.732926737432	0.267073262568
28.3306	273.715	355.909769	38	1.0	0.0
24.3275	280.509	356.048543	20	1.0	0.0
24.3124	280.4968	356.112683	20	1.0	0.0
24.3633	280.5059	356.180352	20	0.641363292324	0.358636707676
24.3249	280.5014	356.919428	20	1.0	0.0
22.3115	277.0047	357.474495	1	0.956898587921	0.0431014120787
22.2963	277.0175	357.525056	1	1.0	0.0
25.1848	279.8478	358.227341	-1	0.0	0.0124764169412
35.1321	280.322	359.105121	-1	0.0	0.366438021215
32.0893	274.7386	359.223058	8	1.0	0.101832794458
31.0296	282.525	359.27301	25	1.0	0.0
31.4183	284.4424	360.33122	14	0.711154829232	0.288845170768
31.5444	284.4629	360.42032	14	0.956135959794	0.0438640402061
31.1777	278.3822	368.032154	10	1.0	0.0
34.9412	280.2818	369.039054	39	1.0	0.0
25.2979	282.3839	371.191631	6	1.0	0.268336940259
31.1068	278.4642	373.862365	10	0.959752318139	0.0402476818614
15.8414	286.3296	375.107819	0	0.432790956139	0.567209043861
25.6603	280.4387	375.409731	42	1.0	0.0
15.8572	286.2962	375.423122	0	0.810288292263	0.189711707737
25.6983	280.4614	375.670885	42	1.0	0.0
33.8163	285.9655	375.695885	28	0.91436927628	0.0856307237201
33.8381	286.0009	375.741773	28	0.633645784198	0.366354215802
28.416	273.8183	379.101857	38	1.0	0.38532428822
28.3929	273.8181	379.154184	38	1.0	0.20708129084
28.0576	280.2877	382.772887	24	0.134285471156	0.865714528844
28.1186	280.1308	382.77298	24	1.0	0.0
28.1206	280.1366	382.815337	24	1.0	0.0
31.579	275.3444	384.067127	4	0.981485019083	0.018514980917
34.2813	280.696	384.495846	13	1.0	0.0
28.4751	274.2009	392.637759	23	0.621336310858	0.378663689142
29.9108	281.2477	392.739015	26	0.265800505995	0.734199494005
33.8559	286.4106	395.948127	27	1.0	0.0
31.1949	278.4021	400.726045	10	1.0	0.0
27.1878	280.9698	402.581467	34	0.685921272991	0.314078727009
27.1535	280.9502	402.648951	34	1.0	0.0
28.3623	273.3877	406.536188	-1	0.0	0.219767002636
35.1089	280.183	408.669081	40	1.0	0.0
35.1377	280.2342	408.994989	40	0.607225943192	0.392774056808
27.8987	274.1128	412.802497	21	0.705079503609	0.294920496391
34.9094	279.1191	420.744362	17	1.0	0.0
28.3988	273.7805	421.469723	38	0.785070182661	0.214929817339
25.3282	282.4061	423.890483	6	1.0	0.119506187628
25.3264	282.4257	423.956265	6	1.0	0.268151690784
25.2881	282.4227	424.036519	6	1.0	0.0
34.496	282.3338	424.413241	36	0.415280260468	0.584719739532
15.8625	286.2963	425.684409	0	0.834764213684	0.165235786316
34.5345	282.6868	430.681955	35	1.0	0.0
27.9694	273.9739	440.722035	22	0.902551642003	0.0974483579967
31.1273	278.4281	443.741721	10	1.0	0.0
24.3044	280.4649	444.792126	20	0.416722490068	0.583277509932
33.8377	286.0456	449.990238	28	0.344170127662	0.655829872338
33.8666	286.0264	450.074181	28	0.5180421773	0.4819578227
32.3611	274.2159	450.135966	16	0.644098518084	0.355901481916
33.8691	286.0108	450.158159	28	0.633645784198	0.366354215802
35.3406	279.8651	451.357316	33	0.572993111391	0.427006888609
24.1352	280.5613	451.90172	20	0.210495989337	0.789504010663
24.1054	280.5156	451.952062	20	0.16121099635	0.83878900365
32.21	274.7252	452.199374	8	0.473135959252	0.526864040748
33.9368	286.3712	452.296598	27	0.791058733006	0.208941266994
33.9363	286.367	452.371837	27	0.753229454668	0.246770545332
34.243	282.324	452.528006	-1	0.0	0.235872354379
34.5042	282.3644	455.475311	36	0.731373995895	0.268626004105
32.6592	286.1205	463.629812	-1	0.0	0.701328857791
31.1735	278.5834	463.656767	9	0.808004245706	0.191995754294
28.436	273.8267	464.866055	38	1.0	0.356366754916
28.3686	273.8019	464.946549	38	0.902891519194	0.0971084808062
28.3377	274.2614	465.685501	23	1.0	0.0
28.3559	274.2233	465.781047	23	1.0	0.0
27.1656	280.957	466.721971	34	1.0	0.0
27.1717	280.9427	466.826165	34	1.0	0.0
32.1146	274.7017	468.874018	8	1.0	0.0
32.0968	274.7145	469.001462	8	1.0	0.0441811303165
32.1107	274.7917	469.082231	8	1.0	0.0
32.2952	274.2276	470.142219	16	1.0	0.0
32.3034	274.2339	470.275535	16	1.0	0.0
32.2984	274.225	470.387647	16	1.0	0.0832819650268
34.9439	280.3016	472.467263	39	1.0	0.0
25.2924	282.3848	472.532442	6	1.0	0.250481813602
25.3047	282.4108	472.584526	6	1.0	0.0
25.2808	282.3849	472.662307	6	1.0	0.332857080346
28.0958	273.3436	476.064628	-1	0.0	0.340261998617
26.0428	280.3869	476.4909	41	0.101945095419	0.898054904581
31.4862	284.5158	478.622285	14	1.0	0.0
31.5294	284.5011	478.683198	14	1.0	0.0
31.5236	284.5033	478.846111	14	1.0	0.0
31.1934	278.4032	479.33228	10	1.0	0.0
31.1859	278.4254	479.356636	10	1.0	0.237133398759
31.1976	278.5128	485.034481	9	0.583851035282	0.416148964718
31.1702	278.5835	485.137354	9	0.8333907397	0.1666092603
31.2007	278.4596	485.182938	10	0.691331639527	0.308668360473
25.6723	280.4205	486.344211	42	1.0	0.0
25.5774	280.6179	486.689302	42	0.234295810428	0.765704189572
25.6593	280.4551	486.689364	42	1.0	0.0
25.6493	280.4531	486.797555	42	1.0	0.0
21.7445	278.0237	490.896751	1	0.014733557462	0.985266442538
34.567	282.3555	494.549127	36	0.423223256089	0.576776743911
34.4978	282.4151	495.07324	36	0.886352495818	0.113647504182
25.6726	282.3352	501.268432	5	0.679371119197	0.320628880803
34.9604	278.2805	501.391131	12	1.0	0.0
28.1032	280.1382	501.399347	24	1.0	0.0
33.8741	286.4182	501.469902	27	1.0	0.0
33.8916	286.4365	501.570003	27	0.610433890028	0.389566109972
34.8957	278.2229	501.889365	12	1.0	0.0
34.8983	278.3149	501.966829	12	1.0	0.0
31.6569	275.2121	502.831037	4	0.394667927034	0.605332072966
35.1365	280.1875	503.756726	40	0.950068936601	0.0499310633988
35.2037	280.2147	503.822371	40	0.471554103021	0.528445896979
27.9673	273.9865	505.799385	22	0.938828136768	0.061171863232
28.0124	273.9615	506.136976	22	0.53300371824	0.46699628176
15.8792	286.2563	509.130235	0	1.0	0.0
15.8743	286.27	509.130276	0	1.0	0.0
15.7481	286.4338	509.202641	0	0.150590024096	0.849409975904
15.8628	286.2715	509.202657	0	1.0	0.0
15.8717	286.2333	509.235937	0	0.582606589193	0.417393410807
15.8445	286.2615	509.696749	0	0.962437736924	0.0375622630759
27.5435	274.2469	510.183968	-1	0.0	0.23824395913
28.2678	273.621	514.50624	-1	0.0	0.462696001758
28.2314	273.6126	514.555433	-1	0.0	0.537853367041
28.3088	274.2785	520.367202	23	1.0	0.0
35.2593	280.1269	521.692143	-1	0.0	0.215740101019
25.5263	279.5546	523.214193	32	0.46174898542	0.53825101458
27.1834	280.8936	523.418581	34	0.556883504909	0.443116495091
27.1753	280.8983	523.470706	34	0.656505423561	0.343494576439
25.3328	282.3873	530.094995	6	1.0	0.313944848848
25.3072	282.3726	530.13775	6	1.0	0.313944848848
25.2811	282.4287	530.161475	6	1.0	0.280993793969
28.3755	273.93	532.954794	-1	0.0	0.00889080419918
33.9545	286.5266	535.854336	27	0.216151331319	0.783848668681
34.9316	280.2641	536.154546	39	0.789600653691	0.210399346309
34.909	280.3133	536.272723	39	1.0	0.0
35.0228	280.2221	536.406721	-1	0.0	0.0790088148133
31.6162	284.5864	537.041877	14	0.525348681508	0.474651318492
35.0738	280.2974	539.647907	-1	0.0	0.14299912547
31.2035	278.5414	545.602149	9	0.813039149796	0.186960850204
31.2123	278.4092	545.760919	10	1.0	0.103305524815
31.2232	278.451	546.00712	10	0.565081491614	0.434918508386
34.4886	282.4011	546.825593	36	0.979779350626	0.0202206493741
35.1243	280.1707	550.483724	40	1.0	0.0
34.3985	282.8098	551.344328	-1	0.0	0.0329501089689
34.9121	279.1095	556.974027	17	1.0	0.0
27.9978	273.9844	559.089754	22	0.598254524186	0.401745475814
32.3466	274.2531	565.234507	16	1.0	0.0664206797273
24.1405	280.5536	570.014775	20	0.222805438477	0.777194561523
24.2608	280.5487	570.01481	20	0.328856983035	0.671143016965
24.1611	280.563	570.097679	20	0.260804338834	0.739195661166
33.8844	286.3858	571.684012	27	0.994052698922	0.00594730107755
34.4595	280.8956	574.620524	13	0.44043790742	0.55956209258
34.4202	280.9691	574.723586	13	0.322371588041	0.677628411959
28.3301	273.7348	576.006702	38	1.0	0.0
27.17	280.9215	576.785601	34	0.960561878147	0.0394381218532
27.2107	280.9339	576.891176	34	0.571446366271	0.428553633729
31.2312	278.4015	579.080988	10	0.973247326843	0.0267526731573
31.1776	278.5401	579.157998	9	0.912869834343	0.0871301656569
28.0817	280.1507	581.860496	24	0.599985940986	0.400014059014
28.1159	280.1352	581.929517	24	1.0	0.0
34.6028	278.2036	582.72974	12	1.0	0.0
27.9666	273.9245	583.063609	22	0.889584774755	0.110415225245
15.8845	286.272	587.798933	0	1.0	0.0
15.8426	286.3615	587.953723	0	0.339565803117	0.660434196883
33.8142	285.9615	591.736071	28	1.0	0.0
33.8183	285.9378	591.927194	28	1.0	0.0
33.8067	285.9464	592.006199	28	1.0	0.0
33.83	285.9275	592.067277	28	0.840924128127	0.159075871873
28.3512	274.0146	595.263418	-1	0.0	0.486360509129
25.3267	282.3969	597.746631	6	1.0	0.123666546448
25.318	282.4111	597.799574	6	1.0	0.0
25.2871	282.4151	597.85275	6	1.0	0.0
25.295	282.4299	597.970488	6	1.0	0.179648066436
