13.4815	258.4249	-0.000271	41	0.979368212415	0.020631787585
17.1124	264.7502	-599.659408	16	1.0	0.202718324489
17.1106	264.7738	-599.634162	16	1.0	0.554464044315
20.74	254.3184	-599.056639	26	1.0	0.0
16.9477	264.7142	-598.30667	16	0.286289886437	0.713710113563
17.2486	264.7946	-598.306492	16	0.284328378728	0.715671621272
13.6941	258.5817	-596.925205	41	0.790102329037	0.209897670963
13.6867	258.8725	-596.925191	-1	0.0	0.377327940048
20.8842	254.3278	-596.688185	27	0.777491727909	0.222508272091
13.6895	258.5937	-595.621905	41	0.889432235548	0.110567764452
13.6115	258.5909	-594.855108	41	0.954772070533	0.0452279294669
18.8468	264.5018	-594.449183	36	0.689361825755	0.310638174245
18.8967	264.4838	-592.906741	36	1.0	0.0
18.8743	264.4364	-592.192341	36	1.0	0.0
12.5357	264.1258	-591.720312	19	0.72314863459	0.27685136541
12.5421	264.2296	-591.64726	19	0.52526751871	0.47473248129
12.6229	264.1695	-591.647224	19	0.586222847578	0.413777152422
11.979	263.7728	-587.874568	18	0.39545853839	0.60454146161
12.6638	262.934	-583.402046	15	0.375474234153	0.624525765847
18.8647	264.4316	-581.445561	36	1.0	0.25094238425
18.8712	264.4661	-581.385804	36	1.0	0.123030253517
18.8551	264.4406	-581.248723	36	1.0	0.0697192099632
13.7708	258.6991	-580.546614	-1	0.0	0.373356739333
12.9243	252.8167	-578.644317	23	0.656143174536	0.343856825464
18.8634	264.4864	-578.171117	36	1.0	0.0921157918583
18.8973	264.4681	-572.840285	36	1.0	0.0987387140713
18.8701	264.465	-572.787764	36	1.0	0.102891302823
12.3662	257.0946	-572.495964	37	1.0	0.0
12.4235	257.1167	-572.367136	37	1.0	0.0728523392657
18.9799	264.4532	-569.600199	-1	0.0	0.143961405807
18.8649	264.4538	-569.519576	36	1.0	0.0193334616861
18.8057	264.7013	-566.238207	30	1.0	0.0
17.6037	266.252	-563.767433	-1	0.0	0.27339775284
12.9989	267.9264	-563.697223	14	1.0	0.209295193694
12.4554	264.1092	-563.564529	19	0.885588265062	0.114411734938
18.8952	264.4461	-563.292983	36	1.0	0.0435012950861
13.5139	258.5097	-562.444033	41	1.0	0.0
15.0032	257.3146	-562.376838	-1	0.0	0.683941332595
13.5099	258.453	-562.376518	41	0.953718047835	0.0462819521651
13.5391	258.5079	-561.457204	41	1.0	0.0455945584874
13.6149	258.562	-561.441984	41	1.0	0.23166922055
18.6575	253.9369	-558.203556	3	0.428956842873	0.571043157127
18.8112	253.9868	-558.203408	3	0.638598135868	0.361401864132
17.6504	263.9162	-557.403016	-1	0.0	0.256048323257
18.8753	264.4314	-553.035836	36	1.0	0.0
12.5437	257.0832	-544.062952	37	0.55594872049	0.44405127951
12.4594	257.2686	-544.06293	37	1.0	0.245201635973
18.8607	264.4418	-543.449587	36	1.0	0.0367694116719
19.0546	264.4578	-543.449476	31	0.902754168892	0.0972458311079
12.327	256.4979	-542.79031	33	0.665950739855	0.334049260145
12.3519	256.5204	-542.790282	33	0.582224028807	0.417775971193
20.7222	254.6687	-542.461861	-1	0.0	0.830746340792
20.9236	254.3368	-542.461852	27	1.0	0.0
18.8925	264.5099	-542.421388	36	0.728013513297	0.271986486703
20.9033	254.3395	-542.412365	27	0.830046261958	0.169953738042
20.8895	254.3573	-542.361405	27	0.386241184658	0.613758815342
20.9848	254.29	-542.244976	27	0.326676367447	0.673323632553
12.6263	268.5642	-541.886499	9	1.0	0.0
12.1872	256.9382	-540.91699	-1	0.0	0.324969594976
12.344	257.0284	-540.916984	37	1.0	0.0
12.8384	252.6187	-539.968992	23	1.0	0.0
12.8091	252.5804	-539.829457	23	1.0	0.0
12.9535	267.9388	-539.682837	14	1.0	0.333362544727
11.9274	263.63	-538.270639	18	1.0	0.617020273867
11.9457	263.6409	-538.119948	18	1.0	0.0157570125843
10.048	270.438	-537.997589	5	1.0	0.0
11.9711	263.7112	-537.921911	18	0.481124738053	0.518875261947
8.4354	254.4331	-532.636796	21	0.359959217217	0.640040782783
8.5458	254.4441	-532.491155	21	0.240233350935	0.759766649065
18.8568	264.4836	-531.070114	36	1.0	0.170514800377
12.989	267.9502	-528.504265	14	1.0	0.0
17.1163	264.8191	-526.594563	16	0.871783487082	0.128216512918
17.0707	264.7478	-526.560332	16	1.0	0.13160795041
17.1242	264.7409	-525.697806	16	1.0	0.135625264492
17.0732	264.7459	-525.62134	16	1.0	0.0295992774848
17.0755	264.7429	-525.394742	16	1.0	0.103331068187
17.0508	264.8701	-524.970547	16	0.350219984164	0.649780015836
12.328	257.1581	-522.938051	37	0.98105695553	0.01894304447
12.3158	257.1009	-522.886797	37	1.0	0.194197543568
12.3641	257.2323	-522.757964	37	1.0	0.0848515894787
18.8851	264.4806	-522.681297	36	1.0	0.293378987638
18.9392	264.5199	-522.680014	36	1.0	0.0
18.9007	264.4841	-522.429974	36	1.0	0.0
15.7769	256.034	-521.538204	29	1.0	0.0
11.5766	270.1637	-520.582173	6	1.0	0.181986005508
11.5122	270.0449	-518.451473	6	1.0	0.254412086902
16.1619	259.5025	-517.964525	-1	0.0	0.00595423332309
12.5598	257.3648	-512.457641	37	1.0	0.286093601059
12.5546	257.3567	-512.404327	37	1.0	0.195959113818
13.751	258.801	-512.301823	-1	0.0	0.0540258758305
13.6142	258.4617	-510.803365	41	1.0	0.201596815464
12.9992	267.9559	-509.844089	14	1.0	0.0
13.0153	267.9642	-509.755527	14	1.0	0.264697721066
13.0084	267.9882	-509.555838	14	0.939217797576	0.0607822024238
18.8763	264.4783	-509.411185	36	1.0	0.293378987638
12.7775	257.6618	-502.029529	39	0.944313166851	0.055686833149
12.7883	257.7257	-501.992648	39	0.845482594264	0.154517405736
12.8489	257.7612	-501.932133	39	0.637771296835	0.362228703165
12.8421	257.7675	-501.932103	39	0.582765951213	0.417234048787
12.8061	257.688	-501.841518	39	1.0	0.0
18.8865	264.4587	-501.72357	36	1.0	0.269615712055
19.0685	264.458	-501.723443	31	1.0	0.0
20.9456	254.3903	-497.618483	-1	0.0	0.0571098460615
13.5865	258.4502	-496.389822	41	1.0	0.0998676588048
13.4983	258.4334	-496.382663	41	0.979368212415	0.020631787585
13.7561	258.4882	-496.074851	41	0.451093904013	0.548906095987
13.515	258.5214	-495.524782	41	1.0	0.0
18.9024	264.4875	-495.495597	36	1.0	0.00421701682592
18.8678	264.5126	-492.099518	36	0.889118468652	0.110881531348
11.9554	263.6592	-490.573838	18	1.0	0.0975487247713
11.9549	263.5628	-490.556185	18	1.0	0.25613711252
11.945	263.6282	-490.491931	18	1.0	0.541687999077
12.1414	263.6327	-490.480034	18	0.661647333108	0.338352666892
11.9562	263.6239	-490.402898	18	1.0	0.339868831472
12.1748	263.6271	-490.402832	18	0.456243605878	0.543756394122
14.7341	260.3937	-490.266575	4	0.327079234087	0.672920765913
11.974	263.6516	-490.234842	18	1.0	0.0489599046665
14.451	260.2683	-489.958442	4	0.822345545111	0.177654454889
12.5358	263.0726	-488.913113	15	0.191701953639	0.808298046361
12.5457	263.1364	-488.910451	15	0.204453341924	0.795546658076
18.7722	264.7193	-488.49368	30	0.685474392902	0.314525607098
18.7384	264.7059	-488.443253	30	0.511071419918	0.488928580082
18.9005	264.486	-481.632111	36	1.0	0.0
18.8827	264.491	-481.557734	36	1.0	0.0688933798943
18.5445	253.9919	-480.228373	3	0.259092441821	0.740907558179
18.5643	253.9682	-480.126528	3	0.277244292061	0.722755707939
18.8904	264.5058	-470.68115	36	0.889118468652	0.110881531348
12.9776	258.458	-467.509277	-1	0.0	0.206235368325
12.4518	264.284	-467.305285	19	0.295037272861	0.704962727139
12.6504	264.1749	-467.305271	19	0.4919976626	0.5080023374
12.4328	264.1627	-467.184452	19	0.595627029132	0.404372970868
18.9134	264.4864	-466.564173	36	1.0	0.174073727057
18.9554	264.5259	-466.478579	36	1.0	0.0
15.074	256.348	-464.468887	22	0.563455733529	0.436544266471
12.5627	257.3437	-463.643446	37	1.0	0.195959113818
12.5812	257.3577	-463.643409	37	1.0	0.32731642764
12.5557	257.3263	-463.618903	37	1.0	0.317159269768
12.4436	257.1448	-462.990338	37	1.0	0.0
12.6937	268.5903	-462.937725	9	1.0	0.0
12.6457	268.5608	-462.883575	9	1.0	0.0
12.9862	267.9212	-462.379164	14	1.0	0.324350109574
12.9665	267.8745	-462.31788	14	1.0	0.0
13.0041	267.9751	-462.290595	14	1.0	0.233587802735
12.9898	267.9205	-462.261062	14	1.0	0.284316820697
12.9761	267.9389	-462.025203	14	1.0	0.12822536265
13.003	267.8227	-461.776955	14	1.0	0.0
13.3664	258.3884	-461.39863	40	1.0	0.0
8.4405	254.4828	-459.968842	21	0.505656258497	0.494343741503
8.444	254.5548	-459.854991	21	0.43990065288	0.56009934712
8.4716	254.6047	-459.778958	21	0.233322428719	0.766677571281
13.7021	258.5231	-459.707239	41	0.605769145608	0.394230854392
12.2896	256.4947	-458.806519	33	0.612196812231	0.387803187769
12.3221	256.5541	-458.806499	33	0.638184638808	0.361815361192
12.3266	256.5644	-458.753525	33	0.459682463845	0.540317536155
12.2959	256.5131	-458.728361	33	0.665950739855	0.334049260145
11.9902	263.6199	-457.557192	18	1.0	0.382245745427
11.9732	263.5797	-457.493285	18	1.0	0.0327817546955
12.055	263.525	-457.1689	18	0.515566675024	0.484433324976
11.9516	263.5791	-457.168852	18	1.0	0.21350016561
12.6141	257.5499	-454.970753	38	1.0	0.0
8.6528	254.7208	-454.892837	20	0.918812208461	0.0811877915393
8.674	254.8304	-454.832146	-1	0.0	0.177602576269
18.9209	264.4799	-451.177303	36	1.0	0.0
18.9439	264.5192	-451.056355	36	1.0	0.0
12.7131	258.4451	-447.869489	-1	0.0	0.190076527009
15.0606	256.4294	-442.19993	22	0.948427876135	0.0515721238652
15.0801	256.417	-442.046698	22	0.948427876135	0.0515721238652
13.7534	258.6589	-440.761192	41	0.443590302556	0.556409697444
19.0863	264.4539	-440.095735	31	1.0	0.0
18.927	264.5038	-440.080146	36	1.0	0.0815652394831
18.8912	264.4598	-439.996866	36	1.0	0.212567993907
20.9114	254.2969	-439.0605	27	0.510794558051	0.489205441949
20.8892	254.277	-439.02521	27	0.410879853842	0.589120146158
21.221	254.3129	-438.974302	-1	0.0	0.644146958792
17.6196	263.8987	-438.610627	-1	0.0	0.27554102387
20.9066	254.3316	-438.118741	27	1.0	0.0
17.0805	264.9413	-435.879409	16	0.350219984164	0.649780015836
17.051	264.905	-435.27427	16	0.350219984164	0.649780015836
17.0327	264.8165	-434.735531	16	0.634582747291	0.365417252709
5.3454	256.6982	-434.686471	-1	0.0	0.0173180012388
12.6663	262.8961	-434.610069	15	0.688175207595	0.311824792405
13.541	262.4223	-434.565891	-1	0.0	0.6838855937
12.6617	262.8748	-434.466784	15	0.971273397207	0.0287266027933
13.62	258.4891	-433.288097	41	1.0	0.0
13.6419	258.5783	-433.217184	41	1.0	0.251476320603
13.8737	258.3072	-432.973393	-1	0.0	0.373547006257
13.5597	258.4235	-432.97332	41	1.0	0.23828064994
18.9079	264.4935	-431.586161	36	1.0	0.267021178374
18.6825	264.4983	-431.518671	-1	0.0	0.264515071308
17.6838	255.0502	-429.467582	-1	0.0	0.233639581758
12.4262	257.2519	-428.661055	37	1.0	0.0420993123618
12.4903	257.3262	-428.510219	37	1.0	0.195959113818
12.4802	257.2919	-428.456249	37	1.0	0.107367560355
12.4893	257.3305	-428.393487	37	1.0	0.301088179561
12.4001	257.2433	-428.286523	37	1.0	0.0255326429258
12.1877	253.2974	-427.888456	-1	0.0	0.23859526293
12.0856	263.6602	-424.67282	18	0.938700146517	0.0612998534826
11.9706	263.6235	-419.134327	18	1.0	0.0
11.9791	263.593	-419.02368	18	1.0	0.0
11.9669	263.643	-418.942808	18	1.0	0.600729851442
18.8957	264.4932	-414.505637	36	1.0	0.0815200510438
18.8491	264.4879	-414.333322	36	0.875555551268	0.124444448732
10.0693	270.393	-414.156163	5	1.0	0.284312217951
12.3275	256.5624	-412.727446	33	0.484589342012	0.515410657988
9.4349	253.0548	-410.657017	8	1.0	0.0
12.9939	267.9443	-410.619448	14	1.0	0.0
9.462	253.1496	-410.566481	8	0.657644897804	0.342355102196
9.739	253.1006	-410.56642	8	0.462517768835	0.537482231165
11.2772	252.0757	-410.481901	12	0.266547935707	0.733452064293
9.4293	253.007	-410.479852	8	1.0	0.0
13.6428	258.5927	-406.119035	41	1.0	0.23166922055
14.5919	258.057	-406.080906	-1	0.0	0.456882652923
18.893	264.4657	-405.473956	36	1.0	0.100832950435
18.8918	264.4849	-404.845982	36	1.0	0.122763580943
13.5219	258.4489	-402.208411	41	0.835269460266	0.164730539734
13.4946	258.4703	-402.144992	41	0.709881921068	0.290118078932
13.4788	258.4308	-402.105124	41	0.860122040227	0.139877959773
13.5233	258.4211	-401.800977	41	0.979368212415	0.020631787585
13.5863	258.4905	-400.86376	41	1.0	0.0965661576463
12.7358	256.4412	-396.811067	32	1.0	0.0
12.9321	267.8868	-396.014383	14	1.0	0.0385765961225
18.9218	264.4999	-385.875689	36	1.0	0.0132994143765
18.9055	264.4823	-385.840832	36	1.0	0.0
18.9202	264.4948	-385.781604	36	1.0	0.232507072141
18.902	264.474	-385.63877	36	1.0	0.236646758048
18.8827	264.4493	-385.25597	36	1.0	0.226531758391
12.3395	259.2504	-382.816865	-1	0.0	0.205419550486
13.6808	258.6404	-381.146617	41	0.583926231188	0.416073768812
18.9491	264.5909	-379.730455	-1	0.0	0.163605254032
12.3515	257.1875	-379.273454	37	1.0	0.128242545368
12.3671	257.2095	-379.235979	37	1.0	0.0233095863838
13.6179	258.602	-378.788709	41	0.701731682246	0.298268317754
12.3897	257.2197	-378.551042	37	1.0	0.170073150823
18.7817	264.6845	-377.999091	30	1.0	0.0
18.788	264.6999	-377.969359	30	1.0	0.0
18.7807	264.6645	-377.927276	30	0.806262706671	0.193737293329
18.7994	264.675	-377.842946	30	1.0	0.0
20.9503	254.3841	-375.755742	27	0.223596241972	0.776403758028
15.0986	256.4788	-371.575681	22	1.0	0.0
15.0716	256.4065	-371.498034	22	0.948427876135	0.0515721238652
12.6932	268.5371	-369.728314	9	1.0	0.0
18.9167	264.4948	-368.734885	36	1.0	0.182646990965
18.8773	264.472	-368.619898	36	1.0	0.190141951873
12.5186	263.0455	-365.736034	15	0.219289806544	0.780710193456
11.1441	251.7275	-365.528997	12	0.318229861198	0.681770138802
13.3289	258.1506	-365.418713	34	0.940854923839	0.0591450761607
12.8967	258.3928	-365.418644	-1	0.0	0.356062678991
11.9374	263.7325	-363.127848	18	0.481124738053	0.518875261947
8.6869	254.9104	-363.044849	-1	0.0	0.498779460666
8.8835	254.7273	-363.044777	-1	0.0	0.17317049457
8.7022	254.8209	-362.960886	-1	0.0	0.0698152489622
11.9739	263.6814	-362.88576	18	0.794592392141	0.205407607859
12.5143	264.0479	-361.838601	19	1.0	0.0
12.5479	264.0431	-361.334822	19	1.0	0.198614497041
12.524	264.1595	-361.257129	19	0.723869616707	0.276130383293
10.0476	270.4158	-358.560663	5	1.0	0.0
12.2966	256.4533	-357.462383	33	0.950479893522	0.0495201064781
18.872	264.4422	-352.152188	36	1.0	0.0160359853852
18.8925	264.4095	-352.045077	36	1.0	0.0
18.8952	264.4758	-351.73895	36	1.0	0.0232886308878
12.2219	256.4938	-348.764653	33	0.326359154354	0.673640845646
12.9712	267.8199	-348.21979	14	1.0	0.250600302108
13.6453	258.47	-348.018516	41	1.0	0.0
13.6335	258.5241	-347.581301	41	1.0	0.00614666457815
12.4987	263.6607	-345.554707	19	1.0	0.118747197407
15.2162	256.4457	-344.84053	22	0.638490547228	0.361509452772
8.4648	254.511	-342.550994	21	1.0	0.0
8.4205	254.4401	-342.550992	21	0.431974810023	0.568025189977
8.458	254.526	-342.433476	21	1.0	0.0
8.5041	254.5368	-342.372939	21	0.472613140492	0.527386859508
8.409	254.5949	-342.079837	21	0.331055089169	0.668944910831
12.6858	257.7057	-341.783594	39	0.721834472885	0.278165527115
18.9145	264.4031	-338.467712	36	0.862336368182	0.137663631818
19.0994	264.4499	-338.467605	31	1.0	0.0
18.8471	264.4322	-338.210601	36	0.847488225824	0.152511774176
16.1765	259.5763	-337.902475	4	0.0591008231126	0.940899176887
16.1606	259.5401	-337.874651	-1	0.0	0.019091887345
20.928	254.2554	-335.887248	27	0.382067304375	0.617932695625
20.983	254.1617	-335.321055	-1	0.0	0.355341002415
12.574	257.9301	-332.542144	-1	0.0	0.041885958121
12.6515	258.0056	-332.542108	-1	0.0	0.207061216166
13.784	257.3473	-332.520632	-1	0.0	0.501740257164
12.6466	257.6064	-332.340056	38	0.800710468134	0.199289531866
12.5266	257.3976	-332.036494	37	0.819486513309	0.180513486691
12.5505	257.475	-331.981522	-1	0.0	0.251652833914
12.47	257.2363	-331.113731	37	1.0	0.0
9.462	253.0795	-324.86811	8	1.0	0.0
12.0665	263.6835	-322.966332	18	0.526621452895	0.473378547105
12.0602	263.6585	-322.904258	18	0.889696438169	0.110303561831
19.0385	264.5289	-316.399481	-1	0.0	0.0971115722185
18.8061	264.7157	-313.82096	30	0.827854763706	0.172145236294
18.9615	264.6851	-313.820856	-1	0.0	0.0984222703855
17.1176	264.987	-313.323352	16	0.2463682188	0.7536317812
17.0853	264.9427	-313.299324	16	0.350219984164	0.649780015836
17.0988	264.8068	-313.26662	16	1.0	0.0
17.0943	264.8099	-313.230734	16	1.0	0.0
17.0684	264.791	-313.201191	16	0.931096400156	0.0689035998443
17.1014	265.0261	-313.154717	16	0.170973883244	0.829026116756
17.0835	264.8024	-313.102416	16	1.0	0.0
13.616	258.5217	-311.467372	41	1.0	0.213103100949
13.6086	258.5318	-311.365981	41	1.0	0.0
13.454	258.4534	-310.671259	41	0.743620922717	0.256379077283
13.6058	258.5276	-310.29172	41	1.0	0.0
12.0024	263.612	-307.917085	18	1.0	0.00246010845382
11.979	263.6247	-307.846062	18	1.0	0.0
18.8858	264.3724	-306.054398	-1	0.0	0.0730575824018
12.5027	256.2645	-305.333315	32	0.634362082143	0.365637917857
18.9154	264.4608	-305.034784	36	1.0	0.10158063788
15.0945	256.4155	-303.729096	22	0.948427876135	0.0515721238652
13.1544	258.2478	-301.472948	34	0.664337139186	0.335662860814
11.3243	259.0978	-301.472273	-1	0.0	0.411126809946
13.1891	258.2141	-301.471442	34	1.0	0.0
20.846	254.2612	-299.239415	27	0.408756202932	0.591243797068
20.8866	254.2854	-299.239378	27	0.458743556801	0.541256443199
20.8848	254.3111	-299.131435	27	0.569310739024	0.430689260976
18.888	264.4626	-296.30649	36	1.0	0.0987387140713
18.878	264.4378	-296.020283	36	1.0	0.0
19.0919	264.4473	-296.020145	31	1.0	0.0
18.8299	264.3679	-295.87308	-1	0.0	0.350000843285
17.065	264.7522	-293.461842	16	1.0	0.335041623158
11.5607	270.0767	-292.222486	6	1.0	0.0
18.8842	264.4363	-291.526242	36	1.0	0.0536896256543
11.5758	269.9909	-290.43331	6	1.0	0.474414565256
13.6567	258.4481	-290.23766	41	0.943478129102	0.0565218708984
13.2513	258.2489	-290.159261	34	0.725927272047	0.274072727953
13.6159	258.4817	-290.156325	41	1.0	0.123400597465
13.1633	258.1365	-289.887199	34	0.56634496766	0.43365503234
13.0231	258.2384	-289.807972	34	0.372992038768	0.627007961232
13.2371	258.195	-289.80787	34	1.0	0.0
13.0728	256.6225	-288.692316	-1	0.0	0.0487456464616
11.5948	269.9828	-285.752061	6	1.0	0.431507909226
11.581	269.9355	-285.522693	6	1.0	0.437983509456
11.613	269.9688	-285.522644	6	1.0	0.431507909226
12.9556	252.7349	-279.680864	23	0.855380178058	0.144619821942
18.8978	264.477	-278.311385	36	1.0	0.26868679258
18.8829	264.4816	-278.098064	36	1.0	0.0795843618928
12.6975	268.5724	-277.467039	9	1.0	0.0
12.7134	268.6076	-277.46699	9	0.750177471385	0.249822528615
12.6811	268.6573	-277.432396	9	0.449387783207	0.550612216793
16.5646	256.7243	-276.251552	-1	0.0	0.0933002535467
10.0467	270.435	-267.405465	5	1.0	0.0
10.061	270.454	-267.405426	5	1.0	0.0
12.4289	257.1083	-266.84705	37	1.0	0.0560195840777
12.3848	257.072	-266.805253	37	1.0	0.0678351553426
11.6146	252.7665	-266.105547	-1	0.0	0.173226591576
11.608	252.7272	-266.105498	-1	0.0	0.205860412162
12.341	256.9784	-265.582922	37	0.709483551296	0.290516448704
13.7119	258.3229	-265.107156	-1	0.0	0.110769373747
13.7252	258.0697	-265.107134	-1	0.0	0.0390303769353
13.7503	258.2539	-265.068424	-1	0.0	0.515438669749
13.9604	258.0992	-265.068296	-1	0.0	0.0986082981107
12.2627	257.1064	-265.00009	37	0.675494360844	0.324505639156
12.4682	257.1949	-265.00005	37	1.0	0.0176310744816
14.3501	260.3735	-262.691156	4	1.0	0.0
18.9697	264.4763	-261.943703	36	0.555504930374	0.444495069626
13.608	258.4471	-258.140853	41	1.0	0.0173260597802
13.6062	258.5121	-257.887654	41	1.0	0.0
15.1084	256.5448	-257.482564	22	0.519046295294	0.480953704706
15.1055	256.4936	-257.433174	22	1.0	0.0
15.0815	256.4704	-257.391483	22	1.0	0.0
15.08	256.483	-257.348428	22	1.0	0.0
12.9114	268.2702	-255.502807	13	0.937820189899	0.0621798101011
12.9037	268.2537	-255.471058	13	1.0	0.0
12.9885	267.8549	-255.407279	14	1.0	0.0636198828395
12.9917	267.7896	-255.360329	14	1.0	0.0
12.8714	268.1924	-255.340332	13	1.0	0.0
12.892	268.2339	-255.152116	13	1.0	0.0
21.1377	254.1819	-253.072338	-1	0.0	0.515549799053
20.9117	254.3282	-253.072328	27	1.0	0.0
20.8981	254.323	-252.949961	27	1.0	0.0
20.8906	254.3275	-252.851193	27	1.0	0.0
12.5007	257.3753	-248.910681	37	1.0	0.31286789701
18.8781	253.8602	-248.156424	3	0.576204327009	0.423795672991
12.4369	257.2157	-247.862503	37	1.0	0.0623649448376
12.264	257.3829	-247.768399	-1	0.0	0.355717671778
15.662	255.5836	-247.457877	-1	0.0	0.5917462759
13.6012	258.5281	-245.672199	41	1.0	0.0
13.5855	258.4693	-244.974947	41	1.0	0.122615645118
13.5848	258.4383	-244.97491	41	1.0	0.0
12.3707	263.4231	-244.853613	-1	0.0	0.31137887073
12.6714	256.4776	-244.541037	32	1.0	0.0
11.6172	269.9808	-235.850224	6	1.0	0.431507909226
11.7337	270.019	-235.850174	6	0.625017880069	0.374982119931
11.5762	269.8806	-235.778063	6	1.0	0.0195893570041
15.8206	255.7288	-231.510158	-1	0.0	0.0201086712938
15.8419	255.747	-231.432646	28	0.881674152001	0.118325847999
12.0692	263.6366	-230.538413	18	1.0	0.0
12.0532	263.6306	-230.477535	18	1.0	0.0
11.9474	263.608	-229.382012	18	1.0	0.123218744031
11.9701	263.5182	-229.227298	18	0.523623973656	0.476376026344
11.961	263.7602	-229.227215	18	0.481124738053	0.518875261947
11.9912	263.5906	-229.167364	18	1.0	0.0
11.9966	263.5983	-229.024031	18	1.0	0.0
9.4531	253.0366	-227.989393	8	1.0	0.0
9.4335	253.041	-227.934155	8	1.0	0.0
15.4841	256.4591	-225.911043	22	0.198054070883	0.801945929117
13.5603	258.3742	-224.045752	41	0.779146026326	0.220853973674
13.6284	258.5139	-224.045716	41	1.0	0.0334715170435
8.4263	254.4756	-221.552793	21	0.531999279384	0.468000720616
8.4691	254.5222	-221.396591	21	1.0	0.0
8.45	254.5178	-221.332286	21	1.0	0.0
8.4555	254.5548	-221.281909	21	0.505291691906	0.494708308094
8.4535	254.4879	-221.23016	21	0.607666551584	0.392333448416
8.4192	254.4469	-220.92287	21	0.531999279384	0.468000720616
8.3996	254.5497	-220.922862	21	0.406478634268	0.593521365732
18.9441	264.5275	-211.380655	36	1.0	0.0
18.8891	264.6199	-211.380612	30	0.289192374007	0.710807625993
19.0984	264.4353	-211.256472	31	0.815185960433	0.184814039567
18.995	264.563	-211.256416	-1	0.0	0.357040191364
13.6089	258.4695	-206.463828	41	1.0	0.0639523435836
13.6191	258.4952	-206.372991	41	1.0	0.0
13.6201	258.5028	-206.258168	41	1.0	0.0
13.684	258.677	-206.258161	41	0.431640462761	0.568359537239
13.6117	258.4976	-206.186137	41	1.0	0.0
13.5761	258.4267	-205.442104	41	1.0	0.0
13.7853	258.5761	-205.02509	41	0.406351871211	0.593648128789
21.1745	254.7859	-203.571557	-1	0.0	0.874836380757
18.7792	264.6914	-198.730419	30	1.0	0.0
12.7378	257.8421	-197.589997	-1	0.0	0.173789036308
12.3339	256.4871	-194.306469	33	0.720108899029	0.279891100971
12.318	256.5272	-194.281104	33	0.638184638808	0.361815361192
18.924	264.5266	-190.623786	36	0.826790159362	0.173209840638
18.9267	253.9389	-183.040509	3	1.0	0.0
13.6158	258.5051	-178.713565	41	1.0	0.0
13.5168	258.5167	-178.615043	41	1.0	0.0
13.6113	258.4302	-178.614978	41	1.0	0.0
12.4815	264.0802	-178.480738	19	1.0	0.272643436094
12.4964	264.1782	-178.480671	19	0.678531358834	0.321468641166
12.4953	264.0732	-178.251768	19	1.0	0.0237738689011
13.5846	258.4432	-177.5701	41	1.0	0.0173260597802
17.1502	264.739	-176.529039	16	1.0	0.34148296508
17.0812	264.7866	-176.493795	16	1.0	0.0
13.2199	258.207	-175.934689	34	1.0	0.0
15.1318	257.2491	-175.933539	-1	0.0	0.102343255711
13.2154	258.1751	-175.931166	34	1.0	0.0
12.1226	257.0878	-175.368647	-1	0.0	0.181911751689
12.363	257.1129	-175.368542	37	1.0	0.0
12.5536	257.1149	-175.31844	37	0.562030226974	0.437969773026
13.2181	256.6777	-175.286258	-1	0.0	0.25502540462
12.371	257.0341	-175.192681	37	1.0	0.0
12.3782	257.0093	-175.19264	37	1.0	0.0
11.61	270.0203	-174.459261	6	1.0	0.345623580662
13.5799	256.4349	-174.172527	-1	0.0	0.286311820183
12.9919	256.223	-173.791194	-1	0.0	0.096188167805
12.6694	256.5	-173.791131	32	1.0	0.0
15.1686	256.4911	-172.169337	22	0.861365099194	0.138634900806
15.1201	256.4455	-172.131146	22	0.948427876135	0.0515721238652
15.0941	256.3886	-172.074871	22	0.948427876135	0.0515721238652
11.5977	269.95	-171.892732	6	1.0	0.431507909226
15.1368	256.4681	-171.805147	22	1.0	0.0
15.0944	256.3606	-171.805092	22	0.695679768159	0.304320231841
12.5102	264.0385	-166.626207	19	1.0	0.0
18.806	264.7102	-166.520406	30	0.979919051998	0.0200809480021
11.9746	263.6234	-160.286122	18	1.0	0.0
11.7339	263.6488	-160.231505	18	0.235473917185	0.764526082815
11.9543	263.5858	-160.184835	18	1.0	0.0951840080379
12.4678	263.7607	-158.550343	19	1.0	0.165293672724
12.9885	252.6645	-155.145926	23	0.855380178058	0.144619821942
12.9762	267.813	-154.225543	14	1.0	0.0
13.573	258.4266	-153.505254	41	1.0	0.0567109223471
13.609	258.5331	-153.4352	41	1.0	0.0
13.6182	258.5441	-153.307907	41	1.0	0.203017600997
13.5724	258.3487	-153.307855	41	0.650073116092	0.349926883908
10.0971	270.4424	-152.778985	5	1.0	0.0
18.9013	264.4376	-147.660387	36	1.0	0.231000773928
19.045	264.4214	-147.468527	31	0.583421017197	0.416578982803
18.8852	264.4437	-147.27645	36	1.0	0.0
13.5966	258.4687	-142.287128	41	1.0	0.0770022266209
18.9201	253.9372	-139.68589	3	1.0	0.0
18.8867	253.8989	-139.644844	3	0.866534938951	0.133465061049
12.9991	267.9011	-139.115658	14	1.0	0.43484962761
12.9141	267.8381	-138.770376	14	1.0	0.0632451123302
12.9684	267.7959	-138.699342	14	1.0	0.0369962773421
12.9433	267.7432	-138.446603	14	0.561530511266	0.438469488734
14.4497	260.3165	-137.887108	4	0.861035222201	0.138964777799
17.2468	264.7542	-135.265109	16	0.353503297924	0.646496702076
16.8672	264.6448	-135.259775	16	0.189565031756	0.810434968244
12.426	257.2536	-125.644306	37	1.0	0.0902883224215
13.6299	258.5011	-125.013567	41	1.0	0.0736067260602
13.6399	258.5737	-125.013538	41	1.0	0.23166922055
20.7628	254.332	-118.374616	26	1.0	0.0
20.912	254.4534	-118.374604	-1	0.0	0.540017650225
20.7605	254.346	-118.220307	26	1.0	0.0
20.7875	254.3194	-118.159839	26	1.0	0.0
13.613	258.5297	-116.478176	41	1.0	0.0
13.4963	258.5004	-115.275229	41	0.925552328048	0.0744476719516
12.3916	257.1007	-111.896358	37	1.0	0.0
12.406	256.9845	-111.831769	37	0.695605575713	0.304394424287
19.2739	264.4041	-111.515432	-1	0.0	0.249458636816
15.1617	257.8025	-110.226561	-1	0.0	0.595751154785
13.6062	258.5144	-110.226259	41	1.0	0.120612844566
13.621	258.5264	-110.17037	41	1.0	0.18960430201
13.6423	258.5286	-110.084853	41	1.0	0.160957228049
12.3406	256.6102	-106.305183	33	0.281114745354	0.718885254646
11.9979	263.5422	-105.376653	18	0.699824117071	0.300175882929
18.8752	264.5149	-100.705666	36	0.889118468652	0.110881531348
11.6385	269.9933	-98.618031	6	1.0	0.154089096244
11.6162	269.919	-98.575266	6	1.0	0.345942741029
11.5463	269.7953	-98.514208	6	0.638947012142	0.361052987858
12.6372	268.5116	-97.525556	9	0.64077073028	0.35922926972
12.9603	268.5428	-97.525435	9	0.302150236548	0.697849763452
12.6612	262.8387	-95.081149	15	1.0	0.0
12.5781	257.2119	-93.283978	37	0.604003437233	0.395996562767
13.5911	258.4919	-89.404801	41	1.0	0.0910561816862
12.4787	264.0294	-84.477279	19	1.0	0.365127329985
12.5863	264.0649	-84.339381	19	0.99626395524	0.0037360447602
13.6665	258.4993	-83.907629	41	0.875105861791	0.124894138209
12.6245	257.5956	-82.066069	38	1.0	0.0
12.6724	257.6685	-82.06605	39	0.721834472885	0.278165527115
12.6592	257.6672	-82.062426	39	0.625460649002	0.374539350998
13.0252	257.533	-82.062253	-1	0.0	0.511684219473
12.6841	256.4743	-78.827854	32	1.0	0.0
13.1557	256.6525	-78.49741	-1	0.0	0.217587306997
17.0904	264.7493	-76.000803	16	1.0	0.103331068187
17.1071	264.7283	-75.954839	16	1.0	0.0882450304395
17.096	264.7276	-75.846707	16	1.0	0.0
13.6958	258.0603	-74.539012	-1	0.0	0.140327659395
14.1806	258.0632	-74.538783	-1	0.0	0.0667265418414
12.5716	253.0745	-73.73787	24	1.0	0.0
12.471	263.7248	-67.609207	19	1.0	0.0
12.4634	263.7018	-67.496635	19	1.0	0.0
13.1743	258.1616	-66.253626	34	0.850254177301	0.149745822699
12.0032	263.5891	-65.630822	18	1.0	0.0
11.9801	263.6201	-65.56178	18	1.0	0.0
11.9558	263.6575	-65.431952	18	1.0	0.0157570125843
13.6225	258.536	-62.252124	41	1.0	0.226917981834
8.6908	254.6499	-62.081844	20	1.0	0.0
8.6786	254.6026	-62.015383	20	0.95355186939	0.0464481306102
13.593	258.4983	-61.181239	41	1.0	0.0399839518937
11.5838	270.1795	-58.206853	6	1.0	0.015416077857
11.5785	270.1233	-57.98421	6	1.0	0.0738237020925
12.0452	257.8191	-57.138815	-1	0.0	0.317204924167
19.1578	264.5204	-56.861054	-1	0.0	0.252966240951
18.8667	264.4786	-56.565247	36	1.0	0.190141951873
13.6825	258.47	-55.888256	41	0.905624854782	0.094375145218
13.6288	258.3912	-53.126402	41	1.0	0.211738097826
13.0301	252.7967	-52.303896	23	0.855380178058	0.144619821942
14.6174	251.7117	-52.292255	-1	0.0	0.138678929809
12.8661	252.601	-52.141591	23	1.0	0.0
15.1083	262.8876	-50.641677	10	1.0	0.0
15.0903	262.8362	-50.55962	10	0.634590786719	0.365409213281
13.6816	258.6279	-47.515314	41	0.567418808358	0.432581191642
13.7039	258.608	-47.515275	41	0.619906169419	0.380093830581
17.1178	264.7518	-46.523544	16	1.0	0.0823034776526
17.1003	264.7173	-46.484323	16	1.0	0.0702011105106
18.786	264.6791	-41.555984	30	1.0	0.0
18.7789	264.7074	-41.274229	30	0.941770660145	0.0582293398551
14.3402	260.4177	-41.187508	4	0.804786736655	0.195213263345
14.3181	260.385	-41.126458	4	1.0	0.0
12.0864	263.5992	-37.930918	18	0.916304453011	0.0836955469889
12.6622	262.8557	-36.818278	15	1.0	0.0
11.9728	263.5919	-36.211032	18	1.0	0.0
18.8942	264.4061	-31.573074	36	1.0	0.0
19.1731	264.3726	-31.572905	-1	0.0	0.136494288387
18.9201	264.4355	-26.752188	36	1.0	0.0533887893192
20.8346	254.2574	-23.26293	27	0.332442655123	0.667557344877
20.8728	254.2297	-23.237573	27	0.332442655123	0.667557344877
20.8567	254.234	-23.213797	27	0.408756202932	0.591243797068
20.8901	254.263	-23.162624	27	0.458743556801	0.541256443199
13.6115	258.5685	-21.602039	41	1.0	0.251476320603
12.4786	263.9635	-20.867237	19	1.0	0.0
12.5159	264.0515	-20.752758	19	1.0	0.0
12.496	264.0365	-20.705994	19	1.0	0.0
12.5199	264.1066	-20.649774	19	1.0	0.27737109918
11.5766	269.9876	-20.375878	6	1.0	0.43559592694
11.5596	269.9932	-20.352191	6	1.0	0.233686137131
12.3565	257.2114	-18.982383	37	1.0	0.0490228886078
17.597	263.9226	-18.6469	-1	0.0	0.25053987843
12.9333	267.8618	-12.164394	14	1.0	0.0
12.5082	257.4526	-10.610281	37	0.514140198781	0.485859801219
12.4268	257.2405	-10.526859	37	1.0	0.0
13.5902	258.5613	-9.254267	41	0.953263011477	0.0467369885229
14.4294	263.1161	-7.962918	10	0.071128919655	0.928871080345
15.1294	262.8915	-7.773485	10	1.0	0.0
13.6357	258.4777	-7.328309	41	1.0	0.0
15.3366	263.9555	-2.186615	11	0.748454127225	0.251545872775
13.4815	258.4249	-0.000271	41	0.979368212415	0.020631787585
17.1098	264.7181	6.107035	16	1.0	0.0
17.1301	264.7146	6.144745	16	1.0	0.107219991984
17.2614	264.7085	6.144827	16	0.349146035673	0.650853964327
17.112	264.711	6.188786	16	1.0	0.0
17.1185	264.7146	6.224331	16	1.0	0.0
17.1051	264.6728	6.260574	16	1.0	0.0
13.6421	258.4752	9.930872	41	1.0	0.0
13.5528	258.4079	9.972923	41	0.974408171033	0.0255918289673
13.6277	258.5154	9.982513	41	1.0	0.0131508547069
13.6084	258.5194	10.005711	41	1.0	0.228362188776
13.5912	258.4638	11.266315	41	1.0	0.12097157229
13.5975	258.4357	11.266355	41	1.0	0.0
12.3008	256.4373	11.551356	33	1.0	0.0
18.9191	264.4715	12.347286	36	1.0	0.0945922129999
11.9532	263.5593	21.98493	18	0.894308199261	0.105691800739
12.4392	263.954	25.08255	19	1.0	0.543477451913
12.5646	256.8945	25.986335	-1	0.0	0.379157311642
12.3988	257.0354	26.033924	37	1.0	0.0
13.6062	258.49	31.533409	41	1.0	0.0
17.0264	264.8119	31.694106	16	0.586729688988	0.413270311012
17.0811	264.8832	31.694182	16	0.350219984164	0.649780015836
13.6623	258.5785	31.921706	41	1.0	0.23166922055
18.8769	264.336	32.035581	-1	0.0	0.325728053171
18.8699	264.3648	32.160864	-1	0.0	0.0730575824018
15.5541	263.9471	32.396745	11	0.152674970891	0.847325029109
15.3666	263.9635	32.459906	11	0.765693403989	0.234306596011
12.3267	253.3788	33.069052	-1	0.0	0.286445884352
13.3353	252.5527	33.123071	-1	0.0	0.0427448321347
12.3481	263.1978	34.352145	15	0.167336017529	0.832663982471
8.3395	254.489	39.594012	21	0.315147027477	0.684852972523
12.2665	263.8759	39.673757	19	0.34762414173	0.65237585827
8.4258	254.509	39.762601	21	0.776594067173	0.223405932827
8.3259	254.6496	39.812223	-1	0.0	0.138100342139
8.6601	254.5201	39.812234	21	0.159347856591	0.840652143409
8.4461	254.5131	39.863821	21	1.0	0.0
8.8757	254.5459	39.86387	-1	0.0	0.219024913448
8.4133	254.5205	39.921422	21	0.661720421367	0.338279578633
12.3401	256.7474	41.75859	-1	0.0	0.0578283968501
12.3197	256.4698	41.798196	33	0.848293228895	0.151706771105
12.3236	256.532	41.822931	33	0.665950739855	0.334049260145
12.8236	267.8228	46.517324	14	0.568768816784	0.431231183216
12.8318	257.7816	47.095888	39	0.499926639042	0.500073360958
12.5464	263.9668	47.147889	19	1.0	0.561892862825
13.0237	252.7116	47.877412	23	0.855380178058	0.144619821942
12.636	262.8563	48.087364	15	1.0	0.0
11.9728	263.6034	49.281643	18	1.0	0.0423266006573
12.0236	263.5987	49.335643	18	1.0	0.0717723469977
11.9684	263.6218	49.45348	18	1.0	0.0
11.9917	263.6357	49.702375	18	1.0	0.587967405395
13.6123	258.4921	51.21858	41	1.0	0.0
6.2266	256.5155	52.859366	-1	0.0	0.0270997145185
9.0945	254.7254	52.860413	-1	0.0	0.531800501684
12.6196	256.6837	60.032511	-1	0.0	0.00675596538808
12.8756	268.1635	62.414418	13	1.0	0.0
15.1133	256.3416	62.865317	22	0.595523320453	0.404476679547
15.1345	256.5103	62.865331	22	0.889978983321	0.110021016679
14.8774	256.7796	62.985141	-1	0.0	0.365159797287
15.456	256.4009	62.98527	22	0.249793242284	0.750206757716
13.288	258.4021	64.311871	40	1.0	0.0
13.3537	258.4854	64.418843	-1	0.0	0.242568888804
13.261	258.4171	64.457983	-1	0.0	0.135318258072
13.3038	258.4173	64.458021	40	1.0	0.0
13.2694	258.4269	64.534465	40	1.0	0.0
13.3087	258.475	64.609181	-1	0.0	0.0824151929628
13.6123	258.5422	66.240979	41	1.0	0.000879478871896
12.4157	257.1557	66.614479	37	1.0	0.0
12.7081	256.9817	66.675418	-1	0.0	0.283760862558
12.4161	257.1899	66.675504	37	1.0	0.106188213002
12.4408	257.2098	66.709761	37	1.0	0.0
12.4087	257.1346	66.729474	37	1.0	0.0229390613362
12.4971	263.9831	69.25229	19	1.0	0.0
18.8913	253.814	72.769263	3	0.445593663291	0.554406336709
20.9165	254.326	73.007978	27	1.0	0.0
10.0557	270.3348	75.665862	5	1.0	0.0
10.1077	270.4821	75.667266	5	1.0	0.312920155683
20.7919	254.1928	75.906919	-1	0.0	0.0918357882062
20.9206	254.2524	75.908829	27	0.384255068596	0.615744931404
20.8019	254.1796	76.353559	-1	0.0	0.165946788584
15.8095	256.0419	76.487187	29	0.976534183117	0.0234658168832
21.1126	254.0037	76.516984	-1	0.0	0.70615453593
21.1324	254.1468	76.517077	-1	0.0	0.544657449006
16.0876	255.8995	76.800023	-1	0.0	0.462241734964
12.4643	263.705	78.412096	19	1.0	0.0
17.0957	264.735	79.918556	16	1.0	0.0766772987554
18.9444	264.4988	82.015732	36	1.0	0.00202465328879
18.9026	264.4158	82.075113	36	1.0	0.0
13.2853	258.1861	83.56712	34	0.940854923839	0.0591450761607
12.4596	263.8287	86.295753	19	1.0	0.0810868038989
13.6536	258.5227	86.99781	41	1.0	0.118300324514
12.9392	267.9312	89.607269	14	1.0	0.027937409305
12.9761	267.9553	89.688761	14	1.0	0.0
12.4657	257.267	91.022319	37	1.0	0.161770600497
12.4451	257.2068	91.048026	37	1.0	0.0
12.4553	257.2361	91.078571	37	1.0	0.0
12.4602	257.234	91.136365	37	1.0	0.0
12.9212	257.225	91.136546	-1	0.0	0.128209524222
18.9254	264.5978	91.924561	-1	0.0	0.177757611434
14.3189	260.3507	95.686206	4	1.0	0.0
8.7187	256.3859	97.452877	2	1.0	0.0
12.0733	263.6242	99.044108	18	1.0	0.0
8.4035	254.2129	103.951976	7	1.0	0.0
18.7905	264.6668	107.435867	30	1.0	0.0
12.589	253.0496	108.509621	24	0.99039500105	0.00960499895047
17.0916	264.6664	109.246762	16	1.0	0.0
17.1039	264.7282	109.246828	16	1.0	0.0
17.1017	264.7164	109.297782	16	1.0	0.0
17.3529	264.7105	109.333708	16	0.208378956663	0.791621043337
17.1324	264.7687	109.355177	16	1.0	0.512306960461
15.6178	263.929	111.968134	11	0.11499464866	0.88500535134
12.0841	257.1013	116.395049	-1	0.0	0.311886376377
12.4269	257.0841	116.395168	37	1.0	0.0682959271707
12.5821	257.2341	116.433834	37	0.618112173439	0.381887826561
12.2819	256.9259	117.130267	-1	0.0	0.157670232926
11.629	269.9648	118.262921	6	1.0	0.0248032396769
12.4676	257.2488	118.49828	37	1.0	0.0
12.519	257.3365	118.498307	37	1.0	0.195959113818
12.4165	257.5442	118.766523	-1	0.0	0.19441012291
13.3884	258.4871	121.365035	-1	0.0	0.0684690019911
13.5965	258.5043	121.427706	41	1.0	0.100759942574
13.5472	258.4414	121.452829	41	1.0	0.294823854902
12.4978	263.9382	122.045087	19	1.0	0.409299099918
12.4867	263.9554	122.276276	19	1.0	0.123560554674
12.9589	252.7569	125.924773	23	0.855380178058	0.144619821942
12.9579	252.5736	125.956147	23	1.0	0.0
15.3484	263.9814	127.210959	11	1.0	0.0
13.2911	252.6967	130.285143	23	0.458743522673	0.541256477327
12.339	256.3974	132.591624	33	0.451569666364	0.548430333636
18.9361	264.4343	136.963928	36	0.659280219331	0.340719780669
21.12	254.052	142.456765	-1	0.0	0.602347871799
20.9438	254.3111	142.520992	27	0.510794558051	0.489205441949
21.0728	254.3343	142.562779	-1	0.0	0.343709649855
18.9395	264.495	144.156837	36	1.0	0.0896437700925
18.9221	264.4685	144.487485	36	1.0	0.0
12.6692	257.6909	152.3459	39	0.721834472885	0.278165527115
12.395	258.0162	152.345996	-1	0.0	0.143018545877
15.3591	263.9384	152.650514	11	0.60492478454	0.39507521546
15.3913	263.9679	152.708767	11	0.595467191001	0.404532808999
12.7519	257.6598	152.886965	39	0.741030434637	0.258969565363
12.8155	257.7177	152.886996	39	1.0	0.0
13.656	258.3595	157.95505	41	0.624055798637	0.375944201363
18.8076	264.6739	158.856075	30	0.937428322744	0.0625716772563
18.7984	264.7071	158.926905	30	1.0	0.0
11.5633	270.1404	159.211654	6	1.0	0.0
11.5723	270.1445	159.267033	6	1.0	0.0
11.5898	270.127	159.339302	6	1.0	0.0
15.7917	256.0904	160.073935	29	1.0	0.0
12.591	256.406	160.327443	32	0.891522630851	0.108477369149
18.9173	264.2748	162.44734	-1	0.0	0.0139362387342
18.9085	264.4838	162.447381	36	1.0	0.0
17.1356	264.7354	162.552426	16	1.0	0.196449757906
17.1327	264.7315	162.607978	16	1.0	0.105284876999
17.1181	264.7365	162.726897	16	1.0	0.0
12.3167	263.4304	165.414663	-1	0.0	0.235274975394
12.5624	253.0667	166.606124	24	1.0	0.0
12.5443	253.0034	166.642706	24	1.0	0.0
12.5487	253.0585	166.658379	24	1.0	0.0
12.4945	253.131	166.658387	24	0.628407823947	0.371592176053
12.5296	253.0163	166.687003	24	1.0	0.0
12.586	253.0942	166.714311	24	1.0	0.0
12.5664	252.9846	166.93126	24	1.0	0.0
10.0657	270.3323	170.337178	5	1.0	0.0
10.1456	270.5133	170.339319	5	0.604629271059	0.395370728941
12.9684	267.7408	171.034802	14	0.604183225481	0.395816774519
13.5521	258.7663	171.64914	-1	0.0	0.0462018601862
12.4517	257.1515	174.502287	37	1.0	0.0495119413227
12.4095	257.1566	174.55678	37	1.0	0.0
12.2448	257.0647	174.581312	37	0.532258108339	0.467741891661
12.4191	257.1571	174.581335	37	1.0	0.0
12.6227	257.0842	174.611909	-1	0.0	0.17769633954
12.4303	257.1993	174.61197	37	1.0	0.0
12.8172	257.1202	174.612128	-1	0.0	0.436356290947
12.4175	257.2168	174.682398	37	1.0	0.0
12.4155	257.2027	174.744111	37	1.0	0.0
12.3911	257.1744	174.987075	37	1.0	0.00188092541254
12.375	257.1642	175.014911	37	1.0	0.0697463507072
12.9104	268.1328	186.093807	13	1.0	0.0
12.8372	268.0496	186.110465	13	0.894747182157	0.105252817843
15.1052	262.8841	186.728052	10	1.0	0.0
15.2589	262.8669	186.773373	10	0.369835424907	0.630164575093
15.0928	262.884	186.809467	10	1.0	0.0
18.9542	264.4504	187.646615	36	0.652675402194	0.347324597806
12.4691	263.9131	187.845921	19	1.0	0.157447640357
12.4909	263.9827	187.904806	19	1.0	0.0
12.494	263.9923	188.018407	19	1.0	0.0
12.4786	264.0175	188.34643	19	1.0	0.574765001614
7.4312	262.7053	188.544724	0	0.739860008375	0.260139991625
12.0937	263.6252	188.851752	18	1.0	0.0
15.819	256.0928	189.489147	29	0.95618635213	0.0438136478703
15.8042	256.0633	189.650031	29	1.0	0.0
18.9981	253.8599	192.23814	3	0.515825536235	0.484174463765
18.9302	264.4842	197.464544	36	1.0	0.233466191803
18.9507	264.5222	197.581407	36	1.0	0.0
19.154	264.4611	197.581525	31	0.617357468029	0.382642531971
13.7046	258.1294	199.4998	-1	0.0	0.0390303769353
13.6683	258.4209	200.206328	41	1.0	0.201958951777
12.4617	257.3995	200.364096	37	0.58161279452	0.41838720548
12.4308	257.121	200.364124	37	1.0	0.0737379790202
13.6495	258.4131	200.999785	41	1.0	0.201958951777
13.6552	258.3924	201.312925	41	1.0	0.211738097826
13.9417	258.3157	201.313078	-1	0.0	0.551983516548
13.6143	258.6428	202.079922	41	0.431640462761	0.568359537239
8.7593	254.7211	202.116777	20	1.0	0.0
8.7238	254.6926	202.196136	20	1.0	0.0
11.8928	263.6125	202.670271	18	0.765738996921	0.234261003079
11.7979	263.5984	202.795986	18	0.397177552003	0.602822447997
12.0008	263.5775	202.796007	18	1.0	0.102169892495
12.4775	252.9385	204.433315	24	0.668506927358	0.331493072642
18.9268	264.3857	205.642435	-1	0.0	0.0730575824018
12.2718	256.4527	208.243272	33	0.63970945045	0.36029054955
12.2468	256.4057	208.297844	33	0.424840370696	0.575159629304
12.2463	256.3539	208.297902	33	0.422107495664	0.577892504336
12.257	263.8179	213.072079	19	0.366728024893	0.633271975107
11.4891	269.9581	215.446131	6	1.0	0.247162587624
18.9322	264.4709	221.176659	36	1.0	0.0
18.9244	264.4734	221.68038	36	1.0	0.0
12.5012	263.8585	221.867262	19	1.0	0.0
20.7426	254.317	222.338058	26	1.0	0.0
15.6792	256.0155	223.259359	29	0.708868906179	0.291131093821
11.4856	269.8847	225.334448	6	1.0	0.0281819303549
11.5048	269.8497	226.171811	6	1.0	0.0811155358859
14.3227	260.3099	228.479195	4	1.0	0.0
18.9063	264.4771	229.047947	36	1.0	0.186722681957
15.336	263.8803	230.096019	11	0.261174007263	0.738825992737
12.5566	252.977	230.495518	24	1.0	0.0
8.8459	256.2884	231.456296	2	1.0	0.0
17.1268	264.7126	232.282494	16	1.0	0.0969247545234
17.1056	264.7192	232.345012	16	1.0	0.0
17.1134	264.7373	232.464498	16	1.0	0.0
12.7767	257.6909	233.54266	39	1.0	0.0
12.8028	257.6909	233.542699	39	1.0	0.0
12.8854	252.586	233.948075	23	1.0	0.0
15.7483	256.0319	235.727368	29	0.976534183117	0.0234658168832
12.4397	263.67	238.273641	19	1.0	0.118747197407
12.5362	263.6842	238.336138	19	0.929430583973	0.0705694160273
15.1843	263.8399	241.169834	11	0.175200936068	0.824799063932
15.1576	263.8132	241.245407	11	0.167411744769	0.832588255231
10.0505	270.2983	242.252378	5	1.0	0.0
10.0901	270.3332	242.305461	5	1.0	0.0
10.0534	270.3391	242.633377	5	1.0	0.0
15.6233	256.0676	243.905638	29	0.459347174664	0.540652825336
11.9427	266.2801	247.395506	1	1.0	0.0
13.0903	258.0464	247.618732	-1	0.0	0.0946048103061
12.4769	263.9875	251.387868	19	1.0	0.0942987001715
12.47	263.9647	251.702953	19	1.0	0.0879759069114
12.4513	263.9376	251.995561	19	1.0	0.0465990313058
12.9827	267.9601	254.861088	14	1.0	0.0
15.7892	256.1532	256.723047	29	0.51825249662	0.48174750338
12.5966	261.977	257.628924	-1	0.0	0.043600068234
13.6685	258.4158	260.30707	41	0.973128141584	0.0268718584158
13.6667	258.4089	260.307102	41	1.0	0.211738097826
13.6648	258.4377	260.495766	41	0.961036649523	0.0389633504771
13.6251	258.3968	260.593267	41	1.0	0.328471440502
13.601	258.3362	261.065626	41	0.526601425564	0.473398574436
18.9321	264.4767	261.198001	36	1.0	0.0
13.643	258.3836	261.225341	41	1.0	0.211738097826
13.5033	258.3052	261.360018	-1	0.0	0.101499653629
13.4539	258.438	261.654291	41	0.917867358025	0.0821326419753
12.4941	257.3095	262.35762	37	1.0	0.107367560355
12.4878	257.2503	262.42426	37	1.0	0.0854599172369
12.3737	257.4475	262.444784	-1	0.0	0.12066893692
12.4639	257.2314	263.406574	37	1.0	0.12714185038
17.1347	264.7352	263.460555	16	1.0	0.227329775266
17.0549	264.595	263.521743	16	0.603331810437	0.396668189563
15.8981	256.0625	266.777871	29	0.525697266595	0.474302733405
15.7568	256.0821	270.530427	29	0.95618635213	0.0438136478703
13.5781	258.4755	270.557665	41	1.0	0.113525118784
13.3804	258.5586	270.557726	-1	0.0	0.259793979683
12.5197	252.9877	270.748885	24	1.0	0.0
15.7847	256.0928	270.963816	29	1.0	0.0
18.8959	264.4013	273.146583	36	1.0	0.000664105663672
12.3749	257.0926	274.668882	37	1.0	0.0
15.1918	256.3792	278.168471	22	0.595523320453	0.404476679547
18.8544	264.7141	283.714927	30	0.478094085326	0.521905914674
13.1258	258.0546	287.649662	34	0.343929589821	0.656070410179
20.9303	254.2941	287.763675	27	0.458743556801	0.541256443199
20.8883	254.2187	287.817932	27	0.302252506323	0.697747493677
12.3251	263.2252	287.902652	15	0.14736374824	0.85263625176
15.3279	263.8409	287.906048	11	0.20806980279	0.79193019721
12.1857	251.4819	290.445629	12	1.0	0.0
12.6393	262.9367	290.900268	15	0.365569963059	0.634430036941
12.0915	263.5919	291.886393	18	0.837325054075	0.162674945925
11.581	270.1964	292.661667	6	0.913095766215	0.0869042337849
11.5746	270.0643	292.864036	6	1.0	0.0
11.5577	270.0856	293.167762	6	1.0	0.0
17.1114	264.6591	295.964023	16	1.0	0.0
17.0923	264.7305	296.018072	16	1.0	0.0663395749293
17.1125	264.612	296.05485	16	0.740622935832	0.259377064168
15.7593	255.9961	296.09775	29	0.708868906179	0.291131093821
17.0673	264.6191	296.231118	16	0.845491819686	0.154508180314
17.1779	264.801	296.305077	16	0.520348507342	0.479651492658
17.0903	264.6292	296.530139	16	0.874497685206	0.125502314794
17.1025	264.6522	297.055632	16	1.0	0.0210584302134
17.2163	264.9198	297.055747	16	0.2463682188	0.7536317812
15.1868	263.734	298.182584	11	0.148613460275	0.851386539725
18.9107	264.463	300.42732	36	1.0	0.268773250408
13.6246	258.4208	304.641216	41	1.0	0.201958951777
13.5944	258.4267	304.708819	41	1.0	0.0
13.594	258.4136	304.768371	41	1.0	0.201958951777
13.6003	258.3783	304.768411	41	1.0	0.341616912718
13.6276	258.4754	304.824496	41	1.0	0.0
11.5524	269.9054	307.067478	6	1.0	0.214250054869
11.5246	269.8689	307.144201	6	1.0	0.0778897036515
11.5454	269.8644	307.166218	6	1.0	0.237409368681
7.4382	262.767	308.854162	0	1.0	0.0
7.7736	262.7239	308.854215	0	0.261993901878	0.738006098122
12.5093	263.9544	312.423575	19	1.0	0.123560554674
12.5031	264.049	312.507139	19	1.0	0.0
12.4679	263.9468	312.517174	19	1.0	0.420255865892
12.4907	263.9682	312.609396	19	1.0	0.0
12.4756	264.0007	312.660932	19	1.0	0.396499343296
12.4871	263.9743	312.747252	19	1.0	0.0
12.5335	264.0476	312.881138	19	1.0	0.016560865106
12.4885	263.9941	312.941695	19	1.0	0.0
12.5004	263.9864	313.163735	19	1.0	0.0
13.4016	253.4414	316.523968	17	1.0	0.0
13.3483	253.3376	316.575704	17	1.0	0.0
14.3075	260.2524	316.581807	4	0.668152339042	0.331847660958
18.8429	264.2273	317.86647	25	1.0	0.0
11.5665	270.0889	318.4561	6	1.0	0.0
11.5902	270.1451	318.495338	6	1.0	0.0
12.4844	263.8319	321.495673	19	1.0	0.0
12.7756	257.7135	324.126481	39	1.0	0.0
12.8475	257.6645	324.128261	39	0.670306947983	0.329693052017
13.1896	257.6913	324.128446	-1	0.0	0.0362607879619
12.6003	256.9347	326.198197	-1	0.0	0.266192245151
12.383	257.0183	327.565256	37	1.0	0.0
8.7181	254.6313	329.941225	20	1.0	0.0
18.927	264.5768	330.875238	-1	0.0	0.0111226366386
19.0793	264.5394	330.875327	-1	0.0	0.13776342772
18.867	264.5605	331.132755	35	1.0	0.0
16.1392	255.78	332.452748	-1	0.0	0.592262636227
16.1393	256.0088	332.452967	-1	0.0	0.541626528543
15.7734	256.0202	332.532737	29	1.0	0.0
12.5665	253.0918	332.627603	24	1.0	0.0
12.4484	253.3319	332.627668	-1	0.0	0.0725180530563
12.6184	253.1167	332.792689	24	0.751613819759	0.248386180241
13.2602	253.5523	335.569238	17	1.0	0.0
13.2211	253.5479	335.58645	17	0.971514481028	0.0284855189717
12.8971	267.808	335.738595	14	0.756520436142	0.243479563858
11.9459	263.7629	336.317202	18	0.444911038769	0.555088961231
11.5284	269.8949	343.304619	6	1.0	0.0
12.602	256.2644	343.579717	32	0.855512812145	0.144487187855
12.6676	256.3431	343.579742	32	0.9874577717	0.0125422282998
12.8756	256.3094	343.650595	32	0.654995543344	0.345004456656
12.6884	256.3097	343.679805	32	0.793434845519	0.206565154481
12.6366	256.307	343.741964	32	0.907070761327	0.0929292386729
13.0155	256.3119	343.764445	-1	0.0	0.284899150758
18.9277	264.4523	344.964709	36	0.844020501451	0.155979498549
18.8091	264.5073	344.964731	-1	0.0	0.21358747239
18.9122	253.9513	350.728288	3	1.0	0.0
18.9842	253.7894	350.943436	3	0.31305694999	0.68694305001
18.8182	253.9197	350.943458	3	0.875178735103	0.124821264897
18.8395	253.934	351.096391	3	1.0	0.0
13.0138	267.7924	351.922577	14	1.0	0.172475462154
11.8366	268.4785	352.070811	-1	0.0	0.480868371488
13.013	267.7998	352.426684	14	1.0	0.0
12.9722	267.7345	352.764749	14	0.543009787993	0.456990212007
17.1239	264.7225	353.976768	16	1.0	0.0969247545234
17.3613	264.7098	353.976897	16	0.202258627502	0.797741372498
15.344	263.9831	356.325978	11	1.0	0.0
15.3447	263.9139	356.356367	11	0.45699397149	0.54300602851
8.6414	256.5903	356.912767	2	1.0	0.0
8.7631	256.1964	357.036686	2	1.0	0.0
9.0076	256.3558	357.352275	2	1.0	0.0
15.1128	262.7838	358.519678	10	0.372127863798	0.627872136202
15.1005	262.8651	358.574994	10	1.0	0.0
15.1044	262.7898	358.710764	10	0.402858044133	0.597141955867
18.8969	264.3539	361.431749	-1	0.0	0.0730575824018
18.7883	264.4361	361.530091	-1	0.0	0.0217078958641
13.5769	258.499	363.212293	41	1.0	0.0726873728875
12.3953	257.173	373.01917	37	1.0	0.100537738744
12.364	257.1149	373.019221	37	1.0	0.00555825118852
12.9704	267.9681	375.02403	14	1.0	0.253900378162
12.9633	267.774	376.220206	14	1.0	0.194289403906
13.8889	258.5535	379.465435	-1	0.0	0.232069014008
13.8954	258.6226	379.465459	-1	0.0	0.275639729916
13.8825	258.547	379.577029	-1	0.0	0.299979492538
11.5448	269.9424	379.882996	6	1.0	0.0
13.9171	258.65	380.051249	-1	0.0	0.455575892665
11.5586	269.9584	380.168199	6	1.0	0.295950111517
11.5224	269.8826	380.4367	6	1.0	0.0
20.9728	254.2241	383.088167	27	0.281793316236	0.718206683764
17.1392	264.6738	383.951398	16	0.815648542093	0.184351457907
17.0978	264.7422	384.033304	16	1.0	0.21220982103
17.1308	264.7509	384.070397	16	1.0	0.0629292995856
17.1144	264.6931	384.157454	16	1.0	0.0318155383563
12.4829	263.6632	384.565857	19	1.0	0.128893027646
12.4482	263.6164	384.594925	19	0.676379761937	0.323620238063
17.1038	264.6161	384.792399	16	0.874497685206	0.125502314794
13.3814	258.3607	385.120187	-1	0.0	0.234464014709
13.4413	258.3814	385.120222	40	1.0	0.0
12.4809	263.9643	387.1254	19	1.0	0.0
12.7017	263.9643	387.181852	19	0.48155604341	0.51844395659
12.4747	263.9707	387.814609	19	1.0	0.0
12.4549	263.7243	388.167561	19	1.0	0.0
12.4699	263.879	388.167624	19	1.0	0.347949576432
12.4387	263.7704	388.220277	19	0.817921991943	0.182078008057
15.3073	263.975	388.496703	11	0.696313600729	0.303686399271
18.8352	264.6476	388.835164	30	0.412621171493	0.587378828507
18.7875	264.6058	389.005642	-1	0.0	0.0267695528712
18.844	264.7193	389.005737	30	0.508768537051	0.491231462949
8.3882	254.4592	392.154527	21	0.43514489799	0.56485510201
15.7647	255.8051	392.42294	28	1.0	0.0
13.3369	258.1459	396.883681	34	0.820157653894	0.179842346106
13.2986	258.1274	396.883727	34	0.668262421498	0.331737578502
19.005	264.5926	398.779297	-1	0.0	0.0996571810919
18.9362	264.4706	398.972838	36	1.0	0.0114896195138
19.1234	264.4625	398.972968	31	1.0	0.0
13.224	253.5883	401.634192	17	0.823959756481	0.176040243519
18.872	254.0624	402.283916	3	0.323049869784	0.676950130216
11.5251	269.8839	405.104824	6	1.0	0.0
7.4396	262.7781	406.038303	0	0.837316794958	0.162683205042
7.3774	262.7334	406.117736	0	1.0	0.0
7.3523	262.8568	406.117835	0	0.3810145984	0.6189854016
7.4408	262.7675	406.416266	0	1.0	0.0
18.8969	264.5532	408.772394	35	1.0	0.0
18.9265	264.5677	409.179743	-1	0.0	0.0513269603325
11.9638	266.2312	411.884869	1	1.0	0.0
12.7019	257.5564	412.492795	38	1.0	0.0
15.3242	263.9813	413.498718	11	1.0	0.0
11.5688	269.8905	414.423302	6	1.0	0.411363808867
17.1086	264.7357	414.848567	16	1.0	0.0
17.0878	264.6757	415.045334	16	1.0	0.0168966502845
17.1178	264.748	415.109109	16	1.0	0.0823034776526
15.8055	256.1453	415.860597	29	0.587984123896	0.412015876104
12.3018	256.4531	416.827579	33	1.0	0.0
12.2932	256.4173	416.874246	33	0.845060393076	0.154939606924
13.0074	267.8388	417.38493	14	1.0	0.320031067866
12.5058	263.9513	423.432173	19	1.0	0.123560554674
15.4273	256.2013	431.403401	-1	0.0	0.600991949567
15.2766	256.4066	431.403444	22	0.366814272243	0.633185727757
13.6135	258.3763	432.61752	41	1.0	0.316245986578
13.8274	258.3174	432.680064	-1	0.0	0.290882959269
13.6427	258.4779	432.709612	41	1.0	0.0
13.5796	258.3865	432.793177	41	0.840012154605	0.159987845395
13.6399	258.4612	432.861541	41	1.0	0.111310001012
13.6217	258.4396	432.948172	41	1.0	0.267450751955
13.4881	258.5252	433.913528	41	1.0	0.0
13.4869	258.5131	433.992826	41	1.0	0.0
15.7356	255.7694	434.943226	28	1.0	0.0
12.6423	268.441	437.377948	9	0.353896822144	0.646103177856
15.1631	267.5101	437.378496	-1	0.0	0.111282386206
15.3514	263.9823	441.03815	11	1.0	0.0
11.5284	269.9142	441.47228	6	1.0	0.227287505316
11.5432	269.9525	441.472324	6	1.0	0.0
11.5291	269.8978	441.519871	6	1.0	0.10173901946
12.4789	257.2046	443.977559	37	1.0	0.0551415795867
12.5059	257.2989	444.01612	37	1.0	0.301088179561
12.5052	257.253	444.05158	37	1.0	0.0693106940771
12.479	257.2677	444.081417	37	1.0	0.149969597257
13.4163	253.3805	446.079461	17	1.0	0.0
12.6557	252.2152	447.502243	-1	0.0	0.462035379678
8.7213	254.6419	447.503542	20	1.0	0.0
12.3132	256.4693	448.352236	33	0.831294687022	0.168705312978
12.6151	262.8562	448.531323	15	1.0	0.0
12.6567	262.809	448.573538	15	0.606486884064	0.393513115936
12.6184	262.8411	448.604886	15	1.0	0.0
12.8994	267.8217	449.33112	14	0.790346747938	0.209653252062
12.9183	267.8391	449.580453	14	1.0	0.0
11.8957	263.631	449.710054	18	0.864961895225	0.135038104775
12.5746	263.5921	449.710139	19	0.445354235973	0.554645764027
12.0666	263.6172	449.867518	18	1.0	0.0
12.0938	263.5665	449.961752	18	0.515566675024	0.484433324976
12.0132	263.6416	450.429809	18	1.0	0.278182902023
12.0576	263.7283	450.607733	18	0.39545853839	0.60454146161
12.5168	263.9592	454.361177	19	1.0	0.35868817002
13.7081	258.4487	455.305793	41	0.619567560427	0.380432439573
13.5991	258.331	455.553302	41	0.46591781662	0.53408218338
18.7813	253.9339	457.750667	3	0.66151605592	0.33848394408
12.159	251.4005	458.876052	12	1.0	0.0
19.2911	264.3734	459.579511	-1	0.0	0.437505717047
18.8733	264.399	459.764051	36	0.836867484407	0.163132515593
18.9306	264.4667	459.887337	36	1.0	0.0597730237527
12.7555	263.6346	460.32976	-1	0.0	0.0123046047266
11.5188	269.6969	462.931792	6	0.282984160292	0.717015839708
17.1028	264.6567	462.956548	16	1.0	0.0
17.1257	264.7551	462.956621	16	1.0	0.202718324489
15.2559	256.3302	467.888866	22	0.370544153701	0.629455846299
15.8045	255.8773	471.883768	28	0.793977645121	0.206022354879
12.003	266.2033	473.355957	1	0.87795870833	0.12204129167
11.9692	266.3038	473.356017	1	1.0	0.0
12.6964	257.7291	474.085757	39	0.721834472885	0.278165527115
12.7279	257.7582	474.085793	39	0.590396726448	0.409603273552
12.5552	257.6133	474.12301	-1	0.0	0.193440943349
12.6891	257.7429	474.123034	39	0.56751362169	0.43248637831
12.9698	267.7943	475.877439	14	1.0	0.0509908299246
12.9997	267.7863	476.075585	14	1.0	0.0
13.0041	267.8136	476.075627	14	1.0	0.0
14.3881	260.3406	478.054836	4	1.0	0.0
11.5459	269.937	481.289067	6	1.0	0.209089448223
11.5296	269.8731	481.328688	6	1.0	0.0
11.5231	269.9155	481.369237	6	1.0	0.297490401858
15.1794	263.8381	482.098867	11	0.169296743212	0.830703256788
18.9463	264.4945	485.260543	36	0.885734952088	0.114265047912
12.5738	264.0416	486.9209	19	1.0	0.230491182314
12.5335	263.9385	487.021442	19	1.0	0.404868634958
12.524	263.8549	487.075692	19	1.0	0.0
12.7692	263.8784	487.07581	19	0.312342937858	0.687657062142
12.4474	263.7909	487.105086	19	1.0	0.0416976147298
12.5479	263.9378	487.127672	19	1.0	0.365582608384
12.5374	263.932	487.167325	19	1.0	0.479159682081
12.5796	263.9374	487.22532	19	1.0	0.569201980252
12.8105	263.9214	487.305258	19	0.30548688523	0.69451311477
15.3393	263.9678	488.979565	11	1.0	0.0
15.3681	263.9882	489.033243	11	0.656672270173	0.343327729827
18.8464	264.6619	492.777104	30	0.489371369869	0.510628630131
18.7693	264.5873	492.9265	-1	0.0	0.183147705842
18.7872	264.5643	492.964335	-1	0.0	0.116772462159
18.8049	264.6893	493.047193	30	1.0	0.0
12.5468	252.9115	493.132762	24	0.559277012348	0.440722987652
18.8181	253.9296	494.086045	3	0.865850373467	0.134149626533
20.9374	254.1968	496.400753	27	0.239862893625	0.760137106375
20.9454	254.262	496.400779	27	0.345914916627	0.654085083373
20.9457	254.3127	496.449443	27	0.478944097803	0.521055902197
15.7356	255.7757	500.204431	28	1.0	0.0
13.7152	258.119	500.550613	-1	0.0	0.0468894878234
18.887	264.5634	505.303059	35	1.0	0.0
18.8541	264.5169	505.377591	36	0.598589919724	0.401410080276
18.8553	264.5373	505.884905	35	1.0	0.0
18.8694	264.5449	506.058574	35	1.0	0.0
11.5442	269.9502	508.710793	6	1.0	0.0
11.5324	269.8768	508.765489	6	1.0	0.0
13.8379	258.5588	508.850421	-1	0.0	0.244778482185
15.1377	263.6879	511.088314	11	0.102008698317	0.897991301683
12.4571	257.2539	514.178681	37	1.0	0.0408556386982
18.9266	264.5116	514.424944	36	1.0	0.126686503628
18.9066	264.4234	514.477279	36	0.870029617233	0.129970382767
18.9215	264.4824	514.533062	36	1.0	0.303059659398
12.6857	257.5669	516.255185	38	1.0	0.0
12.6699	257.5162	516.292895	38	0.998983891623	0.001016108377
15.3278	263.9151	517.236489	11	0.441890669789	0.558109330211
13.4845	258.5846	519.154717	-1	0.0	0.185500083516
13.4823	258.2751	519.780334	-1	0.0	0.390096580142
13.1521	258.1884	520.640947	34	1.0	0.0
17.1148	264.742	521.899454	16	1.0	0.0
17.1491	264.7196	521.940163	16	1.0	0.383448609403
17.0888	264.7414	521.985504	16	1.0	0.146025779693
17.0767	264.774	522.056305	16	0.921735736695	0.0782642633049
13.3306	253.3348	522.0957	17	1.0	0.0
17.6547	264.6054	522.155844	16	0.110131724384	0.889868275616
17.0587	264.6135	522.223534	16	0.874497685206	0.125502314794
17.1071	264.8089	522.22363	16	1.0	0.0
17.726	264.5124	522.741445	16	0.0751504758493	0.924849524151
7.4475	262.7219	525.610101	0	1.0	0.0
7.3884	262.7382	525.610151	0	1.0	0.0
12.1868	251.4487	527.795851	12	1.0	0.0
12.0665	251.3003	527.831446	12	1.0	0.0
12.5035	263.9138	529.781587	19	1.0	0.0256165355869
12.5003	263.9366	529.854435	19	1.0	0.404868634958
19.1222	264.5897	532.566683	-1	0.0	0.116256448806
12.4663	257.1429	533.684305	37	1.0	0.196562996268
12.4206	257.0691	534.420722	37	1.0	0.310556592995
18.9349	264.4366	536.555431	36	0.756604277945	0.243395722055
18.8826	264.4192	536.583234	36	1.0	0.0
18.8695	264.4095	536.603177	36	1.0	0.0
18.8832	264.2904	536.62028	25	0.994195094495	0.00580490550535
18.8854	264.3664	536.644003	-1	0.0	0.151661892965
18.9195	264.4335	536.823805	36	1.0	0.0806130799758
15.7853	255.8764	536.899366	28	0.853610261335	0.146389738665
11.899	263.5753	538.744223	18	0.760127182351	0.239872817649
11.8549	263.566	538.785539	18	0.46768836609	0.53231163391
11.9762	266.2578	540.376055	1	1.0	0.0
11.9886	266.2644	540.419429	1	1.0	0.0
18.2351	253.9397	542.381858	3	0.126567694418	0.873432305582
19.2045	253.7978	542.382171	3	0.219722450085	0.780277549915
18.8775	253.9578	542.382206	3	1.0	0.0
11.5192	270.0829	542.593391	6	1.0	0.0
11.5572	270.1282	542.593448	6	1.0	0.0
18.8177	264.2057	545.976138	25	1.0	0.0
12.9973	259.0916	546.412902	-1	0.0	0.526700266649
15.8452	255.9545	547.836843	-1	0.0	0.000404309360228
12.2637	256.3937	548.624971	33	0.444774418624	0.555225581376
12.2497	256.3275	548.685905	33	0.258538714342	0.741461285658
12.282	256.3694	548.763573	33	0.425843747339	0.574156252661
18.9876	264.506	552.422312	-1	0.0	0.0235859862255
18.7265	264.615	552.553426	-1	0.0	0.208352715332
11.539	269.9438	553.476879	6	1.0	0.0
11.5259	269.9034	553.522783	6	1.0	0.0
11.5471	269.8478	553.578669	6	1.0	0.0888278005631
11.556	269.9533	553.679993	6	1.0	0.0
12.9834	267.8934	554.312541	14	1.0	0.47624091669
12.9307	267.8977	554.447903	14	0.862778409043	0.137221590957
12.9349	267.8628	554.49461	14	1.0	0.0
12.9304	267.8573	554.600404	14	1.0	0.0
18.8822	264.2546	556.765253	25	1.0	0.0
18.8486	264.1936	556.795371	25	1.0	0.0
11.3921	269.4661	559.584642	6	0.121970307067	0.878029692933
12.4974	263.9222	559.719996	19	1.0	0.40504236425
12.5069	264.0749	559.720058	19	1.0	0.0780852091132
12.4701	263.7316	559.765438	19	1.0	0.0
12.5079	263.8107	560.281178	19	1.0	0.00135281391811
12.4997	263.855	560.332626	19	1.0	0.0
8.5345	254.0639	564.281964	7	1.0	0.0
8.2022	254.0698	564.314388	7	1.0	0.0
8.2418	254.0211	564.337276	7	1.0	0.0
8.2187	254.1175	564.381862	7	1.0	0.0
18.8931	253.896	565.906396	3	0.792000273385	0.207999726615
19.1844	253.8957	565.906587	3	0.250800818433	0.749199181567
18.9166	253.9737	565.991914	3	1.0	0.0
12.4947	263.6678	570.793507	19	1.0	0.118747197407
12.1832	251.4679	571.057581	12	1.0	0.0
12.0892	263.4932	572.417503	18	0.323389338665	0.676610661335
12.112	263.6555	572.524567	18	0.820164200104	0.179835799896
12.0768	263.5925	572.83666	18	0.865088656225	0.134911343775
18.8232	264.2083	574.055703	25	1.0	0.0
12.3929	257.1472	576.726344	37	1.0	0.0
12.5956	257.0251	576.761831	-1	0.0	0.0967250234884
12.4109	257.0823	576.84124	37	1.0	0.0
12.3167	256.4288	582.366343	33	1.0	0.0
12.1144	256.704	582.522071	-1	0.0	0.132614026366
12.7028	256.4017	582.522177	32	1.0	0.0
12.3145	256.4277	582.548573	33	1.0	0.0
12.301	256.4302	582.571485	33	1.0	0.0
12.2697	256.3539	583.304516	33	0.43127715315	0.56872284685
15.0533	262.7995	583.519218	10	0.433431242871	0.566568757129
15.3903	263.1271	583.519385	10	0.106778389747	0.893221610253
15.4887	258.967	584.269914	-1	0.0	0.276321105577
12.4984	263.834	586.553993	19	1.0	0.0
12.528	263.9502	586.621629	19	1.0	0.153821234203
12.5708	263.9472	586.672662	19	1.0	0.539771914263
18.9651	264.5061	587.070091	36	0.709066740473	0.290933259527
18.8926	264.4448	587.166266	36	1.0	0.0
18.8952	264.4412	587.185718	36	1.0	0.0
19.2497	264.3654	587.211302	-1	0.0	0.397767759058
13.3666	258.1184	587.245659	34	0.496502021919	0.503497978081
18.8638	264.4208	587.289725	36	1.0	0.00532570350727
15.7443	255.8396	587.529389	28	1.0	0.0
15.7265	255.8102	587.639366	28	1.0	0.0
12.725	257.5526	587.780983	38	0.998983891623	0.001016108377
13.0429	257.5895	587.781156	-1	0.0	0.469434876266
12.6862	257.5331	588.669738	38	1.0	0.0
15.3377	263.9445	591.499559	11	0.64028627786	0.35971372214
15.3086	263.7284	591.582193	11	0.13419988307	0.86580011693
15.689	256.0339	591.975414	29	0.71273479562	0.28726520438
15.6693	256.0372	592.319469	29	0.786498392617	0.213501607383
15.6993	255.9357	592.429914	29	0.406919179643	0.593080820357
13.5457	253.2582	594.273509	17	0.960002637483	0.0399973625175
17.106	264.7293	598.914405	16	1.0	0.0
17.6846	264.5909	598.948581	16	0.0991201159435	0.900879884057
17.0829	264.6814	599.183692	16	1.0	0.0
12.6011	256.4811	599.799234	32	0.972421125253	0.0275788747466
12.2813	256.6837	599.799331	33	0.196123487476	0.803876512524
12.267	256.6585	599.89432	33	0.178519271091	0.821480728909
18.8277	264.684	599.924064	30	0.659141751314	0.340858248686
