8.6822	354.3065	-5.9e-05	7	1.0	0.0
8.9285	355.4528	-589.217026	-1	0.0	0.478463869297
8.7708	354.6971	-589.216878	8	0.612018565889	0.387981434111
9.6213	352.592	-585.993419	2	0.550337330723	0.449662669277
9.4072	353.9395	-574.381528	4	0.997481859467	0.00251814053332
10.0745	353.7878	-567.378996	4	0.549951558886	0.450048441114
10.5552	354.7087	-550.964941	3	0.953874524611	0.0461254753887
8.8225	350.1288	-546.548514	5	0.376963737446	0.623036262554
8.8095	350.1251	-546.255533	5	0.352129482314	0.647870517686
8.7415	354.7392	-545.00754	8	0.565809790369	0.434190209631
8.9418	352.5171	-544.826823	2	0.157364988971	0.842635011029
8.7527	354.7716	-544.325972	8	0.435869105117	0.564130894883
8.6671	354.6272	-544.325967	8	0.579801420685	0.420198579315
9.4434	352.6263	-542.925049	2	1.0	0.0
8.6137	350.1918	-537.978949	6	0.678160251684	0.321839748316
16.0598	355.3373	-534.131312	0	0.796686620194	0.203313379806
16.429	355.4282	-534.131092	0	0.738833288973	0.261166711027
9.3489	352.7393	-512.667885	2	0.295972349772	0.704027650228
16.3187	354.5171	-491.57172	0	1.0	0.0
16.4563	354.5541	-491.571634	0	1.0	0.0
10.4648	354.6516	-487.780161	3	1.0	0.0
8.7366	354.7485	-485.008505	8	0.614244873208	0.385755126792
8.7107	354.712	-484.963544	8	1.0	0.0
8.7199	354.7394	-478.2759	8	0.614244873208	0.385755126792
10.4665	354.8482	-477.836075	3	0.514657554407	0.485342445593
9.0638	350.264	-477.704616	5	0.754372751314	0.245627248686
8.7215	354.7037	-454.543644	8	1.0	0.0
10.4898	354.6589	-454.368676	3	1.0	0.0
9.3516	352.6138	-453.737954	2	0.674866313363	0.325133686637
8.8801	355.0377	-453.615376	9	0.912796993051	0.0872030069485
11.4504	349.8805	-451.395069	1	0.921224238401	0.0787757615994
11.4793	349.8343	-451.312287	1	0.328080860949	0.671919139051
11.4529	349.8808	-451.210483	1	0.844343108115	0.155656891885
8.4523	350.7624	-444.074777	-1	0.0	0.731657341417
8.8287	350.1146	-437.194546	5	0.353541970419	0.646458029581
11.1086	349.8205	-437.193647	1	0.0786269998649	0.921373000135
9.4013	353.895	-434.69189	4	0.997481859467	0.00251814053332
9.0383	350.3389	-434.660161	5	1.0	0.0
10.5133	354.7334	-434.330086	3	0.758237628355	0.241762371645
10.3628	354.8408	-415.447898	3	0.458953681393	0.541046318607
10.504	354.634	-415.323011	3	1.0	0.0
8.5094	350.2385	-399.311748	6	1.0	0.0
9.3879	352.5334	-396.909356	2	0.590389984399	0.409610015601
9.3983	352.5641	-396.876449	2	0.735760131784	0.264239868216
11.461	349.8962	-386.570709	1	0.474991539508	0.525008460492
11.4238	349.8759	-386.419946	1	1.0	0.0
11.443	349.822	-386.299622	1	0.307157559545	0.692842440455
11.4289	349.8738	-386.191384	1	1.0	0.0
8.4987	350.2346	-380.10495	6	0.953754183259	0.0462458167414
8.7226	354.6825	-378.78089	8	1.0	0.346541322423
8.5012	350.2267	-372.287964	6	1.0	0.0
8.722	354.7592	-337.825707	8	0.614244873208	0.385755126792
9.4567	353.8661	-332.659257	4	0.997481859467	0.00251814053332
9.5402	352.6361	-330.124781	2	0.881466484758	0.118533515242
9.5262	352.6341	-330.046508	2	1.0	0.0
11.4274	349.8621	-324.262851	1	1.0	0.0
11.4404	349.8693	-324.178383	1	1.0	0.0
11.4149	349.8756	-323.994967	1	0.903785292371	0.0962147076291
8.6922	354.6882	-315.702388	8	0.962674000842	0.0373259991576
8.7159	354.6608	-315.617577	8	1.0	0.0
8.7255	354.5846	-298.543208	8	0.779669605319	0.220330394681
10.4619	354.8777	-290.246168	3	0.429855002405	0.570144997595
9.5034	352.5565	-287.124159	2	0.815619002495	0.184380997505
10.0748	353.7405	-286.872633	4	0.468859587115	0.531140412885
10.4643	354.5812	-266.856405	3	1.0	0.0
8.7369	354.6433	-259.091026	8	1.0	0.11076505002
8.7498	354.6513	-259.042316	8	1.0	0.312536063737
9.5255	352.5652	-258.219272	2	0.781032329327	0.218967670673
9.5228	352.5151	-258.186972	2	0.741549230202	0.258450769798
9.7896	353.8821	-253.602007	4	1.0	0.0
10.2496	1.3136	-225.60312	-1	0.0	0.557547342878
9.0161	350.2621	-207.213251	5	0.676954477042	0.323045522958
8.5241	350.3078	-205.824496	6	0.851051225945	0.148948774055
8.4897	350.3181	-205.416155	6	1.0	0.0
8.4549	350.621	-193.237259	-1	0.0	0.60669470931
10.3784	1.7686	-189.021103	-1	0.0	0.588328829213
8.9881	350.3022	-182.377761	5	0.930230367869	0.0697696321315
8.7234	354.6407	-174.563455	8	1.0	0.0
10.2868	354.5498	-172.894123	3	0.553767861567	0.446232138433
10.4186	354.5477	-172.154839	3	0.780912634474	0.219087365526
9.6678	353.8013	-161.886915	4	1.0	0.0
9.776	353.8787	-161.8869	4	1.0	0.0
9.781	353.9731	-161.695123	4	0.835282023163	0.164717976837
9.7827	353.8689	-161.572583	4	1.0	0.0
8.7274	354.7022	-154.94245	8	1.0	0.0
8.6683	354.713	-154.70182	8	0.607752578504	0.392247421496
8.5015	350.2354	-146.044448	6	0.972603303984	0.0273966960164
9.6059	353.9006	-134.15546	4	0.997481859467	0.00251814053332
9.0789	350.3164	-132.52298	5	1.0	0.0
9.0872	350.3599	-123.54973	5	0.864726288357	0.135273711643
8.6172	354.7581	-118.849106	8	0.285940728487	0.714059271513
8.7088	354.6627	-118.289353	8	1.0	0.00192097614747
8.6968	354.6742	-117.92331	8	1.0	0.332963288142
9.4938	352.6289	-111.299319	2	1.0	0.0
9.4283	352.6499	-105.901177	2	0.747643835165	0.252356164835
9.5003	352.7023	-93.793821	2	0.535103661726	0.464896338274
10.0576	352.7154	-90.882232	2	0.135629828933	0.864370171067
8.7078	354.6964	-77.592137	8	1.0	0.0
9.4009	353.8838	-77.340141	4	0.969026340809	0.0309736591909
8.704	355.0306	-72.330215	9	1.0	0.0
8.7636	355.1265	-72.330205	9	0.998655969281	0.00134403071924
8.7446	355.0937	-72.152043	9	1.0	0.0
8.7565	355.1324	-72.15202	9	1.0	0.0
8.5	350.1815	-68.641042	6	0.900009218937	0.0999907810627
8.5137	350.2849	-68.371642	6	1.0	0.0
8.7092	354.6631	-68.21999	8	1.0	0.0
8.7191	354.7137	-62.854655	8	1.0	0.0
9.2775	354.8143	-55.459598	-1	0.0	0.127408511014
9.0646	354.9845	-47.376609	-1	0.0	0.319432142854
9.0693	350.3146	-42.982951	5	1.0	0.0
15.8596	354.3497	-15.354917	0	1.0	0.0
8.7198	354.6311	-10.719276	8	1.0	0.0
8.7162	354.6562	-10.657863	8	1.0	0.0
8.7166	354.6379	-10.561698	8	1.0	0.183276443223
8.6822	354.3065	-5.9e-05	7	1.0	0.0
9.4392	353.9949	2.866319	4	0.840572861485	0.159427138515
9.3964	353.9816	2.947991	4	0.969026340809	0.0309736591909
8.7171	354.6887	13.347951	8	1.0	0.0
9.0413	350.3259	18.925845	5	1.0	0.0
8.7279	354.6138	42.184954	8	1.0	0.291466831042
8.7244	354.6499	45.336186	8	1.0	0.0
8.6012	355.0545	45.389047	9	0.941531984936	0.0584680150635
8.6863	354.3227	71.881927	7	1.0	0.0
9.2654	354.7847	76.724228	-1	0.0	0.0684483035731
10.4819	354.5806	82.609063	3	1.0	0.0
9.4705	352.5989	107.365578	2	0.849643519692	0.150356480308
9.4752	352.6098	107.456401	2	1.0	0.0
9.7913	353.8596	109.620501	4	1.0	0.0
10.3737	1.6085	123.238873	-1	0.0	0.578156729188
9.5234	352.6378	136.540363	2	1.0	0.0
10.0298	352.6938	157.313957	2	0.145844553187	0.854155446813
8.7292	354.6621	158.750153	8	1.0	0.0
9.2977	354.7706	170.006041	-1	0.0	0.0655506261949
11.4381	349.8649	200.555757	1	1.0	0.0
8.965	354.96	203.134515	9	0.781845726078	0.218154273922
8.9651	354.9497	203.306856	9	0.807193929174	0.192806070826
16.5959	354.8686	206.301767	0	1.0	0.0
9.3451	352.6002	224.291483	2	0.584458130203	0.415541869797
8.9305	350.1483	251.19139	5	0.438434229977	0.561565770023
8.4729	350.148	259.145052	6	0.553953518886	0.446046481114
8.9876	350.1939	259.787326	5	0.438434229977	0.561565770023
8.6823	354.3428	268.309355	7	0.633677171633	0.366322828367
8.695	354.3135	268.358013	7	1.0	0.0
8.6814	354.3153	268.390978	7	1.0	0.0
8.6542	354.3135	268.43516	7	1.0	0.0
8.3883	355.0389	269.758278	-1	0.0	0.275361385757
8.5902	355.1442	269.758306	9	0.998655969281	0.00134403071924
8.5788	355.1487	269.807596	9	0.941531984936	0.0584680150635
8.6431	355.2382	269.855793	-1	0.0	0.0371982110412
8.7061	354.5689	277.658543	8	0.761278755302	0.238721244698
8.687	354.595	277.891274	8	0.701725248835	0.298274751165
8.5601	354.5715	277.979567	8	0.22587815732	0.77412184268
8.669	354.6174	277.979597	8	0.652880251697	0.347119748303
16.5137	354.6994	304.064179	0	1.0	0.0
8.7339	354.7062	308.55841	8	1.0	0.0
8.6877	354.6019	321.643008	8	0.670085660926	0.329914339074
8.6975	354.5641	321.834994	8	0.581598120514	0.418401879486
8.6949	354.5815	321.955106	8	0.779669605319	0.220330394681
8.6571	354.2607	323.017026	7	0.552350672361	0.447649327639
9.2933	352.2858	331.107932	2	0.144499966295	0.855500033705
8.7663	354.6781	345.304131	8	0.640206910266	0.359793089734
9.4756	352.5249	358.878351	2	0.815619002495	0.184380997505
8.6749	354.2888	377.8885	7	0.77280205453	0.22719794547
9.0464	350.28	393.401709	5	1.0	0.0
9.0467	354.6319	396.347278	-1	0.0	0.247680430621
8.6754	354.7075	397.531633	8	0.748609768785	0.251390231215
8.698	354.5182	397.531661	8	0.241410051046	0.758589948954
8.7089	354.624	397.612348	8	1.0	0.263859080451
8.5532	354.5116	397.702115	8	0.164006217549	0.835993782451
11.4183	349.8611	402.185118	1	0.946812399408	0.0531876005921
8.7378	355.1708	414.96903	9	1.0	0.0
8.8589	354.3008	449.79464	7	0.22928377913	0.77071622087
11.3423	349.8421	456.750072	1	0.246321399663	0.753678600337
8.7572	354.9151	461.140954	9	0.807193929174	0.192806070826
8.5405	354.7771	461.229405	8	0.161951721567	0.838048278433
8.729	354.892	461.229427	-1	0.0	0.0422397423963
9.5412	353.7763	463.092915	4	0.735603391929	0.264396608071
8.7414	354.6556	474.245488	8	1.0	0.175195536563
8.7471	354.5787	474.287323	8	0.671376186217	0.328623813783
8.7453	354.6022	474.334948	8	0.779669605319	0.220330394681
8.7281	354.6162	474.384294	8	1.0	0.333540246377
9.2761	354.7208	490.056929	-1	0.0	0.247680430621
9.4375	352.4741	508.793304	2	0.550447909802	0.449552090198
9.4501	352.5413	508.939208	2	0.815619002495	0.184380997505
10.0099	352.6081	516.887799	2	0.155004407554	0.844995592446
8.6401	354.2523	516.970957	7	0.422324510503	0.577675489497
8.6898	354.2942	549.192305	7	0.958796214709	0.0412037852912
8.7336	354.6772	549.192321	8	0.953060110827	0.046939889173
8.7281	354.5864	549.239941	8	0.779669605319	0.220330394681
8.6717	354.2747	579.445802	7	0.749901177788	0.250098822212
8.7092	354.9418	580.58846	9	1.0	0.0
8.7065	354.8851	581.743821	8	0.136247160851	0.863752839149
8.7219	354.6252	586.154423	8	1.0	0.125465346397
8.4434	350.3268	593.964803	6	1.0	0.0
8.4416	350.3634	594.046172	6	0.639554554293	0.360445445707
8.418	350.2885	594.121247	6	0.851051225945	0.148948774055
