11.877	269.1124	7.4e-05	12	1.0	0.0
8.6013	274.6148	-599.009729	30	1.0	0.0
8.5677	274.6186	-598.92488	30	0.594714264892	0.405285735108
6.9316	260.3582	-598.623426	19	1.0	0.0
6.0336	260.964	-598.552907	-1	0.0	0.153452805393
13.9776	266.1434	-598.489316	5	1.0	0.00540590354695
6.9218	260.3705	-598.442454	19	1.0	0.102474463132
13.9773	266.1634	-598.403362	5	1.0	0.0
7.7451	260.8494	-596.908078	15	0.247508472094	0.752491527906
7.2156	261.1779	-596.907833	34	0.994987851518	0.00501214848169
7.2081	261.0972	-596.836705	34	1.0	0.14749543636
7.1599	261.4073	-596.443362	-1	0.0	0.116884831324
7.1782	261.1905	-596.374516	34	1.0	0.386395380121
7.201	261.1995	-596.180741	34	0.968994805495	0.0310051945051
7.1949	261.1918	-596.180707	34	1.0	0.386395380121
7.2366	261.1986	-595.897228	34	0.788063378222	0.211936621778
9.8156	270.0537	-595.463412	17	1.0	0.0
9.8189	270.0441	-595.463383	17	1.0	0.0
10.3905	268.5143	-593.823321	31	0.390671589115	0.609328410885
19.4138	265.2427	-593.108043	35	1.0	0.0440332861966
19.3584	265.2496	-592.819468	35	1.0	0.0
5.8187	260.2722	-592.777257	7	0.3611643638	0.6388356362
10.0977	269.1092	-592.760608	28	1.0	0.123328745047
19.335	265.3021	-592.719473	35	0.805127118261	0.194872881739
10.0811	269.1051	-592.657112	28	1.0	0.051066778676
10.0744	269.0684	-592.588043	28	1.0	0.141242747276
19.3547	265.2651	-592.560009	35	1.0	0.0
10.1391	269.0139	-592.553102	28	0.67036732007	0.32963267993
10.0995	269.09	-592.553047	28	1.0	0.0
16.1457	270.6921	-583.525938	1	1.0	0.0
19.1816	265.1484	-581.871742	-1	0.0	0.479299905847
5.2853	258.715	-581.016004	11	1.0	0.0
5.369	258.5898	-580.956959	11	0.424307658982	0.575692341018
5.2534	258.7203	-580.956919	11	1.0	0.0
14.187	266.2557	-580.93278	5	1.0	0.00852529851623
14.1339	266.2789	-580.889606	5	1.0	0.0917396939213
19.374	265.1937	-576.643445	35	1.0	0.0
15.3065	256.351	-576.396086	0	1.0	0.0327505116422
15.2826	256.2458	-576.334324	0	0.876643993455	0.624257024934
15.2899	256.3093	-576.300117	0	1.0	0.400872967612
8.6008	274.9653	-576.22246	16	0.745167788954	0.254832211046
8.5891	274.942	-576.136825	16	0.667167517496	0.332832482504
8.6203	275.0031	-576.086202	16	0.961481854226	0.0385181457736
19.3887	265.2088	-576.022373	35	1.0	0.151077006466
15.3398	256.3333	-575.602803	0	1.0	0.0960048308741
6.9833	266.9101	-574.747502	3	0.924318503386	0.0756814966142
6.9617	266.9341	-574.25511	3	1.0	0.0
6.9351	260.1491	-574.120227	19	1.0	0.0579978929081
15.3702	256.3593	-573.881876	0	1.0	0.0
10.5162	269.3914	-573.733471	21	0.275532847102	0.724467152898
8.6378	274.6138	-572.809737	30	0.564566359151	0.435433640849
7.177	261.1245	-571.642016	34	1.0	0.153136253164
7.1671	261.1045	-571.493831	34	1.0	0.0139413526001
7.1126	261.0589	-570.968441	34	1.0	0.226462038051
5.3956	259.0138	-570.153749	10	1.0	0.0829471253438
5.4013	258.9973	-569.752858	10	1.0	0.0
10.3633	268.4774	-567.97991	31	1.0	0.0
9.8295	270.0242	-562.81908	17	1.0	0.360863157999
11.8795	268.5828	-561.795022	13	1.0	0.0780890306219
11.8209	268.5364	-561.331542	13	1.0	0.0
14.1323	266.4093	-559.195159	5	1.0	0.194229591657
6.4612	275.7169	-557.821856	23	0.788220067974	0.211779932026
6.4884	275.7605	-557.821814	23	0.377144417103	0.622855582897
6.5013	275.9605	-557.799158	22	0.964608170415	0.0353918295846
6.4929	275.9064	-557.765725	22	1.0	0.0
6.4475	275.7294	-557.738414	23	0.788220067974	0.211779932026
8.1963	260.7956	-554.677641	15	0.84037359265	0.15962640735
20.8612	264.6063	-553.974372	4	0.113433435575	0.886566564425
20.7963	264.5875	-553.850312	4	0.174532663342	0.825467336658
10.9432	267.6608	-553.494123	6	0.260875288647	0.739124711353
14.2713	266.3328	-552.706709	5	1.0	0.225654369699
7.4872	261.5302	-552.140506	25	0.927091846148	0.0729081538525
7.4699	261.4931	-552.075173	25	1.0	0.0
7.501	261.504	-551.953424	25	1.0	0.0
6.8616	274.9579	-549.413963	-1	0.0	0.0515078924909
7.2045	261.1788	-548.020073	34	1.0	0.386395380121
6.8638	261.4607	-547.924435	-1	0.0	0.340407960451
7.1764	261.1696	-547.611593	34	1.0	0.413252314859
19.3499	265.2562	-545.295546	35	1.0	0.0
14.2068	266.3209	-541.123145	5	1.0	0.20812767489
14.2167	266.3498	-540.985576	5	1.0	0.266204076365
14.2	266.3098	-540.208739	5	1.0	0.0
11.8151	268.5467	-539.430637	13	1.0	0.341233603418
11.8167	268.4509	-539.388134	13	0.698641190931	0.301358809069
19.1137	265.0211	-538.275012	-1	0.0	0.575489944154
15.2321	256.3533	-537.114024	0	1.0	0.174406381717
15.1429	256.3856	-536.340553	0	1.0	0.469446820587
7.2363	260.705	-535.466209	33	1.0	0.0
7.166	260.8979	-535.396775	34	0.390771783451	0.609228216549
7.0062	260.2909	-532.742987	19	0.66371965393	0.33628034607
6.5469	275.5597	-531.712153	23	0.26582506698	0.73417493302
6.4823	275.6182	-531.710227	23	0.701902421777	0.298097578223
6.9159	260.1555	-528.399432	19	1.0	0.0
11.8159	269.0585	-522.441501	12	0.458033016772	0.541966983228
11.8671	269.0663	-522.383737	12	0.68308362982	0.31691637018
11.8359	269.1132	-522.295852	12	1.0	0.0
11.8065	269.0671	-522.236431	12	0.495112977879	0.504887022121
11.9401	268.8779	-522.10277	12	0.111516356062	0.888483643938
11.834	269.117	-522.102636	12	0.895560442084	0.104439557916
11.8628	269.1655	-521.855131	12	0.405339689322	0.594660310678
11.8081	268.4935	-521.076358	13	1.0	0.408796542565
14.269	266.4252	-518.551265	5	1.0	0.0417205018916
20.8504	264.5655	-516.807603	4	0.174532663342	0.825467336658
6.9525	266.9916	-515.939213	3	0.477769675917	0.522230324083
11.8813	269.1392	-515.591913	12	0.757037037315	0.242962962685
10.0837	269.0878	-515.331154	28	1.0	0.0
7.1317	260.9692	-510.406597	34	1.0	0.0
11.919	269.2132	-507.301643	12	0.209190994989	0.790809005011
8.618	273.8888	-506.783345	-1	0.0	0.361838936686
14.1657	266.2705	-499.708319	5	1.0	0.0
14.1386	266.2653	-499.636231	5	1.0	0.0833394373027
19.1349	265.0929	-495.686232	-1	0.0	0.479299905847
19.1325	265.1262	-494.441934	-1	0.0	0.479299905847
19.0836	265.0865	-494.105305	-1	0.0	0.509311550808
19.3938	265.301	-493.807869	35	1.0	0.0987507679443
19.6825	265.3219	-493.751546	-1	0.0	0.157404766662
6.9206	260.4164	-493.687287	19	1.0	0.0167953533527
19.333	265.2848	-493.142021	35	1.0	0.203607057229
14.3034	266.453	-492.277548	5	1.0	0.0494204290658
21.4479	262.7816	-491.690054	2	0.922746920926	0.0772530790736
21.3691	262.7152	-491.645188	2	0.490720853792	0.509279146208
10.4563	267.6514	-489.961231	6	0.461135471341	0.538864528659
5.3192	258.738	-487.868524	11	0.669321738627	0.330678261373
5.217	258.6936	-487.80637	11	0.593412168924	0.406587831076
5.1838	258.654	-487.692075	11	0.398052454434	0.601947545566
15.4532	256.4639	-487.514911	0	1.0	0.404012617695
5.4218	259.0775	-486.131927	10	1.0	0.0
5.4481	258.9093	-486.131923	10	0.364845704279	0.635154295721
5.4047	259.0041	-486.072966	10	1.0	0.0
5.3039	259.0068	-485.402379	10	0.634605071279	0.365394928721
10.0783	269.0955	-484.53359	28	1.0	0.0
9.9453	269.155	-484.477548	28	0.243146471091	0.756853528909
10.089	269.0722	-484.477522	28	1.0	0.0
7.3017	261.0956	-478.931215	34	0.592109575269	0.407890424731
7.2562	261.114	-478.869724	34	0.810133044668	0.189866955332
7.274	261.0549	-478.064893	34	0.435804550433	0.564195449567
10.9205	267.6675	-476.775327	6	0.260019268253	0.739980731747
11.8934	269.1129	-474.336915	12	1.0	0.0
10.1173	269.0982	-473.266788	28	1.0	0.00072693754069
10.0753	268.9577	-473.165126	28	1.0	0.0
9.6513	269.915	-473.033765	17	0.320963595072	0.679036404928
9.6423	269.7988	-472.931624	17	0.18291164323	0.81708835677
6.4338	275.6388	-468.95896	23	0.795521458987	0.204478541013
6.4469	275.6911	-468.873783	23	1.0	0.0
11.8259	268.5536	-467.339629	13	1.0	0.333840673447
14.185	266.3282	-463.77983	5	1.0	0.0
7.2524	261.1397	-463.355725	34	0.856245972756	0.143754027244
7.2004	261.1223	-463.236753	34	1.0	0.0797883599431
6.9461	260.3523	-461.534527	19	1.0	0.0688874450711
6.9317	260.2803	-460.976302	19	1.0	0.0981030415928
10.3485	269.0447	-460.865414	27	0.563144492312	0.436855507688
14.3053	266.4591	-460.244361	5	1.0	0.0109962588997
14.0267	266.1087	-456.733819	5	1.0	0.401028912213
11.8459	268.9686	-455.048667	12	0.210407100267	0.789592899733
11.8943	269.1661	-455.048629	12	0.397703092411	0.602296907589
19.372	265.2651	-454.871123	35	1.0	0.0614856786036
19.3585	265.1713	-454.871087	35	1.0	0.0611341668014
19.4024	265.2672	-454.694078	35	0.922114285746	0.0778857142542
6.5153	275.8916	-452.774715	22	1.0	0.0
6.5114	275.8433	-452.725736	22	1.0	0.0
6.6274	275.792	-452.696462	22	0.837651473284	0.162348526716
6.3005	276.0461	-452.696388	-1	0.0	0.577081446984
6.5673	275.9039	-452.648145	22	1.0	0.0
6.5595	275.8372	-452.528244	22	1.0	0.0
8.6257	274.5762	-452.365285	30	0.38696046332	0.61303953668
8.6604	275.0075	-451.866525	16	0.713285406114	0.286714593886
8.5873	274.9022	-451.785923	16	0.458635742897	0.541364257103
8.5874	274.4052	-451.202322	29	0.959541537875	0.0404584621252
9.5508	269.2923	-448.580464	26	0.327299456588	0.672700543412
6.92	266.9361	-445.154466	3	0.964327314793	0.0356726852068
7.1716	261.0328	-445.088255	34	1.0	0.0
6.9451	266.933	-445.08193	3	1.0	0.0
7.155	261.0942	-445.038407	34	1.0	0.0
6.9716	266.9096	-445.020253	3	1.0	0.0
6.9296	266.8969	-444.988454	3	0.918555352932	0.0814446470678
6.9239	266.9075	-444.946709	3	1.0	0.0
7.1328	261.0218	-444.817903	34	1.0	0.141203356842
7.1483	261.489	-444.755243	-1	0.0	0.239392420139
10.5856	267.6751	-440.877445	6	0.47212818622	0.52787181378
10.5684	267.6018	-440.65407	6	1.0	0.0
15.419	256.4313	-440.586106	0	1.0	0.0281791035836
16.1625	270.6815	-440.43635	1	1.0	0.0
9.7952	270.0269	-439.894067	17	0.981731432664	0.0182685673365
10.1227	269.0818	-437.439789	28	1.0	4.3067069369e-05
10.0703	269.086	-437.37694	28	1.0	0.0
10.0739	269.035	-437.328188	28	1.0	0.0
9.9955	269.0289	-437.268818	28	0.772031272755	0.227968727245
21.3599	262.6273	-436.068647	2	0.234036358782	0.765963641218
14.1748	266.3872	-434.307516	5	1.0	0.116560860346
14.1932	266.3391	-434.252728	5	1.0	0.0591057404004
20.8393	264.5098	-434.200494	4	0.113433435575	0.886566564425
10.442	268.1821	-433.129404	24	1.0	0.0
6.4591	275.5741	-432.840812	23	0.357620018481	0.642379981519
6.2062	275.2608	-431.681171	-1	0.0	0.567592719134
6.8868	260.4037	-431.559605	19	1.0	0.0
6.8822	260.4308	-431.478196	19	1.0	0.143590453618
10.0559	269.0345	-425.460537	28	1.0	0.0
19.3384	265.2501	-424.931954	35	1.0	0.202480193293
19.4174	265.3063	-424.859243	35	1.0	0.216901449006
14.1963	266.3349	-422.542895	5	1.0	0.0423004617271
8.4932	274.8632	-413.684965	16	0.25157865032	0.74842134968
5.2881	258.7341	-408.752403	11	1.0	0.0
5.2744	258.6922	-408.701643	11	0.816772648448	0.183227351552
5.2218	258.7132	-408.648195	11	0.599681637086	0.400318362914
5.2832	258.6184	-408.594309	11	0.613398197386	0.386601802614
5.2794	258.6513	-408.470079	11	0.693683674681	0.306316325319
5.4009	258.9929	-408.259249	10	1.0	0.0
5.298	259.0825	-408.112075	10	0.417087745435	0.582912254565
5.3344	258.6926	-407.86372	11	0.621354682362	0.378645317638
5.371	258.5891	-407.818268	11	0.415715527639	0.584284472361
14.3035	266.4454	-407.176211	5	1.0	0.0109962588997
14.1666	266.2689	-403.670354	5	1.0	0.0
14.1507	266.1967	-403.050355	5	1.0	0.0251000273896
14.1858	266.3155	-403.05029	5	1.0	0.0836073765013
6.9287	260.4196	-400.378606	19	1.0	0.204886302175
6.9107	260.3944	-400.310048	19	1.0	0.0
7.1936	261.1328	-398.936374	34	1.0	0.115935663403
13.8668	266.0581	-398.4849	5	1.0	0.474860306722
10.4332	269.0191	-394.19736	27	0.896079439742	0.103920560258
10.7331	268.4726	-394.074176	-1	0.0	0.0717723482488
11.867	269.0966	-393.230789	12	1.0	0.0
11.836	269.0618	-393.196895	12	0.553305507888	0.446694492112
11.8659	269.0999	-392.777468	12	1.0	0.0
6.4474	275.6877	-389.055681	23	1.0	0.0
6.4108	275.6598	-389.022168	23	0.880120860999	0.119879139001
13.9603	266.0595	-384.863325	5	1.0	0.297728868272
14.1445	266.2715	-382.09965	5	1.0	0.229618274343
14.1437	266.2482	-382.025675	5	1.0	0.130958014452
19.3948	265.2294	-377.330143	35	1.0	0.0
14.1972	266.3239	-376.447209	5	1.0	0.0
14.0826	266.132	-376.357038	5	1.0	0.467924049377
14.149	266.3826	-376.357011	5	1.0	0.114219824779
7.2827	261.0957	-376.17481	34	0.710127539484	0.289872460516
6.9619	259.9691	-371.988091	19	0.249841046741	0.750158953259
6.8764	260.4342	-370.820635	19	1.0	0.0491243545201
6.9062	260.4132	-370.67368	19	1.0	0.0
6.8769	260.3996	-370.576709	19	1.0	0.0
6.8775	260.387	-370.379001	19	1.0	0.10792958628
19.3699	265.2582	-367.17703	35	1.0	0.0
19.3857	265.2884	-367.073395	35	1.0	0.0898441222804
19.3882	265.2843	-366.233453	35	1.0	0.19063363295
19.2788	265.3021	-365.752861	-1	0.0	0.19765373808
14.2041	266.2963	-358.687934	5	1.0	0.194910842401
14.1969	266.3427	-358.543331	5	1.0	0.208047622591
13.9485	266.0844	-358.370671	5	1.0	0.069912483775
14.2101	266.3597	-358.239665	5	1.0	0.0
5.366	259.0204	-358.135946	10	1.0	0.23832205801
13.92	266.0206	-358.124322	5	1.0	0.456750120956
5.4641	259.0675	-358.108603	10	1.0	0.0
5.4304	259.0511	-357.912795	10	1.0	0.0
5.4067	258.9297	-357.487566	10	0.508782635036	0.491217364964
21.4606	262.754	-356.997061	2	1.0	0.0
10.4165	269.5084	-353.259868	21	0.246759198146	0.753240801854
11.4026	267.6922	-353.172094	6	0.1625786084	0.8374213916
16.1898	270.6687	-352.93647	1	1.0	0.0
11.2378	267.7279	-352.89252	6	0.21233915928	0.78766084072
15.4009	256.3668	-352.017644	0	1.0	0.0
11.5214	269.4247	-351.381112	14	0.287792353291	0.712207646709
11.5789	269.659	-350.875723	14	0.946278115241	0.053721884759
8.5923	274.9856	-350.238951	16	0.713285406114	0.286714593886
8.3535	275.2045	-350.238725	-1	0.0	0.0573353764114
7.1361	261.0878	-349.801648	34	1.0	0.00579819425069
19.2336	265.3656	-344.688049	-1	0.0	0.0145055096524
11.7829	268.3127	-342.946864	13	0.169698012397	0.830301987603
11.8184	268.578	-342.946784	13	0.759940812305	0.240059187695
11.8056	268.5298	-342.886302	13	1.0	0.0
6.8996	260.3559	-342.168217	19	1.0	0.138186002291
5.1659	257.998	-342.035197	9	1.0	0.0
5.2032	258.0476	-342.00984	9	1.0	0.0
19.3916	265.2342	-336.287948	35	1.0	0.0
20.8769	264.5571	-334.76255	4	0.174532663342	0.825467336658
10.5057	268.9712	-328.239923	27	1.0	0.0
5.2758	258.5874	-325.302572	11	0.606175790097	0.393824209903
5.2863	258.6075	-325.302539	11	0.661240185649	0.338759814351
5.2689	258.6784	-325.174234	11	0.693683674681	0.306316325319
5.311	258.6572	-325.110208	11	0.789901364321	0.210098635679
10.4439	268.2545	-324.296234	24	1.0	0.0
7.2678	260.748	-322.629791	33	1.0	0.0
15.3572	256.3484	-322.00054	0	1.0	0.0
6.2704	275.2267	-320.626572	-1	0.0	0.45929048115
6.9822	266.9905	-319.89746	3	0.457275965327	0.542724034673
6.9506	266.8956	-319.833659	3	1.0	0.0
6.9705	266.9421	-319.743545	3	0.850572446913	0.149427553087
19.4053	264.9788	-318.413323	-1	0.0	0.00852594559335
19.3671	265.1989	-318.279019	35	1.0	0.0
19.3827	265.2098	-318.124325	35	1.0	0.151077006466
15.5817	256.6002	-317.570487	0	1.0	0.206077388329
14.1884	266.4136	-316.713001	5	1.0	0.0623703989357
13.8985	266.0204	-315.841357	5	1.0	0.576742500702
8.5287	274.3791	-315.164495	29	1.0	0.0
8.5341	274.388	-315.069832	29	1.0	0.0
10.3607	268.4951	-315.060718	31	0.690788089734	0.309211910266
8.5209	274.4006	-315.025574	29	1.0	0.0
8.5742	274.4471	-315.025504	29	0.804732302947	0.195267697053
8.6096	274.4616	-314.755343	29	0.757392673057	0.242607326943
8.5403	274.3941	-314.701737	29	1.0	0.0
10.3509	268.4614	-314.391514	31	1.0	0.0
8.62	274.2202	-314.23268	-1	0.0	0.50205754645
8.5963	274.3939	-314.209514	29	1.0	0.0
8.7478	274.2685	-314.063005	-1	0.0	0.536591011319
8.4936	274.221	-313.750536	-1	0.0	0.57686475135
13.8555	275.7483	-313.66071	-1	0.0	0.802076266236
19.3705	265.3145	-309.789491	35	0.979508260519	0.0204917394811
19.3276	265.27	-309.569348	35	0.986187856987	0.0138121430134
19.5025	265.3026	-309.13203	-1	0.0	0.268942343241
8.2861	261.0769	-303.33102	-1	0.0	0.165109835184
6.8949	260.436	-303.044795	19	1.0	0.166155056064
11.8007	268.5262	-298.961538	13	1.0	0.0
11.8215	268.4983	-298.862343	13	1.0	0.408796542565
11.8261	268.4753	-298.531115	13	1.0	0.498973170315
7.1696	261.1141	-293.466191	34	1.0	0.0
7.1731	261.1123	-293.342038	34	1.0	0.0
7.1398	261.0951	-293.282324	34	1.0	0.0
7.1413	261.0229	-293.250844	34	1.0	0.0
7.1403	261.0978	-293.219608	34	1.0	0.0237395334481
7.635	261.1091	-293.219534	-1	0.0	0.296336256568
7.11	261.0083	-293.166123	34	1.0	0.426657391376
7.1472	261.1403	-293.166121	34	0.793956678646	0.206043321354
7.1381	261.1659	-293.127579	34	0.693823933251	0.306176066749
7.1242	261.0688	-293.070453	34	1.0	0.336618052719
7.1197	261.0905	-293.070425	34	1.0	0.213668111843
7.1609	261.1772	-292.886559	34	0.876408592899	0.123591407101
10.0829	268.9954	-291.932691	28	1.0	0.0151988501129
6.9638	259.7359	-291.88116	20	0.144647918215	0.855352081785
10.0322	268.9418	-291.865603	28	0.843250124084	0.156749875916
9.6893	269.1053	-291.688857	26	0.624006725548	0.375993274452
10.66	268.7052	-288.562806	32	0.653770537359	0.346229462641
15.4161	256.4105	-282.470171	0	1.0	0.0
5.7276	259.8682	-280.696107	7	1.0	0.0
5.7668	259.9685	-280.694599	7	1.0	0.0
10.0593	268.9486	-274.924417	28	0.993503519796	0.00649648020388
14.1855	266.3714	-272.008112	5	1.0	0.116969611171
14.1097	266.3707	-271.639775	5	1.0	0.352343359798
7.0984	261.1019	-270.261027	34	0.809216510839	0.190783489161
7.1007	261.0827	-270.208479	34	0.938006348189	0.061993651811
7.1359	260.94	-270.155765	34	0.731336169572	0.268663830428
7.07	261.0965	-270.155738	34	0.562329108074	0.437670891926
7.0804	261.127	-270.130967	34	0.562329108074	0.437670891926
5.4674	259.0561	-267.57562	10	1.0	0.0
5.3314	259.0905	-267.539299	10	0.535251253774	0.464748746226
5.4111	258.9761	-267.479552	10	1.0	0.314447754852
10.5836	267.6497	-267.440062	6	0.664823428231	0.335176571769
9.7811	268.4573	-267.439435	-1	0.0	0.141341402561
5.3433	259.0078	-267.377989	10	1.0	0.282888699792
5.4172	259.0413	-267.344609	10	1.0	0.0301345518447
5.4081	258.9878	-267.302858	10	1.0	0.0
5.369	258.9969	-267.253092	10	1.0	0.0
5.4398	259.0812	-267.088399	10	1.0	0.0
5.3057	258.6813	-264.507738	11	0.789901364321	0.210098635679
5.1998	258.6339	-264.446797	11	0.439322357557	0.560677642443
5.4175	258.6164	-263.567646	11	0.312878563549	0.687121436451
6.6965	259.643	-263.140407	20	1.0	0.0
8.584	274.4093	-262.390537	29	0.92907105272	0.0709289472802
14.2018	266.4689	-260.460359	5	0.776054472349	0.223945527651
19.3588	265.1916	-259.908744	35	1.0	0.0
12.1305	269.5738	-259.876113	-1	0.0	0.0363516169102
19.3648	265.2678	-259.855377	35	1.0	0.0161885064847
14.1549	266.3182	-259.357552	5	1.0	0.112446116692
14.1559	266.3243	-259.127248	5	1.0	0.179368857601
14.1472	266.1199	-258.743996	5	1.0	0.295613907073
7.2475	261.171	-256.11939	34	0.969545447229	0.0304545527707
7.2165	261.066	-256.076103	34	1.0	0.332225337587
7.218	261.1656	-256.014713	34	1.0	0.343385001318
6.6371	258.8237	-255.829759	-1	0.0	0.246353010536
6.4867	275.4057	-255.164985	-1	0.0	0.45929048115
9.5105	269.8039	-250.632992	17	0.155909250129	0.844090749871
19.3935	265.2023	-249.475336	35	1.0	0.211210343881
15.5521	256.5228	-249.343586	0	1.0	0.45902395314
11.8313	268.4839	-247.947144	13	1.0	0.408796542565
7.0766	261.1425	-245.267111	34	0.448189768047	0.551810231953
13.9311	266.1185	-243.521871	5	1.0	0.0
6.9289	259.6556	-242.924481	20	0.157755844259	0.842244155741
10.3864	269.3745	-242.857914	21	0.591206439538	0.408793560462
10.3812	269.4222	-242.821647	21	1.0	0.0
10.3844	269.4262	-242.787483	21	1.0	0.0
10.3714	269.4127	-242.735587	21	1.0	0.0
10.362	269.41	-242.679942	21	1.0	0.0
11.4047	267.7445	-240.767018	6	0.21017464383	0.78982535617
15.408	256.3351	-239.780275	0	1.0	0.0
14.1808	266.1871	-235.238915	5	1.0	0.0776731788713
6.9352	260.2639	-235.21289	19	1.0	0.174646006171
6.9152	260.3173	-235.155685	19	1.0	0.00404422404618
6.9183	260.3279	-235.071704	19	1.0	0.0
6.8917	260.1657	-235.071689	19	1.0	0.244127920317
14.2125	266.2166	-234.848678	5	1.0	0.137307519104
14.1555	266.3111	-234.848656	5	1.0	0.0800532818617
9.7889	269.9494	-231.616089	17	1.0	0.0
13.4989	276.0462	-229.518615	-1	0.0	0.795284082456
6.1662	275.3125	-229.499085	-1	0.0	0.571886560259
8.2212	260.7293	-228.392348	15	0.911332168197	0.0886678318028
19.4287	265.2041	-226.843272	35	1.0	0.0
19.4193	265.2181	-226.660629	35	1.0	0.11992731166
19.4474	265.2657	-226.447407	35	0.74721352376	0.25278647624
11.7751	268.4305	-226.325148	13	0.456060338519	0.543939661481
11.7817	268.529	-226.215267	13	1.0	0.0532585438854
11.7979	268.514	-225.758882	13	1.0	0.282210401649
14.5241	266.0116	-218.509161	5	0.1982411769	0.8017588231
7.1511	261.0134	-217.896634	34	1.0	0.0524872495324
19.1061	264.9286	-217.691861	-1	0.0	0.482972595047
19.1324	265.1282	-217.6918	-1	0.0	0.479299905847
9.5329	269.9376	-216.01363	17	0.320963595072	0.679036404928
10.4164	269.4627	-208.242423	21	0.452526703222	0.547473296778
9.8109	269.9711	-205.594257	17	1.0	0.0807719409258
10.083	269.0182	-204.699967	28	1.0	0.104596024515
6.7057	259.6254	-203.152053	20	1.0	0.0
14.2035	266.3933	-202.514111	5	1.0	0.107396228756
14.173	266.1264	-202.438426	5	1.0	0.0136265520581
6.9286	260.1528	-198.76932	19	1.0	0.0
6.9379	260.1521	-198.683087	19	1.0	0.0
20.4739	264.6795	-193.5983	4	0.111511014532	0.888488985468
20.5533	264.5583	-193.598226	4	0.546716447991	0.453283552009
6.9456	260.2888	-190.814586	19	1.0	0.0754022878524
6.8837	260.4157	-190.777556	19	1.0	0.0
6.9189	260.2176	-190.731016	19	1.0	0.106932193862
8.5954	274.3671	-190.512506	29	0.800752304797	0.199247695203
7.1167	261.0321	-185.585539	34	1.0	0.158931366936
7.0948	261.0548	-185.484744	34	0.876851063885	0.123148936115
13.9337	266.1275	-185.306368	5	1.0	0.0406690544505
19.4182	265.2163	-182.361094	35	1.0	0.0233077778566
19.3855	265.3013	-182.307153	35	1.0	0.19063363295
14.1781	266.3941	-182.233033	5	1.0	0.0
9.5486	268.9765	-181.445995	-1	0.0	0.0791750812229
5.1659	258.0001	-180.205298	9	1.0	0.0
19.3349	265.2727	-173.742692	35	1.0	0.0
19.3413	265.3073	-173.742659	35	0.781514208246	0.218485791754
5.2822	258.7398	-172.044007	11	0.788857544083	0.211142455917
5.2962	258.657	-171.905413	11	0.77339119627	0.22660880373
5.2703	258.6227	-171.759823	11	0.661240185649	0.338759814351
15.5809	256.4498	-171.249286	0	1.0	0.528692798173
15.5198	256.4969	-170.992598	0	0.980353000294	0.579805764147
15.6213	256.6087	-170.921993	0	1.0	0.0
15.6158	256.598	-170.861456	0	1.0	0.0
14.2281	266.3524	-170.740632	5	1.0	0.0514878915089
7.2181	261.1504	-170.230565	34	1.0	0.412793710398
7.1403	260.9778	-170.23053	34	1.0	0.0
15.2602	256.3717	-170.144238	0	1.0	0.0327505116422
15.255	256.3708	-170.052763	0	1.0	0.0327505116422
15.2583	256.3916	-169.863393	0	1.0	0.215247163629
7.1214	261.0117	-169.637087	34	1.0	0.259912216993
15.419	256.4145	-167.605971	0	1.0	0.0
20.5214	264.5252	-161.29384	4	0.284936650013	0.715063349987
15.6331	256.7671	-160.980283	0	1.0	0.0
15.6655	256.7766	-160.767454	0	1.0	0.0
5.4308	259.042	-160.692797	10	0.969458174689	0.0305418253107
8.2573	260.8536	-160.529504	15	0.837257157011	0.162742842989
7.4895	275.7608	-157.161558	8	1.0	0.0
13.7736	266.31	-157.127168	5	0.238361898698	0.761638101302
14.1885	266.4004	-156.252084	5	1.0	0.0
14.1919	266.362	-155.919765	5	1.0	0.104587671725
9.4995	269.9217	-155.461087	17	0.266483940413	0.733516059587
13.9393	266.006	-155.071915	5	1.0	0.541957190185
7.4987	261.3781	-151.860797	25	0.725432300036	0.274567699964
9.8442	269.9788	-150.148245	17	1.0	0.175519155227
9.8304	269.9811	-150.102722	17	1.0	0.0
21.6831	262.8191	-149.158394	2	0.219715383264	0.780284616736
21.5012	262.8069	-149.146423	2	0.556725859922	0.443274140078
21.4401	262.7395	-149.094661	2	0.99235416456	0.00764583544009
21.4848	262.8148	-149.042665	2	0.493915512341	0.506084487659
14.1627	266.3695	-148.82674	5	1.0	0.0408868877818
6.4841	275.7132	-148.712578	23	0.677502984724	0.322497015276
6.5243	275.6607	-148.596818	23	0.732349563152	0.267650436848
6.4508	275.7005	-148.585755	23	0.953219500837	0.046780499163
6.4726	275.6861	-148.46228	23	1.0	0.0
16.1922	270.7096	-148.449823	1	1.0	0.0
6.4738	275.7363	-147.845836	23	0.677502984724	0.322497015276
7.0565	259.8255	-147.777947	-1	0.0	0.0588431588312
7.1865	261.1923	-146.487898	34	1.0	0.386395380121
7.1824	261.1002	-146.360489	34	1.0	0.129611032826
7.2421	261.1092	-146.24038	34	0.915940102294	0.084059897706
6.9092	260.308	-144.601968	19	1.0	0.0
6.975	260.3499	-144.557129	19	1.0	0.0449349977719
6.9018	260.3174	-144.509138	19	1.0	0.0526361881074
10.4837	267.7063	-143.880583	6	0.308298400559	0.691701599441
8.6981	274.5143	-142.654533	-1	0.0	0.161232478667
10.5868	267.5973	-139.874038	6	1.0	0.0
10.6241	267.5815	-139.477003	6	1.0	0.0
10.3294	268.444	-139.00517	31	0.937489730375	0.0625102696248
10.2675	268.5815	-138.34766	-1	0.0	0.0826121556943
20.5672	264.5875	-134.727206	4	0.552501281125	0.447498718875
7.2543	261.1098	-133.703487	34	0.768730678482	0.231269321518
7.0982	260.9752	-133.635595	34	1.0	0.0352004358132
5.3429	258.6988	-133.261107	11	0.577718346811	0.422281653189
11.5622	269.6153	-130.143545	14	1.0	0.0
11.5449	269.6157	-130.140248	14	1.0	0.0
11.5537	269.6546	-130.140202	14	1.0	0.0
11.5188	269.644	-130.067145	14	1.0	0.0
10.0314	269.0513	-129.848276	28	0.996142225398	0.00385777460195
6.9727	260.1573	-129.046749	19	1.0	0.269115109502
6.969	260.147	-129.003934	19	1.0	0.188839174998
8.8324	274.1376	-127.862658	-1	0.0	0.00335414466356
8.5752	274.5001	-127.862379	29	0.578819054091	0.421180945909
19.5756	264.9867	-126.807616	-1	0.0	0.469051809628
19.3921	265.2759	-126.807591	35	1.0	0.0898441222804
7.2746	261.2925	-126.058591	-1	0.0	0.0778301224977
19.3959	265.2166	-123.591854	35	1.0	0.151077006466
7.1092	261.3411	-122.166203	-1	0.0	0.22428259095
13.9423	266.1174	-118.365651	5	1.0	0.0
13.9042	265.9752	-118.244985	5	0.936979016768	0.0630209832323
10.0762	269.0488	-116.733362	28	1.0	0.180212662852
10.0186	268.9697	-116.637073	28	0.94682191426	0.0531780857399
8.8837	274.3095	-106.855385	-1	0.0	0.630065205927
8.6024	274.6115	-106.85511	30	1.0	0.0
11.8779	268.531	-104.956527	13	1.0	0.467047783927
11.8565	268.5468	-104.737279	13	1.0	0.333840673447
6.6552	259.5438	-104.271106	20	0.464239669927	0.535760330073
15.4021	256.4171	-103.810281	0	1.0	0.0
6.5274	275.6961	-103.71197	23	0.534935948583	0.465064051417
15.3881	256.3947	-103.691156	0	1.0	0.0
6.4934	275.6524	-103.653442	23	1.0	0.0119750541357
6.9385	260.2162	-103.648888	19	1.0	0.106932193862
10.4422	268.1282	-102.584711	-1	0.0	0.00277868114308
10.4402	268.1292	-102.525394	24	1.0	0.0
14.222	266.2925	-101.004469	5	1.0	0.0689798008056
14.1778	266.2872	-100.843538	5	1.0	0.333855592373
14.2422	266.3488	-100.843485	5	1.0	0.038958995091
9.6572	269.2653	-98.092677	26	0.481065909134	0.518934090866
10.3941	269.4336	-97.042204	21	0.72069907215	0.27930092785
10.9021	267.5473	-95.67788	6	0.260875288647	0.739124711353
19.3956	265.141	-95.484594	35	0.769860266959	0.230139733041
19.3631	265.1593	-95.361951	35	1.0	0.0669256236837
19.392	265.1762	-95.286814	35	0.97294979004	0.0270502099595
10.3921	268.3026	-94.398876	24	1.0	0.0
19.3088	265.1797	-94.135663	35	0.648153328644	0.351846671356
7.1977	261.0479	-93.695637	34	1.0	0.0780117472193
7.1762	261.0248	-93.601617	34	1.0	0.139302240547
14.1674	266.3949	-92.729339	5	1.0	0.0
8.5741	275.0516	-92.384375	16	1.0	0.0
8.5927	275.0045	-92.380546	16	0.847033706604	0.152966293396
8.6786	275.1226	-92.380461	16	0.389945790184	0.610054209816
8.5594	275.064	-92.283881	16	0.951377272164	0.0486227278362
8.616	275.09	-91.820765	16	0.752789829561	0.247210170439
6.9213	260.1562	-88.292788	19	1.0	0.0
5.2867	258.712	-86.176443	11	0.9233675272	0.0766324727998
5.2399	258.615	-86.088609	11	0.661240185649	0.338759814351
5.2776	258.7328	-85.900729	11	1.0	0.0
5.2586	258.7182	-85.616713	11	1.0	0.0
8.5746	274.6221	-84.783824	30	0.789569843261	0.210430156739
8.5728	274.5768	-84.67066	30	0.558590459685	0.441409540315
8.5734	274.6949	-84.580565	30	0.28424215313	0.71575784687
10.4815	268.9106	-82.945019	27	0.758821742377	0.241178257623
6.9699	260.3326	-78.868294	19	1.0	0.0706327873667
5.2388	258.4701	-78.686022	11	0.363315969506	0.636684030494
5.3012	258.5335	-78.572482	11	0.363315969506	0.636684030494
13.9542	266.0576	-77.832893	5	1.0	0.290552252221
20.5042	264.3411	-77.568916	4	0.059688096609	0.940311903391
20.5378	264.5468	-77.568903	4	0.458521162521	0.541478837479
13.9287	266.0783	-77.465903	5	1.0	0.0659638344803
15.6583	256.7636	-76.594304	0	1.0	0.0
15.6119	256.719	-76.550516	0	1.0	0.1739608912
11.7992	268.503	-74.836294	13	1.0	0.408796542565
8.5526	274.4463	-74.511402	29	0.804732302947	0.195267697053
6.8667	266.8917	-73.285944	3	0.532784582207	0.467215417793
8.5985	274.5744	-70.17388	30	0.594228160647	0.405771839353
7.4647	261.5326	-69.864068	25	0.757382110581	0.242617889419
7.283	261.1725	-69.864053	34	0.535123406186	0.464876593814
7.2706	261.2127	-69.735381	34	0.655330421894	0.344669578106
7.3302	261.2044	-69.382937	34	0.437510004294	0.562489995706
19.2979	265.1638	-69.188662	-1	0.0	0.0359282590231
19.3553	265.3151	-69.099219	35	0.847959027157	0.152040972843
19.1808	264.9699	-68.944153	-1	0.0	0.312695257121
19.3538	265.2822	-68.944115	35	1.0	0.192995890812
14.1958	266.2094	-68.710356	5	1.0	0.0
14.2739	266.3225	-68.642586	5	1.0	0.293533621445
14.1785	266.2404	-68.594832	5	1.0	0.00852529851623
14.083	266.42	-68.59479	5	0.82985933266	0.17014066734
19.3589	265.2445	-68.587662	35	1.0	0.0727264312328
6.9362	260.1953	-67.911263	19	1.0	0.0
6.4719	275.6732	-65.06069	23	0.946084264702	0.0539157352981
6.4476	275.6366	-65.02276	23	0.858020784682	0.141979215318
6.4887	275.6915	-64.786166	23	0.801562379623	0.198437620377
5.1019	259.3186	-64.548232	-1	0.0	0.267007174394
14.1963	266.4008	-58.218631	5	1.0	0.0
10.6531	268.6643	-58.166911	32	1.0	0.0
13.4264	275.8737	-51.951004	-1	0.0	0.788182538459
15.6013	256.5822	-48.121629	0	1.0	0.145878018979
15.6155	256.629	-47.937242	0	1.0	0.224994619402
15.5967	256.5965	-47.764893	0	1.0	0.0
14.1683	266.3175	-44.414839	5	1.0	0.0800532818617
15.637	256.7322	-42.318832	0	1.0	0.0107193173097
15.6732	256.7622	-42.264675	0	1.0	0.0
8.603	274.5616	-39.404283	30	0.467894014941	0.532105985059
11.8037	268.481	-38.590829	13	1.0	0.408796542565
10.4762	268.9541	-34.653528	27	1.0	0.0
19.4549	265.2416	-34.3686	35	1.0	0.0810804877641
19.4698	265.2388	-34.278243	35	0.829477937037	0.170522062963
19.4527	265.1978	-34.229765	35	1.0	0.0527534648113
19.4353	265.1747	-34.196129	35	1.0	0.111543849399
19.4615	265.1614	-34.167746	35	0.932219778561	0.067780221439
19.4299	265.2066	-34.034762	35	1.0	0.0
19.4486	265.1995	-33.901211	35	1.0	0.0782807137511
8.5817	274.9426	-33.116452	16	0.671737221371	0.328262778629
7.3115	260.8911	-33.076319	34	0.383884288429	0.616115711571
7.299	261.0519	-32.984224	34	0.396488541642	0.603511458358
14.1671	266.3522	-32.640096	5	1.0	0.0408868877818
14.1527	266.3062	-32.594389	5	1.0	0.0874942035686
10.9109	267.5334	-31.052257	6	0.260019268253	0.739980731747
7.0794	259.8087	-30.778766	19	0.173977440208	0.826022559792
10.1222	269.0393	-28.73391	28	0.860214966011	0.139785033989
10.0729	269.0306	-28.682479	28	1.0	0.0
10.0833	269.0556	-28.624762	28	1.0	0.072088131033
10.0353	269.007	-28.400738	28	0.980120729445	0.0198792705552
6.6091	258.7005	-27.116353	-1	0.0	0.280294272875
10.4418	268.8553	-25.743133	-1	0.0	0.0946437668364
10.5634	269.0512	-25.743112	27	0.532527307749	0.467472692251
10.5014	268.9689	-25.668416	27	0.960756803986	0.0392431960138
7.5013	259.5714	-24.82051	-1	0.0	0.285804149375
6.4747	275.6252	-22.934911	23	0.858020784682	0.141979215318
5.7436	257.8726	-19.742787	-1	0.0	0.0761250873881
21.4798	262.7571	-18.561448	2	1.0	0.0
21.4424	262.7055	-18.519567	2	0.680234551737	0.319765448263
6.6604	259.8344	-18.11904	-1	0.0	0.110801835034
6.7013	259.6422	-18.026236	20	1.0	0.0
8.5621	274.5805	-17.521339	30	0.472471492671	0.527528507329
8.7562	274.4128	-17.485418	-1	0.0	0.334632524684
8.603	274.6658	-17.403064	30	0.506115730481	0.493884269519
14.1926	266.3173	-15.789888	5	1.0	0.0
7.1634	261.0866	-15.55342	34	1.0	0.0
7.1004	260.9007	-15.553397	34	0.403060392302	0.596939607698
7.151	261.0779	-15.48763	34	1.0	0.0405692486957
7.067	260.9547	-15.454956	34	0.488574513004	0.511425486996
7.1904	261.1172	-15.349161	34	1.0	0.0
11.5482	269.5188	-7.860738	14	0.490460573912	0.509539426088
11.5903	269.6062	-7.857211	14	0.864059713961	0.135940286039
13.9445	265.9554	-6.74057	5	0.837722987287	0.162277012713
14.0042	266.1518	-6.740541	5	1.0	0.0554414178316
7.4898	275.7633	-0.585673	8	1.0	0.0
7.4793	275.7849	-0.415388	8	1.0	0.0
15.6624	256.7298	-0.325351	0	1.0	0.154863128801
15.5991	256.6899	-0.273358	0	1.0	0.20586369801
10.6092	268.6161	-0.051525	32	1.0	0.0
11.877	269.1124	7.4e-05	12	1.0	0.0
11.8567	269.1134	0.217736	12	1.0	0.0
5.7168	260.0415	0.554207	7	0.721520429908	0.278479570092
5.6636	259.9461	0.554211	7	1.0	0.0
6.9181	260.1035	2.032659	19	0.64098235721	0.35901764279
19.4222	265.1595	3.510553	35	1.0	0.201342134212
16.5485	271.3878	4.418882	1	1.0	0.0
14.1637	266.1954	6.052538	5	1.0	0.0
14.1794	266.2779	6.097309	5	1.0	0.0354229852266
14.1981	266.274	6.146076	5	1.0	0.00660658392542
5.3046	258.9193	7.547155	10	0.351602909438	0.648397090562
5.1431	258.9818	7.600507	10	0.258286861402	0.741713138598
5.4307	259.1057	8.31602	10	0.567014133353	0.432985866647
8.6187	274.5795	9.453825	30	0.467894014941	0.532105985059
8.5782	274.578	9.560994	30	0.594228160647	0.405771839353
8.5377	274.6288	9.653282	30	0.382790893607	0.617209106393
20.6128	264.6144	10.79622	4	0.695354618643	0.304645381357
6.9217	260.3405	12.501946	19	1.0	0.0
6.8879	260.2854	12.537719	19	1.0	0.0981030415928
6.9758	260.4468	12.565301	19	0.705494185652	0.294505814348
14.2129	266.3562	13.988671	5	1.0	0.0
10.0447	268.993	18.781979	28	1.0	0.0085493215382
10.0502	269.0198	18.848216	28	1.0	0.0
10.2156	268.8323	18.916488	-1	0.0	0.121821431159
10.0926	269.0057	19.011249	28	0.908315258613	0.091684741387
7.1938	261.0717	19.108619	34	1.0	0.0
7.1722	260.99	19.190704	34	0.925242722095	0.0747572779051
7.1571	261.0488	19.19075	34	1.0	0.0
7.2163	261.0889	19.233949	34	1.0	0.0515280103935
7.1813	260.9816	19.275674	34	0.789720431922	0.210279568078
7.2092	261.1333	19.328299	34	1.0	0.113078989024
7.1437	260.941	19.328314	34	0.7730542418	0.2269457582
7.2706	260.9123	19.412437	34	0.509465270363	0.490534729637
7.1741	260.9575	19.496044	34	0.714502162534	0.285497837466
10.4944	269.0155	20.550743	27	1.0	0.0
10.5013	269.0158	20.577835	27	1.0	0.0
21.4768	262.7591	22.894785	2	1.0	0.0
21.4812	262.7729	23.383867	2	1.0	0.0
14.2629	266.4129	26.724213	5	1.0	0.1439469464
19.3706	265.225	28.140517	35	1.0	0.0084755905514
19.3604	265.1936	28.207434	35	1.0	0.0
19.3999	265.2364	28.207481	35	1.0	0.0
19.3609	265.2236	28.217795	35	0.995687994859	0.0043120051414
9.0276	273.9877	28.952301	-1	0.0	0.38493157587
8.5566	274.4521	28.952734	29	0.804732302947	0.195267697053
14.032	266.2346	30.750666	5	0.67477686821	0.32522313179
14.1495	266.349	32.767603	5	1.0	0.0815043559155
14.1961	266.4583	32.83001	5	0.848402117916	0.151597882084
14.1736	266.3966	32.864579	5	1.0	0.0
20.6282	264.5123	34.538076	4	0.188216907536	0.811783092464
11.6296	267.8878	34.824402	6	0.190449718604	0.809550281396
14.166	266.2779	40.703133	5	1.0	0.0
15.4085	256.3001	41.321585	0	1.0	0.0221995329694
15.3818	256.2727	41.340431	0	1.0	0.450347948305
15.6247	256.337	41.358162	0	0.761166610296	0.673752391155
8.5691	274.558	41.726282	30	0.413887219383	0.586112780617
10.3546	268.4831	42.103028	31	1.0	0.0
7.0298	260.7616	42.859575	-1	0.0	0.041908101173
7.1503	261.0773	43.550031	34	1.0	0.0937571388879
7.1457	260.8969	43.550035	34	0.401198549858	0.598801450142
10.3904	269.1362	45.195884	27	0.47775497079	0.52224502921
11.8672	268.4154	45.956759	13	0.372416561821	0.627583438179
11.8192	268.5469	45.956829	13	1.0	0.33662160787
11.802	268.53	46.037511	13	1.0	0.0
6.3955	275.6166	47.154396	23	0.486391023683	0.513608976317
10.0258	269.0444	47.628059	28	1.0	0.1017102884
10.0449	268.9811	47.679116	28	1.0	0.0
10.0118	269.0603	48.036939	28	0.694977056285	0.305022943715
15.6693	256.6876	50.444249	0	1.0	0.0
15.7621	256.7612	50.444292	0	1.0	0.33174682348
8.6109	274.6046	57.414998	30	0.811064499226	0.188935500774
19.4394	265.1798	57.719962	35	1.0	0.197323831012
19.4452	265.1605	57.825965	35	1.0	0.111543849399
19.4386	265.2153	57.883988	35	1.0	0.0916297573654
19.4257	265.1949	57.964811	35	1.0	0.185948138589
14.202	266.2384	59.784932	5	1.0	0.187035527275
14.1976	266.3085	59.898766	5	1.0	0.0831426370696
7.15	261.0445	62.02345	34	1.0	0.00472328149065
7.1398	261.0639	62.023492	34	1.0	0.226462038051
7.2171	261.0971	62.125586	34	1.0	0.0503505400019
7.1531	261.0306	62.77687	34	1.0	0.0
6.9408	260.2252	66.727616	19	1.0	0.289958002351
6.9079	260.1617	66.77035	19	1.0	0.242105589188
9.9086	270.1406	71.658666	17	0.208384583724	0.791615416276
9.8035	270.038	71.778207	17	1.0	0.0
5.0558	258.1552	71.947783	9	1.0	0.0
5.0732	258.1488	72.003871	9	1.0	0.0
7.1824	261.0466	78.505483	34	1.0	0.0
7.1392	261.0146	79.133463	34	1.0	0.0
14.2605	266.3003	79.637516	5	1.0	0.105427347049
15.3579	256.4433	81.178349	0	1.0	0.254748560341
15.3558	256.4333	81.226842	0	1.0	0.155448551765
15.3375	256.3798	81.276397	0	1.0	0.0337723071081
11.8919	268.5273	81.857459	13	0.888865530105	0.111134469895
10.588	267.595	82.026791	6	1.0	0.0
10.5427	267.479	82.028604	6	0.28293585566	0.71706414434
7.5234	275.7621	86.124659	8	1.0	0.0
8.6019	274.6708	87.099537	30	0.506115730481	0.493884269519
8.5731	274.5932	87.186957	30	0.594228160647	0.405771839353
8.8643	274.3917	87.577594	-1	0.0	0.575190985005
6.3482	275.3104	88.078721	-1	0.0	0.45929048115
14.265	266.4202	90.180545	5	1.0	0.138251628615
9.6308	269.1909	92.015028	26	1.0	0.0
6.966	260.3752	92.130082	19	1.0	0.0449349977719
10.3318	268.4672	92.712293	31	1.0	0.0
10.3107	268.441	92.779798	31	0.754356750404	0.245643249596
6.5381	275.7261	92.882961	23	0.403247722764	0.596752277236
7.1918	261.0416	93.33992	34	1.0	0.0
10.6503	268.6727	93.452869	32	1.0	0.0
6.6815	259.5874	96.57633	20	0.781103452514	0.218896547486
6.6929	259.6027	96.637066	20	0.793597175078	0.206402824922
21.4655	262.7306	99.927165	2	1.0	0.0
5.3125	258.6475	103.076066	11	0.789901364321	0.210098635679
5.3442	258.6474	103.113712	11	0.584404231941	0.415595768059
5.2796	258.5851	103.139128	11	0.57427503805	0.42572496195
5.3297	258.5711	103.153909	11	0.606175790097	0.393824209903
14.1824	266.3282	108.393454	5	1.0	0.0
14.1802	266.1704	108.806696	5	1.0	0.16185546052
15.8752	256.4296	108.871338	0	0.466956193988	0.799855459155
15.6462	256.6962	108.871349	0	1.0	0.0
7.1603	261.0332	109.19735	34	1.0	0.043757864033
7.1791	261.0164	109.263738	34	1.0	0.0618839920997
7.1123	261.0349	109.330294	34	1.0	0.126484047836
10.3602	269.0751	109.968156	27	0.668165328419	0.331834671581
7.1128	261.0438	111.703252	34	1.0	0.158931366936
11.5793	269.5752	112.133896	14	1.0	0.0
19.4313	265.2116	114.403895	35	1.0	0.0
14.1701	266.2907	114.447763	5	1.0	0.195266739213
14.2614	266.3789	114.447817	5	1.0	0.0249554194876
19.4386	265.2576	114.654291	35	0.909687322326	0.090312677674
10.1466	269.0668	115.845432	28	0.684268512751	0.315731487249
10.3527	268.4591	118.820977	31	1.0	0.0
7.3494	275.3646	123.5052	8	1.0	0.0
14.2919	266.3697	127.022367	5	1.0	0.320696393882
20.5655	264.5775	127.23952	4	0.584762356279	0.415237643721
20.5689	264.5676	127.552442	4	0.584762356279	0.415237643721
10.3469	269.3553	128.656518	21	0.425077641099	0.574922358901
7.172	261.0134	130.327592	34	1.0	0.0
7.183	261.0058	130.372728	34	1.0	0.107279154941
7.3023	260.9303	130.428268	34	0.509465270363	0.490534729637
7.1983	261.0778	130.428348	34	1.0	0.0
7.1908	261.0491	130.529192	34	1.0	0.0
7.1969	261.0769	130.785968	34	1.0	0.0
7.2498	261.1446	130.969468	34	1.0	0.412793710398
10.2425	268.9305	132.208521	28	0.24055644222	0.75944355778
10.0098	268.9714	132.313923	28	1.0	0.0890947946375
6.9128	260.1738	133.760325	19	1.0	0.299569408349
15.6225	256.6115	136.484848	0	1.0	0.0
6.6677	259.6423	140.591203	20	0.712950114076	0.287049885924
6.4833	275.651	142.374788	23	1.0	0.0346453376825
6.2637	275.755	142.374789	-1	0.0	0.16899138775
6.295	275.8464	142.417917	-1	0.0	0.333853568704
6.4778	275.6523	142.476466	23	1.0	0.0
6.4001	275.5466	142.566594	23	0.34771167798	0.65228832202
15.247	256.3663	144.236968	0	1.0	0.0327505116422
14.3221	266.4251	145.150021	5	1.0	0.174382963008
14.3118	266.4764	145.330326	5	1.0	0.277125891229
8.6115	274.6045	145.696514	30	0.795363467286	0.204636532714
14.3125	266.4296	145.864709	5	1.0	0.0109962588997
19.4524	265.2393	147.253423	35	1.0	0.0116727724437
19.4323	265.1806	147.464824	35	1.0	0.0864256904094
19.4315	265.2314	147.509773	35	1.0	0.102183928799
19.2606	265.2193	148.847978	-1	0.0	0.357292557316
19.1868	265.2322	148.991458	-1	0.0	0.00379831462412
14.1792	266.2737	149.242963	5	1.0	0.0
5.7015	259.9954	149.313487	7	1.0	0.0
19.1979	265.2355	149.777932	-1	0.0	0.564027966309
11.9021	268.7337	150.469015	13	0.337276454786	0.662723545214
8.1881	274.0006	151.023836	-1	0.0	0.412685691936
14.2029	266.223	151.04488	5	1.0	0.0
14.1865	266.1992	151.101003	5	1.0	0.0
14.1613	266.2194	151.475134	5	1.0	0.00825665656983
11.8528	268.6285	151.732122	13	1.0	0.0643296481838
8.3997	270.7764	152.137038	-1	0.0	0.631165541114
9.6228	269.1344	152.13713	26	1.0	0.0
9.994	268.9911	154.538848	28	0.866213284064	0.133786715936
7.2425	260.9464	154.624082	34	0.509465270363	0.490534729637
7.187	261.1612	154.624101	34	1.0	0.38511295497
7.1234	261.0387	154.889985	34	1.0	0.0113000777197
7.1732	261.093	154.957044	34	1.0	0.105692877643
20.6045	264.6122	155.053009	4	0.780145152694	0.219854847306
6.9952	266.8625	157.092572	3	0.571390049649	0.428609950351
6.9333	266.8255	157.094974	3	0.372488033059	0.627511966941
6.6528	267.1591	157.09872	3	0.102517415465	0.897482584535
7.0727	266.92	157.521009	3	0.479465413588	0.520534586412
14.02	266.1246	158.43478	5	1.0	0.306904618685
6.9144	260.2968	161.038577	19	1.0	0.0
6.8936	260.2166	161.131786	19	1.0	0.409215886883
6.8923	260.2083	161.159659	19	1.0	0.402537339382
10.5965	268.6788	161.437895	32	0.962140040311	0.0378599596888
6.8637	259.9823	162.858943	19	0.257517228687	0.742482771313
9.8254	269.9652	169.543623	17	1.0	0.0777713760795
9.8179	269.996	169.678802	17	1.0	0.0
9.8032	269.8782	169.742212	17	0.503628209021	0.496371790979
9.7618	269.8937	169.768451	17	0.641422927549	0.358577072451
13.9472	266.1609	170.293146	5	1.0	0.0
11.8728	268.6048	172.317235	13	1.0	0.0248384376261
15.5956	256.5681	172.443149	0	1.0	0.46323667227
19.7625	265.1918	172.856582	18	1.0	0.0
14.2685	266.2279	175.406872	5	1.0	0.352963908309
19.5996	264.9709	178.526115	-1	0.0	0.00654304169808
19.5005	265.1553	178.526164	35	0.767428728131	0.232571271869
19.7714	265.2312	178.526329	18	1.0	0.0
19.4788	265.1669	178.768206	35	0.94707527304	0.0529247269603
7.3595	261.0065	179.580392	34	0.242079979064	0.757920020936
20.6049	264.6021	182.449761	4	0.846610405422	0.153389594578
14.2128	266.3061	182.965404	5	1.0	0.0113605745708
14.1888	266.3263	183.603953	5	1.0	0.0767106438797
14.1556	266.1517	183.843302	5	1.0	0.0
9.6048	269.1526	184.379903	26	1.0	0.0
10.5136	268.9654	185.43767	27	0.884151292019	0.115848707981
8.2535	260.7877	187.252382	15	1.0	0.0
8.2452	260.8059	187.297095	15	1.0	0.0
8.2742	260.7335	187.307677	15	1.0	0.0
8.2501	260.7278	187.387375	15	0.956795996634	0.0432040033658
8.2208	260.9625	187.447704	15	0.351374953083	0.648625046917
6.4029	275.5005	187.518962	23	0.203409639029	0.796590360971
8.308	260.6091	187.56667	15	0.439635598139	0.560364401861
8.2701	260.7846	187.566693	15	1.0	0.0
8.2793	260.6862	187.709372	15	1.0	0.0
8.5829	274.6217	190.635598	30	1.0	0.0
11.8878	268.6326	191.546579	13	1.0	0.0
10.0603	268.9867	193.065712	28	1.0	0.0
10.05	269.0186	193.173248	28	1.0	0.0740156213776
10.062	269.0259	193.337734	28	1.0	0.0
10.0169	268.8962	193.5059	28	0.411710625136	0.588289374864
7.1457	261.0443	197.050808	34	1.0	0.0
15.6882	256.6056	197.093292	0	1.0	0.493480334202
19.4437	265.1721	198.792001	35	1.0	0.0864256904094
19.4852	265.261	198.792045	35	0.711831493554	0.288168506446
19.5389	265.2029	198.84115	-1	0.0	0.0161351725095
6.9465	260.2438	198.853016	19	1.0	0.502618062826
19.3616	265.163	198.900896	35	1.0	0.0696126047169
19.4211	265.2323	198.951874	35	1.0	0.0440332861966
19.4445	265.2106	199.022414	35	1.0	0.0
19.5934	265.0326	199.022421	-1	0.0	0.462486486725
19.4277	265.2441	199.552011	35	1.0	0.174969348153
7.5215	261.4759	199.741462	25	1.0	0.0
7.509	261.3749	199.868795	25	0.769380818437	0.230619181563
13.9097	266.0847	203.566133	5	1.0	0.0220499312931
15.5199	256.3943	205.215901	0	1.0	0.501999000584
14.9372	256.7631	206.278874	0	0.206285766037	0.911582777019
14.2163	266.3388	206.650639	5	1.0	0.226926631358
14.2076	266.3169	206.675917	5	1.0	0.0356132567525
14.2055	266.3364	206.772994	5	1.0	0.0423004617271
13.8908	266.5878	206.773106	5	0.195131304809	0.804868695191
14.2297	266.3571	207.4344	5	1.0	0.0338674847312
7.1253	261.1228	207.465051	34	0.726455191533	0.273544808467
8.5211	275.0186	211.093447	16	0.74915195108	0.25084804892
8.4991	275.0022	211.134768	16	0.61427395264	0.38572604736
8.5209	275.0404	211.137829	16	0.731985047397	0.268014952603
8.5022	274.9917	211.195666	16	0.612550677507	0.387449322493
15.6051	256.685	213.664388	0	1.0	0.077292568014
15.6948	256.724	213.772389	0	1.0	0.0107193173097
11.5963	269.5552	214.256607	14	0.70552505406	0.29447494594
6.9148	260.3952	220.137406	19	1.0	0.0665374498075
7.2705	260.9377	220.893712	34	0.509465270363	0.490534729637
20.52	264.384	221.622552	4	0.0779224534731	0.922077546527
20.5868	264.6068	221.622606	4	0.695354618643	0.304645381357
5.6592	259.8762	222.293758	7	1.0	0.0
8.6637	274.6658	223.684226	30	0.320087953917	0.679912046083
8.6268	274.6773	224.054924	30	0.506115730481	0.493884269519
8.6054	274.6982	224.16464	30	0.333684736971	0.666315263029
9.6495	269.2009	226.311467	26	1.0	0.0
15.6306	256.6076	227.475487	0	1.0	0.0
6.5161	275.5866	230.020039	23	0.42685377892	0.57314622108
6.4467	275.6574	230.068917	23	1.0	0.0
6.3471	275.5331	230.18099	23	0.230124482202	0.769875517798
6.6841	259.5802	231.16759	20	0.793597175078	0.206402824922
6.6716	259.6153	231.225768	20	0.888878390551	0.111121609449
13.968	266.1584	232.837691	5	1.0	0.0
9.7959	270.0502	238.21573	17	1.0	0.0
10.1681	269.678	238.341033	-1	0.0	0.305698664757
9.812	270.0464	238.341356	17	1.0	0.0
9.8234	270.0562	238.427448	17	1.0	0.133028637057
9.7993	270.0793	238.552378	17	0.614571273932	0.385428726068
19.4264	265.224	240.126595	35	1.0	0.0
11.8513	268.6273	240.622094	13	1.0	0.100777115526
11.8852	268.6346	241.333554	13	1.0	0.0
15.6848	256.7583	241.805163	0	1.0	0.0
11.9005	268.5097	241.943399	13	0.587558768931	0.412441231069
11.9716	268.5876	241.943462	13	0.666243610319	0.333756389681
20.6543	264.6182	244.868632	4	0.438172141697	0.561827858303
7.1815	261.1233	245.926073	34	1.0	0.0328632401192
7.1465	261.0788	245.928873	34	1.0	0.156198685777
7.1846	261.1131	245.97086	34	1.0	0.0
7.1934	261.0761	246.029298	34	1.0	0.0
7.1146	260.968	246.679442	34	1.0	0.0
7.3363	260.8475	246.893182	33	1.0	0.0
7.3539	261.1357	247.375824	34	0.401777308086	0.598222691914
11.1191	269.6067	249.647912	14	0.195055264102	0.804944735898
19.4764	265.1223	250.103465	36	1.0	0.0
19.4708	265.1166	250.756	36	1.0	0.0
10.0375	268.9687	250.809329	28	1.0	0.0
6.6295	262.5994	255.753941	-1	0.0	0.604522635152
14.2614	266.1118	257.192764	5	0.848747447626	0.151252552374
9.7941	269.9466	257.68493	17	1.0	0.0
10.4375	269.2224	259.33848	21	0.140829832311	0.859170167689
10.4553	269.2165	259.37945	-1	0.0	0.0173529822462
10.3108	269.3817	259.447571	21	0.537780353209	0.462219646791
10.6186	268.8332	259.865369	-1	0.0	0.297115572605
15.4477	256.3215	260.143532	0	1.0	0.0
15.4458	256.306	260.196829	0	1.0	0.0904039152932
6.4263	275.6158	260.438809	23	0.685422890638	0.314577109362
6.5983	275.5585	260.493128	-1	0.0	0.0447763436951
13.9429	266.145	261.274359	5	1.0	0.0309061867301
20.5368	264.3713	263.680775	4	0.0713953153228	0.928604684677
20.5695	264.5962	263.680789	4	0.584762356279	0.415237643721
19.7125	265.2577	264.465269	18	1.0	0.0
19.706	265.265	264.516052	18	1.0	0.0
19.5729	265.0162	264.853067	-1	0.0	0.302052282531
19.5125	265.2968	264.853129	-1	0.0	0.305064307496
19.3774	265.2295	264.967438	35	1.0	0.0611790746063
19.4	265.1907	265.144096	35	1.0	0.109916818818
8.6176	274.6188	266.695051	30	0.864301007503	0.135698992497
7.2021	261.0857	267.180892	34	1.0	0.0515280103935
7.2207	261.1259	267.24086	34	1.0	0.34777023668
9.5353	269.9227	269.035688	17	0.320963595072	0.679036404928
14.3064	266.1779	269.329558	5	0.692119586749	0.307880413251
11.3059	267.7012	272.640027	6	0.184561138072	0.815438861928
7.2491	261.1885	274.564203	34	0.873212779375	0.126787220625
6.427	275.5603	274.650646	23	0.308564381239	0.691435618761
6.7125	259.5701	276.186058	20	0.781103452514	0.218896547486
6.7524	259.6417	276.218353	20	0.636162460864	0.363837539136
10.5715	267.6013	276.814766	6	1.0	0.0
9.1796	260.1439	280.98775	-1	0.0	0.386653654628
7.188	261.0801	281.409938	34	1.0	0.0
10.3424	268.2639	281.853474	24	1.0	0.0
7.1882	261.068	282.09043	34	1.0	0.122232157505
7.1857	261.1003	282.090455	34	1.0	0.0283983131289
8.6072	274.618	282.479953	30	1.0	0.0
8.6391	274.6254	282.663104	30	0.516237039105	0.483762960895
8.5954	274.627	282.733243	30	0.789569843261	0.210430156739
19.5241	265.2052	283.453883	-1	0.0	0.0823183611451
19.4346	265.0855	283.483424	36	1.0	0.130232636302
19.4469	265.2369	283.51007	35	1.0	0.13672533882
19.441	265.2051	283.55732	35	1.0	0.0
19.4157	265.311	283.630172	35	0.957551961884	0.0424480381162
9.8416	269.9772	284.866856	17	1.0	0.0874983304736
9.7884	269.9492	284.895191	17	1.0	0.0
9.805	269.9659	284.928658	17	1.0	0.101562286586
8.3163	274.6024	284.994106	-1	0.0	0.543777984624
14.2053	266.2153	285.072105	5	1.0	0.18025240384
20.6423	264.5939	288.847087	4	1.0	0.0
20.6428	264.5926	288.949342	4	1.0	0.0
11.8694	268.4271	289.503293	13	0.445728515032	0.554271484968
11.8532	268.5487	290.153646	13	1.0	0.333840673447
11.91	268.5891	290.530485	13	1.0	0.0
13.8968	266.0937	292.858926	5	1.0	0.121838289428
7.1647	261.0515	296.976791	34	1.0	0.0
7.1952	261.0458	296.99932	34	1.0	0.0
7.4041	260.9086	297.062204	34	0.248724839295	0.751275160705
7.1828	261.1529	297.062304	34	1.0	0.413252314859
7.2455	261.2042	298.189949	34	0.759669184709	0.240330815291
19.4516	265.0364	301.149017	-1	0.0	0.151475233
19.4786	265.0419	301.149064	-1	0.0	0.0831865542523
19.5042	264.8663	301.328337	-1	0.0	0.467854446957
19.4962	265.0327	301.328379	-1	0.0	0.245799981865
14.1139	266.2009	304.706697	5	1.0	0.391564626134
13.9679	266.041	306.509953	5	1.0	0.541957190185
15.6545	256.7267	309.935704	0	1.0	0.0950047027201
7.1774	260.649	311.699946	-1	0.0	0.313151980819
7.1589	261.2494	315.476447	34	0.291566889671	0.708433110329
20.6516	264.5878	316.768525	4	1.0	0.0
19.4448	265.0804	318.548938	36	1.0	0.0
19.7546	265.1892	318.549131	18	1.0	0.0
19.4608	265.1283	318.664876	36	0.846187985883	0.153812014117
19.4583	265.086	318.664926	36	1.0	0.0
9.779	269.9767	318.78046	17	0.98671226607	0.0132877339299
19.4101	265.2281	320.233384	35	1.0	0.0
19.4017	265.2402	320.397477	35	1.0	0.069781166849
19.353	265.1888	320.441945	35	1.0	0.0
19.3619	265.1586	320.509203	35	1.0	0.118110828641
14.2854	266.4573	320.553209	5	1.0	0.0357586313558
19.3723	265.2169	320.626966	35	1.0	0.151077006466
7.3106	261.1954	320.823811	34	0.649777537482	0.350222462518
7.273	261.4614	320.899716	-1	0.0	0.0541042496769
7.3634	261.2801	320.957214	-1	0.0	0.0874518453973
7.2916	261.1254	321.302206	34	0.802213918577	0.197786081423
19.359	265.1793	321.356696	35	1.0	0.0611341668014
19.1332	265.2106	322.453495	-1	0.0	0.514058818513
7.1921	261.0328	323.174771	34	1.0	0.237787034756
7.7606	260.5788	323.243754	-1	0.0	0.181407203907
7.1765	261.0866	323.244037	34	1.0	0.221114025472
7.1827	260.9548	323.340661	34	0.649266206529	0.350733793471
14.1899	266.1476	324.831972	5	1.0	0.0
6.4369	275.6187	325.427732	23	0.795521458987	0.204478541013
10.1259	268.9704	326.888393	28	0.686891098117	0.313108901883
10.09	268.9713	326.92043	28	1.0	0.100932780119
8.278	260.893	328.249632	15	0.52177667018	0.47822332982
5.2726	258.3375	329.216241	11	0.143256168941	0.856743831059
5.1886	258.4137	330.211361	11	0.240022757919	0.759977242081
11.8842	268.6335	331.040948	13	1.0	0.0
14.2123	266.155	331.63771	5	1.0	0.000487497326865
20.6317	264.5885	339.326957	4	1.0	0.0
7.5687	261.3268	339.528961	25	0.585789907157	0.414210092843
10.4399	269.4045	339.949991	21	0.578048479283	0.421951520717
7.2236	261.1419	342.990422	34	1.0	0.259480263028
14.1761	266.271	343.025905	5	1.0	0.0
14.1923	266.3607	343.131731	5	1.0	0.0465550612417
14.2171	266.3609	343.229057	5	1.0	0.0
15.6727	256.7026	345.395137	0	1.0	0.0
9.7319	269.8934	348.752077	17	0.445439700914	0.554560299086
15.8197	256.5911	348.936945	0	0.713985678558	0.693974857504
10.0744	268.9762	349.764899	28	1.0	0.0
10.0497	268.8609	349.849074	28	0.259554249694	0.740445750306
10.71	268.5448	356.510844	32	0.82937295407	0.17062704593
10.6995	268.578	356.957945	32	1.0	0.0
15.4428	256.2494	358.433324	0	1.0	0.557564410123
8.5662	274.616	358.480726	30	0.568644556576	0.431355443424
8.6997	274.5581	358.532071	30	0.186883268874	0.813116731126
8.6127	274.6362	358.532151	30	0.521308887621	0.478691112379
15.4447	256.3268	358.651862	0	1.0	0.0221995329694
6.9297	260.1787	362.04845	19	1.0	0.0
6.8744	260.2871	362.955831	19	1.0	0.100172427656
20.6223	264.5962	363.471256	4	1.0	0.0
10.8867	267.5843	363.561098	6	0.260875288647	0.739124711353
6.5214	275.1667	364.857981	-1	0.0	0.654288792258
7.1849	261.1101	366.404542	34	1.0	0.0
7.1513	261.0883	366.486315	34	1.0	0.0
6.8407	261.3796	366.529826	-1	0.0	0.401865333959
7.1652	261.0546	366.590565	34	1.0	0.0
7.16	261.0359	366.649427	34	1.0	0.0
7.2241	261.0872	366.804267	34	1.0	0.107988621015
7.2448	260.9183	367.171338	34	0.509465270363	0.490534729637
7.1097	260.9598	367.328828	34	1.0	0.0555035029438
7.1559	261.0148	367.542967	34	1.0	0.0
7.1646	261.0604	367.746829	34	1.0	0.0
19.4726	265.1077	370.649989	36	1.0	0.0
6.7452	259.6749	371.509338	20	0.357948487988	0.642051512012
6.6916	259.5616	371.509343	20	0.712360969055	0.287639030945
6.6993	259.4331	371.530634	20	0.132686421507	0.867313578493
14.172	266.3305	375.293911	5	1.0	0.116779270909
9.8212	269.9589	377.916327	17	1.0	0.193263759746
10.2575	268.4667	379.077879	31	0.455982893176	0.544017106824
21.4726	262.7069	380.915737	2	0.580367343023	0.419632656977
7.0732	266.7444	381.967807	3	0.16381196743	0.83618803257
11.9066	268.6567	384.149141	13	1.0	0.473857094007
11.8616	268.561	384.186833	13	1.0	0.411429407155
11.8991	268.6331	384.211071	13	1.0	0.0
11.8446	268.6298	384.277397	13	1.0	0.246614539985
10.045	268.9497	385.670713	28	1.0	0.0
14.013	265.2694	385.750349	5	0.0663656211663	0.933634378834
14.0044	265.2428	385.786319	5	0.063740380386	0.936259619614
14.6497	265.3603	385.786651	5	0.0650393748348	0.934960625165
10.0281	268.9292	386.083244	28	0.680747626702	0.319252373298
20.6536	264.5602	387.997914	4	0.398698387515	0.601301612485
20.6253	264.6209	388.154916	4	0.506649578323	0.493350421677
15.6371	256.695	390.694914	0	1.0	0.0
7.3346	261.1243	396.47459	34	0.525277490492	0.474722509508
7.153	261.093	402.91038	34	1.0	0.0
7.1557	261.0665	402.990575	34	1.0	0.00706740453505
7.1335	261.0511	403.408269	34	1.0	0.176155293075
10.6562	268.6067	403.939979	32	1.0	0.0
13.431	275.8523	404.071493	-1	0.0	0.787845962876
5.2268	258.4084	412.549147	11	0.256929315548	0.743070684452
13.9244	266.1049	413.125173	5	1.0	0.0
19.4532	265.0754	416.068798	36	1.0	0.0
15.6388	256.4526	416.216733	0	0.893710040301	0.616942257181
7.1809	261.046	419.890087	34	1.0	0.0
8.6031	275.0321	420.619447	16	1.0	0.0
8.6171	275.2203	420.619535	16	0.183071360027	0.816928639973
8.6098	275.0566	420.720405	16	1.0	0.0
8.6115	275.0561	420.737483	16	1.0	0.0
8.6214	275.0597	420.776904	16	1.0	0.0
11.9078	268.631	421.848123	13	1.0	0.130523286431
11.8927	268.6417	421.883914	13	1.0	0.130403396411
11.8819	268.5488	421.961823	13	1.0	0.353350542475
19.2309	265.6164	427.173018	-1	0.0	0.739447602005
9.6811	270.0412	430.505471	17	0.30925367684	0.69074632316
9.8251	269.8941	430.508729	17	0.501524221925	0.498475778075
10.5068	269.7904	430.508885	-1	0.0	0.088705888205
9.8319	270.0258	430.602682	17	1.0	0.323008410399
9.7999	269.9534	430.655557	17	1.0	0.0
7.5106	261.3935	431.874773	25	1.0	0.0
6.965	260.2186	432.081015	19	1.0	0.472273446162
14.1723	266.3041	435.453591	5	1.0	0.182050699106
14.1927	266.1961	435.658074	5	1.0	0.0
14.2147	266.3321	435.76707	5	1.0	0.0769016457042
14.1727	266.1589	435.896707	5	1.0	0.0
6.6885	259.5739	438.283402	20	0.793597175078	0.206402824922
8.8072	274.1499	440.505638	-1	0.0	0.646682165787
8.4581	274.2617	440.505844	-1	0.0	0.47025658686
8.4392	274.3707	440.872644	29	0.60141570979	0.39858429021
8.4427	274.2945	440.990723	-1	0.0	0.369572005662
11.9145	268.589	443.54605	13	1.0	0.0121657611285
11.8907	268.5903	443.581509	13	1.0	0.0
11.9002	268.6585	443.616196	13	1.0	0.329565272563
12.2398	268.2703	443.679727	-1	0.0	0.227833873207
11.9014	268.6636	443.679947	13	1.0	0.0551009950077
11.8669	268.6253	443.8665	13	1.0	0.245465067654
19.5743	265.1986	444.296539	-1	0.0	0.288275677826
19.5921	265.2061	444.296576	-1	0.0	0.432427750274
9.6372	269.1823	444.801033	26	1.0	0.0
9.6305	269.2568	444.809316	26	0.560927961804	0.439072038196
9.5977	269.1336	444.863242	26	1.0	0.0
9.6281	269.1963	444.928163	26	1.0	0.0
9.6027	269.1201	445.164742	26	1.0	0.0
15.6575	256.658	445.765409	0	1.0	0.0337344807684
15.6223	256.6511	445.93904	0	1.0	0.496177234867
14.1633	266.2387	447.361162	5	1.0	0.0196233979335
20.6583	264.5909	447.750379	4	0.870574815689	0.129425184311
20.6831	264.6602	447.872658	4	0.172654774848	0.827345225152
5.6912	259.8439	448.464216	7	0.929585594755	0.0704144052448
7.209	261.1312	448.623923	34	1.0	0.0797883599431
7.1737	261.0625	448.66167	34	1.0	0.0
6.9254	260.203	449.359089	19	1.0	0.106932193862
7.2066	261.1536	449.76274	34	1.0	0.311765505598
9.506	269.9421	450.819309	17	0.320963595072	0.679036404928
19.3888	265.164	453.42852	35	1.0	0.0669256236837
10.3666	269.4029	454.116469	21	1.0	0.0
10.3358	269.3982	454.303281	21	0.891696896479	0.108303103521
11.9029	268.5824	457.772399	13	1.0	0.0
11.8998	268.6246	459.537586	13	1.0	0.0708179428655
11.8794	268.5832	459.608753	13	1.0	0.0726835299968
6.4214	275.7205	459.683898	23	0.644708339878	0.355291660122
6.4538	275.6429	459.748997	23	1.0	0.0453202577684
6.4202	275.6923	459.781354	23	0.919379894138	0.0806201058619
6.4305	275.6616	459.87612	23	1.0	0.0
6.4384	275.6714	460.054649	23	0.948035809216	0.0519641907839
13.9281	266.1052	460.265046	5	1.0	0.0
13.952	266.1185	460.265081	5	1.0	0.0
8.6171	274.6545	460.778479	30	0.506115730481	0.493884269519
8.6016	274.5965	460.843556	30	0.619675148812	0.380324851188
9.8511	270.1141	463.554735	17	0.326916886998	0.673083113002
9.7999	269.9589	463.646315	17	1.0	0.12061263478
14.2472	266.203	464.204007	5	1.0	0.170885812044
7.1682	260.9268	464.450414	34	0.601501135908	0.398498864092
7.2123	261.0203	464.53577	34	0.928785697291	0.0712143027088
19.3917	265.1548	464.598443	35	1.0	0.149705276365
19.4899	265.1163	464.678247	36	1.0	0.0584885219649
7.1403	261.2477	465.300628	34	0.288627760269	0.711372239731
7.1886	261.0069	465.391445	34	1.0	0.290753700759
7.4906	259.4534	465.949068	-1	0.0	0.416143700358
7.4205	259.2657	465.949138	-1	0.0	0.434410707555
14.1667	266.3256	466.446	5	1.0	0.0
14.2242	266.3598	466.538508	5	1.0	0.0
14.1853	266.2443	466.607032	5	1.0	0.00852529851623
14.2292	266.389	466.667639	5	1.0	0.0249554194876
14.1889	266.1416	466.729346	5	1.0	0.0
14.2141	266.3667	466.729386	5	1.0	0.308503146382
5.4779	259.6738	467.641099	7	0.420575244109	0.579424755891
6.9481	260.1568	468.916435	19	1.0	0.117425343319
20.5551	264.558	470.610935	4	0.57331554709	0.42668445291
15.6552	256.6131	471.252304	0	1.0	0.0555535235667
8.4737	274.3851	475.897724	29	1.0	0.0
11.8989	268.639	477.336646	13	1.0	0.0325062143059
11.546	267.8944	478.677328	6	0.21017464383	0.78982535617
5.2587	258.4853	479.372021	11	0.363315969506	0.636684030494
5.2665	258.5064	479.425824	11	0.363315969506	0.636684030494
5.2339	258.4271	479.465248	11	0.321763047472	0.678236952528
13.9194	265.9518	479.795461	5	0.769490511736	0.230509488264
13.8856	266.0665	480.310486	5	1.0	0.308295438651
5.2565	258.5183	480.579723	11	0.363315969506	0.636684030494
11.7955	268.5225	480.877462	13	1.0	0.0
11.9472	268.5285	481.634897	13	0.605360092448	0.394639907552
7.2151	260.7314	481.725973	33	1.0	0.0
7.2349	260.7928	482.17062	33	1.0	0.0
7.1954	260.7684	482.205226	33	1.0	0.0
7.1982	260.6602	482.878901	-1	0.0	0.20828759372
6.9214	260.4186	484.292972	19	1.0	0.0480160787396
6.9453	260.152	484.292973	19	1.0	0.0
6.9874	260.25	484.409209	19	0.870994064628	0.129005935372
9.5939	269.1235	485.167138	26	1.0	0.0
11.8707	268.6915	489.468164	13	0.651662550165	0.348337449835
6.4403	274.3469	489.931383	-1	0.0	0.425118803768
9.7973	269.919	493.544895	17	0.674710996312	0.325289003688
10.4605	268.5662	496.32132	31	0.220019605152	0.779980394848
11.916	268.6292	497.01128	13	1.0	0.155590154318
11.9103	268.6989	497.093217	13	0.664304021031	0.335695978969
7.3335	261.2039	498.076714	34	0.430727373955	0.569272626045
7.3413	261.076	498.189873	34	0.435804550433	0.564195449567
7.3173	261.1287	498.212273	34	0.643920180672	0.356079819328
6.4887	275.6733	499.747379	23	1.0	0.0
6.4223	275.6917	499.878998	23	0.953219500837	0.046780499163
6.4714	275.6649	499.984304	23	1.0	0.0
6.4421	275.7407	500.03735	23	0.624864770239	0.375135229761
6.5218	275.6486	500.255906	23	0.821616456375	0.178383543625
19.4508	265.081	500.44961	36	1.0	0.0
19.4016	265.1543	500.538145	35	1.0	0.0669256236837
19.4448	265.0814	500.624941	36	1.0	0.0
19.4952	265.1785	500.624985	35	0.724963413109	0.275036586891
7.5398	261.4346	501.953458	25	1.0	0.0
7.5595	261.5004	502.195871	25	0.953767967559	0.0462320324411
7.525	261.398	502.240187	25	1.0	0.0
14.1425	266.3083	504.582376	5	1.0	0.142017649419
7.9178	260.7252	505.888312	15	0.331148738906	0.668851261094
7.2683	261.1397	505.888639	34	0.769039936937	0.230960063063
13.88	266.0372	507.742955	5	1.0	0.409375772868
13.9769	266.1816	511.094035	5	1.0	0.324256703925
8.5399	273.8519	511.47369	-1	0.0	0.461710760504
20.6562	264.5783	511.994525	4	0.688584970499	0.311415029501
20.6375	264.5991	512.054928	4	0.997043787814	0.00295621218621
12.3338	268.1994	512.430541	-1	0.0	0.107629685381
11.885	268.6266	512.430788	13	1.0	0.0
11.8852	268.6203	512.495039	13	1.0	0.245465067654
7.1714	261.0552	517.025968	34	1.0	0.0
7.1609	261.0112	517.122024	34	1.0	0.053467308068
7.1459	261.0407	517.122066	34	1.0	0.0
7.1316	260.9755	517.153487	34	1.0	0.0
13.9134	266.1472	519.777484	5	1.0	0.414105136974
13.847	266.0896	520.067047	5	1.0	0.474860306722
20.6371	264.5716	523.672189	4	0.61321808952	0.38678191048
9.8286	270.0036	525.042151	17	1.0	0.354380085389
9.7988	269.9558	525.175095	17	1.0	0.0
9.821	269.9952	525.259614	17	1.0	0.0
14.1789	266.1316	527.450254	5	1.0	0.0
8.6025	274.6527	527.861145	30	0.506115730481	0.493884269519
19.4669	265.1019	527.986101	36	1.0	0.220079680272
19.4951	265.1058	527.986143	36	1.0	0.33874955793
8.6418	274.6647	528.023917	30	0.466222361599	0.533777638401
19.4852	265.0699	528.079659	36	0.693292344557	0.306707655443
8.598	274.617	528.129718	30	1.0	0.0
19.4646	265.1034	528.68834	36	1.0	0.137669889567
11.9015	268.6014	530.629518	13	1.0	0.0
11.8891	268.669	530.761831	13	1.0	0.315256829175
6.9297	260.1866	535.220453	19	1.0	0.0
6.6177	260.4862	535.220599	19	0.196422202908	0.803577797092
13.9195	266.0726	536.050337	5	1.0	0.0864008465303
20.6859	264.5651	538.495801	4	0.377477708064	0.622522291936
10.2765	269.4923	538.55377	21	0.240721916108	0.759278083892
9.8773	269.9603	538.554151	17	0.722927147031	0.277072852969
11.8877	268.6152	538.609534	13	1.0	0.379262182882
9.7715	269.8073	538.661926	17	0.233000818919	0.766999181081
11.5208	269.4521	538.799756	14	0.348465561705	0.651534438295
6.702	259.6289	540.271537	20	1.0	0.0
6.7057	259.6161	540.292768	20	1.0	0.0
6.6752	259.3685	540.292812	-1	0.0	0.116017494183
6.632	259.5892	540.301571	20	0.554093183213	0.445906816787
6.4107	259.4402	540.301721	-1	0.0	0.0818475665759
6.4561	275.6915	542.574876	23	1.0	0.0
6.4315	275.6665	542.631328	23	1.0	0.0
10.4457	269.3692	544.335449	21	0.396817363019	0.603182636981
13.9733	266.0818	545.178516	5	1.0	0.251637352334
6.5045	275.9815	545.266039	-1	0.0	0.11444607353
13.9814	266.123	545.358003	5	1.0	0.128154005798
13.9432	265.9081	546.413536	5	0.433494317654	0.566505682346
13.9851	266.1283	546.413572	5	1.0	0.052454024302
11.8455	268.6009	548.624567	13	0.930354229094	0.0696457709061
10.413	269.0157	549.59989	27	1.0	0.0
15.6535	256.6814	549.696699	0	1.0	0.0
8.2825	260.6642	551.692197	15	0.795109227576	0.204890772424
14.4592	266.1539	552.008193	5	0.345351004745	0.654648995255
14.3051	266.4107	552.130233	5	1.0	0.00645022525926
13.969	266.155	554.221458	5	1.0	0.0
7.0539	261.0492	554.669414	34	0.531939897338	0.468060102662
7.1336	260.9997	554.669454	34	1.0	0.341977850565
7.1349	261.0358	554.784995	34	1.0	0.0113000777197
7.1549	261.0748	554.826513	34	1.0	0.156198685777
7.1534	261.1119	554.826537	34	1.0	0.359035326026
7.1584	261.1496	554.874408	34	0.904439993891	0.0955600061087
7.1288	260.9937	554.874418	34	1.0	0.426657391376
7.1371	261.0239	554.920592	34	1.0	0.0480881291163
7.1255	261.0532	554.920635	34	1.0	0.226462038051
7.1433	260.9568	554.958492	34	1.0	0.0555035029438
7.1203	260.9781	555.006112	34	1.0	0.0
7.1244	261.0685	555.006159	34	1.0	0.342169559653
19.4985	265.1685	555.117955	35	0.859325553846	0.140674446154
7.1662	260.9985	555.142826	34	1.0	0.290753700759
19.4674	265.1074	555.193572	36	1.0	0.0
19.4316	265.3175	555.432267	35	0.611336300877	0.388663699123
11.0354	269.4886	556.891051	14	0.167551324263	0.832448675737
6.942	260.1905	558.372266	19	1.0	0.0
6.928	260.195	558.372306	19	1.0	0.0
6.9356	260.1755	558.471839	19	1.0	0.129016110223
6.8824	260.2791	558.52421	19	1.0	0.0126506358124
6.9108	260.1465	558.59426	19	1.0	0.251972893621
6.9263	260.0734	558.826091	19	0.404527441872	0.595472558128
11.9029	268.6008	559.0306	13	1.0	0.0
14.2308	266.3982	560.507114	5	1.0	0.0622853045261
14.2183	266.3559	560.745817	5	1.0	0.0
14.2294	266.378	560.879644	5	1.0	0.0822393745486
20.5513	264.5823	562.243675	4	0.584762356279	0.415237643721
8.5839	274.5976	564.322189	30	0.588457204411	0.411542795589
9.6157	269.1961	564.624458	26	1.0	0.0
19.2523	264.9951	565.203633	-1	0.0	0.197261906057
13.9768	266.1013	565.224662	5	1.0	0.20307218956
13.9731	266.0922	565.224695	5	1.0	0.281568608452
15.6741	256.5091	569.71509	0	0.973863725252	0.582587166322
14.2725	266.3774	569.79964	5	1.0	0.101453115395
7.2192	261.0941	571.867625	34	1.0	0.0515280103935
7.051	261.187	571.927764	34	0.281578658517	0.718421341483
13.9714	266.1263	574.41959	5	1.0	0.0969540262065
13.927	266.0969	574.527761	5	1.0	0.0220499312931
6.4776	275.6225	579.787076	23	0.776453254218	0.223546745782
6.4815	275.6199	579.857746	23	0.713644264748	0.286355735252
6.4969	275.6578	579.918977	23	1.0	0.0
7.5561	261.4575	580.972907	25	0.805948491574	0.194051508426
6.9556	260.0881	582.208525	19	0.501672136016	0.498327863984
6.9221	260.0521	582.35986	19	0.392605848171	0.607394151829
20.5827	264.5457	585.04932	4	0.476341108	0.523658892
20.5892	264.5423	585.127198	4	0.399888585834	0.600111414166
9.579	269.9879	585.577338	17	0.277118949388	0.722881050612
19.47	265.1149	586.315137	36	1.0	0.0
14.0747	265.1885	586.477947	5	0.0587459110386	0.941254088961
11.929	268.6268	588.744406	13	1.0	0.0622453285547
14.2603	266.2641	589.27084	5	1.0	0.346309934106
14.2603	266.2894	589.336306	5	1.0	0.23733537686
9.8156	269.9349	589.397088	17	1.0	0.332196887398
10.3951	269.7184	589.5244	-1	0.0	0.372601258675
9.8177	269.9838	589.524756	17	1.0	0.0
9.8218	269.9902	589.602536	17	1.0	0.0
11.9248	268.6053	589.707117	13	1.0	0.133120178943
11.901	268.6472	589.972066	13	1.0	0.292400162714
8.63	274.6888	592.078735	30	0.369053001957	0.630946998043
14.3167	266.2807	592.804613	5	0.899290805064	0.100709194936
10.687	268.5481	596.632048	32	0.770891805228	0.229108194772
10.6543	268.4483	596.66524	-1	0.0	0.247655182548
8.5295	274.4611	597.765022	29	0.757392673057	0.242607326943
8.4004	274.5206	597.802857	-1	0.0	0.377507000816
7.225	260.9825	599.17968	34	0.552976036952	0.447023963048
11.5352	267.9654	599.297796	6	0.151522547065	0.848477452935
11.5267	267.9079	599.370359	6	0.199928157021	0.800071842979
13.9745	266.1565	599.881983	5	1.0	0.0
