25.0085	276.7156	1e-06	36	0.346850377468	0.653149622532
28.4431	271.9775	-586.075971	17	0.77192847754	0.22807152246
31.2346	279.661	-585.584357	19	1.0	0.0
31.1141	279.5372	-585.322083	19	1.0	0.203205071316
31.1754	279.5575	-585.322026	19	1.0	0.0
25.4152	276.4367	-583.203344	30	0.630337915636	0.369662084364
23.0054	274.063	-582.821045	8	1.0	0.0
23.5501	276.2502	-580.366347	-1	0.0	0.550979944631
24.1437	273.7201	-578.365914	24	1.0	0.0
33.0775	282.4598	-577.316839	-1	0.0	0.041882356214
33.4958	282.928	-577.316608	20	0.0827262811708	0.917273718829
33.3275	282.6299	-577.235438	20	0.577517688333	0.422482311667
33.2844	282.6779	-577.174917	20	0.806438656755	0.193561343245
33.321	282.6553	-577.119554	20	1.0	0.0
33.3169	282.6479	-577.077904	20	1.0	0.263453886798
19.7915	282.6262	-576.372369	1	0.770529585879	0.229470414121
28.3602	267.024	-575.882606	21	0.439350236573	0.560649763427
23.9775	273.4065	-575.330226	18	1.0	0.262024525894
23.995	273.4682	-575.29701	18	0.796749277553	0.203250722447
23.9982	273.4555	-575.215325	18	1.0	0.0912569160286
14.8482	277.0596	-573.807123	2	0.606609702001	0.393390297999
33.8443	282.0797	-568.807138	28	1.0	0.0
14.6461	278.5436	-566.941469	3	0.856483890409	0.143516109591
14.5378	278.679	-566.913992	3	0.197309482073	0.802690517927
14.6484	278.5467	-566.672304	3	1.0	0.0
14.5084	276.7049	-566.29554	2	1.0	0.0
14.5739	276.6595	-566.295532	2	1.0	0.0
24.7936	276.0296	-566.084397	35	0.757147704072	0.242852295928
24.8192	276.0655	-566.04691	35	0.594638877338	0.405361122662
24.771	276.0706	-566.005793	35	0.456909006471	0.543090993529
14.5509	276.7008	-565.976979	2	1.0	0.0
14.657	276.8649	-565.97694	2	0.89801837325	0.10198162675
24.9071	275.9005	-565.928229	-1	0.0	0.146156709928
14.5382	276.7231	-565.898774	2	1.0	0.0
24.9164	275.9505	-565.884183	31	1.0	0.0
24.8798	275.9101	-565.84959	31	1.0	0.0
24.8877	275.9571	-565.796053	31	1.0	0.0
24.8947	275.942	-565.64778	31	1.0	0.0
22.8253	274.9443	-563.271798	9	1.0	0.0
23.9656	273.4459	-560.352811	18	1.0	0.218622893819
23.9717	273.4418	-560.265636	18	1.0	0.0726026946392
23.9875	273.6495	-559.307719	23	0.470176092929	0.529823907071
30.7355	280.1396	-555.833359	25	0.299748569964	0.700251430036
24.9798	276.6771	-554.970395	36	1.0	0.0
24.6064	276.556	-549.859336	-1	0.0	0.571951807765
25.5698	276.3797	-545.941488	29	1.0	0.0
32.368	280.6321	-545.772244	14	0.179335774471	0.820664225529
24.1583	277.341	-545.59294	11	1.0	0.0122475698349
24.1706	277.3376	-545.472153	11	1.0	0.0
24.1343	277.2766	-545.129504	11	0.73628174592	0.26371825408
19.7566	282.6142	-543.863045	1	0.936186409567	0.063813590433
24.658	276.4858	-543.676009	-1	0.0	0.402426428664
24.7233	276.9812	-534.304106	-1	0.0	0.538915580716
24.7068	276.9696	-534.286277	-1	0.0	0.555749756242
24.7017	276.957	-534.251697	-1	0.0	0.525135172048
19.6611	283.9006	-530.025968	0	1.0	0.0
19.8436	283.8907	-530.025946	0	0.487505247254	0.512494752746
19.6746	283.8713	-529.983504	0	1.0	0.0451903777055
19.6389	283.8855	-529.937809	0	1.0	0.0
19.7192	284.0252	-529.915519	0	1.0	0.354921495874
31.2686	279.4967	-527.938451	19	1.0	0.00323240278617
31.3095	279.5432	-527.802046	19	0.77112135052	0.22887864948
31.2928	279.4332	-527.76906	19	0.956437503179	0.0435624968213
31.17	279.4927	-527.695957	19	1.0	0.045793930785
28.2653	267.0273	-527.642173	21	0.643619567052	0.356380432948
30.3106	279.3182	-527.604421	-1	0.0	0.100517662392
28.3608	267.0409	-527.422252	21	0.439350236573	0.560649763427
33.3352	282.6711	-527.038186	20	1.0	0.0
33.3137	282.6546	-526.980411	20	1.0	0.0
33.3189	282.661	-526.957186	20	1.0	0.263453886798
33.3752	282.6753	-526.876806	20	0.924779942732	0.0752200572682
25.0702	276.5426	-526.855809	-1	0.0	0.437157852102
25.2047	276.0804	-526.845018	-1	0.0	0.362857610347
33.193	282.6739	-526.792241	20	0.236308957924	0.763691042076
33.3282	282.6635	-526.738447	20	1.0	0.0
23.9769	273.4361	-525.661451	18	1.0	0.0726026946392
24.0549	273.6108	-525.300167	23	1.0	0.0
24.046	273.5479	-524.896125	23	0.416432522822	0.583567477178
28.059	273.7889	-524.698095	5	0.584450572958	0.415549427042
14.6596	276.9332	-523.792613	2	0.973899836784	0.0261001632161
24.2143	273.4294	-518.837631	-1	0.0	0.418621667839
30.48	279.6122	-509.960195	26	0.339152586176	0.660847413824
30.5229	279.7042	-509.893064	26	1.0	0.0
25.1683	276.4897	-508.144203	-1	0.0	0.521524551755
24.003	273.4066	-505.598272	18	1.0	0.277424267529
25.015	276.6242	-503.509132	36	0.394965298968	0.605034701032
33.8445	282.0637	-495.600849	28	1.0	0.0
33.8638	281.999	-495.526792	28	0.611696894879	0.388303105121
33.8473	281.9497	-495.453126	28	0.255159898712	0.744840101288
33.7927	282.0646	-495.409882	28	0.577593764557	0.422406235443
33.8577	282.0348	-495.370412	28	1.0	0.0406252364188
24.0473	273.644	-495.210415	23	0.708587885697	0.291412114303
24.0553	273.6376	-495.053736	23	0.897840454706	0.102159545294
28.6261	267.3478	-492.966886	22	0.905599523056	0.094400476944
22.9908	274.094	-489.539735	8	1.0	0.0
31.2406	279.6089	-486.601549	19	1.0	0.244361434226
31.2341	279.6045	-486.53118	19	1.0	0.301662684984
30.8544	280.0316	-480.994745	25	1.0	0.0
29.265	272.511	-480.97974	16	1.0	0.0
30.8571	280.0104	-480.941581	25	1.0	0.0
30.7462	280.0498	-480.87414	25	0.583908521219	0.416091478781
24.0993	273.7245	-477.731117	24	0.867223651772	0.132776348228
24.0496	273.6081	-472.267845	23	1.0	0.0
32.4738	280.8719	-470.303538	14	0.0369523665334	0.963047633467
33.6235	282.2788	-467.769152	27	0.961943728543	0.038056271457
33.652	282.2702	-467.668576	27	0.882014643452	0.117985356548
28.0602	273.8604	-467.35627	5	0.569937620804	0.430062379196
24.1671	277.3244	-465.089837	11	1.0	0.0843104844342
19.5392	284.0858	-462.224566	0	1.0	0.363578477678
19.6386	284.1141	-462.224539	0	1.0	0.469649504632
25.422	276.4082	-461.943362	30	1.0	0.0
24.831	276.0101	-456.107643	35	0.361828101111	0.638171898889
24.7911	276.0138	-456.060252	35	0.757147704072	0.242852295928
14.6683	278.5593	-455.448234	3	1.0	0.0
14.6542	278.6002	-455.383587	3	0.596228834225	0.403771165775
14.6899	278.6336	-455.321436	3	0.590618699542	0.409381300458
14.6678	278.5635	-455.178312	3	1.0	0.0
31.2017	279.4762	-447.685991	19	1.0	0.0
32.4305	280.4917	-446.004051	14	0.150338033473	0.849661966527
24.8811	276.8696	-445.583549	-1	0.0	0.258186183647
24.8969	276.772	-445.555502	37	1.0	0.0515379933815
24.8916	276.7783	-445.53264	37	1.0	0.0
14.1592	267.276	-442.613558	-1	0.0	0.380690111563
24.112	273.74	-431.88666	24	1.0	0.343318617364
24.1655	273.7268	-431.519465	24	1.0	0.213190377892
14.7763	277.0533	-429.875758	2	0.629491142385	0.370508857615
28.2225	267.0991	-423.867682	21	0.268495132356	0.731504867644
24.9924	276.7796	-420.105143	-1	0.0	0.0857102588784
24.9667	276.665	-420.035662	36	1.0	0.0
24.9882	276.6641	-420.00122	36	1.0	0.0
29.2487	272.5198	-416.983525	16	1.0	0.0
23.9703	273.4036	-415.939473	18	0.971242657089	0.0287573429105
23.9921	273.4209	-415.826193	18	1.0	0.0
23.9907	273.445	-415.770837	18	1.0	0.0726026946392
24.01	273.438	-415.692375	18	1.0	0.308567472921
33.6893	281.8899	-415.084413	-1	0.0	0.287279065765
34.0063	281.7824	-415.08423	-1	0.0	0.120270838538
33.7495	282.0533	-415.044195	28	0.399943704933	0.600056295067
24.1333	277.3253	-414.342291	11	1.0	0.0
24.1663	277.364	-414.311377	11	1.0	0.0
19.7778	283.9515	-414.245636	0	0.566193260378	0.433806739622
23.8411	273.4813	-413.907532	-1	0.0	0.201781557714
31.306	280.5513	-412.612293	15	0.815339103678	0.184660896322
31.2814	280.5158	-412.562445	15	0.385765511916	0.614234488084
28.4804	271.8722	-410.338674	17	0.283888378621	0.716111621379
19.7746	282.5457	-408.587718	1	0.813856846957	0.186143153043
19.4851	282.5971	-408.560982	1	0.200997714176	0.799002285824
19.741	282.5972	-408.560932	1	1.0	0.0
19.7409	282.5353	-408.560918	1	0.504937416244	0.495062583756
19.7306	282.5785	-408.450786	1	1.0	0.0
24.1479	273.7261	-403.746467	24	1.0	0.0
30.7913	279.9781	-396.456915	25	0.881470282008	0.118529717992
30.8916	280.0008	-396.416235	25	0.847288601134	0.152711398866
30.8026	280.0065	-396.387093	25	1.0	0.0
30.8011	279.9806	-396.347425	25	1.0	0.0
30.8424	280.0014	-396.02763	25	1.0	0.0
23.5669	276.2577	-395.810479	-1	0.0	0.542858594864
23.5577	276.2416	-395.746863	-1	0.0	0.548370258173
33.6876	282.235	-393.543243	27	0.414463400262	0.585536599738
24.8911	275.9957	-390.787568	31	1.0	0.0
30.503	279.6923	-388.78909	26	1.0	0.0
30.533	279.6419	-388.746555	26	0.56941702313	0.43058297687
30.5064	279.7036	-388.693826	26	1.0	0.0
28.8535	272.2899	-388.289941	17	0.0972390737652	0.902760926235
32.416	280.6582	-386.45109	14	0.227546189264	0.772453810736
32.4546	280.5903	-386.251706	14	0.894666418226	0.105333581774
32.4742	280.6596	-386.066253	14	0.252481985729	0.747518014271
32.4182	280.611	-385.980598	14	0.54321415778	0.45678584222
23.9912	273.4667	-380.712773	18	0.836363387457	0.163636612543
24.0361	273.4784	-380.712729	18	0.523641577382	0.476358422618
23.9844	273.4172	-380.620696	18	1.0	0.0
23.9701	273.4205	-380.474273	18	1.0	0.107100739458
33.8485	282.0236	-379.103361	28	1.0	0.0406252364188
24.7992	276.0494	-378.629602	35	0.615626799261	0.384373200739
24.7693	276.021	-378.395149	35	0.857714625749	0.142285374251
14.6964	278.6201	-378.267732	3	0.596228834225	0.403771165775
24.7841	276.0332	-378.25566	35	1.0	0.0
14.6799	278.6323	-378.110274	3	0.573700357879	0.426299642121
24.0589	273.6374	-377.882418	23	0.897840454706	0.102159545294
29.258	272.4456	-377.58068	16	1.0	0.0
19.7639	282.5892	-375.181642	1	1.0	0.0
19.9818	282.6296	-375.181579	1	0.20439060223	0.79560939777
19.6763	282.5809	-375.173756	1	0.543464849952	0.456535150048
24.7369	276.6808	-374.678632	37	0.392806700791	0.607193299209
24.7449	276.1273	-360.282175	34	1.0	0.0
22.9554	274.0695	-360.131691	8	1.0	0.0
22.9644	274.0986	-360.054549	8	1.0	0.0
22.9857	273.9891	-360.047638	8	0.400163165194	0.599836834806
27.9666	273.7667	-359.310888	5	0.308352070253	0.691647929747
22.9035	274.1569	-359.168797	8	0.468491836758	0.531508163242
22.9647	274.1586	-359.112082	8	0.496252385484	0.503747614516
24.6171	276.4896	-358.753786	-1	0.0	0.402991026773
24.4843	276.4799	-358.155438	-1	0.0	0.0201166399115
24.5719	276.2895	-358.155413	32	1.0	0.0
32.4318	280.5936	-357.765026	14	1.0	0.0
29.8391	271.8862	-357.285488	-1	0.0	0.56990858085
31.2546	279.4979	-355.840236	19	1.0	0.0
31.299	279.4412	-355.750217	19	0.973867588086	0.0261324119145
31.2262	279.4811	-355.648767	19	1.0	0.0
30.7905	278.5747	-347.759504	6	0.18964991206	0.81035008794
27.8994	278.3961	-346.726207	-1	0.0	0.660094406376
24.1241	277.3178	-343.093043	11	1.0	0.0
16.213	269.4662	-342.703399	-1	0.0	0.258780225636
28.5657	267.3464	-341.131173	22	0.946472157264	0.0535278427361
28.5649	267.4156	-341.062405	22	0.469636965093	0.530363034907
31.2882	278.7428	-339.858994	6	1.0	0.0
24.8249	276.7543	-339.153413	37	0.815258684113	0.184741315887
23.9729	273.4232	-336.668262	18	1.0	0.0
23.9855	273.4467	-336.586226	18	1.0	0.0726026946392
28.3366	267.0423	-335.408008	21	0.397744075108	0.602255924892
28.4047	267.0453	-335.113168	21	0.439350236573	0.560649763427
24.0884	273.6288	-331.903495	23	0.708587885697	0.291412114303
21.0605	278.6339	-329.160735	4	0.974989109986	0.0250108900137
33.7872	282.0195	-328.013815	28	0.58403654754	0.41596345246
33.8404	282.1537	-327.975984	28	0.377942758961	0.622057241039
33.3042	282.6923	-327.898616	20	1.0	0.0
33.3309	282.6774	-327.65699	20	1.0	0.307524188118
33.2974	282.7029	-327.527014	20	0.890924050595	0.109075949405
29.2804	272.4532	-323.743041	16	1.0	0.0
24.8561	276.6866	-317.707952	37	0.780347450326	0.219652549674
24.9027	276.7581	-317.555547	37	1.0	0.094948463133
19.6501	283.896	-316.637807	0	1.0	0.0
19.686	283.8477	-316.63778	0	1.0	0.336492435536
19.7568	282.6067	-312.652566	1	1.0	0.0
31.1285	280.5656	-312.470413	15	0.195164302534	0.804835697466
33.3424	282.6899	-309.270609	20	1.0	0.20358927299
33.3469	282.6644	-309.194033	20	1.0	0.136859561856
33.3372	282.6692	-309.162813	20	1.0	0.0
21.0631	278.638	-302.871138	4	0.975016564079	0.0249834359205
21.0519	278.6546	-302.709652	4	0.76976979153	0.23023020847
28.2205	267.0333	-301.640893	21	0.68262885554	0.31737114446
28.3939	271.9566	-299.597944	17	0.77192847754	0.22807152246
14.712	278.6025	-299.327524	3	0.590618699542	0.409381300458
14.656	278.5674	-299.27423	3	0.928548812279	0.0714511877213
23.1091	274.7049	-296.759112	9	1.0	0.0
24.1032	273.7758	-295.12654	24	0.703374691574	0.296625308426
33.3149	282.7391	-293.29872	20	1.0	0.0
33.3561	282.6524	-293.239252	20	0.742837467049	0.257162532951
14.1655	267.4531	-288.136954	-1	0.0	0.37792617345
28.4373	271.884	-286.620014	17	0.351500770432	0.648499229568
28.5284	272.2361	-286.619929	17	0.109369268232	0.890630731768
24.1408	277.3616	-286.413548	11	0.821432134871	0.178567865129
34.0964	283.372	-285.120153	10	0.974956967172	0.025043032828
31.218	279.5293	-283.798427	19	1.0	0.0
31.3428	279.9035	-283.798195	19	0.234041449703	0.765958550297
31.1984	279.4306	-283.600665	19	1.0	0.203376204671
32.4356	280.567	-281.899275	14	0.67143987543	0.32856012457
32.4204	280.6161	-281.867936	14	0.445259455071	0.554740544929
24.8794	276.7624	-277.663378	37	1.0	0.0469531350083
24.8327	276.7404	-277.594016	37	0.91473651649	0.0852634835099
24.856	276.7619	-277.543247	37	1.0	0.0
31.2363	280.4352	-277.38185	15	0.156393138714	0.843606861286
24.8659	276.7827	-277.242093	37	1.0	0.232536501143
33.5671	282.0804	-276.269918	-1	0.0	0.128969396263
33.3086	282.4485	-276.269844	20	0.0758633254713	0.924136674529
28.2093	267.1266	-271.996415	21	0.215410751541	0.784589248459
33.2754	282.7293	-265.716999	20	1.0	0.0652899585103
25.4375	276.361	-264.594133	30	0.350109203627	0.649890796373
28.561	267.3137	-262.716002	22	0.922402530151	0.0775974698492
19.6343	284.1903	-262.253459	0	0.620167512804	0.379832487196
19.6165	282.5857	-261.274639	1	0.329628771353	0.670371228647
19.7461	282.5661	-261.274598	1	0.813856846957	0.186143153043
19.7843	282.5507	-261.23795	1	0.936864235907	0.0631357640932
19.7553	282.6109	-261.16761	1	1.0	0.0
24.8598	276.7419	-249.746846	37	1.0	0.0
24.8734	276.7158	-249.678006	37	1.0	0.0
24.178	273.7514	-249.476876	24	0.803511311583	0.196488688417
24.1344	273.7544	-249.408606	24	1.0	0.0
24.1174	273.7224	-249.408563	24	1.0	0.0
24.1522	273.762	-249.323217	24	1.0	0.0
31.2632	278.7132	-248.178712	6	1.0	0.0
31.2806	278.7294	-248.067104	6	1.0	0.0
32.4274	280.5972	-245.892985	14	0.840915477766	0.159084522234
32.3617	280.5569	-245.806996	14	0.181137131281	0.818862868719
32.5853	280.5756	-245.712161	14	0.135128828361	0.864871171639
21.0583	278.6634	-238.321299	4	0.552933797057	0.447066202943
20.9742	278.6323	-238.051541	4	0.514949735818	0.485050264182
21.0295	278.6362	-238.051519	4	0.902298897716	0.0977011022842
33.285	282.7264	-237.909771	20	1.0	0.0
33.7751	282.1116	-236.970695	28	0.391115890916	0.608884109084
33.7436	282.1297	-236.6555	28	0.2991724642	0.7008275358
33.7644	282.1107	-236.597049	28	0.38341172203	0.61658827797
24.1296	277.2996	-232.154059	11	1.0	0.0797562875679
24.1342	277.3249	-232.123631	11	1.0	0.0
24.075	277.3003	-232.093943	11	0.836538423309	0.163461576691
24.1176	277.3228	-232.023332	11	1.0	0.0
27.9913	273.7423	-230.632898	5	0.366590297534	0.633409702466
30.5494	279.6981	-227.17511	26	1.0	0.0
30.5421	279.69	-227.130574	26	1.0	0.0
30.5334	279.7611	-227.06749	26	0.387857634684	0.612142365316
24.762	276.0268	-224.345342	35	1.0	0.0
24.7786	275.9858	-224.27613	35	0.355647059984	0.644352940016
24.772	275.9635	-224.22987	-1	0.0	0.0438139577489
24.7706	276.0247	-224.067957	35	1.0	0.0
24.8452	276.058	-223.828642	35	0.435384913434	0.564615086566
20.3104	283.3665	-222.288784	0	0.0773492051856	0.922650794814
19.7026	284.0496	-222.203155	0	1.0	0.0474070501555
25.2808	276.6166	-222.057094	-1	0.0	0.0764330160373
25.4003	276.4081	-222.057031	30	1.0	0.0
24.8781	276.739	-214.182788	37	1.0	0.0530850197042
31.1532	279.526	-213.770928	19	1.0	0.0
31.1904	279.4441	-213.42404	19	1.0	0.120757690994
24.0393	273.6164	-212.292474	23	1.0	0.0
24.7134	276.9256	-211.714019	-1	0.0	0.47108219856
24.7388	276.8568	-211.620532	-1	0.0	0.47108219856
21.0849	278.72	-206.368723	4	0.240974084728	0.759025915272
31.2362	278.795	-202.354425	6	0.904122841294	0.0958771587057
24.1986	273.783	-199.466158	24	0.523107688321	0.476892311679
34.1434	283.4119	-196.267646	10	0.955911182816	0.0440888171845
28.2623	267.1519	-195.404221	21	0.267312384454	0.732687615546
33.293	282.7315	-192.899548	20	1.0	0.0
33.2211	282.8654	-192.862873	20	0.119518028196	0.880481971804
33.3783	282.7508	-192.862788	20	0.859932473947	0.140067526053
33.3752	282.7412	-192.231049	20	1.0	0.133085929857
32.448	280.5984	-185.981349	14	0.827235709036	0.172764290964
32.4268	280.6508	-185.953964	14	0.247899201037	0.752100798963
19.5833	284.0479	-185.910839	0	1.0	0.107837631948
19.5717	284.0545	-185.74339	0	1.0	0.204747871119
28.4532	271.844	-184.052526	17	0.229322785966	0.770677214034
33.6437	282.2661	-183.158272	27	0.958747956574	0.0412520434261
33.6422	282.2485	-183.115999	27	0.748595111547	0.251404888453
28.4441	267.3035	-177.734308	22	0.543166413222	0.456833586778
28.4207	267.2701	-177.706843	21	0.186238732346	0.813761267654
28.4496	267.3138	-177.677273	22	0.647425349637	0.352574650363
28.4591	267.3585	-177.655845	22	0.671447035303	0.328552964697
28.4668	267.3488	-177.580574	22	0.826112952257	0.173887047743
32.4278	280.5695	-174.039621	14	0.904320654912	0.0956793450884
32.442	280.5952	-173.957111	14	1.0	0.0
25.3841	276.4459	-173.733908	30	0.407140657278	0.592859342722
25.3911	276.381	-173.709696	30	0.508229775115	0.491770224885
24.1486	273.7278	-171.85048	24	1.0	0.0
24.8777	276.7224	-171.774653	37	1.0	0.0738028846603
24.8472	276.7352	-171.656243	37	1.0	0.0
24.8784	276.7111	-171.610715	37	0.83583617064	0.16416382936
24.1951	273.7119	-171.50621	24	0.574336720833	0.425663279167
24.8331	276.6957	-171.493765	37	0.965461788044	0.0345382119564
24.8503	276.7704	-171.254881	37	1.0	0.0
32.4288	280.5709	-169.068065	14	0.947907292174	0.0520927078257
32.4179	280.6062	-168.999571	14	0.670962947304	0.329037052696
32.4658	280.5936	-168.934247	14	0.834059192436	0.165940807564
32.4141	280.585	-168.882173	14	0.704469396079	0.295530603921
30.3498	279.3565	-167.489602	-1	0.0	0.0132622608481
20.9907	278.6005	-166.78378	4	0.561710867325	0.438289132675
21.071	278.6541	-166.78375	4	0.778548937583	0.221451062417
31.3191	280.4719	-165.618464	15	0.254654796707	0.745345203293
31.314	280.5671	-165.577853	15	0.860328635486	0.139671364514
33.2981	282.6837	-159.95928	20	1.0	0.0
33.3722	282.6768	-159.901044	20	0.981523377586	0.018476622414
24.0293	277.2409	-153.066909	11	0.381500978572	0.618499021428
34.1162	283.4257	-151.714435	10	1.0	0.0
29.0728	272.2437	-147.671449	-1	0.0	0.0336537762509
23.9943	273.3503	-139.889245	18	0.762361127983	0.237638872017
24.0084	273.4074	-139.838719	18	1.0	0.343613852109
24.1548	273.7687	-137.310798	24	1.0	0.27153180388
33.3147	282.7324	-137.195188	20	1.0	0.0
19.6068	284.0707	-137.165247	0	1.0	0.0
19.5936	284.0449	-137.088032	0	1.0	0.0480532543771
19.7943	282.5709	-137.085619	1	0.847168924957	0.152831075043
22.9661	274.074	-136.619932	8	1.0	0.0
23.9564	273.3327	-134.909016	18	0.64784230785	0.35215769215
25.4658	276.4202	-127.196346	30	0.583101714814	0.416898285186
25.2846	276.3797	-127.127925	-1	0.0	0.1972862319
25.4205	276.4052	-127.117312	30	1.0	0.0
19.6139	283.8596	-124.792474	0	1.0	0.342940612121
21.0058	278.6212	-121.927039	4	0.83050191628	0.16949808372
14.7083	278.6021	-118.312951	3	0.594691564646	0.405308435354
14.7097	278.7069	-118.252205	3	0.210097572774	0.789902427226
33.6639	282.2472	-117.620105	27	0.752381465281	0.247618534719
33.6097	282.1996	-117.59733	27	0.242841003956	0.757158996044
33.6158	282.2861	-117.584571	27	0.665609174751	0.334390825249
33.5975	282.3168	-117.551303	27	0.517961228732	0.482038771268
28.364	271.9904	-116.652866	17	1.0	0.0
33.437	282.6632	-111.536002	20	0.366081654665	0.633918345335
34.1132	283.4528	-106.667639	10	0.517499287342	0.482500712658
34.1407	283.4333	-106.623409	10	0.719538178542	0.280461821458
28.2287	267.0112	-106.42625	21	0.826757189005	0.173242810995
24.0796	273.6707	-100.638787	23	0.456339035278	0.543660964722
25.4549	276.4118	-96.917371	30	0.784959675011	0.215040324989
25.4141	276.423	-96.848117	30	0.944750975027	0.0552490249726
25.6952	268.3104	-93.939324	-1	0.0	0.954546817016
32.4511	280.6227	-92.455547	14	0.398221934763	0.601778065237
32.4589	280.6041	-92.420382	14	0.625834020949	0.374165979051
32.4471	280.6154	-92.379891	14	0.463122543182	0.536877456818
32.4351	280.614	-92.283345	14	0.596957148888	0.403042851112
32.4279	280.654	-92.283303	14	0.251827754313	0.748172245687
32.4343	280.6022	-92.18413	14	0.807834877259	0.192165122741
24.0444	277.2755	-90.208355	11	0.61910792798	0.38089207202
24.232	277.2661	-90.208304	11	0.283762596945	0.716237403055
24.9051	276.7455	-89.277082	37	0.788993648394	0.211006351606
24.6782	276.7175	-89.195877	-1	0.0	0.251238312726
24.8862	276.7665	-89.195805	37	1.0	0.0
24.9019	276.7862	-89.015786	37	0.863473467353	0.136526532647
28.2521	267.0945	-88.014188	21	0.286530855087	0.713469144913
28.1841	266.9246	-87.862032	-1	0.0	0.0792864007045
33.3238	282.711	-83.620258	20	0.847225588785	0.152774411215
33.3139	282.729	-83.452553	20	1.0	0.0
24.1376	277.2584	-83.345525	11	0.452701939887	0.547298060113
24.0817	277.4066	-83.286031	11	0.576691042795	0.423308957205
24.0986	277.3513	-83.199855	11	1.0	0.0507187733233
24.1586	277.3568	-82.953308	11	1.0	0.0
24.8263	276.6965	-81.232617	37	0.965461788044	0.0345382119564
19.5698	284.0787	-79.535795	0	1.0	0.090864063435
19.6657	284.2896	-79.465992	0	0.261877576754	0.738122423246
21.0344	278.6145	-77.17899	4	1.0	0.0
24.8685	276.82	-76.116211	37	0.399013123585	0.600986876415
24.9568	276.6888	-76.116177	36	0.567272702165	0.432727297835
24.9719	276.6686	-76.043641	36	1.0	0.0
28.448	267.3838	-73.712903	22	0.540414751816	0.459585248184
23.9988	273.4237	-68.984191	18	1.0	0.0
24.0293	273.4028	-68.85964	18	0.82318525249	0.17681474751
23.9972	273.3698	-68.815679	18	1.0	0.0
14.5157	276.5588	-68.447073	2	0.942965555796	0.0570344442038
28.4106	271.8768	-64.884134	17	0.335341671832	0.664658328168
24.1506	273.7384	-64.355926	24	1.0	0.213190377892
24.1384	273.7543	-64.200024	24	1.0	0.0
27.9695	271.2235	-64.153255	12	0.965906505196	0.034093494804
27.9587	271.173	-64.101301	12	0.810851367499	0.189148632501
28.0133	273.9192	-60.514486	5	0.435634464106	0.564365535894
28.0565	273.8982	-60.514435	5	0.534572873816	0.465427126184
33.3212	282.735	-59.293443	20	1.0	0.0
33.2608	282.7165	-59.247671	20	0.809130213311	0.190869786689
33.3343	282.692	-59.161624	20	0.970433933721	0.0295660662792
33.3443	282.742	-59.098372	20	1.0	0.0
19.775	282.3901	-55.18403	1	0.128698564741	0.871301435259
19.7776	282.6831	-55.183985	1	0.296244482879	0.703755517121
24.7427	276.1209	-54.637712	34	1.0	0.0
32.4286	280.5819	-54.335852	14	0.947907292174	0.0520927078257
32.4666	280.5869	-54.253732	14	0.894666418226	0.105333581774
25.2432	276.3072	-49.108416	-1	0.0	0.429784259328
25.4356	276.3161	-49.108378	-1	0.0	0.113689304418
25.4819	276.433	-49.053606	30	0.426319636868	0.573680363132
25.4036	276.4177	-49.037088	30	1.0	0.0
33.9043	282.0234	-46.135803	28	0.622744630456	0.377255369544
33.8662	282.0298	-46.100927	28	0.836615372536	0.163384627464
25.2101	276.0475	-44.046856	-1	0.0	0.326510388072
19.5928	284.085	-41.970157	0	1.0	0.0
28.6322	267.3257	-41.885995	22	1.0	0.0
20.9427	278.7751	-39.167666	4	0.127774030144	0.872225969856
20.9235	278.6759	-39.081666	4	0.226667351755	0.773332648245
21.0304	278.6294	-38.899685	4	1.0	0.0
24.0401	277.2891	-33.809654	11	0.741469281669	0.258530718331
33.6954	282.29	-33.74987	27	0.966531567254	0.033468432746
33.663	282.2673	-33.673446	27	0.842019852854	0.157980147146
24.0501	277.3245	-33.605854	11	0.565194196712	0.434805803288
24.1133	277.3016	-33.189877	11	1.0	0.0157276819959
24.6443	276.3583	-33.060247	-1	0.0	0.0535910788175
24.624	276.3365	-33.024767	-1	0.0	0.182129654946
24.6014	276.3135	-32.988774	32	0.957141365591	0.0428586344089
19.7211	283.8769	-26.319127	0	1.0	0.391182010835
19.6922	283.8868	-26.225796	0	1.0	0.0
31.1246	279.7096	-22.782992	19	0.582619202892	0.417380797108
32.5388	280.351	-18.240772	14	0.0421448234776	0.957855176522
32.4541	280.5979	-18.177782	14	0.927099859809	0.072900140191
32.4346	280.5815	-18.172567	14	1.0	0.0
32.4435	280.5407	-18.129841	14	0.433148209243	0.566851790757
33.3244	282.7004	-14.344431	20	1.0	0.0453963704443
24.0608	273.604	-14.15763	23	1.0	0.0
24.0207	273.5753	-14.107927	23	0.765124397869	0.234875602131
24.0552	273.5587	-14.058829	23	0.528254860709	0.471745139291
24.026	273.5932	-13.950915	23	0.975557488445	0.0244425115551
24.0381	273.5939	-13.786409	23	1.0	0.0
24.9195	276.8101	-11.109726	37	0.492600229396	0.507399770604
24.8442	276.7741	-10.607811	37	1.0	0.123903174079
25.1483	268.1278	-10.322052	-1	0.0	0.958854645405
19.5915	284.0714	-10.176728	0	1.0	0.0
19.623	284.1184	-10.140806	0	1.0	0.462753595939
19.5993	284.0829	-10.102776	0	1.0	0.00589349326039
19.5549	284.041	-10.062424	0	1.0	0.107837631948
24.1128	277.3352	-5.593687	11	1.0	0.0
24.1268	277.4849	-5.418121	11	0.198544782927	0.801455217073
33.2967	282.7234	-5.235989	20	1.0	0.0
33.3008	282.7237	-5.129861	20	1.0	0.0
33.255	282.7332	-4.835804	20	0.783486477775	0.216513522225
14.6757	278.5449	-3.55139	3	1.0	0.0
14.6892	278.5678	-3.551357	3	1.0	0.0
25.0085	276.7156	1e-06	36	0.346850377468	0.653149622532
28.3804	280.7065	1.239246	-1	0.0	0.621880955863
28.5409	267.3654	3.065027	22	0.896093941817	0.103906058183
28.6151	267.3214	3.115029	22	1.0	0.0
29.2082	272.6283	4.235943	16	0.413428120315	0.586571879685
23.9294	273.3343	5.573994	18	0.512887565736	0.487112434264
23.9406	273.4141	5.686347	18	0.886381234185	0.113618765815
28.1504	273.8108	16.466631	5	1.0	0.0
19.5956	283.9347	19.873063	0	1.0	0.459887378453
19.5305	284.1072	19.962848	0	1.0	0.546278284598
19.6532	284.1296	19.962872	0	0.816976276971	0.183023723029
19.633	284.1196	20.114938	0	1.0	0.510359451772
27.9564	271.2199	25.07479	12	1.0	0.0
28.0171	271.1841	25.147273	12	0.670457598754	0.329542401246
33.6873	282.2851	29.373573	27	0.752329781651	0.247670218349
33.6327	282.2897	29.422586	27	1.0	0.0
19.8572	282.6435	31.009755	1	0.339247220614	0.660752779386
19.783	282.5696	31.100514	1	0.936864235907	0.0631357640932
28.2641	267.0031	32.566602	21	1.0	0.0
28.3199	266.8778	32.605372	-1	0.0	0.354785966647
28.2312	267.0201	32.658055	21	0.746713281437	0.253286718563
28.2545	267.0036	32.711441	21	1.0	0.0
24.1356	273.766	34.065622	24	1.0	0.0
24.1417	273.7633	34.069012	24	1.0	0.0
25.6618	268.3023	36.41108	-1	0.0	0.954849141325
21.0419	278.6257	40.999626	4	1.0	0.0
20.9473	278.4285	41.103448	4	0.0886586178928	0.911341382107
23.4231	275.2437	41.157203	-1	0.0	0.0196884808969
25.4236	276.4064	41.236432	30	1.0	0.0
25.3861	276.3793	41.321803	30	0.467620139865	0.532379860135
24.6727	276.0855	42.599076	34	0.820963471758	0.179036528242
24.7153	276.0637	42.599123	35	0.381888650305	0.618111349695
24.7011	276.1364	42.725674	34	1.0	0.0
32.4751	280.5647	45.236968	14	0.535236400744	0.464763599256
32.4356	280.5315	45.249039	14	0.426937006452	0.573062993548
32.4106	280.5626	45.330549	14	0.456286922907	0.543713077093
32.4194	280.5755	45.390449	14	0.838578196632	0.161421803368
32.4256	280.5983	45.573713	14	0.772715104185	0.227284895815
32.4095	280.5799	45.628555	14	0.54000446594	0.45999553406
24.9852	276.6372	45.913447	36	0.661102860065	0.338897139935
25.049	276.6617	45.913503	36	0.41203626699	0.58796373301
24.9906	276.6209	46.114694	36	0.510218839764	0.489781160236
24.8724	276.7391	47.771992	37	1.0	0.0
25.775	270.3846	53.475187	-1	0.0	0.142978238543
33.3195	282.7567	58.819161	20	0.692357955578	0.307642044422
33.272	282.7434	58.835852	20	0.804203239883	0.195796760117
33.3157	282.6797	58.837433	20	1.0	0.0
33.3296	282.7404	58.873757	20	1.0	0.0
33.2911	282.7206	59.242401	20	1.0	0.0
33.2814	282.689	59.318296	20	1.0	0.0
33.8641	282.1619	59.641661	28	0.360630870769	0.639369129231
33.7749	283.821	59.64238	-1	0.0	0.0103729127493
33.7983	282.1209	59.673744	28	0.41421340099	0.58578659901
33.8694	282.1364	60.183511	28	0.573629588174	0.426370411826
32.4347	280.5754	61.171017	14	0.947907292174	0.0520927078257
32.4329	280.5832	61.570134	14	0.89547879002	0.10452120998
31.413	280.6108	64.962498	15	0.648151769752	0.351848230248
31.4629	281.0648	64.962719	-1	0.0	0.204125996162
31.3474	280.5603	65.100121	15	1.0	0.0
24.1346	273.7182	79.509679	24	1.0	0.0
24.212	273.7589	79.509714	24	0.524054976701	0.475945023299
24.1322	273.7329	79.56497	24	1.0	0.151351878814
24.1348	273.7166	79.981229	24	1.0	0.0627289653446
24.8031	276.6699	81.17168	37	0.658284280954	0.341715719046
24.8173	276.6929	81.704357	37	0.780347450326	0.219652549674
28.2804	266.996	85.298151	21	1.0	0.0
21.049	278.6087	85.518321	4	0.93700990784	0.0629900921596
21.0143	278.609	85.8639	4	1.0	0.0
23.9761	273.4951	88.14614	18	0.425627370537	0.574372629463
24.0093	273.4481	88.501377	18	1.0	0.178904350318
32.4508	280.5616	89.686803	14	0.495640001162	0.504359998838
32.4582	280.6399	89.852613	14	0.326989668253	0.673010331747
32.4456	280.6818	89.956765	14	0.221601002098	0.778398997902
32.4385	280.592	90.208683	14	0.881427413995	0.118572586005
24.101	277.2876	90.839079	11	0.93934224249	0.0606577575097
24.2618	277.0215	90.893515	-1	0.0	0.493718459334
27.9608	271.1998	96.472545	12	1.0	0.0
19.8537	282.5252	97.506255	1	0.442225253688	0.557774746312
28.2733	267.0037	98.162906	21	1.0	0.0
28.3706	272.0065	98.978151	17	1.0	0.0
28.4282	271.9847	99.046823	17	0.862224398276	0.137775601724
24.559	276.3057	102.332584	32	1.0	0.0
24.5579	276.3133	102.387536	32	1.0	0.0
24.607	276.386	102.453648	-1	0.0	0.201499679025
24.7032	276.6561	102.453768	-1	0.0	0.216969449206
24.5669	276.3002	102.490876	32	1.0	0.0
24.5549	276.3076	102.759069	32	1.0	0.0
14.7294	278.5501	103.306633	3	0.692888923601	0.307111076399
24.6863	276.1215	105.723106	34	1.0	0.0
28.7952	272.4844	106.001238	16	0.274959757	0.725040243
33.6467	282.305	108.48912	27	0.937516064235	0.0624839357646
28.5852	267.39	112.152651	22	0.672725622031	0.327274377969
28.8346	267.4955	112.486376	-1	0.0	0.554012026917
28.5687	267.3408	112.564958	22	1.0	0.0
32.4973	280.5776	114.328975	14	0.620892409356	0.379107590644
19.5275	284.0407	114.399597	0	1.0	0.347009857101
19.6483	284.0271	114.399611	0	1.0	0.0
32.3543	280.6887	114.488333	14	0.126487896935	0.873512103065
19.6292	284.0644	114.491263	0	1.0	0.0
32.4369	280.5565	114.56056	14	0.572412071435	0.427587928565
32.541	280.6793	114.560646	14	0.115781214496	0.884218785504
34.0997	283.3998	120.272794	10	1.0	0.0
34.1118	283.3989	120.358705	10	1.0	0.0
34.1005	283.3945	120.406373	10	1.0	0.0
34.103	283.3821	120.500946	10	1.0	0.0
19.6676	283.8126	123.188464	0	0.814044179133	0.185955820867
25.6748	268.3609	127.096076	-1	0.0	0.955442072246
33.8316	282.0127	134.053702	28	0.794393278908	0.205606721092
33.7994	282.0236	134.107563	28	0.751158239246	0.248841760754
33.381	282.6912	136.078691	20	1.0	0.0406437267405
33.3411	282.6578	136.170178	20	1.0	0.167164251551
33.3023	282.6844	136.262411	20	1.0	0.0
33.3214	282.6466	136.339995	20	1.0	0.00826452606071
24.91	276.7775	147.355589	37	1.0	0.24602578638
25.0117	276.6829	147.355623	36	0.534434514364	0.465565485636
25.0545	276.7091	147.387163	36	0.29406528793	0.70593471207
24.9664	276.676	147.399346	36	1.0	0.0
24.9733	276.6623	147.538497	36	0.974256275084	0.0257437249163
32.3592	280.4244	147.672804	14	0.0606110655918	0.939388934408
32.5372	280.9177	147.672985	14	0.029604229074	0.970395770926
32.4628	280.5815	147.763801	14	0.894666418226	0.105333581774
24.9955	276.6763	148.32868	36	0.915993723461	0.0840062765387
31.4449	279.7296	150.035234	19	0.413502841381	0.586497158619
28.3584	267.0455	150.979166	21	0.439350236573	0.560649763427
28.2378	267.0413	151.034602	21	0.716186285119	0.283813714881
24.7023	276.1497	158.177171	34	0.891227192355	0.108772807645
19.8144	282.5648	159.674342	1	0.725697319659	0.274302680341
19.9313	282.8699	159.714814	1	0.0822778298029	0.917722170197
28.1233	273.81	161.800453	5	1.0	0.0
28.102	273.817	161.80049	5	1.0	0.0
28.1112	273.8557	161.887562	5	0.608711981187	0.391288018813
25.6132	276.3574	163.581592	29	1.0	0.0
33.6854	282.3106	167.84359	27	0.706716906247	0.293283093753
33.642	282.3228	167.858074	27	0.616822375909	0.383177624091
33.7396	282.6767	167.858283	20	0.073583923001	0.926416076999
33.6428	282.2916	167.892073	27	1.0	0.0
24.1067	273.7544	168.443363	24	0.878625842896	0.121374157104
24.1038	273.7289	168.498686	24	1.0	0.305420190737
28.1447	271.1446	171.15287	12	0.238618777168	0.761381222832
24.2161	277.3933	175.389861	11	0.384803023237	0.615196976763
24.1229	277.3441	175.425306	11	0.94376132817	0.0562386718298
24.138	277.3017	175.499912	11	0.875812270281	0.124187729719
24.0755	277.3287	176.083411	11	0.778712645952	0.221287354048
31.2744	278.7749	176.540431	6	1.0	0.0
24.0174	273.4232	179.870589	18	1.0	0.34995269769
28.2238	267.0152	180.054732	21	0.826757189005	0.173242810995
23.9223	273.4653	180.260536	18	0.448736571767	0.551263428233
32.4281	280.5869	183.029269	14	1.0	0.0
32.509	280.5866	183.093834	14	0.411736984208	0.588263015792
33.385	282.6071	184.878116	20	0.263507159762	0.736492840238
31.3918	280.6268	190.150678	15	0.785665703141	0.214334296859
31.3503	280.5531	190.365024	15	0.832893886451	0.167106113549
28.605	267.3109	194.045249	22	1.0	0.0
28.5993	267.341	194.090096	22	1.0	0.0
29.8529	271.678	197.418137	-1	0.0	0.168782109934
33.8234	282.0377	197.677807	28	0.912341535246	0.087658464754
33.8408	282.0206	197.739746	28	1.0	0.0498686262211
19.6611	284.0262	199.661792	0	1.0	0.0
25.1554	276.512	200.806869	-1	0.0	0.0668233946254
24.7708	276.6774	206.62149	37	0.590745891963	0.409254108037
24.9082	276.9073	206.621614	-1	0.0	0.500658974294
24.7229	276.1122	208.089462	34	1.0	0.0
14.6909	278.5131	212.855338	3	0.487393279319	0.512606720681
14.7106	278.5548	212.855372	3	0.876553365457	0.123446634543
27.9775	271.1998	215.180509	12	1.0	0.0
27.9497	271.2308	215.244551	12	0.67251916896	0.32748083104
28.3908	271.9707	216.348899	17	1.0	0.0
28.3904	272.0074	216.565632	17	1.0	0.0
33.4651	281.2694	219.697622	7	0.294610854895	0.705389145105
33.668	282.2841	222.464925	27	1.0	0.0
33.7329	282.2734	222.518401	27	0.422390838753	0.577609161247
33.6702	282.2869	222.57194	27	1.0	0.0
25.5449	276.3471	222.795243	29	1.0	0.0
25.5554	276.3501	222.868209	29	1.0	0.0
28.6812	267.3151	222.885712	22	0.694395205049	0.305604794951
28.5557	267.3981	222.887736	22	0.649657211778	0.350342788222
25.4245	276.4997	223.61829	-1	0.0	0.0340538597544
21.067	278.6239	228.114628	4	1.0	0.0
21.0441	278.6056	228.427504	4	1.0	0.0
23.9539	273.385	231.180079	18	0.702573679952	0.297426320048
27.9534	273.9096	233.045267	5	0.360420417666	0.639579582334
28.2825	271.1131	233.091967	13	0.927071649688	0.0729283503121
33.6085	282.3166	233.354869	27	0.552490630336	0.447509369664
32.4094	280.5322	233.514794	14	0.261444649113	0.738555350887
32.3686	280.7121	233.603798	14	0.115953154253	0.884046845747
32.4869	280.5837	233.603868	14	0.640760744213	0.359239255787
31.2099	279.6466	235.934982	19	1.0	0.0
28.2605	267.0065	237.366591	21	1.0	0.0
28.3476	267.1994	237.366631	21	0.1882868722	0.8117131278
28.2604	267.0511	237.515061	21	0.438661756872	0.561338243128
19.6649	284.0113	239.340855	0	1.0	0.282635457071
19.6621	284.0207	239.431485	0	1.0	0.0
19.9675	284.0654	239.431527	0	0.305719239285	0.694280760715
30.5859	279.6137	244.322763	26	0.592447249464	0.407552750536
24.7728	276.0015	253.166911	35	0.51680774147	0.48319225853
24.9276	276.5763	256.234678	-1	0.0	0.241082521363
24.9405	276.64	256.292652	36	0.482384404694	0.517615595306
33.8391	282.0719	267.229851	28	1.0	0.0
33.8561	282.0804	267.29951	28	1.0	0.0
33.8556	282.0652	267.349217	28	1.0	0.0
19.5978	283.9845	268.359191	0	1.0	0.248530095521
33.386	282.7052	269.351863	20	1.0	0.11378076726
33.3445	282.732	269.383556	20	1.0	0.0
33.3994	283.1858	269.383816	-1	0.0	0.428390485723
33.3796	282.682	269.549263	20	1.0	0.0406437267405
24.0221	273.6301	279.151144	23	0.897840454706	0.102159545294
24.0317	273.5804	279.151192	23	0.762680185169	0.237319814831
31.373	278.8207	279.194247	6	0.691105165447	0.308894834553
31.2968	278.7739	279.281972	6	1.0	0.0
32.482	280.6294	280.242234	14	0.282366808319	0.717633191681
33.6997	282.3063	281.80415	27	0.643265872929	0.356734127071
33.6519	282.2993	281.844614	27	1.0	0.0
19.6419	284.0262	284.905251	0	1.0	0.0
19.7277	284.0826	284.905283	0	1.0	0.440397842955
19.654	284.0697	284.961707	0	1.0	0.0396830086527
28.261	266.9901	288.706169	21	1.0	0.0
31.2763	279.3819	289.317719	19	0.728099644623	0.271900355377
28.0848	273.904	290.776291	5	0.556211398285	0.443788601715
28.0786	273.7606	290.825905	5	0.506596214395	0.493403785605
28.118	273.8235	290.935147	5	1.0	0.0
33.2228	282.7917	292.905842	20	0.215070191345	0.784929808655
33.294	282.7059	292.961354	20	0.855584063892	0.144415936108
33.4483	282.8065	293.019538	20	0.215965627154	0.784034372846
33.3553	282.74	293.082778	20	1.0	0.0
33.3499	282.7417	293.390306	20	1.0	0.0587841296946
23.0586	274.6444	297.23679	9	1.0	0.0
24.8143	276.6664	302.934939	37	0.59108275369	0.40891724631
25.526	276.3231	304.126775	29	0.839625701542	0.160374298458
25.5885	276.3385	304.128369	29	1.0	0.0
32.4713	280.5852	307.636698	14	0.807264756261	0.192735243739
32.5041	280.5754	307.636739	14	0.536568312594	0.463431687406
32.4728	280.5783	307.671319	14	0.860704543516	0.139295456484
32.4494	280.5923	308.388695	14	1.0	0.0
20.8918	278.572	310.337556	4	0.208079540121	0.791920459879
21.0685	278.5893	310.337581	4	0.524444388329	0.475555611671
24.0908	277.3533	310.484732	11	0.934072911248	0.065927088752
24.1005	277.3068	310.504532	11	1.0	0.0295533559953
24.0998	277.3594	310.536339	11	0.933639649133	0.0663603508669
19.833	282.6239	312.707699	1	0.477748333014	0.522251666986
19.7335	282.5941	312.821571	1	1.0	0.0
32.8956	282.6129	313.995776	-1	0.0	0.102337282486
31.1405	279.5855	316.355529	19	0.969933247239	0.0300667527612
23.8927	277.5219	321.329859	11	0.109409501731	0.890590498269
24.0657	277.2696	321.329915	11	0.701612817123	0.298387182877
28.5313	271.9627	322.442561	17	0.34400572998	0.65599427002
28.4561	271.9844	322.563926	17	0.614469318701	0.385530681299
31.2138	279.6416	324.042449	19	1.0	0.0
31.3207	279.6404	324.042526	19	1.0	0.300879273259
24.181	277.3491	326.151443	11	1.0	0.0
24.9619	276.6435	326.169714	36	0.698788186238	0.301211813762
24.1848	277.3528	326.471165	11	1.0	0.0
19.611	284.0121	326.671163	0	1.0	0.0
28.3501	267.1861	343.169971	-1	0.0	0.109415751411
24.7213	276.2108	345.305693	-1	0.0	0.297452015675
28.5135	267.3582	346.095854	22	0.946472157264	0.0535278427361
31.3596	280.5541	348.225301	15	0.713848894554	0.286151105446
31.3181	280.599	348.310522	15	0.730492412233	0.269507587767
31.4158	280.9127	348.310706	15	0.0740978982725	0.925902101728
31.3144	280.5768	348.37298	15	0.8342504049	0.1657495951
31.3462	280.6229	348.507874	15	0.785665703141	0.214334296859
31.3005	280.6076	348.698839	15	0.665130458429	0.334869541571
19.5817	284.0304	349.063845	0	1.0	0.107837631948
24.6313	276.7045	350.55806	-1	0.0	0.403664048647
24.8551	276.7591	350.558181	37	1.0	0.0643045288335
24.0601	273.7815	350.995325	24	0.45107631182	0.54892368818
24.0619	273.8197	351.28361	-1	0.0	0.0287463194008
28.3182	271.1428	356.726121	13	1.0	0.0
27.9737	271.0921	357.442434	-1	0.0	0.0346300128388
24.61	276.2265	362.320618	33	1.0	0.0
32.473	280.6009	362.753756	14	0.608193585656	0.391806414344
33.3385	282.72	364.251123	20	1.0	0.141953894535
33.3535	282.7076	364.302576	20	0.945535611288	0.0544643887116
33.4116	282.7385	364.405492	20	0.685321637599	0.314678362401
33.9021	282.0362	365.280119	28	0.836615372536	0.163384627464
33.8454	282.0494	365.306983	28	1.0	0.0406252364188
25.4542	276.4495	365.672772	30	0.457676610693	0.542323389307
25.2239	276.2802	366.546461	-1	0.0	0.0462713819147
19.5444	283.983	368.351372	0	0.945068787308	0.054931212692
19.6358	283.975	368.351409	0	1.0	0.201740738609
14.7357	278.5334	370.327491	3	0.591568549359	0.408431450641
14.6824	278.4689	370.500234	3	0.254024992459	0.745975007541
32.6898	281.8031	371.46481	7	0.688287372374	0.311712627626
24.1374	277.3917	377.439188	11	0.696053327933	0.303946672067
24.0888	277.391	377.51467	11	0.933639649133	0.0663603508669
24.0648	277.3474	377.566576	11	0.819510824321	0.180489175679
24.1066	277.3902	377.566612	11	0.933639649133	0.0663603508669
24.1101	277.3869	377.668174	11	0.933639649133	0.0663603508669
24.9597	276.6421	380.643744	36	0.64286880462	0.35713119538
30.3175	279.2952	381.864416	-1	0.0	0.156885116948
30.6206	279.6475	383.714414	26	0.538570217747	0.461429782253
31.3516	280.597	387.366951	15	1.0	0.0
31.3584	280.6313	387.414453	15	0.613928836923	0.386071163077
24.7652	276.0385	387.827116	35	1.0	0.0
24.7763	276.0485	387.92413	35	0.755564702545	0.244435297455
19.6114	284.0196	387.962053	0	1.0	0.0
19.6518	284.0562	388.060912	0	1.0	0.0
24.7978	276.0491	388.65562	35	0.611537539877	0.388462460123
23.9117	273.3706	393.11931	18	0.436356215258	0.563643784742
23.9048	273.3383	393.150944	18	0.54159927126	0.45840072874
23.9451	273.4203	393.205648	18	0.825352795439	0.174647204561
14.7717	276.8063	400.662766	2	1.0	0.0
31.0541	280.6751	405.163474	15	0.122999399364	0.877000600636
31.0555	280.6565	405.306915	15	0.12911332551	0.87088667449
32.5604	280.5832	407.117841	14	0.186513600185	0.813486399815
14.2582	267.8988	409.364871	-1	0.0	0.368955459856
31.4256	280.6071	409.38686	15	0.574751316608	0.425248683392
33.9487	282.1076	410.525831	28	0.798347129097	0.201652870903
33.8973	282.0823	410.652716	28	1.0	0.0
33.9225	282.09	410.734525	28	0.97069052709	0.0293094729101
27.9614	271.1901	411.062191	12	1.0	0.0
27.9761	271.1936	411.062242	12	1.0	0.0
28.3852	267.072	411.315967	21	0.38064132716	0.61935867284
28.1461	273.8071	411.582962	5	1.0	0.0
28.1255	273.7523	411.876981	5	0.487436148438	0.512563851562
19.6815	284.0195	412.401959	0	1.0	0.153096069324
24.8543	276.7058	417.844736	37	0.965461788044	0.0345382119564
24.8125	276.6958	417.989744	37	0.692658980812	0.307341019188
24.9113	277.009	418.503676	-1	0.0	0.048704402926
33.3731	282.7278	419.140153	20	1.0	0.0
33.3836	282.6966	419.213106	20	1.0	0.0326316116147
33.3837	282.7114	419.26257	20	1.0	0.190056577971
33.3899	282.7281	419.332935	20	0.953673757535	0.0463262424653
33.3763	282.7205	419.369743	20	1.0	0.0679242869627
33.3697	282.7303	419.405903	20	1.0	0.0882961509766
28.1973	267.0057	420.520913	21	0.504102214854	0.495897785146
28.3071	267.006	420.520972	21	0.582892557481	0.417107442519
24.1925	273.8168	428.797525	-1	0.0	0.0672362013042
24.2062	273.8149	429.134005	-1	0.0	0.0208150089461
19.6598	284.0211	431.294826	0	1.0	0.0
19.6198	284.0115	431.515526	0	1.0	0.0
19.5559	282.5829	433.06827	1	0.237349098303	0.762650901697
31.2811	280.8171	435.304669	15	0.107072393138	0.892927606862
31.3696	280.5902	435.304719	15	1.0	0.0
28.308	271.1778	437.732939	13	1.0	0.0
28.2904	271.1643	437.919713	13	1.0	0.0
24.685	276.2619	438.855912	33	0.653097604453	0.346902395547
22.6707	274.8506	438.897496	9	1.0	0.0
32.4858	280.6607	440.314222	14	0.22477419384	0.77522580616
32.4902	280.5225	440.562594	14	0.212907495503	0.787092504497
28.7211	267.5139	442.869374	-1	0.0	0.443346915345
19.613	284.0151	445.999698	0	1.0	0.0
31.6813	280.3325	451.354787	15	0.0757061056786	0.924293894321
31.8276	280.3213	451.354862	14	0.0208926859616	0.979107314038
33.3602	282.6922	451.612199	20	1.0	0.183800176435
33.3432	282.7226	452.061152	20	1.0	0.155863368568
24.0039	273.3906	452.819125	18	1.0	0.240658289773
24.0032	273.3729	452.899213	18	1.0	0.0
23.9867	273.3757	452.926591	18	1.0	0.0
33.8919	282.1146	459.782796	28	0.734928266974	0.265071733026
33.8925	282.0567	459.807125	28	1.0	0.0
33.9595	282.0832	459.82716	28	0.807784993328	0.192215006672
33.9052	282.0427	460.42444	28	0.70397068625	0.29602931375
19.9052	282.5563	460.573253	1	0.320682975598	0.679317024402
28.6574	267.3013	465.122368	22	0.965084525941	0.0349154740592
24.8407	276.0612	468.290733	35	0.452381671154	0.547618328846
24.939	276.0372	468.290794	-1	0.0	0.0509156803275
24.7271	276.0334	468.353724	35	0.47951220308	0.52048779692
24.7213	275.9978	468.394615	35	0.335778479575	0.664221520425
31.2746	279.6578	468.785162	19	1.0	0.0
31.2731	279.6602	468.785192	19	1.0	0.0
19.6324	284.0305	470.385063	0	1.0	0.31877999997
19.6225	283.8923	480.018638	0	1.0	0.0
33.3569	282.7315	480.815849	20	1.0	0.0
33.9424	282.064	483.63697	28	0.659249515633	0.340750484367
32.4483	280.5462	486.205992	14	0.455749497022	0.544250502978
32.4667	280.5769	486.206036	14	0.807264756261	0.192735243739
32.4659	280.6343	486.260707	14	0.321415661219	0.678584338781
32.4662	280.5711	486.287046	14	0.676174293024	0.323825706976
32.4748	280.562	486.307496	14	0.495640001162	0.504359998838
32.4436	280.546	486.331862	14	0.462155271372	0.537844728628
32.4645	280.5125	486.331895	14	0.24349822224	0.75650177776
32.4705	280.5338	486.382764	14	0.351295888627	0.648704111373
19.6066	284.004	487.107313	0	1.0	0.23904699087
24.0725	277.2715	487.217836	11	0.741469281669	0.258530718331
24.1965	277.4763	487.217949	11	0.204721622647	0.795278377353
32.8366	281.4804	487.473848	7	1.0	0.0
32.7874	281.585	487.527227	7	1.0	0.0
19.4875	284.0241	496.33161	0	0.876858274185	0.123141725815
19.6036	284.0184	496.331644	0	1.0	0.0
29.5893	282.7028	498.744073	-1	0.0	0.717216286664
19.6914	283.7983	500.80573	0	0.60862428154	0.39137571846
19.673	283.8404	500.874276	0	1.0	0.342940612121
24.895	276.9347	503.085749	-1	0.0	0.516209194301
24.6454	276.2321	503.737172	33	1.0	0.0
24.6298	276.248	503.768851	33	1.0	0.0
24.6295	276.2866	504.179331	33	0.624412504273	0.375587495727
24.0878	273.8008	505.246896	24	0.395943790165	0.604056209835
29.3138	272.5046	505.728238	16	1.0	0.0
28.2931	267.1801	507.010712	21	0.215410751541	0.784589248459
19.625	284.0612	507.530754	0	1.0	0.0834144155844
19.6299	283.9564	507.605994	0	1.0	0.394310809203
32.4272	280.7409	507.709471	14	0.0849598517582	0.915040148242
30.6418	280.3998	508.718031	-1	0.0	0.195147513101
30.7426	280.6502	508.718179	15	0.0818616907892	0.918138309211
33.9172	282.1205	509.428196	28	0.615426771248	0.384573228752
33.8876	282.0705	509.555943	28	1.0	0.0
23.9883	273.3462	511.355641	18	0.662465804948	0.337534195052
23.9986	273.3722	511.447208	18	1.0	0.0
23.9832	273.3806	511.535199	18	1.0	0.0
33.3556	282.7105	512.368463	20	1.0	0.155863368568
33.4085	282.7064	512.452781	20	0.84362325047	0.15637674953
33.3721	282.6937	512.514484	20	1.0	0.0435669402591
33.409	282.8307	512.562071	20	0.181135762427	0.818864237573
30.5363	279.4679	513.917722	26	0.164063083973	0.835936916027
30.6357	279.6257	513.977203	26	0.446002378114	0.553997621886
30.5809	279.6493	514.041351	26	0.592447249464	0.407552750536
28.3119	271.1192	515.078066	13	1.0	0.0
28.3173	271.1806	515.306602	13	1.0	0.0
31.3544	280.574	522.556875	15	1.0	0.0
31.3768	280.6104	522.607948	15	1.0	0.0
31.3716	280.5848	522.617573	15	0.822462303234	0.177537696766
25.4765	276.4934	524.1788	-1	0.0	0.07585303664
19.5853	283.8967	529.37022	0	1.0	0.370647544231
33.9252	282.0941	531.099095	28	0.918866247175	0.081133752825
33.881	282.0926	531.164377	28	0.975753046059	0.0242469539407
24.6382	276.2413	534.277521	33	1.0	0.0
28.3623	271.9857	535.136355	17	1.0	0.0
28.3644	272.0289	535.228181	17	0.623351337043	0.376648662957
19.6633	284.0484	547.645269	0	1.0	0.0474070501555
19.6871	284.0587	547.748169	0	1.0	0.0990737076857
19.7254	284.22	547.787712	0	0.400535782534	0.599464217466
19.6855	284.056	547.844222	0	1.0	0.0990737076857
19.6918	284.0642	547.96204	0	1.0	0.0432396511296
33.375	282.6774	550.72903	20	1.0	0.159430942722
33.4255	282.7082	550.823038	20	0.54455265151	0.45544734849
33.8727	282.0941	551.631694	28	0.996001320856	0.00399867914437
33.8866	282.0679	551.79784	28	1.0	0.0
32.7786	281.6014	555.763612	7	1.0	0.0
32.7813	281.6067	555.792798	7	1.0	0.0
32.7557	281.6282	555.84162	7	1.0	0.0
24.8646	276.7659	558.574276	37	1.0	0.0
32.4921	280.6005	559.786828	14	0.411736984208	0.588263015792
32.4843	280.5728	559.999521	14	0.649358976079	0.350641023921
24.1084	277.451	560.585461	11	0.304839843311	0.695160156689
24.1002	277.3761	561.046563	11	0.933639649133	0.0663603508669
25.1351	276.7247	561.435725	-1	0.0	0.390668922988
24.9568	276.6023	561.542498	36	0.362127024093	0.637872975907
25.0297	276.6374	561.72754	36	0.510218839764	0.489781160236
24.9218	276.5894	561.764528	-1	0.0	0.0580459647585
33.4192	282.7478	562.212268	20	0.570642975496	0.429357024504
22.9641	274.6745	562.521969	9	1.0	0.0
19.4242	282.7026	564.464564	1	0.133064981897	0.866935018103
19.582	282.6688	564.464578	1	0.228684186268	0.771315813732
30.8073	278.5633	566.163	6	0.1910476318	0.8089523682
23.934	273.3112	569.689574	18	0.383793365395	0.616206634605
23.9828	273.4258	569.992281	18	1.0	0.0
24.744	276.0361	573.529137	35	0.646819101279	0.353180898721
24.749	276.0605	573.593523	35	0.62415886304	0.37584113696
24.7838	276.0266	573.713712	35	1.0	0.0
24.7249	276.0584	573.794474	35	0.47951220308	0.52048779692
19.6384	283.9999	575.761928	0	1.0	0.16614121668
19.6287	283.9651	575.816428	0	1.0	0.43312283616
24.6416	276.2366	578.147129	33	1.0	0.0
24.7625	276.7659	578.147347	37	0.357963269948	0.642036730052
32.5205	280.5121	578.287731	14	0.130958095595	0.869041904405
24.8611	276.7296	579.92222	37	1.0	0.0
33.9285	282.0883	580.538583	28	0.956390744478	0.0436092555222
33.8907	282.0867	580.622309	28	1.0	0.0217767924594
33.8959	282.0692	580.734083	28	1.0	0.0
31.7886	280.2904	592.039689	-1	0.0	0.0121947939732
33.3788	282.7082	592.736224	20	1.0	0.0326316116147
33.3933	282.7566	593.241283	20	0.799279043723	0.200720956277
33.3754	282.7442	593.554578	20	1.0	0.162587393707
21.0831	278.6926	599.200991	4	0.393244834805	0.606755165195
21.0681	278.615	599.762833	4	0.924862410748	0.0751375892516
