8.042	107.2862	-3.4e-05	15	0.251749769004	0.748250230996
18.3427	108.7392	-599.734865	6	0.253470791926	0.746529208074
0.7475	107.913	-596.857042	16	0.854681303744	0.145318696256
0.7694	107.8825	-596.853926	16	1.0	0.0
7.9894	107.3464	-593.363476	15	0.266893777942	0.733106222058
7.9075	107.4512	-593.305188	15	1.0	0.0
12.3733	112.1128	-586.698636	22	1.0	0.36662932265
12.3764	112.1206	-586.653679	22	1.0	0.267619531684
12.3588	112.1228	-586.592773	22	1.0	0.0961670177131
15.5918	109.6061	-586.212484	8	0.186369614042	0.813630385958
15.4276	109.6012	-586.198264	8	0.211590472209	0.788409527791
1.5599	106.6129	-585.721338	18	1.0	0.212812331336
1.4439	106.7093	-585.707848	18	1.0	0.0981787097527
2.8037	107.2082	-584.477409	-1	0.0	0.0814701083297
1.7318	102.5461	-579.743624	2	1.0	0.0
1.7583	102.5125	-579.681989	2	0.866535754362	0.133464245638
1.8349	102.3585	-579.620898	2	0.331456341182	0.668543658818
12.3214	112.1902	-573.622954	22	0.91276723619	0.0872327638101
12.3338	112.2551	-573.564552	22	1.0	0.13560812857
12.319	112.2471	-573.483693	22	1.0	0.0
12.34	112.2314	-573.352392	22	1.0	0.206275298252
2.7138	106.5981	-568.774343	21	1.0	0.0
2.7694	106.6939	-568.511988	21	0.359546267915	0.640453732085
7.8843	107.4924	-564.849387	15	0.802702391755	0.197297608245
7.8772	107.4305	-564.817955	15	0.868726668292	0.131273331708
1.3615	106.8278	-561.8625	18	0.81905808585	0.18094191415
1.4114	106.7772	-561.795847	18	1.0	0.0767251002784
1.3609	106.7988	-561.735136	18	1.0	0.0
1.376	106.7594	-561.433193	18	1.0	0.00403369431053
1.3875	106.798	-561.285649	18	1.0	0.0924333361889
1.4936	106.6838	-558.675042	18	1.0	0.0636230253639
12.8198	111.0812	-557.017731	13	1.0	0.453984433125
12.8221	111.1794	-556.927624	13	1.0	0.613976543659
1.6304	106.5498	-554.379328	18	1.0	0.0
-0.5268	102.4417	-548.75761	1	1.0	0.0
-0.6388	102.4258	-548.626907	1	1.0	0.0
-0.5984	102.4783	-548.58673	1	1.0	0.0
4.3717	112.6528	-548.462504	3	0.625781616139	0.374218383861
1.3759	106.7823	-543.977952	18	1.0	0.0353800775658
1.3865	106.7162	-543.933931	18	1.0	0.0
2.7549	106.5043	-543.636245	21	1.0	0.291136043958
12.7878	111.5063	-542.072628	12	0.548652838084	0.451347161916
8.2876	109.1496	-538.770752	10	1.0	0.0
8.3283	109.1153	-538.636324	10	1.0	0.0
1.3241	106.7125	-536.055935	18	1.0	0.0394533349131
0.7945	108.992	-535.748092	17	0.40084084158	0.59915915842
1.4949	106.6768	-532.942965	18	1.0	0.0366866845622
1.4886	106.6595	-532.901103	18	1.0	0.00456540476651
1.4993	106.7202	-532.825103	18	1.0	0.00556099900787
1.5061	106.668	-532.672848	18	1.0	0.0643115256146
1.4122	106.7864	-532.316879	18	1.0	0.0
17.9061	109.1081	-532.311902	6	1.0	0.0
1.7145	102.6432	-531.61189	2	0.996948481495	0.00305151850521
7.8601	107.4453	-526.486124	15	0.783493053034	0.216506946966
7.9176	107.4677	-526.430381	15	1.0	0.0
7.9066	107.4991	-526.395295	15	0.71531172851	0.28468827149
7.9334	107.5365	-526.370054	15	0.514046593727	0.485953406273
7.9182	107.4574	-526.327285	15	1.0	0.0
7.8967	107.428	-526.222947	15	0.724629688877	0.275370311123
7.8994	107.3576	-526.167872	15	0.369071520609	0.630928479391
2.7107	96.7174	-523.594286	0	1.0	0.0
2.7234	96.8734	-519.137227	0	1.0	0.0
1.7331	102.5093	-517.217988	2	0.77100780075	0.22899219925
2.7064	106.5821	-514.925718	21	1.0	0.0
2.7169	106.5466	-514.876537	21	1.0	0.376042968458
2.715	106.6072	-514.743681	21	1.0	0.0
18.4785	107.3098	-513.670784	5	0.249033605812	0.750966394188
18.6324	107.507	-513.645304	5	1.0	0.0
18.6544	107.4964	-513.576433	5	0.899922211946	0.100077788054
18.6516	107.4517	-513.521957	5	1.0	0.0
3.213	106.9067	-511.918118	27	0.765678861896	0.234321138104
12.3249	112.2846	-510.530397	22	1.0	0.321502647134
12.3539	112.3086	-510.499425	22	0.598717642447	0.401282357553
12.2816	112.2154	-510.478897	22	0.713218932115	0.286781067885
9.0123	109.8599	-506.203713	11	0.372965386801	0.627034613199
1.4929	106.6269	-501.993219	18	1.0	0.00762164348726
1.4732	106.7065	-501.88263	18	1.0	0.00162889751608
0.7142	107.794	-500.264897	16	0.492729738283	0.507270261717
0.8381	109.0895	-498.673991	17	1.0	0.0941015979195
0.8444	109.0817	-498.611955	17	1.0	0.241858018919
0.7938	109.1393	-498.461538	17	1.0	0.530792980411
12.8337	111.0673	-494.125654	13	1.0	0.453984433125
12.8463	111.1307	-494.044735	13	1.0	0.180640266362
12.8511	111.1188	-493.999766	13	1.0	0.0
12.8953	111.2726	-493.941496	13	0.543359790416	0.456640209584
-0.5235	102.1969	-493.322231	1	0.428544405757	0.571455594243
8.0289	107.2179	-489.762653	15	0.132836320708	0.867163679292
15.3415	110.1172	-488.688421	8	0.747084218262	0.252915781738
12.8397	111.4601	-488.253576	12	0.447042927778	0.552957072222
15.1206	110.1135	-485.830771	8	1.0	0.0
2.89	107.0659	-482.870581	24	0.477476556348	0.522523443652
2.864	107.0809	-482.191891	24	1.0	0.0
1.3627	106.7247	-478.059913	18	1.0	0.0
2.6634	106.5181	-476.082869	21	1.0	0.255421503631
1.6279	107.9928	-476.048518	-1	0.0	0.197983795069
2.6676	106.4468	-476.011094	21	1.0	0.374286945554
2.6492	106.4757	-475.967844	21	1.0	0.0621883920416
3.1765	106.8734	-475.729413	27	1.0	0.0
3.1768	106.8821	-475.682194	27	1.0	0.0
1.5928	102.4849	-475.066526	2	0.414828793581	0.585171206419
3.0889	106.7815	-474.780031	27	1.0	0.0
1.7008	102.5552	-474.761051	2	1.0	0.0
3.0754	106.8858	-474.723137	27	1.0	0.0
1.5714	106.9471	-472.450434	18	0.222965568314	0.777034431686
1.5385	106.6781	-472.097698	18	1.0	0.247071226091
7.863	107.4808	-464.746875	15	0.705602075337	0.294397924663
7.8525	107.4053	-464.327241	15	0.468366794183	0.531633205817
7.8647	107.3523	-464.299463	15	0.456885309984	0.543114690016
7.8095	107.3755	-464.138151	15	0.42258694657	0.57741305343
7.8701	107.5147	-464.065838	15	0.647164608537	0.352835391463
12.3579	112.2745	-463.843711	22	0.922979187404	0.077020812596
1.6776	102.5371	-458.488938	2	1.0	0.0
1.0839	103.4779	-458.359813	2	0.0338616807324	0.966138319268
12.9986	112.8798	-458.149246	9	1.0	0.0
0.8659	109.1571	-448.140079	17	1.0	0.0
0.821	109.0909	-448.062948	17	1.0	0.338376286663
8.901	109.7982	-444.179862	11	0.175671079073	0.824328920927
0.8409	109.0967	-439.048263	17	1.0	0.0
17.9981	109.0577	-436.950136	6	1.0	0.341444522261
18.0142	108.9749	-436.909161	6	1.0	0.430971008815
17.9201	109.0589	-436.735489	6	1.0	0.0
12.451	112.0042	-433.476642	23	1.0	0.0
1.3639	106.7454	-431.423135	18	1.0	0.0669747024603
1.3502	106.7891	-431.280498	18	1.0	0.0
1.3877	106.6258	-431.194868	18	1.0	0.0
1.6976	106.5247	-430.73739	18	0.896620976508	0.103379023492
9.4062	109.5677	-430.330097	11	0.0584327734174	0.941567226583
1.5603	107.2886	-429.6282	19	1.0	0.0
1.5312	107.2935	-429.482791	19	1.0	0.0
1.4774	107.325	-429.250317	19	1.0	0.0
2.7309	106.5487	-425.306256	21	1.0	0.442252035461
8.9802	109.8833	-423.688563	11	0.34259213273	0.65740786727
7.9037	107.4941	-416.085139	15	0.705602075337	0.294397924663
7.9401	107.4275	-416.046079	15	0.598548520499	0.401451479501
7.949	107.4205	-415.980158	15	0.483409612678	0.516590387322
7.9459	107.5035	-415.852427	15	0.5230448663	0.4769551337
1.7636	102.4548	-414.405641	2	0.54129064046	0.45870935954
1.6978	102.5235	-414.3044	2	1.0	0.12513266743
12.3382	112.1175	-414.170911	22	1.0	0.0
12.3439	112.1533	-414.128485	22	1.0	0.0
0.8329	109.1594	-413.732734	17	1.0	0.0
0.8341	109.1101	-413.580624	17	1.0	0.0
1.2421	108.9124	-413.233792	17	0.10367642844	0.89632357156
3.5201	106.6306	-413.086644	25	1.0	0.0
3.5412	106.6049	-412.515328	25	1.0	0.0
12.3017	112.2334	-411.523114	22	1.0	0.129700720247
2.9508	106.9459	-411.499187	-1	0.0	0.0391748120791
2.8127	107.1562	-411.040503	24	0.19024507576	0.80975492424
0.7193	107.9331	-407.310201	16	0.573947451855	0.426052548145
1.8952	102.4371	-407.026318	2	0.366073400115	0.633926599885
0.7237	107.877	-406.979911	16	1.0	0.0
15.114	110.1034	-406.732986	8	1.0	0.0
12.61	111.9976	-406.581571	20	1.0	0.0
3.9191	112.0732	-405.806905	3	0.612445273875	0.387554726125
3.9317	112.0485	-405.657	3	0.583997094073	0.416002905927
2.4515	110.3453	-402.162471	4	0.871126882248	0.128873117752
2.463	110.3011	-402.088388	4	0.880219562102	0.119780437898
2.6461	110.4202	-402.073731	4	0.17591669251	0.82408330749
2.4653	110.362	-402.048152	4	0.603871297242	0.396128702758
2.526	110.2759	-401.957657	4	0.788972810946	0.211027189054
12.3576	112.0812	-398.792539	22	1.0	0.0
8.3293	109.253	-394.745903	10	0.691511292721	0.308488707279
1.4716	106.8046	-392.552876	18	1.0	0.16950857998
1.4821	106.6579	-392.382239	18	1.0	0.128565331579
1.5147	106.5952	-391.347069	18	1.0	0.227002431459
18.6166	107.4584	-390.610498	5	1.0	0.0
18.5336	107.4606	-390.608133	5	0.608510331887	0.391489668113
18.1663	108.825	-385.455018	6	0.514704081678	0.485295918322
18.0995	108.8232	-385.397298	6	0.723061711381	0.276938288619
18.3026	109.0861	-385.397069	6	0.303852272234	0.696147727766
1.6343	106.5643	-385.284383	18	1.0	0.140453554241
2.5735	106.6309	-382.155614	21	0.423354787374	0.576645212626
2.6429	106.5495	-381.875102	21	1.0	0.433530346212
12.6289	112.0028	-380.552692	20	1.0	0.0
12.6798	112.0657	-380.339639	-1	0.0	0.0995224222062
12.8674	111.1183	-378.420501	13	1.0	0.0
12.8436	111.1516	-378.138958	13	1.0	0.370314686912
1.6582	106.6237	-376.403401	18	0.782403182976	0.217596817024
9.0749	109.9199	-374.064518	11	1.0	0.0
12.3703	112.1223	-370.938102	22	1.0	0.203079130307
12.4491	111.9743	-370.242837	23	1.0	0.0
12.5016	112.0666	-370.105306	23	0.868512064077	0.131487935923
2.9077	107.0734	-369.601641	24	0.483519940281	0.516480059719
12.3336	112.2548	-369.312969	22	1.0	0.132558554737
12.3267	112.2294	-369.291305	22	1.0	0.0
12.3405	112.2866	-369.262597	22	1.0	0.366101092494
12.345	112.2641	-369.250535	22	1.0	0.226889483673
12.3395	112.2019	-369.178656	22	1.0	0.436319542344
12.3281	112.2453	-369.126175	22	1.0	0.068636726888
12.3461	112.2745	-369.084503	22	1.0	0.290519494807
12.3154	112.225	-369.040437	22	1.0	0.0658692062572
3.1791	106.9745	-364.415634	-1	0.0	0.146213524207
1.4838	106.714	-361.688991	18	1.0	0.0
1.523	106.6884	-361.614389	18	1.0	0.117120091764
1.495	106.6701	-361.441855	18	1.0	0.0
1.4996	106.6157	-361.304929	18	1.0	0.00762164348726
2.6798	106.4772	-360.282043	21	1.0	0.0
7.8613	107.3441	-358.535068	15	0.374495171745	0.625504828255
7.8593	107.5394	-358.535025	15	0.414112204502	0.585887795498
7.8638	107.4476	-358.479378	15	0.889881339383	0.110118660617
3.8478	111.426	-355.339866	3	0.289889480998	0.710110519002
2.7755	96.7079	-355.174896	0	1.0	0.0
12.827	111.0678	-352.724322	13	1.0	0.511875515776
12.9856	112.8345	-351.610285	9	0.735861641377	0.264138358623
12.9887	112.8936	-351.59222	9	1.0	0.0
8.9897	109.8438	-350.446842	11	0.322844095671	0.677155904329
17.7402	109.1798	-344.512307	6	0.524642034304	0.475357965696
4.375	112.4889	-343.250978	3	1.0	0.0
1.6807	102.6875	-343.163341	2	1.0	0.0
1.3776	106.6856	-342.256546	18	1.0	0.0
1.3794	106.7308	-341.267268	18	1.0	0.0
15.2977	110.2531	-338.905104	8	0.533328562948	0.466671437052
9.0546	109.911	-334.271686	11	0.627066095195	0.372933904805
12.835	111.1948	-330.369833	13	1.0	0.613976543659
2.8966	107.0827	-326.192617	24	0.668008424313	0.331991575687
17.9515	109.1941	-322.049452	6	1.0	0.0
17.9153	109.0994	-322.001022	6	1.0	0.0
17.9522	109.0093	-321.89951	6	1.0	0.314459961196
18.7978	106.7424	-318.403514	5	0.0538548715364	0.946145128464
1.7472	102.4616	-317.814012	2	0.6120058649	0.3879941351
1.7393	102.5599	-317.585368	2	1.0	0.141704803082
1.4938	106.7818	-317.532624	18	0.931732127709	0.068267872291
1.4879	106.7201	-317.494173	18	1.0	0.00440892402911
1.4864	106.5704	-317.418342	18	1.0	0.050073467158
15.46	110.0573	-316.292782	8	0.654782867975	0.345217132025
3.4796	106.805	-314.452009	25	0.520921327872	0.479078672128
12.8168	111.1165	-314.307248	13	1.0	0.349198858532
0.8393	109.0862	-314.16733	17	1.0	0.220836862506
3.0719	106.7856	-311.483347	27	1.0	0.0
3.1224	106.7065	-311.396478	-1	0.0	0.0318509039592
3.1004	106.7633	-311.336545	27	0.720020695396	0.279979304604
2.8701	107.1124	-311.158675	24	0.36413280471	0.63586719529
3.0831	106.7852	-310.930831	27	1.0	0.0
3.0873	106.8244	-310.714965	27	0.925285620608	0.0747143793916
12.3097	112.1269	-309.345883	22	0.913345694162	0.086654305838
1.3285	106.7307	-308.865764	18	1.0	0.161984283603
1.3549	106.8014	-308.796406	18	1.0	0.0
1.3558	106.7338	-308.735866	18	1.0	0.00990795708648
1.3533	106.7853	-308.686632	18	1.0	0.0
1.3767	106.7005	-308.5671	18	1.0	0.0
1.3508	106.7242	-308.421231	18	1.0	0.111929632163
1.4155	106.8726	-308.291177	18	0.725958054088	0.274041945912
15.1001	110.0689	-306.651994	8	1.0	0.0
12.9779	112.8595	-301.63057	9	1.0	0.0
2.474	110.2885	-300.608572	4	1.0	0.0
1.6571	102.5962	-300.373783	2	1.0	0.369066411324
2.5942	96.7623	-298.205671	0	1.0	0.0
12.1969	112.783	-297.499848	9	0.0985818827698	0.90141811723
12.2366	112.8401	-297.499773	9	0.104644442548	0.895355557452
12.736	111.555	-296.20441	12	0.852752483115	0.147247516885
2.8902	107.0446	-296.106687	24	0.350648189284	0.649351810716
1.579	106.5884	-295.435514	18	1.0	0.342073688734
1.3693	106.7257	-295.364735	18	1.0	0.0
1.3877	106.7677	-295.277472	18	1.0	0.0767251002784
12.8022	111.0062	-292.934431	13	0.507093386574	0.492906613426
2.5256	96.9348	-292.288043	0	0.952427938222	0.047572061778
2.5758	96.8134	-292.246314	0	1.0	0.0
0.9928	109.0788	-289.976781	17	0.325297514222	0.674702485778
0.8317	109.2122	-289.952364	17	0.50904037493	0.49095962507
9.091	109.938	-289.239471	11	1.0	0.0
12.3199	112.2739	-284.5359	22	1.0	0.290519494807
12.3256	112.2328	-284.479808	22	1.0	0.0
12.3311	112.2425	-284.446161	22	1.0	0.154697190388
12.299	112.3602	-284.36217	-1	0.0	0.195026307795
2.7712	106.6369	-284.149826	21	0.696461196665	0.303538803335
2.7139	106.5939	-284.149779	21	1.0	0.0
18.1091	108.9465	-283.931682	6	0.913620571703	0.0863794282966
18.1503	109.0555	-283.880864	6	0.486733035648	0.513266964352
1.7849	106.3877	-282.391323	18	0.231735751597	0.768264248403
1.444	106.6377	-282.036249	18	1.0	0.0
1.5037	106.588	-281.980659	18	1.0	0.227002431459
1.427	106.6387	-281.791408	18	1.0	0.0
1.4392	106.6548	-281.699399	18	1.0	0.0
12.3451	112.1528	-279.777327	22	1.0	0.0
12.372	112.1614	-279.325766	22	1.0	0.170875502253
1.7197	102.4352	-277.435851	2	0.401979431371	0.598020568629
8.3273	109.1719	-272.992566	10	1.0	0.0
1.6791	102.5823	-268.211995	2	1.0	0.484492982882
1.4751	106.679	-267.9287	18	1.0	0.110102618256
1.4987	106.738	-266.862431	18	0.945279028698	0.0547209713019
1.5131	106.7488	-266.826935	18	0.757849593929	0.242150406071
12.8572	111.0901	-266.032693	13	1.0	0.453984433125
12.7749	111.256	-265.51256	13	1.0	0.0
2.4867	96.9489	-264.368927	0	0.862577679286	0.137422320714
8.0756	107.3341	-264.081997	15	0.191221042035	0.808778957965
1.6961	106.4801	-263.537831	18	0.770692831165	0.229307168835
1.6154	106.5307	-263.484481	18	1.0	0.238325184774
0.8172	107.722	-262.392743	16	0.241122659948	0.758877340052
6.743	106.5028	-260.353823	-1	0.0	0.105653500106
17.9204	109.1947	-248.889359	6	1.0	0.0
18.1663	108.9592	-248.886946	6	0.643588538367	0.356411461633
17.9552	109.2071	-248.874919	6	1.0	0.0
8.216	109.1627	-248.251219	10	1.0	0.0
1.3527	106.8868	-247.644741	18	0.561793597602	0.438206402398
1.4718	106.6316	-246.521743	18	1.0	0.0927043111131
12.3641	112.1773	-246.206764	22	1.0	0.124984671396
12.3358	112.2136	-245.959743	22	1.0	0.383966389328
12.3486	112.2117	-245.937398	22	1.0	0.33030735917
12.3532	112.2322	-245.884613	22	1.0	0.3774738784
7.87	107.39	-244.688696	15	0.456885309984	0.543114690016
7.9164	107.4324	-244.458624	15	0.868726668292	0.131273331708
12.3731	112.3717	-241.229947	-1	0.0	0.312090619098
3.4414	106.6399	-240.299907	25	0.682062734189	0.317937265811
1.6732	102.5942	-240.198297	2	1.0	0.401748517986
1.6442	102.5329	-240.127668	2	0.943439934663	0.0565600653368
1.6473	102.69	-240.127649	2	1.0	0.0
8.5405	107.9629	-239.643607	14	0.903610130587	0.0963898694134
9.1155	110.0222	-238.676837	11	0.481011465467	0.518988534533
2.8722	107.1069	-237.229755	24	0.404061347817	0.595938652183
2.8651	107.0905	-237.1286	24	0.83471195895	0.16528804105
2.8611	107.1393	-237.055233	24	0.294280316983	0.705719683017
0.8201	109.1473	-226.783866	17	1.0	0.104438058937
0.8332	109.1174	-226.623887	17	1.0	0.0
0.8109	109.1734	-226.511913	17	1.0	0.0
7.997	107.6072	-224.926468	15	0.327076423793	0.672923576207
8.0233	107.596	-224.877303	15	0.29469636043	0.70530363957
2.4771	110.3267	-224.585685	4	0.871126882248	0.128873117752
2.4501	110.3205	-224.514938	4	0.871126882248	0.128873117752
12.9334	111.5779	-223.704272	12	0.36087167928	0.63912832072
12.777	111.5661	-222.278245	12	1.0	0.0
12.7993	111.5798	-222.226189	12	1.0	0.0
12.714	111.5241	-222.097512	12	0.699456707858	0.300543292142
1.8039	102.5609	-221.648465	2	0.638862021215	0.361137978785
1.8109	102.5006	-221.267109	2	0.587397882215	0.412602117785
12.3311	112.2894	-219.085203	22	1.0	0.431828396564
3.1925	106.904	-214.3419	27	0.897851608388	0.102148391612
2.7441	106.6279	-211.326852	21	1.0	0.285125339411
2.7347	106.4993	-211.298031	21	1.0	0.0364464224882
2.7056	106.606	-211.159759	21	1.0	0.0
8.3505	109.3619	-210.721287	10	0.351284388209	0.648715611791
2.6506	106.5306	-210.627792	21	1.0	0.29985269955
2.6815	106.4719	-210.596942	21	1.0	0.0
8.3254	109.1819	-210.335933	10	1.0	0.0
1.8002	109.109	-206.957493	-1	0.0	0.113698302492
12.3564	112.0856	-205.239228	22	1.0	0.0
-0.4444	102.4538	-202.179272	1	1.0	0.0
2.8726	107.0828	-198.044722	24	1.0	0.0
-0.4575	102.1415	-195.343132	1	0.361704952104	0.638295047896
12.7905	111.3348	-193.909489	13	0.91194855716	0.0880514428399
12.791	111.2658	-193.896164	13	1.0	0.265425828461
12.7761	111.3141	-193.854566	13	0.91194855716	0.0880514428399
12.7312	111.3139	-193.831279	13	0.868494452614	0.131505547386
12.7496	111.2938	-193.771465	13	0.91194855716	0.0880514428399
12.8523	111.3415	-193.732336	13	0.592183760391	0.407816239609
1.4472	106.8521	-191.392025	18	0.725958054088	0.274041945912
1.4454	106.7898	-191.313074	18	1.0	0.0
1.4512	106.7491	-191.258207	18	1.0	0.178175885528
1.4454	106.8651	-191.222833	18	0.682193043958	0.317806956042
12.3686	112.1226	-190.849914	22	1.0	0.136531722827
2.8467	107.0071	-189.409926	24	0.226965291086	0.773034708914
2.8527	107.1242	-188.997674	24	0.404061347817	0.595938652183
17.8883	109.0999	-183.089793	6	1.0	0.0420953907458
1.3934	106.6246	-181.562511	18	1.0	0.0
3.5477	106.5506	-180.661482	-1	0.0	0.0245657671342
1.6726	102.6298	-179.227882	2	1.0	0.0
1.6499	102.6352	-179.098792	2	1.0	0.13847717761
1.701	102.547	-178.966332	2	1.0	0.0
1.3793	106.726	-176.887696	18	1.0	0.0
1.3823	106.6777	-176.678727	18	1.0	0.0399522715884
1.6363	106.6243	-174.430267	18	0.872592036154	0.127407963846
12.8793	111.1224	-171.318566	13	1.0	0.0698084621061
9.1036	110.0268	-170.034549	11	0.489352780917	0.510647219083
4.3165	112.3337	-167.082903	3	1.0	0.0
8.0161	107.2489	-166.009972	15	0.17549522374	0.82450477626
15.1539	110.1319	-165.927707	8	1.0	0.0
2.7265	106.5844	-165.476802	21	1.0	0.0
2.8652	107.0858	-162.69913	24	1.0	0.0
3.1055	106.9281	-161.390745	27	0.969777752069	0.0302222479307
3.1191	106.8994	-161.350982	27	1.0	0.0
3.1235	106.9248	-161.315095	27	0.975498649867	0.0245013501331
1.387	106.751	-156.073929	18	1.0	0.0183895162179
1.3942	106.716	-155.975629	18	1.0	0.0661017300398
1.4144	106.7293	-155.929405	18	1.0	0.149587810211
1.4371	106.6066	-154.019233	18	0.997386645867	0.00261335413294
12.7573	111.5684	-148.43886	12	1.0	0.0
12.7605	111.5976	-148.30928	12	1.0	0.0
15.0476	109.8036	-143.965213	8	0.414040576413	0.585959423587
1.5399	106.6059	-136.844638	18	1.0	0.212812331336
7.8873	107.46	-136.798739	15	1.0	0.0
7.9462	107.4562	-136.771533	15	0.935653087179	0.0643469128208
1.4646	106.7878	-136.766476	18	1.0	0.114785341756
0.2368	108.5139	-136.765161	-1	0.0	0.00345031907298
7.9432	107.5409	-136.740458	15	0.461488206609	0.538511793391
7.9069	107.5792	-136.641167	15	0.498371663546	0.501628336454
1.5157	106.614	-136.609863	18	1.0	0.212812331336
1.5866	106.6132	-136.425447	18	1.0	0.277557909586
7.93	107.4723	-136.305386	15	0.956403415159	0.0435965848407
1.5748	106.6693	-136.24744	18	0.738021583332	0.261978416668
18.0751	108.8966	-133.832746	6	0.989901311175	0.0100986888254
18.071	108.9441	-133.152824	6	1.0	0.444832518136
2.8839	107.0354	-130.163783	24	0.357660209853	0.642339790147
0.7584	107.8888	-127.084942	16	1.0	0.0
12.3039	112.2438	-126.774687	22	1.0	0.0
3.5679	106.7712	-124.918536	-1	0.0	0.11223812238
3.5649	106.8599	-124.848181	-1	0.0	0.0383582378831
3.5849	106.6655	-124.817409	25	0.693519464234	0.306480535766
3.5744	106.7912	-124.750066	-1	0.0	0.0383582378831
0.8309	109.1285	-122.617566	17	1.0	0.314464567076
0.8286	109.1064	-122.592494	17	1.0	0.181768206617
1.3927	106.6147	-122.502385	18	1.0	0.0
0.8747	109.0103	-122.063581	17	0.547522247054	0.452477752946
0.8656	109.0157	-121.884605	17	0.667169487265	0.332830512735
2.6763	106.4183	-120.229972	21	0.640045905798	0.359954094202
12.7793	111.2259	-119.79983	13	1.0	0.289614320474
12.3368	112.1629	-116.588631	22	1.0	0.148357893039
12.3365	112.1487	-116.525831	22	1.0	0.0224935919812
12.3464	112.0743	-116.442055	22	1.0	0.0
9.0931	109.9849	-111.183557	11	0.530148071788	0.469851928212
9.1069	109.8527	-111.128496	11	0.298988695395	0.701011304605
9.0944	109.9366	-110.984491	11	1.0	0.0
1.4282	106.6866	-108.405233	18	1.0	0.0
1.5853	106.8357	-108.405211	18	0.36649596074	0.63350403926
1.4496	106.6405	-108.339815	18	1.0	0.0
1.4464	106.8023	-108.339776	18	1.0	0.10520560114
3.1208	104.2037	-107.664165	-1	0.0	0.456545202202
7.9601	107.6011	-106.927602	15	0.498371663546	0.501628336454
7.9368	107.6238	-106.891995	15	0.366787566658	0.633212433342
12.6297	111.9488	-101.722012	20	0.60275388989	0.39724611011
2.4922	110.2689	-99.724645	4	1.0	0.0
1.4331	106.6842	-95.175986	18	1.0	0.0
1.4065	106.8175	-95.078363	18	1.0	0.0216281362669
3.0933	106.8371	-94.875138	27	1.0	0.0617617938431
3.0472	106.9304	-94.827435	27	0.898798062303	0.101201937697
3.0578	106.9026	-94.765467	27	1.0	0.0847214120743
3.0611	106.9797	-94.48317	-1	0.0	0.146213524207
1.4983	106.7921	-94.304151	18	1.0	0.16950857998
0.8338	109.14	-90.322804	17	1.0	0.52607947563
1.931	102.3788	-89.23941	2	0.314741531893	0.685258468107
1.4306	106.6977	-87.887778	18	1.0	0.292307265928
2.1764	97.8168	-83.951126	0	0.189964658012	0.810035341988
1.3464	106.7899	-77.779073	18	1.0	0.0
1.4979	106.6937	-77.672641	18	1.0	0.158679347557
0.9289	108.6133	-77.255259	17	0.0739300510924	0.926069948908
1.556	106.5999	-76.868689	18	1.0	0.23693083308
1.5307	106.5918	-76.266614	18	1.0	0.227002431459
0.1542	108.7542	-76.202158	-1	0.0	0.129504484218
1.5927	106.5458	-69.316447	18	1.0	0.189183832463
1.6497	106.633	-69.288747	18	0.753030830584	0.246969169416
1.6312	106.4972	-69.27503	18	0.855516081203	0.144483918797
12.8128	111.3495	-69.19602	13	0.748505744386	0.251494255614
1.6513	106.498	-69.185874	18	1.0	0.261931295118
12.758	111.3172	-68.702025	13	0.91194855716	0.0880514428399
12.8531	111.0873	-64.066969	13	1.0	0.483160483121
1.361	106.9027	-63.295351	18	0.584964375473	0.415035624527
1.5824	106.5553	-61.067852	18	1.0	0.0
8.594	107.8647	-56.094705	14	1.0	0.0
18.6552	107.3481	-55.61554	5	0.36941585935	0.63058414065
1.6718	102.6392	-54.769894	2	1.0	0.0
1.6656	102.6362	-54.683664	2	1.0	0.0
12.3728	112.0459	-52.583466	22	0.467445171591	0.532554828409
1.5213	106.6521	-49.684113	18	1.0	0.138032576549
1.4201	106.6714	-48.190439	18	1.0	0.175630116632
1.6461	106.5185	-48.114465	18	1.0	0.243605108325
13.3152	111.8817	-46.916962	-1	0.0	0.332089155297
17.8381	109.1348	-46.431056	6	1.0	0.43657426482
17.9349	108.9546	-46.01812	6	0.945501245004	0.054498754996
17.9319	109.0969	-45.769934	6	1.0	0.0
13.0458	112.8796	-44.645392	9	1.0	0.0
8.2018	109.0575	-39.510488	10	0.565243860362	0.434756139638
9.0854	109.9573	-37.694592	11	0.975093962979	0.0249060370212
9.0866	109.9397	-37.340179	11	1.0	0.0
9.0921	109.942	-37.268981	11	1.0	0.0
9.1279	109.9576	-36.992636	11	0.763261280368	0.236738719632
1.4418	106.6426	-35.901354	18	1.0	0.0
1.4494	106.649	-35.753386	18	1.0	0.0
1.4451	106.6583	-35.689147	18	1.0	0.0
2.6574	106.5591	-34.058625	21	1.0	0.434770001466
12.4814	112.0534	-32.618741	23	0.767051203733	0.232948796267
2.8402	107.0304	-30.071686	24	0.341163732551	0.658836267449
2.5207	107.0871	-29.657751	-1	0.0	0.502886086129
3.1701	106.8889	-27.990002	27	1.0	0.0
3.1625	106.868	-27.97368	27	1.0	0.0
12.7851	111.2557	-25.508572	13	1.0	0.0
1.4522	106.7	-23.696969	18	1.0	0.0981787097527
1.4311	106.7749	-23.32688	18	1.0	0.0808809722307
2.4778	110.3436	-17.467871	4	0.871126882248	0.128873117752
2.4859	110.2819	-17.435751	4	1.0	0.0
2.4521	110.3361	-17.426841	4	0.871126882248	0.128873117752
2.4713	110.2769	-17.386787	4	1.0	0.0
2.4913	110.2642	-17.358084	4	1.0	0.0
1.4651	106.7185	-13.751814	18	1.0	0.00440892402911
1.4621	106.6956	-13.496222	18	1.0	0.0696783329572
1.4109	106.7343	-8.41853	18	1.0	0.0875598816826
1.8095	102.5481	-5.868145	2	0.639643162883	0.360356837117
1.955	102.3282	-5.775182	2	0.210581512867	0.789418487133
12.6871	111.5784	-5.712624	12	0.613106332633	0.386893667367
12.7972	111.634	-5.404214	12	0.713798451278	0.286201548722
8.042	107.2862	-3.4e-05	15	0.251749769004	0.748250230996
12.4577	111.9953	0.682321	23	1.0	0.0
0.8671	109.2086	1.329773	17	0.549557965453	0.450442034547
0.8508	109.1076	1.400058	17	1.0	0.317511676098
0.8967	109.4362	1.50346	17	0.0729470423523	0.927052957648
1.4132	106.7602	2.150937	18	1.0	0.206084214326
3.4673	106.4737	2.558394	-1	0.0	0.377659700453
1.461	106.6272	2.657748	18	1.0	0.207736429137
12.8937	111.2174	11.158264	13	0.851484007942	0.148515992058
12.8128	111.1469	11.28387	13	1.0	0.511088346842
4.4185	106.4211	11.375308	-1	0.0	0.209973562612
1.3704	106.713	11.6426	18	1.0	0.0661017300398
1.3755	106.6914	11.698781	18	1.0	0.0
1.3869	106.6253	12.05757	18	1.0	0.0
1.4695	106.5778	12.42324	18	0.908650858371	0.0913491416287
1.676	106.4808	13.36181	18	0.855516081203	0.144483918797
8.6082	107.8773	15.163925	14	1.0	0.0
2.8574	107.0745	16.783287	24	0.671345612121	0.328654387879
2.9009	107.1302	16.840375	24	0.322800686969	0.677199313031
2.8964	107.0723	16.923692	24	0.624370529088	0.375629470912
2.8647	107.0256	16.93747	24	0.350648189284	0.649351810716
2.8206	107.0491	17.010801	24	0.24892534617	0.75107465383
-0.4976	102.3427	17.526481	1	0.885464579032	0.114535420968
1.4542	106.6619	17.728412	18	1.0	0.0
1.48	106.8064	17.796556	18	1.0	0.245415072902
-0.4674	102.5357	17.841931	1	0.748878547989	0.251121452011
0.8835	109.075	19.213704	17	1.0	0.558597979883
0.862	109.0737	19.922712	17	1.0	0.224129008306
12.4408	112.0204	24.383009	23	0.889042755356	0.110957244644
12.3722	112.2072	25.380051	22	1.0	0.411160070237
12.361	112.1284	25.469556	22	1.0	0.246624216433
3.0689	106.9148	26.721224	27	1.0	0.0
3.0626	106.8085	26.765214	27	1.0	0.0
3.05	106.8972	26.765255	27	1.0	0.0
3.0851	106.8125	26.815201	27	1.0	0.0
3.0664	106.8621	26.845358	27	1.0	0.0809046669606
2.2666	97.5864	27.056412	0	0.258899193137	0.741100806863
2.6588	106.4441	27.785217	21	1.0	0.399322367868
2.6779	106.4043	27.809905	21	0.593836035391	0.406163964609
17.8843	109.0686	29.118996	6	1.0	0.153049793428
1.5055	107.0931	34.081862	18	0.120335846375	0.879664153625
1.4033	106.7482	34.505451	18	1.0	0.116863446156
1.4831	106.6635	34.530172	18	1.0	0.0
1.4544	106.6578	34.560088	18	1.0	0.0
1.5673	107.3364	35.047443	19	1.0	0.0
1.6497	102.6152	38.545166	2	1.0	0.440550260639
12.8179	110.9299	38.809954	-1	0.0	0.210724784603
1.7876	102.4309	38.90309	2	0.515005884874	0.484994115126
0.8962	109.1318	41.751533	17	0.730247068199	0.269752931801
12.9844	112.8689	48.596491	9	1.0	0.0
18.6574	107.5049	49.880967	5	0.971346219633	0.0286537803671
1.4334	106.8994	50.192911	18	0.653294186881	0.346705813119
1.4416	106.7576	50.360281	18	1.0	0.116863446156
12.7753	111.5151	53.341002	12	0.654293333399	0.345706666601
12.7709	111.6117	53.66587	12	1.0	0.0
7.7619	107.6216	58.440128	15	0.18975102275	0.81024897725
7.9286	107.5621	58.440137	15	0.514046593727	0.485953406273
7.9295	107.4714	58.648551	15	0.99363078275	0.00636921725007
1.3762	106.702	59.18758	18	1.0	0.0370296668897
1.4219	106.6647	59.232922	18	1.0	0.128067269267
1.4218	106.6896	59.259315	18	1.0	0.0
1.3813	106.8045	59.299049	18	1.0	0.161051090848
1.4067	106.6686	59.328344	18	1.0	0.0124516684645
1.4355	106.6457	59.358107	18	1.0	0.0
1.4444	106.6136	59.436053	18	1.0	0.0303247058983
1.4131	106.6703	59.485775	18	1.0	0.175630116632
1.4149	106.6981	59.52098	18	1.0	0.0127450889679
17.9409	109.2079	65.679535	6	1.0	0.000250812692378
2.6814	106.4862	68.267701	21	1.0	0.0
0.8353	109.1714	70.18275	17	1.0	0.0
0.8639	109.0424	70.244008	17	0.667169487265	0.332830512735
1.4474	106.6593	70.958988	18	1.0	0.0
1.6652	106.5315	74.400089	18	1.0	0.11066702844
1.6569	106.5435	74.479965	18	1.0	0.0
1.7796	106.4038	74.537037	18	0.273130244126	0.726869755874
2.4309	107.2681	76.263696	-1	0.0	0.200726103882
1.5043	106.6091	78.862078	18	1.0	0.00762164348726
3.5354	106.623	83.144048	25	1.0	0.0
3.5614	106.6574	83.168793	25	0.856448379484	0.143551620516
12.8569	111.1177	85.771017	13	1.0	0.0
15.0171	109.7861	87.136222	8	0.370730337476	0.629269662524
4.4544	112.7856	87.28803	3	0.429451319551	0.570548680449
12.4759	112.0362	88.775305	23	0.868512064077	0.131487935923
7.8995	107.4548	97.112508	15	1.0	0.0
7.2535	107.7898	97.263223	15	0.0451080625964	0.954891937404
1.4472	106.8269	98.889392	18	0.934462461604	0.0655375383963
1.4166	106.6791	98.9224	18	1.0	0.175630116632
1.7092	102.9155	99.209608	2	0.12258582447	0.87741417553
1.6636	102.7067	99.249228	2	1.0	0.0
1.6752	102.6093	99.343967	2	1.0	0.366999120371
1.6566	102.6631	99.386328	2	1.0	0.150468894287
12.7595	111.6321	100.426318	12	0.770751788607	0.229248211393
1.6481	106.5778	103.114551	18	1.0	0.341019045973
1.5681	106.6265	104.511529	18	0.95152212136	0.0484778786401
1.5978	106.5689	104.588126	18	1.0	0.169837947527
0.8573	108.8517	105.798916	17	0.126232239163	0.873767760837
12.3337	112.3074	106.195345	22	0.726941830907	0.273058169093
12.3087	112.2346	106.235688	22	1.0	0.0
4.3948	106.5377	107.102808	-1	0.0	0.153267246777
12.3367	112.0745	113.653982	22	1.0	0.134401206633
11.052	111.5164	113.709753	-1	0.0	0.504924423693
1.4691	106.6567	118.136228	18	1.0	0.306184894981
1.4561	106.7027	118.379322	18	1.0	0.0
0.8335	109.1772	121.314805	17	1.0	0.0
0.8306	109.124	121.358295	17	1.0	0.0
0.8474	109.1314	121.424606	17	1.0	0.319307475113
0.8283	109.0929	121.476355	17	1.0	0.120911281733
0.8646	109.0787	121.632109	17	1.0	0.276791215347
0.853	109.065	121.85825	17	1.0	0.487773481366
2.7708	106.4944	122.712885	21	0.934643033402	0.0653569665979
3.9235	112.0221	125.473621	3	0.544094127701	0.455905872299
2.1448	97.7507	125.850376	0	0.204288989938	0.795711010062
1.3579	106.7406	126.008459	18	1.0	0.065241572037
1.3182	106.7546	126.105708	18	0.883619703245	0.116380296755
1.36	106.7715	126.171538	18	1.0	0.0332121115972
15.1406	110.0588	126.290782	8	1.0	0.0
1.3691	106.7116	126.35473	18	1.0	0.0228923322649
3.8872	111.9182	134.791814	3	0.424467146829	0.575532853171
12.3436	112.1203	138.153211	22	1.0	0.014421154396
12.8647	111.0536	140.438479	13	1.0	0.543583331866
1.4456	106.7478	144.983928	18	1.0	0.116863446156
1.4234	106.6844	145.117555	18	1.0	0.0
1.4254	106.7544	145.165415	18	1.0	0.116863446156
3.432	106.6938	145.638189	25	0.564037345024	0.435962654976
9.0404	109.9536	146.126971	11	0.721793062577	0.278206937423
9.0446	109.9451	146.236833	11	0.852244813775	0.147755186225
9.0374	110.0054	146.269767	11	0.425824910573	0.574175089427
0.6722	107.7863	147.728627	16	0.41963205503	0.58036794497
0.716	108.0763	147.728722	16	0.171738742421	0.828261257579
2.6645	106.4705	154.396033	21	1.0	0.0
2.6201	106.1691	154.45893	-1	0.0	0.327608836731
0.7856	109.1098	156.291214	17	0.845569023811	0.154430976189
1.4448	106.8848	156.473115	18	0.725958054088	0.274041945912
3.6362	105.4011	156.56463	-1	0.0	0.229152299508
1.3691	106.7435	156.651482	18	1.0	0.0183895162179
0.7953	109.1601	156.888599	17	1.0	0.104438058937
1.4232	106.7971	156.908105	18	1.0	0.0
0.7996	109.08	156.940263	17	0.923574851948	0.0764251480515
1.392	106.6976	156.957003	18	1.0	0.0450689877129
12.3453	112.1195	159.653566	22	1.0	0.0
12.3368	112.1384	159.70143	22	1.0	0.0
12.3384	112.1119	159.761114	22	1.0	0.0817605264282
12.3559	112.1663	159.813097	22	1.0	0.00472753468485
12.3949	112.2079	159.852035	22	0.703963869205	0.296036130795
12.3472	112.1597	159.965015	22	1.0	0.0
1.0467	107.0259	161.611531	-1	0.0	0.0535571702158
0.9378	108.5954	169.130742	17	0.0739300510924	0.926069948908
1.658	102.6367	169.304219	2	1.0	0.0
1.64	102.5624	174.880229	2	1.0	0.289544669529
17.9222	109.033	175.713285	6	1.0	0.196060246062
1.4145	106.6461	175.882829	18	1.0	0.186668311408
1.4174	106.6907	175.912739	18	1.0	0.0
1.4121	106.7092	175.978541	18	1.0	0.214362666291
1.4714	106.6456	176.070007	18	1.0	0.0330877715962
2.5785	110.3992	177.449363	4	0.259348582576	0.740651417424
8.5856	107.9479	179.572111	14	1.0	0.0
8.944	108.2773	179.572326	-1	0.0	0.0675029859772
8.564	107.9003	179.60609	14	1.0	0.0
7.8778	107.5519	182.833357	15	0.514046593727	0.485953406273
-0.5157	102.4028	186.845621	1	1.0	0.0
3.1396	106.8831	186.87047	27	1.0	0.0
3.3657	106.8882	186.870484	26	1.0	0.0
3.4063	106.7411	186.941174	-1	0.0	0.101539111536
3.2772	106.8882	187.268368	26	0.875057708158	0.124942291842
12.6513	112.0023	191.595249	20	1.0	0.0
17.948	109.1647	195.062011	6	1.0	0.0
12.3684	112.257	195.73997	22	0.922979187404	0.077020812596
12.3795	112.174	195.772901	22	1.0	0.0144189746361
12.342	112.1517	195.808485	22	1.0	0.0
12.3581	112.1533	195.931814	22	1.0	0.0
12.2151	112.9021	201.502387	9	0.101534405131	0.898465594869
1.4892	106.6169	202.041124	18	1.0	0.00762164348726
1.4571	106.712	202.041171	18	1.0	0.0
1.4998	106.5925	202.145024	18	1.0	0.0180853164956
1.4909	106.6493	202.165697	18	1.0	0.0490850711388
2.8647	107.123	202.232537	24	0.404061347817	0.595938652183
2.7799	106.9956	202.277697	24	0.140195745536	0.859804254464
2.8688	107.0818	202.334572	24	1.0	0.0
18.6574	107.4496	205.182896	5	0.973788595374	0.0262114046259
18.6634	107.4032	205.211594	5	0.692590413393	0.307409586607
12.8779	111.1315	205.471138	13	1.0	0.288445227404
12.8842	111.1157	205.962971	13	1.0	0.183651903326
0.7858	109.1303	210.303308	17	1.0	0.529979020719
0.7973	109.1635	210.488366	17	0.975606385165	0.0243936148346
0.816	109.1244	210.52537	17	1.0	0.271210541552
0.8148	109.0519	210.579752	17	0.691681961982	0.308318038018
1.4201	106.7503	218.918417	18	1.0	0.117892225337
1.4576	106.7041	218.969554	18	1.0	0.0
0.9618	108.3443	226.253729	17	0.0708982386924	0.929101761308
1.6462	106.6015	226.369247	18	1.0	0.341019045973
12.308	112.2451	226.696416	22	1.0	0.0744541376656
12.3259	112.2199	226.851413	22	1.0	0.261835112173
0.9536	107.3697	227.444342	-1	0.0	0.371521448458
8.5813	107.9298	228.932216	14	1.0	0.0
18.5833	107.4456	232.479554	5	1.0	0.0
0.8035	109.1238	233.252528	17	1.0	0.437717923672
0.8185	109.0776	233.34003	17	1.0	0.435348527903
12.791	111.1061	235.260076	13	1.0	0.601261087021
1.6037	106.5503	236.618809	18	1.0	0.0
7.8742	107.4715	237.969656	15	0.802702391755	0.197297608245
12.8932	111.1783	239.839234	13	0.93982333518	0.06017666482
12.8874	111.1945	240.185106	13	1.0	0.613976543659
4.3874	106.4865	240.77796	-1	0.0	0.155153940507
15.117	109.9772	244.834057	8	0.796929079694	0.203070920306
15.1302	109.941	244.886681	8	0.569769236878	0.430230763122
13.8478	110.0304	245.85415	8	0.111315293101	0.888684706899
12.3419	112.1353	245.85529	22	1.0	0.0
12.3801	112.1676	245.916044	22	1.0	0.188472959157
17.9052	109.0388	246.104866	6	1.0	0.0218872440247
0.8868	109.1663	246.482783	17	0.870863008174	0.129136991826
0.8966	108.9539	246.987798	17	0.279765582972	0.720234417028
1.3791	106.6849	251.389106	18	1.0	0.0
1.3716	106.5828	251.430249	18	0.586635929152	0.413364070848
1.3932	106.6864	251.518629	18	1.0	0.0305187714907
12.3444	112.1144	252.712463	22	1.0	0.0
12.339	112.1383	252.764216	22	1.0	0.0
12.3412	112.1153	252.843538	22	1.0	0.0
12.3765	112.1854	252.984288	22	1.0	0.151817038184
4.7347	108.2382	253.971573	7	1.0	0.0
4.7253	108.1904	254.031776	7	1.0	0.0
4.7434	108.1326	254.080848	7	1.0	0.0
12.8732	111.0594	254.877434	13	1.0	0.540725505878
3.027	106.8767	256.125605	27	0.942044078764	0.0579559212362
1.6379	102.5933	262.254958	2	1.0	0.509330056529
9.089	110.0463	264.054939	11	0.336418180256	0.663581819744
1.7094	106.45	265.172607	18	0.42338889122	0.57661110878
1.6676	106.5049	265.223173	18	0.971133399121	0.0288666008786
3.3762	106.8222	265.664478	25	0.515308522288	0.484691477712
3.367	106.8488	265.721762	-1	0.0	0.0147655742579
3.3853	106.7807	265.804761	-1	0.0	0.0364484169049
17.9728	108.8308	266.988228	6	0.782273610152	0.217726389848
17.9498	108.8462	267.138314	6	0.903880258057	0.0961197419425
18.0047	108.8453	267.167393	6	0.903880258057	0.0961197419425
0.8383	109.1009	267.550292	17	1.0	0.168333440226
17.9912	108.9839	267.646158	6	1.0	0.300350529426
0.8276	109.1157	267.704526	17	1.0	0.096500469689
-0.248	110.7086	267.822611	-1	0.0	0.16442194096
0.8458	109.1788	267.902991	17	0.975592047351	0.0244079526487
1.4705	106.7156	268.687838	18	1.0	0.0
1.6439	102.586	270.558556	2	1.0	0.401748517986
12.8788	111.1073	275.053592	13	1.0	0.245714750807
2.7118	106.5178	277.346351	21	1.0	0.171063004923
2.7873	106.4187	277.408941	21	0.486219805095	0.513780194905
2.7211	106.4946	277.436319	21	1.0	0.074957526572
2.7025	106.5056	277.462224	21	1.0	0.0
12.312	112.2369	277.491588	22	1.0	0.0
2.7008	106.5363	277.519733	21	1.0	0.171063004923
2.6979	106.4928	277.579028	21	1.0	0.0
2.6861	106.5306	277.741472	21	1.0	0.171063004923
1.4442	106.6866	279.707023	18	1.0	0.0115293847991
12.3815	112.0349	280.708652	-1	0.0	0.0571475444489
11.1185	110.2529	283.559151	-1	0.0	0.174359244942
12.3608	112.1102	286.817247	22	1.0	0.378986247237
4.1703	107.8035	289.572059	7	0.252252785577	0.747747214423
0.8435	109.0704	290.459321	17	1.0	0.224129008306
0.8042	109.2007	290.822361	17	0.590044440242	0.409955559758
12.5928	112.0136	292.220443	20	0.716544605031	0.283455394969
0.7316	107.8494	295.535608	16	1.0	0.0
1.6797	106.5865	301.828718	18	0.613513788256	0.386486211744
12.7712	111.2512	307.472138	13	1.0	0.0
12.5163	112.0875	310.506038	23	0.777174124448	0.222825875552
18.6739	107.4883	310.888294	5	1.0	0.0
2.8791	107.0818	310.992172	24	1.0	0.0
2.8808	107.0549	311.060735	24	0.410319605783	0.589680394217
1.6587	102.7269	311.782286	2	0.717598283802	0.282401716198
1.1043	106.7303	312.053641	18	0.19244003696	0.80755996304
1.3731	106.6072	312.101141	18	1.0	0.0
1.3838	106.6879	312.155638	18	1.0	0.0
1.3802	106.7412	312.19999	18	1.0	0.0
1.3938	106.7054	312.252402	18	1.0	0.00539066129439
3.126	106.8006	312.553892	27	0.925285620608	0.0747143793916
1.484	106.6046	312.617428	18	1.0	0.206702463611
3.4438	106.7054	313.012202	25	0.520839073337	0.479160926663
7.8932	107.6007	314.086088	15	0.406003474877	0.593996525123
12.3438	112.1348	316.295939	22	1.0	0.0522750508153
12.356	112.1269	316.372101	22	1.0	0.247981888284
17.9243	109.0677	316.419839	6	1.0	0.0
17.9424	109.0927	316.460991	6	1.0	0.0
17.7919	109.1748	316.872085	6	0.670395749556	0.329604250444
17.9545	109.0163	316.872151	6	1.0	0.231340866315
17.9592	109.1126	316.892209	6	1.0	0.00764972120724
0.8371	109.1699	317.859682	17	1.0	0.0
0.8289	109.0753	317.883631	17	1.0	0.338831023329
1.7714	107.7837	317.919174	-1	0.0	0.254835069711
12.6532	111.9757	318.676786	20	0.77887589588	0.22112410412
0.9154	108.9659	321.010916	17	0.320092581981	0.679907418019
12.8749	111.1532	325.426434	13	1.0	0.569104839999
1.4272	106.7883	327.613774	18	1.0	0.0
1.7169	102.5046	327.764823	2	0.73461066627	0.26538933373
1.6468	102.5714	328.021051	2	1.0	0.550426510241
1.3437	106.8795	328.029308	18	0.48400325272	0.51599674728
0.7821	109.0985	336.858872	17	0.749734803269	0.250265196731
0.8475	109.0277	336.968199	17	0.667169487265	0.332830512735
15.1638	110.1932	337.718902	8	0.785827983618	0.214172016382
0.7202	107.8597	337.814709	16	0.966124679027	0.0338753209727
0.7328	107.8186	338.144308	16	0.731693133077	0.268306866923
3.5333	106.6136	344.398708	25	1.0	0.0
3.5526	106.697	344.691518	25	0.564037345024	0.435962654976
1.5561	106.5803	346.371977	18	1.0	0.224913955606
2.2029	108.9662	347.099472	-1	0.0	0.344170519605
6.7618	106.5204	347.111873	-1	0.0	0.0873061212405
0.9436	108.5441	347.207208	17	0.0739300510924	0.926069948908
1.6279	102.6912	352.236955	2	1.0	0.0511995374771
12.381	112.217	352.838161	22	0.811513064247	0.188486935753
1.1395	108.8562	355.408377	17	0.114336024057	0.885663975943
17.9637	108.836	355.970859	6	0.787260462632	0.212739537368
12.3496	112.0963	359.040922	22	1.0	0.114431013246
12.3796	112.111	359.112641	22	1.0	0.159781064278
8.1219	107.4115	359.833924	15	0.185056951831	0.814943048169
1.4853	106.6661	360.227006	18	1.0	0.0
1.5471	106.606	360.394225	18	1.0	0.0736279291524
3.4724	106.8902	361.114679	26	1.0	0.0
3.4814	106.9333	361.166131	-1	0.0	0.0832906670415
3.4526	106.9019	361.195697	26	1.0	0.0
3.4395	106.8852	361.266259	26	1.0	0.0
3.4137	107.042	364.140993	-1	0.0	0.293677943594
2.7842	107.1649	365.403069	24	0.15080889003	0.84919110997
3.4613	106.6029	370.392388	25	0.890441375862	0.109558624138
0.577	108.1394	372.386792	16	0.12159268093	0.87840731907
18.0181	108.907	377.537314	6	0.84545907395	0.15454092605
4.5156	108.2093	377.997762	7	0.979688148015	0.0203118519847
4.5356	108.189	378.086694	7	1.0	0.0
1.4173	106.6515	381.043189	18	1.0	0.144382229843
1.3881	106.6609	381.094461	18	1.0	0.123288526861
0.8693	109.1478	382.22039	17	0.919153702952	0.0808462970482
0.8522	109.125	382.325813	17	1.0	0.373654977376
0.873	109.1144	382.577083	17	0.885495137969	0.114504862031
12.8653	111.0216	389.674098	13	0.661021132699	0.338978867301
17.9418	109.0577	393.835248	6	1.0	0.0
17.9545	109.0913	393.895925	6	1.0	0.0
17.8687	109.1062	393.954936	6	1.0	0.196379336968
17.9793	108.9021	393.989104	6	0.903880258057	0.0961197419425
17.9311	109.067	394.012493	6	1.0	0.0
17.9268	109.0469	394.082863	6	1.0	0.0
1.4745	106.6819	397.961075	18	1.0	0.031670182632
12.3562	112.1203	400.77797	22	1.0	0.0961670177131
12.3463	112.1357	400.778002	22	1.0	0.109689130648
12.3586	112.1181	400.838311	22	1.0	0.144695326444
12.3632	112.0834	400.840567	22	1.0	0.00917263772461
12.3845	112.1923	401.0026	22	0.924521721488	0.075478278512
12.4901	111.984	401.689822	23	1.0	0.0
15.4582	110.001	402.952626	8	0.447507463811	0.552492536189
12.6067	111.8538	405.400616	-1	0.0	0.528387758135
-0.7409	96.5432	406.005932	0	0.0995017267818	0.900498273218
12.775	111.5165	406.260339	12	0.674144628608	0.325855371392
1.8105	106.6728	406.483796	18	0.238229746886	0.761770253114
1.6788	106.5414	406.542766	18	1.0	0.184445667752
3.4603	106.5889	412.032639	25	0.773258757764	0.226741242236
12.8753	111.2293	414.639763	13	0.796987217648	0.203012782352
12.7281	111.1823	414.880111	13	0.587370692293	0.412629307707
12.8445	111.1387	414.955901	13	1.0	0.365930425924
12.8379	111.1335	415.061094	13	1.0	0.341309060529
12.8384	111.075	415.226472	13	1.0	0.453984433125
12.6864	112.0379	416.542182	20	0.555554407046	0.444445592954
12.2473	111.853	417.479788	-1	0.0	0.681406168953
1.6051	106.5681	427.344663	18	1.0	0.0865155686275
12.339	112.1838	427.619455	22	1.0	0.158666653808
12.3203	112.1717	427.678697	22	1.0	0.158666653808
12.3273	112.1595	427.75152	22	1.0	0.0206048853369
0.9448	108.9292	431.295809	17	0.20025694373	0.79974305627
12.3525	112.1688	432.998096	22	1.0	0.00640987964569
0.8433	109.0122	437.398997	17	0.562599030242	0.437400969758
0.9219	109.0535	437.975283	17	0.573903547691	0.426096452309
0.9402	109.0505	438.012022	17	0.461298813732	0.538701186268
0.9175	109.078	438.058234	17	0.634605608463	0.365394391537
1.5533	106.6568	442.170584	18	0.909122314963	0.0908776850371
1.6274	106.8443	443.445555	18	0.271626163931	0.728373836069
1.7532	107.2309	443.445578	19	1.0	0.0
12.3415	112.1378	446.32935	22	1.0	0.0
12.3498	112.1144	446.47261	22	1.0	0.0
0.967	108.4084	449.548877	17	0.0739300510924	0.926069948908
3.1048	106.9175	452.199236	27	1.0	0.0
17.9634	108.9672	453.189106	6	1.0	0.379425672059
15.0813	109.8984	455.130968	8	0.626643305527	0.373356694473
1.6946	106.648	455.136602	18	0.453167705902	0.546832294098
1.6409	102.703	456.187906	2	1.0	0.110786961512
1.6634	102.6318	456.245509	2	1.0	0.0
12.6828	111.9818	466.140991	20	0.693431294935	0.306568705065
1.4919	106.5467	466.368672	18	0.620383984194	0.379616015806
1.3657	106.6049	466.581374	18	1.0	0.0458674831495
1.4381	106.5569	466.740679	18	0.563502257368	0.436497742632
18.5934	107.5252	468.253657	5	0.680222890998	0.319777109002
18.6395	107.4546	468.277429	5	1.0	0.0
12.7516	111.2382	471.174555	13	1.0	0.0
12.8063	111.197	471.199117	13	1.0	0.413653803324
12.7604	111.2456	471.229976	13	1.0	0.0
1.1365	106.9911	472.02876	18	0.155969970629	0.844030029371
3.5944	106.477	472.848353	-1	0.0	0.384319150551
18.3314	108.7501	473.460202	6	0.267126688939	0.732873311061
0.7914	109.1318	474.004001	17	1.0	0.469157269411
0.7741	109.1735	474.174439	17	0.595412512137	0.404587487863
0.8901	109.1919	474.17444	17	0.558820359079	0.441179640921
1.4866	106.6487	477.990508	18	1.0	0.284979112879
1.5234	106.5816	478.053139	18	1.0	0.0544927250075
4.7022	108.2031	482.102694	7	1.0	0.0
4.7064	108.0477	482.1292	7	0.673750224718	0.326249775282
12.3348	112.137	483.537659	22	1.0	0.0
12.3547	112.0976	483.559888	22	1.0	0.206386774139
12.3418	112.0899	483.595752	22	1.0	0.0
2.2043	97.8065	483.651412	0	0.192701979157	0.807298020843
1.6512	102.6706	485.112603	2	1.0	0.0
1.6513	102.6748	485.299009	2	1.0	0.0
4.3055	112.3542	494.06275	3	1.0	0.0
4.3143	112.3768	494.091419	3	1.0	0.0
4.326	112.3025	494.261706	3	1.0	0.0
12.8454	111.1164	494.652498	13	1.0	0.0
12.8549	111.1938	494.799991	13	1.0	0.613976543659
-0.186	102.386	500.257574	1	0.564238122005	0.435761877995
12.317	112.2644	501.114783	22	1.0	0.257146930994
0.8729	109.1599	504.523508	17	1.0	0.0
0.8638	109.1554	504.683239	17	1.0	0.0
1.5104	106.638	507.02512	18	1.0	0.2416037293
1.4794	106.6349	507.101589	18	1.0	0.0330877715962
1.5028	106.6713	507.13499	18	1.0	0.0
1.4932	106.6413	507.164567	18	1.0	0.284979112879
1.4804	106.7082	507.306741	18	1.0	0.0539444833462
1.503	106.7024	507.463301	18	1.0	0.0153504421167
1.6604	102.6214	512.368461	2	1.0	0.100901540274
1.6557	106.5496	513.199911	18	1.0	0.140453554241
1.6578	106.4453	513.448676	18	0.449944450192	0.550055549808
17.9396	109.1653	514.077015	6	1.0	0.0
3.492	106.6285	515.358963	25	1.0	0.0
6.765	106.433	516.081421	-1	0.0	0.146122786702
6.8348	106.4575	516.266377	-1	0.0	0.109870109125
12.3199	112.2708	517.981522	22	1.0	0.321502647134
12.3508	112.0814	518.196548	22	1.0	0.0
12.5296	112.0877	521.753487	23	0.708057989175	0.291942010825
12.7526	111.081	524.01584	13	0.793847037985	0.206152962015
12.7664	111.1088	524.015889	13	0.897487858992	0.102512141008
12.7084	112.0744	524.522544	-1	0.0	0.251327743446
3.4124	107.0571	525.495325	-1	0.0	0.374277603852
12.8348	111.1155	526.438177	13	1.0	0.0
17.9994	109.2457	529.703271	6	0.797269937161	0.202730062839
1.4804	106.6919	529.835959	18	1.0	0.121065307535
1.4842	106.6656	529.899347	18	1.0	0.0367562615789
1.4948	106.6707	529.951254	18	1.0	0.0
1.4937	106.6253	529.994587	18	1.0	0.0423289309799
0.8321	109.1174	531.200836	17	1.0	0.0
0.8314	109.1026	531.214459	17	1.0	0.0
3.1056	106.8817	531.935006	27	1.0	0.05945573723
0.9878	108.3696	532.048131	17	0.0739300510924	0.926069948908
3.1154	106.9687	532.492622	27	0.644151890943	0.355848109057
3.5547	106.7625	532.676651	25	0.520921327872	0.479078672128
3.4419	106.8817	532.793623	26	1.0	0.0
1.126	109.0631	534.197696	17	0.169220190129	0.830779809871
3.4124	107.0501	544.915476	-1	0.0	0.339717584215
15.3631	110.1577	548.806557	8	0.672604893404	0.327395106596
15.3515	110.154	548.808251	8	0.7011958517	0.2988041483
1.6742	102.5405	549.440549	2	1.0	0.000203699531369
0.7358	107.8725	554.015813	16	1.0	0.0
12.6402	111.9823	559.381139	20	1.0	0.0
1.597	106.5652	562.065029	18	1.0	0.0
12.643	111.9398	563.364763	20	0.539817009677	0.460182990323
12.6371	112.0052	563.467245	20	1.0	0.0
12.659	111.9138	563.774075	-1	0.0	0.108574388369
12.331	112.1667	564.965839	22	1.0	0.0506859372303
12.3466	112.1854	565.122174	22	1.0	0.151817038184
7.4023	107.5414	569.243762	15	0.0718779891327	0.928122010867
12.8204	111.5811	576.467358	12	0.841567151888	0.158432848112
12.7939	111.5985	576.645878	12	1.0	0.0
12.7323	111.2368	581.052122	13	1.0	0.289614320474
0.8511	109.0784	584.537941	17	1.0	0.220836862506
2.9965	106.2408	586.359054	-1	0.0	0.259798930196
12.5555	112.1042	586.773534	-1	0.0	0.0766339863003
12.4848	111.9944	586.912187	23	1.0	0.0
3.3969	107.0699	588.845455	-1	0.0	0.437608901041
12.3862	112.1265	590.903225	22	1.0	0.00436617662569
3.1068	106.8546	592.022386	27	0.917769242823	0.0822307571772
1.4528	106.7596	592.929741	18	1.0	0.217850432051
12.7237	111.4436	593.149166	12	0.37736149748	0.62263850252
1.7225	102.5451	599.021665	2	1.0	0.0
1.6446	102.6135	599.189508	2	1.0	0.453822492078
