18.9508	280.3128	-0.000443	24	1.0	0.0
18.8698	280.0117	-599.732396	27	1.0	0.0
18.8452	280.0427	-599.678304	27	1.0	0.00586173402202
18.8503	280.0337	-599.547137	27	1.0	0.0
18.8646	279.9347	-599.51034	27	1.0	0.247887100698
11.7078	272.8649	-596.960183	25	1.0	0.227991784167
11.7961	272.8703	-596.960167	25	1.0	0.0
12.0966	272.8462	-596.960102	26	1.0	0.0
7.8905	277.2077	-580.084305	4	1.0	0.0
8.109	277.5318	-580.084277	4	0.140360255581	0.859639744419
10.4167	276.1657	-580.083862	5	0.024494599278	0.975505400722
19.2225	279.4815	-580.039329	28	0.865089939973	0.134910060027
18.4861	279.1574	-580.002281	21	1.0	0.0
18.4675	279.151	-579.921082	21	1.0	0.0
18.634	279.1855	-579.921019	21	0.998083433588	0.00191656641174
18.4877	279.141	-579.857961	21	1.0	0.0418879381045
18.4444	279.1102	-579.762378	21	1.0	0.0766865921884
19.2647	279.519	-579.482791	28	0.698330290697	0.301669709303
19.2597	279.476	-579.420762	28	1.0	0.0
24.0839	285.2323	-578.436924	1	1.0	0.0
23.9988	285.2069	-578.243382	1	1.0	0.0
11.4527	273.4522	-568.928761	22	0.811420442358	0.188579557642
11.3998	273.4244	-568.924706	22	1.0	0.0
11.3975	273.4245	-568.806058	22	1.0	0.000360665087618
11.4329	273.3859	-568.376775	22	1.0	0.0
12.7071	272.013	-558.818126	8	1.0	0.419098432933
12.8218	272.0829	-558.818118	8	0.847839152676	0.152160847324
12.7759	272.0609	-558.388874	8	1.0	0.456242208946
18.9464	278.3364	-556.202013	16	0.348040332242	0.651959667758
18.8968	278.2564	-556.038176	16	0.755043016475	0.244956983525
11.7272	273.0992	-554.281202	25	0.394398448716	0.605601551284
11.882	273.1037	-553.537758	-1	0.0	0.0543270153927
11.6953	273.0923	-553.417746	25	0.351719849729	0.648280150271
11.8421	273.0532	-553.417704	25	0.462456456811	0.537543543189
11.4883	273.6293	-551.608728	19	0.728873444464	0.271126555536
10.8182	276.6778	-550.396173	5	1.0	0.0
11.3538	273.3876	-548.957738	22	1.0	0.0
18.7128	279.7882	-548.802758	-1	0.0	0.0150943996709
19.0173	279.8292	-548.802618	-1	0.0	0.214353365869
11.3411	273.3954	-548.763922	22	1.0	0.0
11.334	273.3433	-548.37895	22	1.0	0.0524761435369
16.208	278.8676	-546.476736	9	0.523205594245	0.476794405755
16.3475	278.9159	-546.476654	9	0.366190433008	0.633809566992
11.7007	272.9726	-546.32334	25	1.0	0.0
11.654	272.8976	-546.243486	25	0.688372626892	0.311627373108
12.8376	272.78	-545.193808	-1	0.0	0.36626252568
13.0074	272.7848	-545.193788	-1	0.0	0.319073912035
19.0578	279.7303	-543.407799	29	0.917087613407	0.0829123865934
19.1715	279.6521	-543.198261	29	1.0	0.0
19.2171	279.6315	-543.100806	29	1.0	0.0
18.7504	280.3605	-540.271758	24	0.1819126071	0.8180873929
12.4264	273.1894	-538.275696	23	1.0	0.0
12.7487	273.1152	-538.27559	-1	0.0	0.0903699280511
12.35	273.1591	-538.109522	23	1.0	0.323771940714
12.4232	273.1832	-538.109504	23	1.0	0.0
12.4037	273.2088	-538.004422	23	1.0	0.0
12.663	273.0618	-538.004311	-1	0.0	0.0580978626979
10.7911	276.6182	-531.344077	5	0.835619258255	0.164380741745
10.6692	276.6937	-531.141525	5	0.43181534386	0.56818465614
10.8325	276.7211	-531.141525	5	0.847206176755	0.152793823245
20.9466	280.7991	-530.057496	-1	0.0	0.00133373598708
21.1205	280.8054	-530.057391	-1	0.0	0.0676285786749
11.4345	273.3328	-526.446496	22	0.702257436977	0.297742563023
11.4752	273.4025	-526.072426	22	1.0	0.0
18.976	280.3037	-525.133365	24	0.885305385034	0.114694614966
19.0683	280.3287	-525.133287	24	0.229910745966	0.770089254034
18.998	280.2454	-525.035444	24	0.287055959255	0.712944040745
18.9289	280.2431	-524.985456	24	0.42461284879	0.57538715121
15.3568	270.8098	-524.833811	12	0.344549902446	0.655450097554
12.6996	272.1472	-516.104357	8	0.836913646401	0.163086353599
13.3508	273.348	-516.004717	-1	0.0	0.549551290349
13.3369	273.2624	-515.999293	-1	0.0	0.514289579694
23.8346	285.0514	-515.887346	1	0.372077235312	0.627922764688
16.1197	271.3099	-515.498956	13	1.0	0.0
16.1051	271.3295	-515.480942	13	1.0	0.0
14.3803	270.5304	-515.158053	-1	0.0	0.12293146147
14.088	270.4485	-515.156658	-1	0.0	0.422915390185
19.2422	279.6886	-514.451547	29	1.0	0.0
16.4751	272.559	-513.469256	18	0.879826711834	0.120173288166
16.3866	272.1948	-507.01543	17	1.0	0.0
18.6041	279.2238	-505.856858	21	1.0	0.0
11.5373	273.7371	-501.478986	19	0.976109595661	0.0238904043394
11.5097	273.7326	-501.433306	19	1.0	0.0
11.4922	273.6898	-501.360065	19	1.0	0.0
18.8356	279.9424	-501.322493	27	1.0	0.104797851789
11.5748	273.7006	-501.099706	19	1.0	0.0
11.4817	273.6475	-501.024454	19	0.784386021134	0.215613978866
18.8294	279.9084	-500.897064	27	0.833304406336	0.166695593664
12.4136	273.21	-497.104481	23	1.0	0.0
12.3694	273.1234	-497.022469	23	1.0	0.0
12.6313	273.0961	-497.0224	23	0.47402345913	0.52597654087
18.5296	279.1419	-495.905516	21	1.0	0.324530998409
18.5508	279.1767	-495.905472	21	1.0	0.0146666892803
18.5157	279.2806	-495.059485	21	0.354496738036	0.645503261964
18.9702	280.3611	-494.294962	24	0.765681753579	0.234318246421
19.0729	280.6284	-494.29485	-1	0.0	0.314292244447
20.804	281.6314	-490.950511	10	1.0	0.0
16.3406	272.3387	-489.09246	17	0.912777861335	0.087222138665
15.9692	272.4844	-489.045622	17	0.278246911921	0.721753088079
16.3935	272.3872	-489.045423	17	0.454680055795	0.545319944205
16.3004	272.292	-488.984007	17	1.0	0.0
16.3195	272.3415	-488.925334	17	1.0	0.292181350319
16.3112	272.3129	-488.858476	17	1.0	0.0
16.2891	272.3323	-488.790011	17	1.0	0.0
16.2667	272.3139	-488.727961	17	1.0	0.0528456979575
11.8314	273.2068	-487.223735	-1	0.0	0.167829351141
11.7429	272.8059	-487.109729	25	1.0	0.0
11.755	272.8112	-486.249427	25	1.0	0.0
9.2966	271.9043	-485.34961	-1	0.0	0.293898342946
11.6051	273.4414	-485.349474	22	0.37311832813	0.62688167187
11.4851	273.4296	-485.220698	22	1.0	0.0275989832455
11.4377	273.3697	-485.154072	22	0.853183450304	0.146816549696
11.4701	273.418	-485.154061	22	1.0	0.0
11.4449	273.4031	-485.095481	22	1.0	0.0
20.036	283.8164	-477.709934	3	1.0	0.0
10.8821	276.746	-477.266167	5	0.653292036995	0.346707963005
10.7716	276.6645	-477.23825	5	0.671011865851	0.328988134149
10.821	276.7529	-477.188021	5	0.756586660202	0.243413339798
10.7779	276.7182	-477.103887	5	0.458800612264	0.541199387736
10.8117	276.7229	-477.103859	5	0.646210027254	0.353789972746
18.9239	278.2292	-477.018162	16	0.902362650769	0.0976373492309
18.9551	278.5057	-477.018132	16	0.147983703574	0.852016296426
18.9223	278.3047	-476.951631	16	0.522148375945	0.477851624055
19.0851	278.3459	-476.95156	16	0.269702429824	0.730297570176
18.8534	279.9853	-472.981651	27	0.909262228142	0.0907377718584
18.858	280.032	-472.981608	27	1.0	0.0
18.6151	279.1686	-472.58433	21	0.788839944458	0.211160055542
15.2756	270.694	-466.402738	12	0.154574763122	0.845425236878
15.2956	270.6905	-466.190812	12	0.154290029848	0.845709970152
13.4903	272.391	-465.614751	8	0.0805945425483	0.919405457452
16.0258	279.0962	-462.714862	9	0.191324050485	0.808675949515
16.1674	279.0361	-462.714789	9	0.335695654451	0.664304345549
16.2072	279.0262	-462.581229	9	0.30465673184	0.69534326816
16.095	278.9156	-462.519818	9	0.420569807946	0.579430192054
12.3612	273.2012	-454.072538	23	1.0	0.143580632196
12.5224	273.1623	-454.072483	23	0.707056421572	0.292943578428
12.5225	273.1562	-453.874387	23	0.674592946914	0.325407053086
11.3516	273.4294	-452.349122	22	1.0	0.0
11.3592	273.4152	-452.299379	22	1.0	0.0
11.3392	273.3767	-452.245663	22	1.0	0.0
11.326	273.3835	-452.114512	22	1.0	0.0
11.2522	273.3691	-451.847691	22	0.71297944373	0.28702055627
11.3311	273.3892	-451.847669	22	1.0	0.0
16.3716	272.1793	-449.816323	17	1.0	0.0
18.8262	279.9563	-449.766005	27	1.0	0.0
18.7095	279.9621	-449.707494	27	0.427759319956	0.572240680044
18.8186	280.0052	-449.7074	27	1.0	0.14307844601
18.9475	278.326	-446.915796	16	0.401008151528	0.598991848472
18.5274	279.143	-445.447478	21	1.0	0.324530998409
18.1204	279.4842	-445.374842	20	0.998405365582	0.00159463441794
18.5389	279.1688	-445.374569	21	1.0	0.0
18.5544	279.1753	-445.201331	21	1.0	0.0777503990951
12.8905	272.7976	-444.195932	-1	0.0	0.115362794988
18.7808	280.3828	-438.776177	24	0.163244265378	0.836755734622
18.9483	280.3543	-438.776091	24	0.765681753579	0.234318246421
18.9238	280.3236	-438.695512	24	1.0	0.0
11.6034	273.6682	-437.079467	19	0.845689637781	0.154310362219
11.4023	273.4448	-436.248215	22	1.0	0.000360665087618
12.7541	272.032	-434.927311	8	1.0	0.419098432933
11.6826	273.0657	-432.792785	25	0.411453708324	0.588546291676
20.5513	281.6922	-431.771906	10	1.0	0.0
14.3653	270.4639	-425.503344	-1	0.0	0.0769923962847
16.3906	272.2072	-424.890684	17	1.0	0.0300377811043
16.3368	272.14	-424.841209	17	0.90672237077	0.0932776292298
16.0642	272.3684	-424.771655	17	0.308830921175	0.691169078825
16.3736	272.2407	-424.686346	17	0.872706793501	0.127293206499
16.201	272.2546	-424.606757	17	0.666592305471	0.333407694529
16.3352	272.1691	-424.528182	17	1.0	0.100029952849
16.3237	272.1184	-424.440001	17	0.722827123137	0.277172876863
16.1356	271.4751	-424.436371	-1	0.0	0.176791430272
15.5417	270.7949	-423.712318	12	0.732359449428	0.267640550572
23.8377	285.1957	-421.766627	1	0.663254818946	0.336745181054
24.3897	285.1746	-421.766289	1	0.510259560008	0.489740439992
24.2617	285.2316	-421.69832	1	0.943320960438	0.0566790395625
23.9143	285.294	-421.523768	1	0.930627897855	0.0693721021447
10.7017	276.7403	-418.645962	5	0.366182501004	0.633817498996
10.8487	276.7372	-418.645929	5	0.758433956661	0.241566043339
10.8195	276.6571	-418.598726	5	1.0	0.0
10.548	276.9114	-418.533988	5	0.0701048193674	0.929895180633
10.8414	276.7527	-418.533897	5	0.68832048958	0.31167951042
10.7579	276.5685	-418.232001	5	0.374402017535	0.625597982465
20.1209	283.8314	-417.843553	3	1.0	0.0
18.7069	279.5619	-416.680127	21	0.139680503801	0.860319496199
12.0901	273.1038	-413.809164	-1	0.0	0.111441863544
12.4428	273.1848	-413.809122	23	1.0	0.0
18.8394	279.9186	-412.859868	27	0.93643789899	0.0635621010103
18.8828	279.9677	-412.859822	27	1.0	0.169159366454
18.9329	280.3434	-411.72725	24	0.997755410992	0.00224458900771
18.9206	280.3481	-411.727208	24	0.673064170685	0.326935829315
18.9871	280.3646	-411.708411	24	0.545000646527	0.454999353473
20.1047	281.4348	-411.647191	10	0.380877976439	0.619122023561
18.8605	280.2764	-411.185596	24	0.536423209696	0.463576790304
14.7722	270.429	-408.606419	11	1.0	0.0
18.6909	279.3097	-408.392198	21	0.216983160384	0.783016839616
12.5018	273.1743	-406.026708	23	0.942181111212	0.0578188887875
18.5521	279.1736	-401.787979	21	1.0	0.0
18.6164	279.2269	-401.787927	21	0.977712919832	0.0222870801684
18.5368	279.1738	-401.736575	21	1.0	0.0
18.4756	279.2345	-401.03049	21	0.411588704843	0.588411295157
7.3581	278.7252	-399.174004	0	1.0	0.0
7.1122	278.7245	-399.112842	0	1.0	0.0
11.3612	273.2762	-398.993116	22	0.676019067615	0.323980932385
11.1859	273.4126	-398.368097	22	0.376658413158	0.623341586842
11.3328	273.4259	-398.368077	22	1.0	0.19974258571
18.879	280.0012	-389.847957	27	1.0	0.0
18.8438	279.9529	-389.788973	27	1.0	0.0
18.8978	280.0164	-389.742089	27	1.0	0.0903389820484
18.511	280.8199	-388.239204	-1	0.0	0.0807309830462
18.9791	280.3493	-388.238888	24	0.671027604283	0.328972395717
11.3811	273.4013	-378.502791	22	1.0	0.0376180022702
11.3353	273.3657	-378.421222	22	1.0	0.230556751108
11.3889	273.4374	-378.190077	22	1.0	0.0
11.3404	273.3861	-378.104525	22	1.0	0.0
10.7263	276.7677	-376.993015	5	0.242537586342	0.757462413658
10.8533	276.7381	-376.992993	5	0.837481682276	0.162518317724
18.9482	280.3423	-374.449428	24	1.0	0.195842754318
18.6404	280.3267	-374.428781	24	0.1819126071	0.8180873929
18.9601	280.2939	-374.428672	24	0.885305385034	0.114694614966
18.95	280.3394	-374.428636	24	1.0	0.158083855985
11.7103	272.9818	-374.364768	25	1.0	0.0
12.0988	272.8813	-374.364678	26	1.0	0.0
18.9068	280.3282	-374.333732	24	1.0	0.19674425921
22.3801	277.6266	-369.549596	7	1.0	0.0
12.3557	273.1335	-366.941194	23	1.0	0.0
18.9459	280.3305	-362.374015	24	1.0	0.158083855985
19.1122	280.3727	-362.373893	24	0.171541429066	0.828458570934
18.9459	280.4067	-362.284268	24	0.382105544133	0.617894455867
20.587	281.6551	-361.806345	10	1.0	0.0
20.0475	283.8205	-354.79007	3	1.0	0.0
19.8106	283.8515	-354.722941	3	0.737891304051	0.262108695949
16.2105	278.7671	-353.851411	9	0.814917374127	0.185082625873
16.3195	278.841	-353.73525	9	0.500160470912	0.499839529088
18.3897	279.1673	-353.388389	21	0.450152915123	0.549847084877
18.4692	279.1014	-353.388326	21	1.0	0.0766865921884
16.2126	278.9214	-353.093781	9	0.453317312715	0.546682687285
16.2091	278.9593	-353.065882	9	0.433017693519	0.566982306481
16.2546	278.9924	-353.023846	9	0.429967068488	0.570032931512
14.7043	274.264	-347.540275	6	0.898195854273	0.101804145727
10.9909	276.6973	-347.53898	5	0.180219709058	0.819780290942
10.5818	276.7573	-347.460901	5	0.171703454417	0.828296545583
10.7888	276.906	-347.460886	5	0.0754607926768	0.924539207323
10.8138	276.7624	-347.190475	5	0.588767512292	0.411232487708
11.0921	276.7732	-347.190471	5	0.0986312653835	0.901368734616
18.7192	279.5231	-345.267301	21	0.152115002285	0.847884997715
11.7409	272.8523	-345.219822	25	1.0	0.0019332380474
12.7778	272.1666	-344.359444	8	0.740760120728	0.259239879272
15.6008	270.7448	-344.019392	12	0.335739019336	0.664260980664
11.4713	273.4182	-342.441742	22	1.0	0.0
11.442	273.3566	-342.330179	22	0.966366994175	0.0336330058253
18.7648	279.9233	-339.880218	27	0.508702674747	0.491297325253
18.6034	280.3033	-335.66722	24	0.151647061253	0.848352938747
18.8788	280.2425	-335.667067	24	0.400698340322	0.599301659678
18.9106	280.3689	-335.604636	24	0.462604111448	0.537395888552
18.9557	280.3353	-335.604591	24	1.0	0.158083855985
18.8906	280.3029	-335.497077	24	0.66123314195	0.33876685805
19.0234	280.5893	-335.496985	-1	0.0	0.151335673253
18.891	280.3049	-335.419164	24	0.678673955831	0.321326044169
18.7044	280.3564	-334.962706	24	0.1819126071	0.8180873929
18.9164	280.3297	-334.96257	24	1.0	0.0
18.8603	280.0136	-331.596397	27	1.0	0.0536818890185
12.5917	272.1043	-327.320801	8	0.442105239627	0.557894760373
12.7541	272.1233	-327.320758	8	1.0	0.0
24.4481	284.2729	-324.30507	2	1.0	0.0
11.3011	273.3043	-318.498377	22	0.865503613032	0.134496386968
11.2801	273.3196	-318.366534	22	0.931185391935	0.0688146080651
20.6851	281.6149	-316.097901	10	1.0	0.0
10.8212	276.6712	-315.832202	5	1.0	0.0
10.8	276.6679	-315.754504	5	1.0	0.0
10.8091	276.6882	-315.504872	5	0.94847110981	0.0515288901896
10.8271	276.6675	-315.424741	5	1.0	0.0
10.7807	276.689	-315.258792	5	0.734361417227	0.265638582773
11.315	272.8838	-314.86781	-1	0.0	0.00954479043927
11.7136	272.9528	-314.806458	25	1.0	0.220430189792
11.7103	272.9743	-314.754866	25	1.0	0.0
11.6701	272.9208	-314.260265	25	0.8357485811	0.1642514189
18.9195	280.3068	-313.895635	24	0.937740407748	0.0622595922521
12.4196	273.125	-313.656212	23	1.0	0.0120656517179
12.6129	273.227	-313.656208	23	0.401286279258	0.598713720742
18.7031	279.3849	-313.081211	21	0.152115002285	0.847884997715
12.7805	272.0282	-310.623097	8	1.0	0.401603165862
12.6052	271.9972	-310.54484	8	0.521611229739	0.478388770261
12.7545	271.9933	-310.544789	8	1.0	0.0
16.25	272.2692	-306.219853	17	1.0	0.0621612330068
18.5265	279.1474	-300.415476	21	1.0	0.324530998409
18.4644	279.079	-300.34782	21	0.9743210881	0.0256789118999
17.8243	279.0217	-298.983881	-1	0.0	0.478270657135
18.9308	280.332	-297.4032	24	1.0	0.158083855985
18.9332	280.4207	-297.277909	24	0.257945658279	0.742054341721
12.3061	272.9696	-294.176083	26	0.821223452727	0.178776547273
16.2156	272.7031	-291.381064	18	1.0	0.0
11.3639	273.3215	-290.9486	22	0.855530548287	0.144469451713
12.3993	273.1264	-288.918992	23	1.0	0.0
15.9347	271.2943	-288.731576	13	1.0	0.0
18.9627	280.3072	-283.603074	24	1.0	0.0
15.4794	270.8273	-283.249927	12	0.697019388236	0.302980611764
11.7201	272.8169	-278.234952	25	1.0	0.0
18.9419	278.2619	-274.200296	16	0.861217375235	0.138782624765
18.9252	278.4188	-274.200265	16	0.275060609281	0.724939390719
19.1296	278.3356	-274.200188	16	0.242468871543	0.757531128457
18.9262	280.296	-271.92891	24	0.980951858377	0.0190481416229
19.1309	280.3565	-271.928826	24	0.152768440203	0.847231559797
10.8349	276.6759	-271.842351	5	1.0	0.0
10.8271	276.6813	-271.769226	5	1.0	0.0
16.2646	272.1627	-270.610541	17	0.722827123137	0.277172876863
16.4931	272.1683	-270.610467	17	1.0	0.0
16.4402	272.2061	-270.459421	17	0.873159854095	0.126840145905
18.9371	279.9966	-268.848998	27	1.0	0.0
18.8627	279.9228	-268.797324	27	1.0	0.339307740437
18.7725	280.0173	-268.721622	27	0.642400143202	0.357599856798
18.9209	279.9832	-268.721552	27	1.0	0.0
18.8885	280.0144	-268.682138	27	1.0	0.0
18.9491	280.0431	-268.682088	27	0.52613724726	0.47386275274
18.8113	279.99	-268.117876	27	1.0	0.0888313699075
18.9133	279.9358	-268.117823	27	0.735653341193	0.264346658807
18.3808	279.2179	-266.12729	21	0.377271413266	0.622728586734
18.5486	279.1897	-266.127198	21	1.0	0.338092845597
23.9514	285.298	-266.119918	1	0.98917459903	0.01082540097
24.115	285.2736	-266.119805	1	1.0	0.0
18.1016	279.5238	-266.102896	20	1.0	0.0
24.2434	285.2084	-266.069672	1	0.958235498034	0.0417645019656
18.2623	279.1399	-265.67181	21	0.252950146849	0.747049853151
18.4756	279.1195	-265.671723	21	0.932333221862	0.0676667781381
19.9651	283.8794	-260.534412	3	1.0	0.0
16.2255	278.8104	-254.917109	9	1.0	0.0
16.1924	278.8071	-254.882575	9	0.987736222982	0.0122637770181
16.19	278.7242	-254.527763	9	0.675384723147	0.324615276853
12.1647	273.1241	-248.857995	23	0.395266800847	0.604733199153
12.3715	273.0942	-248.857943	23	1.0	0.320441311359
20.7727	281.6311	-247.293213	10	1.0	0.0
18.9127	280.0514	-246.315717	27	0.77409333739	0.22590666261
16.3411	271.2744	-245.612609	13	0.80901631812	0.19098368188
12.7149	272.1361	-235.82851	8	1.0	0.0
18.4519	279.1491	-235.372921	21	1.0	0.207343309157
18.1077	279.6281	-230.447834	20	0.709600785018	0.290399214982
18.9478	280.3203	-230.447346	24	0.938484180347	0.061515819653
18.9238	280.3226	-230.37723	24	1.0	0.0
18.9435	280.2695	-230.298976	24	0.673485535346	0.326514464654
18.9485	280.4113	-230.230007	24	0.329473783838	0.670526216162
18.5287	280.8035	-230.169566	-1	0.0	0.0980683247058
18.9895	280.3596	-230.169251	24	0.509881849172	0.490118150828
18.9288	280.2708	-229.97129	24	0.717244602844	0.282755397156
19.1518	279.7718	-229.044996	29	0.879639241392	0.120360758608
19.1307	279.744	-229.017018	29	0.859579434068	0.140420565932
19.1732	279.7786	-229.01697	29	0.776632050717	0.223367949283
19.122	279.6738	-228.91069	29	0.919917649165	0.0800823508353
11.7338	272.9342	-227.790543	25	1.0	0.436082248598
11.7076	272.9657	-227.722267	25	1.0	0.0
22.3326	277.5774	-227.382908	7	1.0	0.0
22.4037	277.6405	-227.382844	7	1.0	0.0
25.1744	277.3704	-226.253572	7	0.133445028825	0.866554971175
16.1037	272.623	-220.375101	18	1.0	0.0
16.0788	272.5988	-220.33227	18	0.982624085021	0.0173759149785
18.3809	279.1078	-219.553112	21	0.42417314349	0.57582685651
18.4387	279.1108	-219.438155	21	0.932333221862	0.0676667781381
18.0345	279.543	-219.070962	20	1.0	0.0
18.4862	279.1651	-219.07066	21	1.0	0.0855345727231
18.4452	279.0967	-218.38179	21	0.9743210881	0.0256789118999
16.4289	272.1715	-218.110357	17	1.0	0.0
16.4074	272.1256	-218.066937	17	0.882401708513	0.117598291487
18.9287	278.2086	-217.451199	16	1.0	0.0
18.888	279.9753	-217.00677	27	1.0	0.292337669232
18.8881	279.962	-216.935344	27	1.0	0.169159366454
22.6125	277.7129	-216.932641	7	1.0	0.0
18.7384	279.9445	-216.932328	27	0.462877566957	0.537122433043
18.8407	279.9224	-216.904988	27	1.0	0.323075576386
18.8281	279.8883	-216.861845	27	0.528584606339	0.471415393661
18.8496	279.9381	-216.778829	27	1.0	0.172645050225
18.4921	279.0906	-214.359892	21	0.844551230892	0.155448769108
16.0839	271.2184	-209.346458	13	0.898056441121	0.101943558879
19.2353	281.1964	-205.638529	15	1.0	0.0
11.3683	273.4453	-199.744012	22	1.0	0.169830210319
11.331	273.3682	-199.667208	22	1.0	0.0862122559291
11.323	273.42	-198.76985	22	1.0	0.191855330848
11.7529	272.8921	-194.770974	25	1.0	0.217384785299
16.25	278.7733	-193.077539	9	1.0	0.0
18.8889	279.9042	-189.707437	27	0.605291715167	0.394708284833
19.1419	280.2138	-189.707254	-1	0.0	0.023204356286
10.8929	276.7496	-179.301529	5	0.483349479791	0.516650520209
10.798	276.6683	-179.279201	5	1.0	0.0
24.0067	285.2986	-178.437859	1	1.0	0.0
24.0855	285.283	-178.437785	1	1.0	0.0
12.3994	273.1288	-177.726753	23	1.0	0.0
12.3518	273.1215	-177.614251	23	1.0	0.0
12.6693	273.1262	-177.614196	23	0.479883211811	0.520116788189
18.9535	280.3321	-171.20043	24	1.0	0.195842754318
12.7346	271.993	-169.136745	8	1.0	0.0
16.2528	272.2704	-166.505257	17	1.0	0.118053615187
16.2967	272.2852	-166.505218	17	1.0	0.0
16.3084	272.2232	-166.334431	17	1.0	0.278110968918
18.9213	280.0149	-164.964686	27	0.995833313108	0.00416668689215
18.8449	279.9769	-164.878637	27	1.0	0.310940867543
18.7157	280.0037	-164.160812	27	0.453650161868	0.546349838132
14.8403	270.3874	-156.518574	11	1.0	0.0
7.849	277.4429	-154.954839	4	0.191459776022	0.808540223978
11.7991	272.8708	-151.562478	25	1.0	0.0
11.7959	272.8965	-151.431867	25	1.0	0.186519251667
11.7587	272.8577	-151.386331	25	1.0	0.0
20.7965	281.5551	-149.835833	10	0.986626759379	0.0133732406214
18.615	279.212	-147.31157	21	1.0	0.0
24.4805	284.2203	-138.91479	2	0.926436429705	0.0735635702954
20.022	283.7897	-138.867353	3	1.0	0.0
18.5403	280.339	-137.489513	24	0.122144522788	0.877855477212
18.8586	280.2781	-137.48933	24	0.51131560775	0.48868439225
12.1548	272.9747	-137.463339	26	1.0	0.0
12.2178	272.9791	-137.052186	26	1.0	0.0
8.0679	277.2102	-136.782082	4	0.504693946411	0.495306053589
7.9497	277.1856	-136.782076	4	1.0	0.0
11.3242	273.3581	-132.309769	22	1.0	0.0926420622093
18.5082	279.4656	-128.657335	21	0.152115002285	0.847884997715
18.3988	279.0413	-125.839511	21	0.327985128985	0.672014871015
11.6806	272.8416	-121.516571	25	0.901952201271	0.0980477987291
16.309	278.781	-119.450385	9	0.608594412686	0.391405587314
18.7564	279.9961	-119.385116	27	0.639177255415	0.360822744585
10.6124	276.7112	-114.661276	5	0.342941260789	0.657058739211
10.8207	276.7391	-114.661241	5	0.756586660202	0.243413339798
10.686	276.7388	-114.552521	5	0.324019058165	0.675980941835
10.8726	276.7296	-114.552516	5	0.837481682276	0.162518317724
10.8065	276.7443	-114.521718	5	0.588767512292	0.411232487708
10.5448	276.7848	-114.494994	5	0.118972202741	0.881027797259
10.8545	276.7519	-114.494962	5	0.732933315585	0.267066684415
10.7952	276.659	-114.456556	5	0.869302184035	0.130697815965
12.7553	272.0957	-106.083485	8	1.0	0.0
12.757	272.1117	-105.997298	8	1.0	0.0
12.7572	272.1174	-105.942557	8	1.0	0.0
12.7143	272.0728	-105.670865	8	0.835008345677	0.164991654323
18.9073	281.1956	-105.289733	15	0.667688413785	0.332311586215
19.2324	281.196	-105.289594	15	1.0	0.0
15.6407	270.7977	-95.443962	12	0.335739019336	0.664260980664
11.7011	272.9584	-82.921305	25	1.0	0.0
11.8108	272.8627	-81.659425	25	1.0	0.0
11.7866	272.8748	-81.521424	25	1.0	0.0
11.7913	272.8813	-81.421193	25	1.0	0.0
18.7411	280.0436	-80.797882	27	0.401984679741	0.598015320259
22.3404	277.5861	-77.077752	7	1.0	0.0
14.6256	274.5113	-75.569037	6	0.211621455	0.788378545
14.6626	274.2151	-75.568984	6	1.0	0.0
14.6206	274.2079	-75.377832	6	1.0	0.0
16.3224	272.2787	-75.125277	17	1.0	0.204955809836
16.2636	272.2417	-75.122483	17	1.0	0.213569279504
15.0403	270.4062	-74.206289	11	0.991380894909	0.00861910509095
16.4163	272.1516	-69.140293	17	1.0	0.0713270665424
18.9562	278.2258	-67.377437	16	1.0	0.0
11.1785	271.1763	-61.895803	-1	0.0	0.0473896014634
18.9265	279.9932	-61.893646	27	1.0	0.0
18.9274	279.9785	-61.844815	27	1.0	0.0
18.8282	280.0051	-61.819153	27	1.0	0.0160770372006
18.9422	279.9994	-61.819095	27	0.995833313108	0.00416668689215
18.9227	279.9681	-61.103211	27	0.961924280492	0.0380757195075
19.0309	280.0445	-61.103146	27	0.291406565352	0.708593434648
15.9488	272.729	-57.927987	-1	0.0	0.0087465662279
16.2224	272.6789	-57.927863	18	1.0	0.0
12.0578	272.9793	-53.432228	26	0.685589034406	0.314410965594
12.1931	272.9206	-53.432198	26	1.0	0.0
12.7672	271.9992	-52.00322	8	1.0	0.0
10.8784	276.6782	-42.708559	5	0.678952466507	0.321047533493
10.5498	276.6525	-42.670252	5	0.172159049106	0.827840950894
10.8205	276.6639	-42.670218	5	1.0	0.0
10.8098	276.6373	-42.641921	5	1.0	0.0
10.7215	276.6334	-42.607948	5	0.270456839551	0.729543160449
10.8471	276.6799	-42.571166	5	1.0	0.0725135489882
19.2748	279.6287	-35.101553	29	1.0	0.0
25.0356	277.4123	-32.974958	7	0.140935410392	0.859064589608
18.3445	279.1505	-27.603674	21	0.416410794712	0.583589205288
18.4816	279.1122	-27.603606	21	1.0	0.0766865921884
18.4765	279.166	-27.546889	21	1.0	0.0
18.0151	279.5822	-26.460035	20	1.0	0.0
18.4837	279.1545	-26.459721	21	1.0	0.0
18.7268	279.4659	-26.253073	21	0.152115002285	0.847884997715
19.2146	279.832	-26.252772	-1	0.0	0.0305298806962
16.1283	278.8035	-15.524741	9	1.0	0.0
16.1699	278.8001	-15.524689	9	1.0	0.0
10.8336	276.7301	-11.731849	5	0.847206176755	0.152793823245
10.8135	276.6495	-11.60669	5	1.0	0.0
10.8506	276.71	-11.537106	5	1.0	0.171329900337
10.8329	276.7535	-11.508336	5	0.756586660202	0.243413339798
10.7953	276.6186	-11.413886	5	0.986576412931	0.0134235870689
11.7657	272.8477	-8.826292	25	1.0	0.0
12.2729	272.7234	-8.82614	-1	0.0	0.217623974626
11.7538	272.8545	-8.774456	25	1.0	0.0
12.7529	271.9964	-8.551825	8	1.0	0.0
16.3766	271.4282	-4.844229	14	1.0	0.0
16.3472	271.4349	-4.753487	14	1.0	0.0
16.37	271.3704	-4.50491	14	0.856684561832	0.143315438168
18.8468	280.067	-0.926577	27	1.0	0.0
18.9508	280.3128	-0.000443	24	1.0	0.0
10.797	276.6956	4.374801	5	0.94847110981	0.0515288901896
18.9851	278.23	5.568354	16	1.0	0.0
16.4225	271.6008	8.976566	-1	0.0	0.348326629416
14.1451	274.4555	9.832552	6	0.176843127883	0.823156872117
14.6611	274.2038	9.832782	6	1.0	0.0
16.522	272.5395	14.520256	-1	0.0	0.0623991717199
16.1303	272.5965	14.534827	18	1.0	0.0
18.4097	279.2763	19.848352	21	0.329042312271	0.670957687729
18.9511	280.281	22.410974	24	0.733152081529	0.266847918471
10.8539	276.6635	22.669782	5	0.929119968706	0.0708800312936
10.7059	276.7282	22.696613	5	0.458800612264	0.541199387736
10.8503	276.6581	22.833556	5	1.0	0.0781466497887
11.7657	272.8193	23.195586	25	1.0	0.0
11.7557	272.7989	23.272524	25	1.0	0.0
11.7812	272.8482	23.460113	25	1.0	0.0
12.0984	272.7853	23.460214	-1	0.0	0.0528483278592
19.2364	279.5717	28.382952	28	0.38291717824	0.61708282176
17.3175	278.012	28.838254	-1	0.0	0.115362266715
19.2573	279.696	28.839317	29	0.890910696709	0.109089303291
7.0105	278.94	29.598016	0	1.0	0.0
7.965	277.1826	30.504632	4	1.0	0.0
7.8836	277.1679	30.562017	4	1.0	0.0
16.3139	272.2983	31.502132	17	1.0	0.0
18.874	279.9997	31.883905	27	1.0	0.0
10.86	276.7205	37.055259	5	0.977290058695	0.0227099413051
10.8331	276.6636	37.101505	5	1.0	0.0
10.8846	276.6535	37.252723	5	0.586405935562	0.413594064438
10.789	276.5773	37.553969	5	0.474605566928	0.525394433072
10.799	276.582	37.966472	5	0.492297433348	0.507702566652
18.9089	280.322	38.23919	24	1.0	0.0
18.7119	280.3161	38.361671	24	0.1819126071	0.8180873929
18.8948	280.2517	38.36175	24	0.572211594165	0.427788405835
18.9213	280.3173	38.434647	24	1.0	0.0
18.9008	280.2767	38.760982	24	0.536423209696	0.463576790304
11.6414	272.7385	39.972327	25	0.451119426905	0.548880573095
16.3574	271.3306	44.23536	14	0.646584382134	0.353415617866
18.6178	279.2246	52.76295	21	1.0	0.0482547324637
18.5845	279.1924	52.826065	21	1.0	0.180721027179
18.5583	279.1562	53.259294	21	1.0	0.067343814254
10.6966	276.6779	55.04951	5	0.420311302776	0.579688697224
16.1164	278.7519	62.115303	9	0.62257282817	0.37742717183
16.1597	278.8148	62.115331	9	0.924617325958	0.0753826740422
16.0281	272.7399	63.51703	18	0.911446243258	0.088553756742
10.8432	276.6504	70.514744	5	1.0	0.0063545695912
11.6158	272.9576	71.210915	25	0.637993375844	0.362006624156
11.7408	272.981	71.210947	25	1.0	0.250873142288
11.7143	272.9102	71.379003	25	1.0	0.217384785299
13.0608	272.0505	74.271793	8	0.259666020165	0.740333979835
16.2547	278.7263	74.625837	9	0.678790743242	0.321209256758
16.2119	278.6863	74.671373	9	0.387948269129	0.612051730871
16.0174	278.8953	74.753398	9	0.294358114176	0.705641885824
16.254	278.803	74.753507	9	0.987736222982	0.0122637770181
16.2417	278.7804	74.948379	9	1.0	0.0
18.0869	279.5713	78.8245	20	1.0	0.0
18.5229	279.1339	78.824829	21	1.0	0.324530998409
18.4813	279.0667	78.883352	21	0.563125208249	0.436874791751
18.4724	279.0632	79.544722	21	0.545180195222	0.454819804778
10.8623	276.7033	81.378634	5	1.0	0.0
10.827	276.6121	81.445387	5	1.0	0.0
10.8088	276.6352	81.57158	5	1.0	0.0
10.8232	276.6195	81.662867	5	1.0	0.0
10.809	276.6028	82.052075	5	0.800580711001	0.199419288999
12.0622	272.8709	87.485618	26	0.746133109337	0.253866890663
12.5574	272.7647	87.485765	-1	0.0	0.225468569211
18.9608	278.2523	92.14701	16	1.0	0.0
18.8019	278.2849	92.180658	16	0.332011539249	0.667988460751
11.3957	273.3685	94.404255	22	1.0	0.0503519928768
11.3348	273.3326	94.958657	22	1.0	0.0488851949401
11.3115	273.3515	95.070303	22	1.0	0.270770433838
6.9689	278.9103	121.443291	0	1.0	0.0
19.5588	280.8198	122.014226	-1	0.0	0.143024127967
14.7792	270.39	125.20313	11	0.98676751621	0.01323248379
12.8837	272.0231	125.482163	8	0.579451668586	0.420548331414
12.7596	271.958	125.533205	8	1.0	0.0
12.7215	271.9052	125.572985	8	0.972850488424	0.0271495115756
18.8815	279.96	127.472983	27	1.0	0.169159366454
18.9327	279.9353	127.557372	27	0.565494041224	0.434505958776
19.0773	280.0132	127.557448	27	0.2559288381	0.7440711619
18.9302	279.9914	127.602463	27	1.0	0.0
10.8379	276.674	134.971469	5	1.0	0.0
10.8279	276.5974	135.079012	5	0.580634026298	0.419365973702
10.8773	276.6515	135.305466	5	0.643480092582	0.356519907418
11.1553	276.4414	135.305585	5	0.0534874420854	0.946512557915
18.6259	279.1998	137.078038	21	1.0	0.0
18.5919	279.2112	137.078072	21	1.0	0.0
18.5699	279.1826	137.236273	21	1.0	0.294161626295
18.8601	280.3158	137.241356	24	0.478167749995	0.521832250005
18.8677	280.3706	137.241407	24	0.26027635542	0.73972364458
18.7692	280.1729	137.390707	24	0.104069013499	0.895930986501
18.9241	280.3791	137.390733	24	0.382105544133	0.617894455867
18.9053	280.3164	137.606711	24	0.966164664926	0.0338353350742
18.4929	279.2512	137.99929	21	0.393139112138	0.606860887862
18.5732	279.2184	137.999341	21	1.0	0.131038368393
11.483	273.1587	138.860451	-1	0.0	0.123446704898
11.5387	273.1699	138.998551	22	0.25748635691	0.74251364309
11.529	273.2122	139.104686	22	0.268226112736	0.731773887264
7.958	277.182	147.93611	4	1.0	0.0
16.1102	278.7816	149.539973	9	0.88285316591	0.11714683409
17.8729	279.2462	151.577171	-1	0.0	0.405775863356
18.9558	279.6982	153.447497	-1	0.0	0.0873110623356
19.3499	279.4322	153.447753	28	0.526179529882	0.473820470118
19.283	279.4304	153.93632	28	0.859338655254	0.140661344746
15.7658	282.2837	157.43886	-1	0.0	0.114092462438
19.0414	280.2767	157.440477	24	0.285428332513	0.714571667487
10.726	276.7161	162.710498	5	0.410492669354	0.589507330646
10.835	276.6564	162.710528	5	1.0	0.0
10.8267	276.6544	162.802242	5	1.0	0.0
10.865	276.6809	162.882769	5	0.868948568592	0.131051431408
10.8664	276.7242	162.953109	5	1.0	0.336419497416
10.8188	276.6281	163.532493	5	1.0	0.197559899665
11.6864	272.9917	170.776304	25	1.0	0.40554336495
11.8863	272.8576	170.77635	25	0.547156390902	0.452843609098
11.6847	272.7938	170.860353	25	0.997069677016	0.00293032298388
11.5644	273.7201	170.898831	19	1.0	0.0
11.5795	273.6493	171.867106	19	1.0	0.0
11.7764	273.678	171.867113	19	0.487506412948	0.512493587052
10.7992	276.62	172.607257	5	1.0	0.013636714945
18.7865	279.9446	172.659512	27	0.788778303149	0.211221696851
24.3663	284.3794	176.703761	2	1.0	0.0
24.5058	284.324	176.703847	2	1.0	0.0
18.9946	278.2511	178.983585	16	0.861217375235	0.138782624765
18.8396	278.2561	179.035645	16	0.473104779588	0.526895220412
18.9587	278.2269	179.035737	16	1.0	0.0
18.8888	279.9352	180.918458	27	1.0	0.401710705053
15.4915	270.8224	198.835319	12	0.84443259008	0.15556740992
15.4828	270.7921	198.867378	12	1.0	0.0
15.6479	270.7503	198.906721	12	0.268946550986	0.731053449014
15.5053	270.8214	198.948464	12	0.84816630479	0.15183369521
15.3187	270.7812	198.94849	12	0.247488857312	0.752511142688
15.4547	270.7928	199.001315	12	1.0	0.0
15.5444	270.7968	199.086346	12	0.671518201683	0.328481798317
19.2517	279.4925	207.508697	28	1.0	0.0
16.3957	271.3975	214.076783	14	1.0	0.0
16.3786	271.427	214.136645	14	1.0	0.0
18.8558	279.9487	217.156147	27	1.0	0.0
18.9077	280.024	217.18386	27	1.0	0.0474709918276
11.8831	273.0075	224.25828	25	0.389195715363	0.610804284637
11.3334	273.3145	225.123268	22	1.0	0.0488851949401
18.9487	280.3116	226.25756	24	1.0	0.0
18.9885	280.3037	226.257606	24	0.637509335626	0.362490664374
18.9482	280.2967	226.27928	24	0.977828734119	0.0221712658808
19.0069	280.3296	226.279326	24	0.403291159429	0.596708840571
18.942	280.3024	226.298818	24	1.0	0.0
18.8479	280.2966	226.320015	24	0.537075568518	0.462924431482
18.9569	280.3782	226.320093	24	0.469802254901	0.530197745099
12.0682	272.8226	228.802161	26	1.0	0.0
18.4552	279.2006	229.005624	21	0.493434759495	0.506565240505
17.3456	278.2836	229.08903	9	0.0435789223158	0.956421077684
18.2429	279.5398	229.089401	20	0.867428180252	0.132571819748
18.5944	279.1342	229.200642	21	0.986834961152	0.0131650388476
18.5645	279.1315	229.249125	21	0.940175717529	0.0598242824713
12.4076	273.1452	229.568909	23	1.0	0.123777869026
18.671	279.1755	230.629558	21	0.584712891488	0.415287108512
19.093	278.9651	230.629867	-1	0.0	0.417580233278
10.8759	276.4893	230.915444	5	0.109446724603	0.890553275397
10.7792	276.6945	230.915453	5	0.660428580177	0.339571419823
10.8817	276.7794	230.915478	5	0.323133489867	0.676866510133
10.8331	276.6685	231.02202	5	1.0	0.0
10.8163	276.6168	231.056442	5	1.0	0.0
11.7102	272.8183	244.465042	25	1.0	0.078036246791
15.1368	270.4973	251.529955	11	0.66728511763	0.33271488237
19.0999	279.4368	252.747663	28	0.486829557945	0.513170442055
10.8497	276.7009	255.190759	5	1.0	0.0
10.8618	276.7177	255.190795	5	1.0	0.259962540364
10.8679	276.7024	255.249857	5	1.0	0.0
10.7149	276.7013	255.349332	5	0.43181534386	0.56818465614
10.8307	276.6609	255.349364	5	1.0	0.0
10.6425	276.6945	255.510919	5	0.358354878287	0.641645121713
10.8149	276.6435	255.682888	5	1.0	0.0
18.8335	280.0612	258.536476	27	0.971244527313	0.0287554726874
18.5487	279.1531	264.350867	21	1.0	0.294652717113
18.4855	279.1442	264.451357	21	1.0	0.0
18.5703	279.209	264.451417	21	1.0	0.180721027179
13.3635	273.2469	272.150165	-1	0.0	0.523921838314
16.4434	272.2861	276.965645	17	0.56882331978	0.43117668022
16.658	272.3589	276.965724	-1	0.0	0.158639872245
16.42	272.2783	277.090124	17	0.66345683428	0.33654316572
18.4775	280.0123	277.112308	-1	0.0	0.214170682659
12.4214	272.7954	277.924698	-1	0.0	0.0386059476223
12.4628	272.828	278.124246	-1	0.0	0.0386059476223
12.4962	272.8032	278.124286	-1	0.0	0.198574242445
22.6741	277.8074	278.617407	7	0.711617435144	0.288382564856
14.835	270.4916	279.605044	11	1.0	0.0
19.2842	279.4363	282.97918	28	1.0	0.0
18.9874	279.4224	283.076815	-1	0.0	0.0585864192116
19.2426	279.4209	283.076906	28	1.0	0.0
19.1673	279.3978	283.143499	28	0.669866407533	0.330133592467
10.8719	276.6619	293.899445	5	0.935176964849	0.064823035151
11.0774	276.635	293.899502	5	0.106734654588	0.893265345412
10.8724	276.7021	293.960335	5	1.0	0.0
10.6697	276.6667	293.967815	5	0.350145792481	0.649854207519
10.876	276.6921	293.967823	5	0.980736165991	0.0192638340094
10.8131	276.5611	293.978172	5	0.374402017535	0.625597982465
10.7329	276.7152	294.029983	5	0.458800612264	0.541199387736
18.8755	280.0658	301.784186	27	0.836013212934	0.163986787066
18.6073	279.0567	302.940977	21	0.295778730185	0.704221269815
18.5507	279.1547	302.941001	21	1.0	0.178672874562
18.527	279.1411	303.049887	21	1.0	0.324530998409
18.5623	279.1871	303.049925	21	1.0	0.297065392591
18.5165	279.1103	303.13672	21	1.0	0.0160223622939
18.8279	279.115	303.136883	21	0.162376249316	0.837623750684
18.9571	280.3074	310.191565	24	1.0	0.0
19.0106	280.2889	310.191623	24	0.464413863235	0.535586136765
10.8594	276.6322	310.95415	5	0.726200541693	0.273799458307
12.2889	272.9027	319.02222	26	0.705575784205	0.294424215795
16.1383	278.772	323.624048	9	0.980646844673	0.019353155327
12.7199	271.9435	326.592582	8	1.0	0.0
18.5052	278.7473	330.826125	-1	0.0	0.504583372806
18.9144	278.4343	330.826413	16	0.234538893506	0.765461106494
10.8039	276.6712	333.546267	5	1.0	0.0187664341123
11.0892	276.4637	333.54634	5	0.0635276793951	0.936472320605
10.8642	276.7379	333.617462	5	0.837481682276	0.162518317724
10.8261	276.6728	333.665325	5	1.0	0.0
10.5782	276.6847	333.904674	5	0.308009723562	0.691990276438
10.8429	276.7094	333.904688	5	1.0	0.227454653176
18.9662	280.2815	337.844086	24	0.637364852737	0.362635147263
11.2864	273.3754	341.989899	22	1.0	0.180224628345
10.8577	276.6891	352.925974	5	1.0	0.106256249651
10.7901	276.7249	353.539151	5	0.515086549609	0.484913450391
18.6195	279.1937	354.225058	21	1.0	0.0128678590746
18.5992	279.1359	354.348774	21	1.0	0.0393714383665
18.6115	279.2015	354.599532	21	1.0	0.0
11.5883	272.7783	357.844425	25	0.458261616721	0.541738383279
11.7137	272.7823	357.844461	25	0.845994111369	0.154005888631
7.0529	278.7862	358.240326	0	1.0	0.0
18.8756	280.0419	368.331352	27	1.0	0.0
18.7876	280.0034	368.442615	27	1.0	0.0588859471305
11.7474	272.9774	371.046223	25	1.0	0.292971695103
11.7116	272.9176	371.128058	25	0.888539064688	0.111460935312
10.8402	276.6913	380.387777	5	1.0	0.123879467224
10.7775	276.6068	380.504016	5	0.658293471844	0.341706528156
10.8075	276.6357	380.532959	5	1.0	0.0
10.8078	276.6944	380.587028	5	0.734361417227	0.265638582773
19.0711	279.5454	381.025179	-1	0.0	0.0428939701765
18.825	279.9414	384.612585	27	1.0	0.269934535219
16.4459	272.0253	387.281309	17	0.306681718157	0.693318281843
19.2852	279.4933	389.45767	28	1.0	0.0
19.4283	279.5371	389.457772	-1	0.0	0.021908128275
19.2416	279.6863	390.155957	29	1.0	0.0
18.8584	279.9638	394.277016	27	1.0	0.169159366454
19.1483	280.0082	394.277139	-1	0.0	0.0881466795475
18.8447	279.9608	394.366768	27	1.0	0.0
18.547	279.1094	394.729922	21	0.829948169186	0.170051830814
18.5536	279.1653	394.729959	21	1.0	0.067343814254
18.3645	279.197	394.754599	21	0.414347397762	0.585652602238
18.5357	279.172	394.754716	21	1.0	0.0
18.1126	279.4889	394.792573	20	1.0	0.0
18.5264	279.1226	394.792843	21	1.0	0.0160223622939
18.5311	279.1961	394.822309	21	0.88325286786	0.11674713214
19.4637	279.0867	394.946259	-1	0.0	0.529244062683
18.5876	279.3526	395.385611	21	0.194304228037	0.805695771963
11.6301	272.8034	397.817784	25	0.637830722155	0.362169277845
24.3645	284.3294	401.427606	2	1.0	0.0
18.8623	280.0721	408.023801	27	0.992840742873	0.00715925712746
18.8201	280.0327	408.076239	27	0.688519873616	0.311480126384
19.2533	281.1482	408.258098	15	1.0	0.0
19.2878	281.1899	408.258146	15	1.0	0.0
15.5031	270.679	416.158444	12	0.184071252448	0.815928747552
15.5472	270.713	416.158468	12	0.296981645061	0.703018354939
15.7224	270.6271	416.489787	12	0.14283016151	0.85716983849
14.9701	270.4208	420.700274	11	1.0	0.0
14.9776	270.4449	420.700296	11	1.0	0.0
10.8794	276.6984	424.140773	5	1.0	0.290225332901
10.8458	276.7018	424.177933	5	1.0	0.0905289304738
10.6581	276.6948	424.204184	5	0.382146116887	0.617853883113
10.8297	276.6394	424.204205	5	1.0	0.0786706229215
10.8337	276.6395	424.232876	5	0.912387061224	0.0876129387757
10.8607	276.7036	424.271129	5	1.0	0.0
10.8231	276.6538	424.389862	5	1.0	0.0
10.8743	276.7143	424.38987	5	0.889115360497	0.110884639503
10.4553	276.8907	424.502603	5	0.06382433714	0.93617566286
10.8279	276.656	424.502721	5	1.0	0.0
10.8391	276.7123	424.569002	5	0.985508446701	0.0144915532988
11.2812	276.6347	424.569054	5	0.0586180187851	0.941381981215
10.7871	276.5544	424.810297	5	0.384980605908	0.615019394092
10.8244	276.6139	425.005522	5	1.0	0.0
7.9082	277.0817	429.769755	4	0.437285210942	0.562714789058
7.9439	277.0961	429.829131	4	0.524610157046	0.475389842954
16.393	271.3569	441.682241	14	0.745539436931	0.254460563069
12.3094	272.9903	441.872386	26	0.705575784205	0.294424215795
16.3197	272.2123	442.307484	17	1.0	0.292715136558
11.8629	273.4484	442.684358	-1	0.0	0.118916502749
11.725	273.7168	443.488399	19	0.626033983467	0.373966016533
18.8739	280.2837	443.860726	24	0.540666398946	0.459333601054
18.8787	280.2476	443.860756	24	0.42461284879	0.57538715121
11.3762	273.4085	444.505486	22	1.0	0.0
12.0408	273.5147	444.748785	-1	0.0	0.239303729446
12.071	273.646	445.005844	-1	0.0	0.0637640829373
11.8858	273.8293	445.343754	19	0.318696986765	0.681303013235
12.1858	273.8785	446.070183	-1	0.0	0.375721468541
12.1639	273.8134	446.206432	-1	0.0	0.25660820191
16.4996	272.1707	448.970568	17	1.0	0.0880121866268
16.0195	272.4121	449.154677	-1	0.0	0.134855558254
16.4891	272.1585	449.261518	17	1.0	0.0102345705808
16.2409	272.5695	451.998635	18	0.980678044694	0.0193219553057
15.4999	270.7991	454.421483	12	0.96690503758	0.0330949624199
15.437	270.8095	454.483485	12	0.673554276898	0.326445723102
15.4746	270.8016	454.505978	12	1.0	0.0
15.4621	270.8011	454.888975	12	1.0	0.0
19.2106	279.3903	458.035491	28	0.911728932496	0.0882710675044
12.7244	271.9203	459.844703	8	1.0	0.0
12.7433	272.0069	459.921641	8	1.0	0.0
12.8529	271.9817	459.921706	8	0.69892346639	0.30107653361
12.7808	272.0496	459.959717	8	0.946672481905	0.0533275180945
12.7187	271.9459	459.993865	8	1.0	0.0
12.7341	271.9006	460.078203	8	0.998132271987	0.00186772801349
12.8059	271.8943	460.305457	8	0.757446552296	0.242553447704
12.6634	271.9523	460.520206	8	0.750799672876	0.249200327124
12.7527	271.9149	460.520253	8	1.0	0.0
18.8121	279.9574	460.986039	27	1.0	0.362164792978
18.8561	280.0533	461.416927	27	1.0	0.0
11.5992	273.0027	461.744947	25	0.486291107289	0.513708892711
11.8577	273.0069	461.744967	25	0.462456456811	0.537543543189
14.6144	271.9691	461.746063	-1	0.0	0.438891431231
16.5133	272.5252	461.778156	-1	0.0	0.0572134120476
11.8163	273.0868	462.422665	25	0.462456456811	0.537543543189
18.5898	279.1542	474.202294	21	1.0	0.0393714383665
19.2356	279.421	474.313819	28	1.0	0.0
19.4834	279.5297	474.313946	-1	0.0	0.0656931928089
19.1294	279.4889	474.464092	28	0.469951488573	0.530048511427
10.877	276.6207	475.436683	5	0.636559042806	0.363440957194
10.8784	276.6237	475.495127	5	0.541768077882	0.458231922118
10.8675	276.6296	476.283278	5	0.548069166316	0.451930833684
19.1102	281.2493	481.832356	15	1.0	0.0
24.5842	284.4127	482.981037	2	1.0	0.0
16.084	272.7589	486.077562	18	1.0	0.0
11.3921	273.243	487.129044	22	0.369740912215	0.630259087785
12.0697	272.9609	488.889017	26	0.798624787974	0.201375212026
10.8424	276.7002	492.5323	5	1.0	0.229612299673
10.8133	276.6366	492.584717	5	1.0	0.0
10.584	276.6886	492.757293	5	0.284594575876	0.715405424124
10.8029	276.6615	492.757323	5	1.0	0.0
10.8162	276.6157	492.882296	5	1.0	0.0
18.9788	278.2655	501.662916	16	0.72183665976	0.27816334024
18.9515	278.2047	501.937775	16	0.902362650769	0.0976373492309
18.8491	280.0066	511.917753	27	1.0	0.0
18.8985	279.9953	511.917811	27	1.0	0.0607163185384
18.8521	280.0075	511.993513	27	1.0	0.0
18.8842	280.0321	511.993554	27	1.0	0.0738931485224
18.8392	279.9781	512.073168	27	1.0	0.367592202056
18.8759	279.9502	512.24354	27	1.0	0.174750275946
7.8639	277.2696	512.311298	4	0.453726998798	0.546273001202
7.8586	277.3125	512.348285	4	0.33497426006	0.66502573994
15.5137	270.7733	513.388039	12	0.671518201683	0.328481798317
18.6027	279.1124	517.079604	21	0.71604242731	0.28395757269
18.5915	279.1277	517.079633	21	1.0	0.0393714383665
18.5491	279.108	517.113492	21	0.799440145815	0.200559854185
18.539	279.1703	517.154172	21	1.0	0.0
18.5748	279.2225	517.154213	21	1.0	0.038005137462
18.7588	279.5355	530.569686	-1	0.0	0.0358545920783
10.8609	276.6057	535.31533	5	0.541768077882	0.458231922118
10.926	276.6766	535.315334	5	0.347980469948	0.652019530052
16.0204	271.316	535.902925	13	1.0	0.0
16.0138	271.2861	535.904441	13	1.0	0.0
10.756	276.6016	536.181079	5	0.402843053577	0.597156946423
15.5057	270.8036	540.007085	12	1.0	0.0
16.4705	272.1509	540.818024	17	1.0	0.0
19.275	279.4664	542.32867	28	1.0	0.0
11.8591	272.9483	544.518309	25	0.459195522784	0.540804477216
12.1073	273.1062	545.06164	-1	0.0	0.113957605201
18.6764	279.2226	553.832488	21	0.56707362568	0.43292637432
18.8207	279.1296	553.832603	21	0.172508313847	0.827491686153
18.8104	279.9596	557.403243	27	1.0	0.412242360852
12.7338	271.7783	568.910099	8	0.272171537737	0.727828462263
16.2903	272.2071	570.095842	17	0.873957929094	0.126042070906
14.6744	274.2117	575.531165	6	1.0	0.0
14.6358	274.153	575.557933	6	1.0	0.0
11.3045	273.3072	577.344347	22	0.963866797306	0.0361332026943
18.9228	280.3059	577.768746	24	1.0	0.255765178727
18.9214	280.26	577.768804	24	0.658328472836	0.341671527164
19.2443	279.3776	580.30461	28	0.69447101356	0.30552898644
8.0194	277.0743	581.503319	4	0.403510929892	0.596489070108
16.536	272.5562	582.196651	-1	0.0	0.091735684308
24.9367	288.706	582.769667	-1	0.0	0.310280142147
18.1902	279.4636	584.074397	20	0.913697327224	0.0863026727759
18.5513	279.2521	584.074647	21	0.557983970485	0.442016029515
18.6055	279.1696	584.074715	21	0.87043700566	0.12956299434
18.5558	279.1529	584.122104	21	1.0	0.293701471794
16.4223	271.4155	587.075836	14	1.0	0.0
19.2128	279.4182	589.851222	28	0.965445822749	0.0345541772507
18.8838	279.9713	590.350135	27	1.0	0.169159366454
18.5898	280.1097	590.374937	-1	0.0	0.104335107413
18.8526	279.9544	591.051835	27	1.0	0.0
11.7271	273.0103	595.186788	25	0.85241800556	0.14758199444
