15.1654	267.3855	-5e-05	28	1.0	0.0
14.1831	269.0216	-597.292826	29	1.0	0.0
18.9641	261.3977	-597.084554	12	0.104948277474	0.895051722526
5.6317	280.263	-591.565295	-1	0.0	0.810910136772
15.4976	267.0539	-586.707492	24	1.0	0.0
15.8495	267.0337	-586.707337	-1	0.0	0.00759237444677
11.8315	265.9078	-581.031404	26	0.601275178811	0.398724821189
11.6338	265.8446	-581.031381	26	1.0	0.0
11.6594	265.9217	-580.982197	26	0.731989610534	0.268010389466
16.8356	270.1687	-579.947904	15	1.0	0.396536672393
16.8483	270.1956	-579.896504	15	0.843074386996	0.156925613004
16.986	270.2163	-579.595636	15	1.0	0.588727852494
18.9852	277.3183	-579.461268	0	0.760770976543	0.239229023457
11.1919	262.6622	-575.165783	9	1.0	0.0
14.9473	267.7559	-572.747843	22	0.937119255006	0.0628807449937
11.8153	265.9894	-571.96713	26	0.463101178584	0.536898821416
14.2664	268.9571	-570.548992	29	1.0	0.123484515632
17.8402	262.6732	-569.804271	7	1.0	0.0
10.013	264.9342	-569.7035	13	0.972136020806	0.0278639791937
10.01	265.0146	-569.703484	13	0.599089459659	0.400910540341
15.295	267.434	-567.819386	28	0.576236923841	0.423763076159
15.2073	267.4234	-567.682276	28	1.0	0.289417847777
15.2261	267.4005	-567.661611	28	1.0	0.16998993913
15.1406	267.5451	-566.297469	-1	0.0	0.0483152615892
15.1248	267.5396	-566.173495	-1	0.0	0.0537653767874
14.4514	269.0247	-559.662272	29	1.0	0.0
14.4866	268.9965	-559.586629	29	1.0	0.0
14.1711	268.9278	-559.322566	29	1.0	0.525556757046
14.4524	269.0251	-559.245183	29	1.0	0.0
18.9406	260.8501	-557.342603	12	1.0	0.0760913733651
18.9256	260.8341	-557.311245	12	1.0	0.0
18.9088	260.8263	-557.28333	12	1.0	0.0
19.1231	260.8767	-557.130261	12	0.538220814613	0.461779185387
18.8977	260.8791	-557.010921	12	1.0	0.49371036189
9.7843	265.8386	-555.830077	18	1.0	0.0
19.9007	262.0341	-554.346629	11	1.0	0.0
23.0226	273.1466	-550.424143	1	0.778634940434	0.221365059566
23.1655	273.1246	-550.424046	1	0.329737744506	0.670262255494
11.5733	265.8205	-549.638729	26	1.0	0.357166789657
19.0635	260.991	-549.02643	12	0.376012827407	0.623987172593
14.1381	268.5785	-547.453715	-1	0.0	0.280825319695
14.2939	268.9544	-545.857279	29	1.0	0.0
14.4976	268.9772	-545.857245	29	1.0	0.0
11.0585	265.5038	-545.709112	21	1.0	0.16829972263
11.0523	265.5031	-545.619756	21	1.0	0.00850633898094
14.186	269.1595	-543.473137	29	0.686028339618	0.313971660382
14.116	269.1779	-543.089163	29	0.686028339618	0.313971660382
14.2637	269.0732	-542.976054	29	1.0	0.0393905487096
16.807	270.0989	-542.704484	15	1.0	0.142921539984
16.9837	270.1265	-542.51605	15	1.0	0.176007483001
15.7747	266.8569	-536.763006	23	1.0	0.0
17.1485	270.3386	-532.61883	15	1.0	0.313949442317
14.351	269.0426	-532.602336	29	1.0	0.0550862171136
11.5177	265.8837	-529.172931	26	0.584689861567	0.415310138433
11.6203	265.8908	-528.921093	26	1.0	0.0
11.1103	265.6165	-522.686209	21	0.355960650892	0.644039349108
11.0884	265.5511	-522.496977	21	0.812774837822	0.187225162178
22.1039	279.6883	-522.402343	2	1.0	0.0
15.0665	267.4601	-520.033955	-1	0.0	0.0483152615892
11.7922	266.0843	-519.574963	25	0.242966810353	0.757033189647
11.7889	266.0858	-519.550272	25	0.242966810353	0.757033189647
14.308	268.9235	-519.241799	29	1.0	0.0
15.2732	267.3442	-515.669061	28	1.0	0.0549860930144
15.2985	267.3699	-515.468311	28	1.0	0.0
15.297	267.3306	-515.444703	28	0.933674920143	0.0663250798568
10.0135	264.9579	-514.037997	13	1.0	0.0
9.9226	264.8417	-513.55258	13	0.457622756932	0.542377243068
18.9553	260.7996	-510.356016	12	1.0	0.0
19.0791	260.7554	-509.945439	12	0.968167794633	0.0318322053672
14.3453	269.0693	-509.311315	29	1.0	0.045515086409
14.1385	269.0121	-509.234563	29	1.0	0.147164143363
11.6139	265.8866	-506.520138	26	1.0	0.0
14.2941	269.0665	-504.834591	29	1.0	0.0
14.2934	269.1329	-504.834555	29	1.0	0.148249960384
16.8558	270.1424	-501.376708	15	1.0	0.00345534252364
17.2717	270.415	-501.25186	15	1.0	0.583941588176
17.1605	270.3566	-501.121655	15	1.0	0.207555033161
14.3599	268.4656	-494.006725	-1	0.0	0.130667621411
18.9492	260.8462	-493.369394	12	1.0	0.0
17.8166	262.6709	-492.149236	7	1.0	0.0
17.7612	262.7396	-492.113169	7	1.0	0.0
17.3365	273.5708	-489.948724	-1	0.0	0.121966191947
17.4817	273.4176	-489.948648	-1	0.0	0.0581783837856
14.285	268.8972	-489.836222	29	1.0	0.355066045282
19.2372	261.9635	-489.075618	11	0.13599935879	0.86400064121
19.1977	261.9877	-489.066743	11	0.129143780921	0.870856219079
11.6276	265.9094	-483.537465	26	1.0	0.262526458448
14.4363	268.439	-481.579317	-1	0.0	0.013728708072
14.5543	268.4321	-481.579284	-1	0.0	0.226374175035
14.8736	267.4103	-478.748409	-1	0.0	0.160960789208
14.8884	267.6324	-478.748409	-1	0.0	0.0348226430866
15.021	267.8309	-478.632753	22	1.0	0.0
14.9766	267.8055	-478.532919	22	1.0	0.0
11.1864	262.6723	-478.516953	9	1.0	0.0
14.9632	267.7735	-478.111375	22	1.0	0.0
14.284	269.1856	-477.728292	29	0.72761675813	0.27238324187
20.0191	262.0783	-477.664965	11	0.489188363414	0.510811636586
14.2469	269.1084	-477.560191	29	1.0	0.00369681122152
16.9218	267.0325	-476.549648	19	0.287735964491	0.712264035509
14.0456	268.9603	-473.864662	29	0.941754948729	0.0582450512711
20.6705	270.6515	-471.438544	-1	0.0	0.291018472132
17.5234	260.6971	-470.465901	-1	0.0	0.406045759797
18.9662	260.8148	-469.987741	12	1.0	0.0954158574046
19.0049	260.8968	-469.98773	12	0.742961658798	0.257038341202
11.072	265.6423	-469.107827	21	0.278095083821	0.721904916179
11.0634	265.5408	-468.963799	21	1.0	0.572415132889
11.1306	265.6295	-468.725922	21	0.266796766609	0.733203233391
11.1235	265.6513	-468.482753	21	0.214229284775	0.785770715225
9.8763	265.569	-461.226413	17	0.753763408643	0.246236591357
9.869	265.5245	-461.226366	17	1.0	0.0
9.884	265.5173	-461.172824	17	1.0	0.0
9.8953	265.5469	-460.669822	17	1.0	0.0
11.6185	265.9032	-460.369318	26	1.0	0.0616891617656
11.5966	265.8819	-460.214213	26	1.0	0.0
12.077	266.6566	-456.788547	20	1.0	0.0
14.3322	268.6059	-450.419311	31	0.461182178306	0.538817821694
14.305	268.9525	-445.697358	29	1.0	0.0
14.3316	268.9691	-445.616207	29	1.0	0.330673194552
14.2133	268.971	-445.536246	29	0.920351564937	0.0796484350631
14.3032	268.9353	-445.474426	29	1.0	0.0
11.1619	262.6462	-442.956463	9	1.0	0.0
17.0509	270.162	-440.664594	15	1.0	0.619442472273
22.2523	279.2095	-437.414433	3	1.0	0.168461178918
15.1811	267.8537	-436.293234	22	0.450784496864	0.549215503136
11.0541	265.5535	-435.947721	21	1.0	0.579430038802
11.4181	265.4978	-435.917443	21	0.186431375251	0.813568624749
11.0677	265.5273	-435.859784	21	1.0	0.487892009784
11.0881	264.5377	-435.609437	10	0.996525179709	0.00347482029134
11.0291	264.3974	-435.5765	10	1.0	0.0
11.2368	264.4348	-435.57644	10	1.0	0.357978591706
11.0267	265.5525	-435.491353	21	0.758804473114	0.241195526886
11.6471	265.6698	-431.129424	-1	0.0	0.449490423895
11.5738	266.4602	-431.129414	-1	0.0	0.159766948667
11.6234	265.9152	-431.046472	26	1.0	0.385744654827
11.6359	265.8382	-430.927959	26	1.0	0.0
14.3076	269.0702	-430.840484	29	1.0	0.0
14.3459	269.1646	-430.840465	29	0.72761675813	0.27238324187
9.8928	265.4937	-417.266733	17	0.850021883147	0.149978116853
9.8991	265.6022	-417.266726	17	0.476932661386	0.523067338614
22.2685	279.2345	-413.125597	3	1.0	0.197168127399
14.2368	269.1797	-411.860565	29	0.874207516928	0.125792483072
14.457	268.3873	-408.964069	30	0.791902295206	0.208097704794
22.9407	273.0774	-406.512821	1	0.98993952015	0.0100604798501
11.6535	264.4769	-405.440756	10	1.0	0.374353434306
19.8438	262.0722	-405.194609	11	0.695735998423	0.304264001577
19.8951	261.9885	-405.09834	11	1.0	0.0
19.8647	262.003	-405.018363	11	1.0	0.0
11.6224	265.8115	-402.447015	26	1.0	0.0
11.5865	265.8376	-402.44698	26	1.0	0.0811023723987
11.1351	265.9972	-402.384001	-1	0.0	0.0470532430671
17.0232	270.4005	-401.976416	15	1.0	0.340097433017
17.2059	270.3166	-401.819595	15	1.0	0.482872725414
17.3066	270.3617	-401.819536	15	0.900526743237	0.0994732567635
19.1767	261.5246	-401.201051	12	0.0989811208885	0.901018879112
14.2348	268.9991	-399.162413	29	0.921625179392	0.078374820608
15.7489	266.9654	-397.798139	23	0.785422421011	0.214577578989
16.0625	266.8549	-397.797993	23	0.506675257424	0.493324742576
14.4497	268.3582	-394.370305	30	1.0	0.0
12.0652	266.6179	-393.333064	20	1.0	0.0
11.0862	265.4253	-393.081343	21	0.743288261656	0.256711738344
11.0803	265.5715	-393.081335	21	0.812774837822	0.187225162178
11.0603	265.5742	-393.022515	21	0.807796123905	0.192203876095
15.5344	267.0856	-392.451381	24	1.0	0.0
14.2948	268.3785	-389.548201	-1	0.0	0.101751783555
14.3191	268.997	-387.73333	29	1.0	0.238102318878
11.4448	263.5821	-385.457341	8	0.24343657788	0.75656342212
11.6966	263.5379	-385.049253	8	0.0959089726506	0.904091027349
11.3355	263.4464	-385.000834	8	0.11527904384	0.88472095616
14.2609	269.1347	-384.320573	29	0.899656110725	0.100343889275
14.2689	269.182	-384.320545	29	0.641226329961	0.358773670039
18.9577	260.7594	-382.088664	12	1.0	0.0383730775886
19.151	260.7787	-382.00073	12	1.0	0.0
18.948	260.7739	-381.969411	12	1.0	0.0
19.1814	260.7847	-381.928115	12	1.0	0.0
22.4154	279.2095	-381.869462	3	0.787949828275	0.212050171725
22.2168	279.2113	-381.830933	3	1.0	0.0144527977523
14.0766	268.9817	-372.683854	29	0.969064356209	0.0309356437911
14.2838	268.9708	-372.424144	29	1.0	0.238102318878
9.9109	265.5738	-371.406827	17	0.784366949714	0.215633050286
11.1804	262.6566	-370.695842	9	1.0	0.0
14.5281	268.9646	-362.172903	29	1.0	0.0234579155348
10.9984	264.4215	-362.03981	10	1.0	0.0
11.0015	264.4484	-361.944557	10	1.0	0.0
11.6249	265.8068	-360.303532	26	1.0	0.0
11.6194	265.8872	-360.303511	26	1.0	0.0
11.6082	265.8418	-360.153612	26	1.0	0.18326061384
11.6766	265.8862	-359.990724	26	0.916095780058	0.0839042199425
15.7345	266.8887	-358.395314	23	1.0	0.0
15.9575	266.8427	-358.314598	23	0.789017975436	0.210982024564
15.6776	266.8125	-358.083971	23	0.926769530236	0.0732304697639
11.7992	266.0537	-356.804877	25	0.242966810353	0.757033189647
9.7375	265.8037	-356.642117	18	1.0	0.0
17.2321	270.4414	-352.439683	15	0.858705656181	0.141294343819
17.2496	270.4299	-352.439647	15	0.927894190568	0.0721058094318
22.2834	278.7758	-351.009666	-1	0.0	0.516695167535
15.2047	267.2636	-350.493285	28	1.0	0.0
14.1377	269.0072	-346.859801	29	1.0	0.0
14.4207	269.0325	-346.859732	29	1.0	0.0
22.9986	273.0971	-346.511711	1	1.0	0.0
17.6645	267.3734	-341.954558	19	1.0	0.0
11.0346	263.4092	-340.362454	8	0.0504350587873	0.949564941213
11.2868	263.4715	-340.362409	8	0.0994313366436	0.900568663356
15.1207	267.5132	-337.601562	-1	0.0	0.0483152615892
10.8808	265.5031	-334.541597	21	0.266890891165	0.733109108835
11.1868	262.6858	-331.978957	9	0.984768597303	0.0152314026969
18.9538	260.8147	-331.930038	12	1.0	0.00726294096682
12.408	266.1291	-330.769728	-1	0.0	0.483511862175
14.2794	269.1641	-328.733055	29	0.899656110725	0.100343889275
14.0557	269.1586	-327.950265	29	0.546089133181	0.453910866819
14.1283	269.1442	-327.806668	29	0.686028339618	0.313971660382
14.3705	268.6079	-326.153544	31	0.5141320912	0.4858679088
14.3658	268.5332	-326.052994	31	0.714658031247	0.285341968753
14.3783	268.5753	-326.052957	31	1.0	0.0
11.8339	265.8498	-322.763337	26	0.461704824556	0.538295175444
16.8752	271.4887	-320.550193	14	1.0	0.0
16.6948	271.4887	-320.502428	14	0.795170320239	0.204829679761
14.4719	268.4943	-310.785289	-1	0.0	0.167754253263
12.0573	266.6752	-302.627978	20	1.0	0.0
16.9904	270.1241	-302.596614	15	1.0	0.176007483001
14.2951	268.53	-297.75227	31	0.498787226858	0.501212773142
14.4093	268.5632	-297.752214	31	0.975270886146	0.024729113854
14.2806	268.9894	-295.105382	29	1.0	0.397723262635
15.1503	267.4427	-292.747183	28	0.838132130913	0.161867869087
15.6187	267.3153	-292.746985	-1	0.0	0.0118357856468
16.5357	270.2092	-292.378048	15	0.374557698291	0.625442301709
22.9495	273.0229	-289.092777	1	0.794521831927	0.205478168073
11.052	265.5602	-284.516484	21	1.0	0.579430038802
11.4023	265.4826	-284.413794	21	0.22543280238	0.77456719762
11.6202	265.8021	-274.100714	26	1.0	0.0
11.6002	265.8429	-274.100681	26	1.0	0.22809366896
14.3037	268.9046	-273.560376	29	1.0	0.0
10.0177	264.9747	-271.412547	13	1.0	0.0
9.9945	264.9642	-271.372933	13	1.0	0.0
14.2537	268.6564	-270.32338	32	0.882890541071	0.117109458929
15.1896	267.2634	-269.38693	28	1.0	0.0
14.9525	267.7838	-265.448931	22	1.0	0.0
14.9377	267.8186	-265.383816	22	1.0	0.0
14.1792	268.98	-263.542206	29	0.999885642064	0.000114357936399
14.1289	269.0021	-263.363333	29	1.0	0.0614187401012
14.122	269.0428	-263.021968	29	1.0	0.0222085976704
11.0591	265.5291	-262.04903	21	1.0	0.371895995083
11.0567	265.5701	-261.962761	21	1.0	0.579430038802
11.0375	265.5309	-261.903229	21	1.0	0.398375923143
17.5112	273.3686	-260.111113	-1	0.0	0.0355583213765
11.4516	263.5676	-257.910346	8	0.326918625956	0.673081374044
8.4088	277.0756	-257.831233	4	1.0	0.0
14.4281	268.8634	-255.500446	29	0.609448147505	0.390551852495
15.7899	266.7391	-254.626877	23	0.609689943205	0.390310056795
15.8371	266.8805	-254.421351	23	1.0	0.0
14.1587	269.051	-250.871599	29	1.0	0.0
14.3634	269.1718	-250.871554	29	0.631793679371	0.368206320629
15.1777	267.4279	-250.399614	28	1.0	0.341458159548
17.0903	268.3124	-249.537472	-1	0.0	0.275800922806
19.2591	263.0446	-248.732767	-1	0.0	0.166779368681
11.7844	266.5681	-243.512524	20	0.439380877278	0.560619122722
12.0806	266.6979	-243.512519	20	0.83381412598	0.16618587402
19.0152	260.7943	-242.460464	12	1.0	0.34693448266
19.0083	260.7769	-242.318474	12	1.0	0.0182900178916
18.9763	260.7846	-242.262906	12	1.0	0.0
18.9222	260.7705	-241.750606	12	1.0	0.0383730775886
15.2599	267.3621	-239.748423	28	1.0	0.0
15.2361	267.2651	-239.565188	28	1.0	0.0
14.3587	268.9433	-234.825986	29	1.0	0.368532750686
14.369	268.7437	-234.822265	32	1.0	0.0
14.3885	269.024	-234.822225	29	1.0	0.0854357140249
14.2218	268.9474	-234.756671	29	1.0	0.37329090836
15.0306	269.7954	-232.155157	16	0.0897698178546	0.910230182145
19.7774	262.0455	-230.462258	11	0.686673202179	0.313326797821
19.901	262.0127	-230.462158	11	1.0	0.0
14.4429	268.4652	-226.140073	-1	0.0	0.16443831948
12.0756	265.8959	-224.657426	-1	0.0	0.533285263341
11.7533	265.894	-224.389493	26	0.633722072921	0.366277927079
14.4125	268.5654	-223.245094	31	0.975270886146	0.024729113854
22.9796	273.0197	-221.938348	1	0.978471499174	0.021528500826
23.0161	273.0683	-221.938296	1	0.98993952015	0.0100604798501
22.1372	279.2441	-219.698395	3	0.825950266045	0.174049733955
22.4129	279.2306	-219.646054	3	1.0	0.0
15.6371	267.2649	-219.153302	27	1.0	0.0
11.6312	265.8749	-219.021295	26	1.0	0.108393524394
11.6186	265.8027	-218.983132	26	1.0	0.0
11.8705	265.8082	-218.983089	26	0.467412340221	0.532587659779
11.6067	265.8781	-218.918251	26	1.0	0.0
11.4665	263.4763	-217.313189	8	0.199544345411	0.800455654589
14.1305	269.1254	-216.883398	29	0.587962394748	0.412037605252
11.0792	265.4379	-215.932331	21	0.612795753305	0.387204246695
11.0639	265.4911	-215.895648	21	1.0	0.461021354251
11.9914	266.1828	-211.296416	25	1.0	0.0
16.9536	270.302	-209.853279	15	1.0	0.141346980444
10.9821	264.3706	-207.268363	10	1.0	0.0
11.1949	264.4572	-207.268355	10	1.0	0.242006490632
10.9893	264.3141	-207.201202	10	1.0	0.272356842286
14.276	268.917	-202.077875	29	1.0	0.322251416527
14.3491	269.0342	-201.955498	29	1.0	0.00808871226277
15.4864	267.1437	-200.627767	24	0.912527090281	0.0874729097185
14.2967	268.932	-197.685825	29	1.0	0.146885199298
14.3277	268.9311	-197.588294	29	1.0	0.0166188182486
15.1857	267.3859	-196.661415	28	1.0	0.0
9.998	264.8999	-194.576625	13	1.0	0.0
10.0298	265.0	-194.537714	13	0.763337686079	0.236662313921
11.1875	262.6201	-194.357717	9	0.991559492157	0.00844050784268
11.1652	262.6116	-194.316747	9	0.835202011411	0.164797988589
17.9032	262.7602	-193.809988	7	0.964430366821	0.0355696331792
19.0005	260.8489	-193.179951	12	1.0	0.457011593034
18.9735	260.7867	-193.112253	12	1.0	0.0
18.8981	260.8469	-193.013833	12	1.0	0.0760913733651
19.1139	260.7935	-192.954459	12	1.0	0.0
19.1754	260.7821	-192.848985	12	1.0	0.0
19.0442	277.3982	-191.787321	0	1.0	0.0
14.3575	268.5559	-191.085131	31	0.932423425675	0.0675765743251
14.4684	268.33	-190.567824	30	1.0	0.0
11.6236	265.8467	-189.768972	26	1.0	0.0
11.7057	265.7472	-189.6958	26	0.533901204679	0.466098795321
11.6933	265.8547	-189.69577	26	1.0	0.34361003993
11.6699	265.8385	-189.604062	26	1.0	0.404629698004
11.6588	265.8202	-189.530263	26	1.0	0.0303507891187
11.6875	265.7823	-189.468446	26	0.919114148734	0.0808858512661
22.2421	279.193	-189.033007	3	1.0	0.331127725839
11.038	265.5214	-186.805648	21	1.0	0.265702602063
11.0324	265.4917	-186.729577	21	1.0	0.227105053691
11.03	265.3442	-186.640016	21	0.247347592523	0.752652407477
11.0527	265.5111	-186.596269	21	1.0	0.124836048189
11.0357	265.4959	-186.446864	21	1.0	0.0
17.2038	270.3136	-185.848139	15	1.0	0.495176862428
15.6153	269.563	-182.560312	16	1.0	0.170221264305
11.4069	263.4236	-179.667343	8	0.123507837601	0.876492162399
15.2715	267.3772	-170.98375	28	1.0	0.0
12.0819	266.6754	-170.156848	20	1.0	0.0
14.1413	268.9442	-170.102193	29	1.0	0.525556757046
22.3366	279.6697	-167.690022	2	1.0	0.0
22.0689	279.6735	-167.619885	2	1.0	0.0
22.0728	279.6552	-167.491226	2	1.0	0.0
22.469	279.6945	-167.491045	-1	0.0	0.029493651318
11.5635	265.8602	-165.360578	26	0.973077876674	0.0269221233255
15.1412	267.3404	-164.598345	28	1.0	0.0
15.2037	267.4179	-164.591925	28	1.0	0.304543471669
11.3766	262.6307	-164.567354	9	0.298409926446	0.701590073554
14.1708	269.0366	-164.135248	29	1.0	0.0509032257572
18.9653	260.7667	-162.887481	12	1.0	0.0
14.7115	268.922	-160.142094	-1	0.0	0.302157247933
14.454	268.8853	-157.870243	29	0.557719409235	0.442280590765
14.3531	268.5672	-154.382845	31	1.0	0.0
14.2616	268.5758	-154.27682	-1	0.0	0.122649031372
14.4357	268.5638	-154.276797	31	0.974845087466	0.0251549125338
14.2437	268.6375	-154.276761	31	0.384247716273	0.615752283727
14.3648	268.5386	-154.21046	31	0.874215782951	0.125784217049
14.6572	268.4797	-154.210383	-1	0.0	0.269842729252
11.3749	263.599	-153.048999	8	0.129690370505	0.870309629495
15.192	267.3853	-149.579254	28	1.0	0.0
15.003	267.8496	-149.475114	22	0.833097583188	0.166902416812
16.9313	270.2748	-148.148723	15	1.0	0.188020784359
17.0017	268.0817	-144.728384	-1	0.0	0.0760434375343
11.6323	265.8477	-141.585552	26	1.0	0.0
11.6249	265.8182	-141.198278	26	1.0	0.312194362329
22.0013	279.7353	-137.902772	2	1.0	0.0
14.2128	269.0691	-137.113916	29	1.0	0.0972932399838
14.3599	268.57	-134.094648	31	1.0	0.0
17.8953	262.7334	-132.375997	7	1.0	0.0
17.863	262.6916	-132.316658	7	1.0	0.0
17.8442	262.6941	-132.235471	7	1.0	0.0
9.8361	265.4448	-129.611895	17	0.361150828318	0.638849171682
11.651	262.5619	-124.827782	9	0.121171917103	0.878828082897
11.1968	262.6205	-124.631597	9	0.925724694884	0.0742753051156
18.9925	260.7618	-124.567351	12	1.0	0.13893978484
19.0635	260.8284	-124.379072	12	1.0	0.154981246826
19.0641	277.4217	-122.438567	0	1.0	0.0
20.2787	262.069	-122.242167	11	0.219104277495	0.780895722505
15.179	267.4255	-119.321479	28	1.0	0.289417847777
15.1048	267.3594	-118.842167	28	1.0	0.17673507305
14.1848	269.0957	-118.113211	29	0.918484506462	0.0815154935378
10.0447	264.9499	-117.151448	13	1.0	0.0
10.2862	264.9314	-117.112241	13	0.238707114695	0.761292885305
10.0283	264.9735	-117.074592	13	1.0	0.0
22.2262	279.2128	-116.604873	3	1.0	0.0
15.4563	269.5415	-111.904623	16	0.740374836868	0.259625163132
15.4521	269.608	-111.839851	16	0.467942172539	0.532057827461
17.0556	270.3803	-110.860936	15	1.0	0.25733246647
11.0574	265.5235	-110.11205	21	1.0	0.306848018481
11.1731	265.4939	-110.001797	21	0.303662044149	0.696337955851
14.2135	268.9132	-109.211546	29	0.876348509545	0.123651490455
14.6791	268.2986	-108.558772	-1	0.0	0.31481534794
15.2595	267.3604	-107.898373	28	1.0	0.076428626486
15.2857	267.3819	-107.819424	28	1.0	0.190996675491
12.0045	266.234	-106.902311	25	0.316548451503	0.683451548497
12.2331	266.1629	-106.902236	-1	0.0	0.0477181554263
14.4211	268.5511	-106.280774	31	0.792341087325	0.207658912675
11.5795	265.81	-103.440742	26	1.0	0.230477302633
11.0085	265.4344	-96.122821	21	1.0	0.0264406629357
11.0521	265.4106	-96.066516	21	0.866383031358	0.133616968642
11.7809	266.0857	-87.615858	25	0.242966810353	0.757033189647
11.7703	266.0223	-87.46934	-1	0.0	0.000163481229242
15.2962	267.2678	-87.405999	28	0.807204696335	0.192795303665
15.5701	267.2039	-87.405862	-1	0.0	0.067497417876
11.7496	265.9975	-87.127388	25	0.166316900347	0.833683099653
19.116	260.7959	-85.46219	12	1.0	0.0
18.9079	260.7777	-85.047509	12	1.0	0.346056407351
13.9655	269.1502	-83.134678	-1	0.0	0.153951744682
14.2032	269.0966	-83.134621	29	1.0	0.00369681122152
15.4996	267.0414	-78.874777	24	1.0	0.0
14.2792	268.5459	-77.027498	31	0.483289046864	0.516710953136
14.3059	268.4653	-76.956757	-1	0.0	0.187033756477
22.9839	273.1222	-74.255493	1	1.0	0.0
22.9731	273.0977	-74.255469	1	1.0	0.0
22.9715	273.0665	-74.045418	1	0.98993952015	0.0100604798501
20.2683	260.7167	-71.648623	-1	0.0	0.24055873019
19.0654	277.4193	-66.127958	0	1.0	0.0
18.979	277.3932	-66.063661	0	1.0	0.0
11.0343	265.4802	-64.628478	21	1.0	0.0129690053156
15.1591	267.4272	-64.532119	28	1.0	0.348661584137
15.0241	267.3505	-64.490766	28	0.687712301729	0.312287698271
12.0022	266.2597	-63.784207	25	0.179431258368	0.820568741632
11.9717	266.1684	-63.733384	25	1.0	0.0
14.1957	269.0634	-60.368575	29	1.0	0.0673700515145
17.0479	270.1408	-56.277798	15	1.0	0.327465668167
16.7456	270.3536	-55.29049	15	0.505888129776	0.494111870224
19.3398	263.0837	-54.376605	-1	0.0	0.221201523839
14.2191	268.5316	-52.419129	31	0.42052288474	0.57947711526
14.3676	268.5878	-52.419106	31	0.819106789746	0.180893210254
15.2347	267.2967	-48.26785	28	1.0	0.0918390927134
15.3925	267.3879	-48.267848	28	0.503935750099	0.496064249901
15.2133	267.3231	-48.243183	28	1.0	0.272320170104
15.8219	266.8148	-47.735065	23	1.0	0.0
17.0137	270.2221	-47.059476	15	1.0	0.509481091643
22.268	279.288	-45.163777	3	1.0	0.0241330970349
22.2	279.2916	-45.085943	3	1.0	0.209826140269
22.4006	279.289	-45.085825	3	0.720252972566	0.279747027434
9.9999	264.8835	-42.39051	13	1.0	0.0
10.0013	264.8952	-42.27915	13	1.0	0.0
10.0208	264.8705	-42.178164	13	1.0	0.0
10.0006	264.9291	-42.146497	13	1.0	0.0435170629826
17.1644	270.4012	-40.016366	15	1.0	0.461178458036
17.1746	270.3742	-39.957643	15	1.0	0.207555033161
17.0241	270.4443	-39.892546	15	1.0	0.451203512511
15.149	267.3757	-39.737036	28	1.0	0.0
14.3237	268.9101	-38.778422	29	1.0	0.202899329369
14.2729	268.9512	-38.663054	29	1.0	0.0
14.3034	268.9629	-38.553494	29	1.0	0.0
11.0313	265.4508	-35.776275	21	1.0	0.178232966328
11.031	265.4625	-35.665538	21	1.0	0.209667520794
11.0207	265.4635	-35.575056	21	1.0	0.0572891638678
14.3641	268.5544	-34.947603	31	1.0	0.0
14.2661	269.0142	-34.831832	29	1.0	0.466172945559
14.6069	268.2551	-34.760875	-1	0.0	0.148706225416
14.8213	268.1599	-34.760797	-1	0.0	0.42605521189
14.5866	268.1948	-34.672285	-1	0.0	0.269042106314
14.8544	268.1474	-34.672202	-1	0.0	0.497885249911
14.4261	268.16	-34.491427	-1	0.0	0.164633141877
10.9799	265.681	-34.070843	21	0.182675067356	0.817324932644
11.5957	263.8317	-29.570827	8	0.0359168841755	0.964083115825
16.8436	271.4387	-29.487316	14	1.0	0.0
14.4054	268.5703	-22.949463	31	0.975270886146	0.024729113854
15.1342	267.3492	-22.2219	28	1.0	0.160126563195
16.9493	270.3967	-20.795701	15	1.0	0.436899527192
14.2505	268.7956	-18.937696	-1	0.0	0.0681442194207
15.2872	267.2157	-18.5952	28	0.514226553162	0.485773446838
14.2318	268.5247	-18.061354	-1	0.0	0.0319455556629
14.3023	269.0464	-17.901638	29	1.0	0.0
15.1746	267.4132	-15.254229	28	1.0	0.288291318672
15.1232	267.3747	-14.791879	28	1.0	0.310585609885
11.9794	266.1589	-13.592651	25	0.832402703413	0.167597296587
12.0049	266.1797	-13.431962	25	0.834971785426	0.165028214574
15.2865	267.17	-11.379197	-1	0.0	0.144200867215
15.4522	267.1586	-11.379108	-1	0.0	0.0349975588846
19.8641	262.0223	-9.600597	11	1.0	0.0
17.1132	270.3088	-9.511763	15	1.0	0.360773404484
22.9786	273.0161	-7.340693	1	0.864033459321	0.135966540679
23.0457	273.0554	-7.340627	1	0.899285136713	0.100714863287
23.0604	273.0514	-7.259207	1	0.736846809734	0.263153190266
15.1654	267.3855	-5e-05	28	1.0	0.0
11.2064	262.6238	0.555775	9	0.907666973249	0.0923330267511
11.1934	262.6644	0.680533	9	1.0	0.0
11.0335	265.5243	2.19827	21	1.0	0.305452314878
11.0452	265.5088	2.31081	21	1.0	0.116133824283
14.4238	268.9823	5.647685	29	0.774015126071	0.225984873929
14.4934	268.9811	5.727506	29	1.0	0.0
14.4718	268.9505	5.820703	29	0.987367614689	0.0126323853112
14.2864	269.0655	5.823976	29	1.0	0.0
14.4775	268.9534	5.883961	29	1.0	0.0520826054221
14.2096	268.9304	10.260916	29	1.0	0.377058601244
14.1622	268.8957	10.382517	29	0.654911628439	0.345088371561
14.3276	268.8603	10.382547	29	0.883301127555	0.116698872445
14.323	268.9005	10.382586	29	1.0	0.0
15.2471	267.2948	11.363985	28	1.0	0.0455976460014
15.5798	267.2712	11.416899	27	1.0	0.0
11.9585	266.1209	14.737048	25	0.470190461641	0.529809538359
11.6225	265.8379	22.603314	26	1.0	0.0
11.6577	265.7895	22.745311	26	1.0	0.0161784132342
11.7443	265.785	22.745327	26	0.557073927207	0.442926072793
14.3235	268.8939	26.322955	29	1.0	0.156351626397
14.548	268.8969	26.323034	29	0.480335307567	0.519664692433
17.289	261.014	26.869972	-1	0.0	0.49325391948
14.3352	268.5275	28.104601	31	0.726857125775	0.273142874225
11.0529	265.5223	29.482526	21	1.0	0.265702602063
11.228	265.4578	29.482585	21	0.306838403692	0.693161596308
11.0391	265.5095	30.06651	21	1.0	0.185641364128
22.1529	279.2691	33.725163	3	1.0	0.317639924981
22.2614	279.2467	33.725233	3	1.0	0.0
22.3962	279.242	33.7253	3	1.0	0.0
22.2717	279.2402	33.993507	3	1.0	0.166380703494
22.4051	279.2506	33.993586	3	1.0	0.0
22.2683	279.2697	34.187952	3	1.0	0.082439859413
20.0839	260.7586	34.395417	-1	0.0	0.0804299646916
20.1957	260.7436	34.395472	-1	0.0	0.182950256837
11.9935	266.2138	42.702302	25	0.493325921978	0.506674078022
17.0736	270.3656	45.765422	15	1.0	0.169715023747
14.1172	268.9245	49.532773	29	0.751480523027	0.248519476973
14.3445	268.8783	49.532836	29	1.0	0.375916560922
14.486	269.009	50.869474	29	1.0	0.124795223826
16.9717	270.2757	53.399563	15	1.0	0.0
17.0951	270.2889	53.399626	15	1.0	0.331843140648
16.9944	270.306	53.626629	15	1.0	0.0
17.0033	270.2708	53.75667	15	1.0	0.31451127293
11.4717	263.4924	55.614665	8	0.296979591902	0.703020408098
11.462	263.5205	55.701335	8	1.0	0.0
17.9508	262.5844	57.75639	7	0.606072480709	0.393927519291
16.8814	271.4357	60.049481	14	1.0	0.0
17.554	267.3825	63.864477	19	1.0	0.0
17.0083	270.0919	67.140607	15	1.0	0.176007483001
16.8573	270.0953	67.199298	15	1.0	0.0
16.8648	270.1094	67.306543	15	1.0	0.0
17.0088	270.0619	67.473135	15	1.0	0.176007483001
15.3044	267.3643	67.921533	28	1.0	0.256743889334
15.1912	267.2501	68.028582	28	0.971341980613	0.028658019387
15.3697	267.3112	68.427109	28	0.585747488531	0.414252511469
15.6373	269.5021	71.891095	16	0.704715691431	0.295284308569
14.3209	268.8916	73.484025	29	1.0	0.207070226165
17.1166	270.3748	75.83752	15	1.0	0.207555033161
17.0719	270.3878	75.87985	15	1.0	0.169715023747
10.9005	265.432	75.975296	21	0.353219021864	0.646780978136
16.9987	270.4138	76.0525	15	1.0	0.340097433017
17.0114	270.4364	76.145423	15	1.0	0.340097433017
10.9772	264.4217	76.320873	10	1.0	0.0
11.0436	265.4976	76.437429	21	1.0	0.00850633898094
22.2801	279.2779	77.828078	3	1.0	0.0
22.2202	279.228	77.889984	3	1.0	0.0
22.4819	279.2778	77.890131	3	0.558058291391	0.441941708609
12.0033	266.1182	79.009902	25	0.540082488996	0.459917511004
11.9906	266.1796	79.009926	25	1.0	0.0
12.3035	266.1733	79.119377	-1	0.0	0.218344771594
11.7986	265.9322	81.953296	26	0.599619970977	0.400380029023
15.1068	267.3124	85.32168	28	0.858672540557	0.141327459443
15.1638	267.3228	85.47616	28	1.0	0.0388056233847
8.443	277.0235	87.393787	4	1.0	0.0
8.4347	277.0959	87.393845	4	1.0	0.0
14.2944	269.1085	88.504271	29	1.0	0.148249960384
14.5307	269.0181	88.504365	29	0.678308345418	0.321691654582
15.9918	263.3749	89.075695	6	1.0	0.0
18.9084	277.4122	91.969318	0	1.0	0.0
19.1973	277.4107	91.969447	0	0.713673987279	0.286326012721
22.8287	272.7429	95.30578	1	0.0924265879643	0.907573412036
23.0049	272.9128	95.305932	1	0.233024467328	0.766975532672
23.0429	273.1686	95.305978	1	0.454638460921	0.545361539079
22.9718	272.9853	95.356574	1	0.56281448722	0.43718551278
15.2006	267.2547	97.745891	28	1.0	0.0
22.2442	279.2822	100.984367	3	1.0	0.241386318649
11.7015	265.8615	103.492151	26	0.952864451574	0.0471355484257
9.9191	265.4906	107.516343	17	0.663644147998	0.336355852002
9.9175	265.5381	107.574208	17	1.0	0.0
9.9072	265.5138	107.933811	17	1.0	0.0
15.4278	273.3745	110.380836	-1	0.0	0.0355583213765
17.1446	270.3429	110.784293	15	1.0	0.312999775381
17.61	260.7882	112.676744	-1	0.0	0.359700749119
16.9719	270.1114	112.966719	15	1.0	0.327465668167
16.856	270.1147	113.041176	15	1.0	0.0
16.8264	270.1363	113.138988	15	1.0	0.0101638301047
14.3051	268.9277	113.922685	29	1.0	0.0
11.9842	266.1612	114.859219	25	0.93158901569	0.0684109843098
11.982	266.174	114.897696	25	1.0	0.0
12.0194	266.205	114.931647	25	0.659546578381	0.340453421619
17.0215	268.3147	116.041526	-1	0.0	0.283861739335
17.0269	270.323	117.503952	15	1.0	0.0
17.0263	270.2886	117.642393	15	1.0	0.232743846172
17.2377	271.1958	118.981155	14	0.272395018698	0.727604981302
11.9808	263.5084	124.343812	8	0.0646173181121	0.935382681888
12.055	266.6098	125.75099	20	1.0	0.0
11.9767	266.5086	125.816972	20	0.427859787875	0.572140212125
14.3109	268.6178	130.582251	31	0.413846882299	0.586153117701
15.1523	267.3723	130.621529	28	1.0	0.0227484832453
15.1846	267.3271	130.766495	28	1.0	0.0
22.9948	273.0456	135.967972	1	0.98993952015	0.0100604798501
22.9333	273.0973	136.000267	1	0.749958166592	0.250041833408
22.9224	273.0841	136.046421	1	0.83238526763	0.16761473237
15.0652	267.345	140.125329	28	0.687712301729	0.312287698271
15.234	267.2705	140.125419	28	1.0	0.0
11.9946	266.1911	141.376191	25	1.0	0.0
11.9741	266.1712	141.419166	25	0.880777394648	0.119222605352
11.4796	265.8365	142.142871	26	0.524082184535	0.475917815465
11.5584	265.8506	142.4923	26	0.994899337726	0.00510066227448
15.6191	269.5291	144.958165	16	1.0	0.0
15.8691	269.5775	144.958239	16	0.293838752654	0.706161247346
11.8329	265.8505	148.728017	26	0.467412340221	0.532587659779
13.8236	264.8896	148.728821	-1	0.0	0.523084253251
19.0059	260.9838	150.925969	12	0.367738450783	0.632261549217
7.5926	278.9187	158.010236	-1	0.0	0.709220815476
14.2771	268.7041	158.069002	32	1.0	0.0
11.1436	265.151	158.961184	-1	0.0	0.0580203846476
11.062	265.4318	159.740811	21	0.857403018098	0.142596981902
14.6139	268.8343	160.90784	-1	0.0	0.226231001652
14.402	268.4183	163.266332	30	0.633229198746	0.366770801254
11.5528	264.5602	163.616088	10	1.0	0.0
11.4854	264.4219	163.742966	10	1.0	0.38382292214
11.256	261.9763	171.926781	-1	0.0	0.0664787993841
11.4624	263.5244	175.323826	8	1.0	0.0
15.0413	267.3944	178.17356	28	0.56803437863	0.43196562137
15.2306	267.4238	178.173616	28	1.0	0.214284709609
15.0612	267.3883	178.226407	28	0.687801078345	0.312198921655
14.479	268.2394	178.500363	-1	0.0	0.20432296544
14.4573	268.2918	178.5004	30	0.853629140405	0.146370859595
22.1886	279.2689	178.920315	3	1.0	0.0987905161611
22.2081	279.2772	179.145403	3	1.0	0.468527555784
14.3387	268.8852	181.554594	29	1.0	0.279008321574
15.1502	267.5129	182.234954	-1	0.0	0.0808389338493
15.2106	267.5889	182.310427	-1	0.0	0.166222406332
11.8355	265.9523	187.271179	26	0.470295982347	0.529704017653
14.2789	268.9028	188.142295	29	1.0	0.126004119108
14.2893	268.9546	188.142323	29	1.0	0.0
14.1523	268.9584	188.287873	29	0.911615036933	0.0883849630672
14.5199	268.9659	190.031261	29	1.0	0.0664849793131
14.4509	268.8704	190.052525	29	0.501432611206	0.498567388794
17.4372	267.3534	190.336396	19	1.0	0.0
14.5065	268.3624	191.026726	30	0.914310138507	0.0856898614927
14.4272	268.3469	191.074507	30	1.0	0.0
14.2824	268.9687	192.245433	29	1.0	0.141831693732
12.0171	266.1655	194.841748	25	0.60401645438	0.39598354562
14.3409	269.065	196.624393	29	1.0	0.140809011707
14.3177	269.124	196.624432	29	0.891414433253	0.108585566747
14.2289	269.0911	196.737685	29	1.0	0.0972932399838
14.2742	269.0372	196.850169	29	0.98301081352	0.0169891864797
14.4621	269.11	196.850193	29	0.421467725384	0.578532274616
11.0138	265.4348	197.97277	21	0.992587782561	0.00741221743932
14.2318	268.68	202.555915	32	1.0	0.0
14.3778	268.7615	202.655763	32	1.0	0.0
15.7164	269.5158	205.436413	16	0.689244535953	0.310755464047
18.9142	260.8119	207.129627	12	1.0	0.0886535965528
14.1788	269.0078	208.092719	29	1.0	0.0
8.9886	276.4974	209.630752	5	1.0	0.0
15.2927	267.0874	210.047838	-1	0.0	0.32030188222
15.4939	267.0848	210.047932	24	1.0	0.0
16.9526	270.3861	211.451817	15	1.0	0.39338562748
16.9949	270.3613	211.536561	15	1.0	0.350180130942
15.1632	267.377	211.906003	28	1.0	0.0
14.9627	267.3703	211.973076	28	0.56803437863	0.43196562137
15.2897	267.3848	211.97318	28	1.0	0.256743889334
15.1774	267.4036	211.998269	28	1.0	0.281340824062
14.9648	267.3673	212.043452	28	0.559794386092	0.440205613908
22.2232	279.4604	212.497765	3	0.183973492905	0.816026507095
22.2506	279.2836	212.521726	3	1.0	0.0
22.2113	279.2637	212.558156	3	1.0	0.457564140776
22.3025	279.2969	212.828469	3	1.0	0.0986585853255
12.1938	266.1831	214.569357	-1	0.0	0.254122063332
23.0381	273.0847	214.686384	1	0.750953932204	0.249046067796
22.9776	273.0542	214.74204	1	0.965948727776	0.0340512722235
11.2363	262.5899	216.963381	9	0.685027814951	0.314972185049
16.932	270.058	222.397614	15	1.0	0.17551076686
17.0294	270.0651	222.453679	15	1.0	0.273665649043
17.1145	270.0715	222.495162	15	0.814642567094	0.185357432906
16.8917	270.0837	222.5839	15	1.0	0.0
16.9884	270.4371	224.736581	15	1.0	0.411931814144
14.7505	268.8038	229.995264	-1	0.0	0.463488664616
15.2412	267.2704	231.935306	28	1.0	0.0207550789074
15.5837	267.217	231.935429	27	1.0	0.0
16.9581	270.2967	234.523926	15	1.0	0.0
11.5672	264.5827	241.545086	10	1.0	0.0
11.7738	264.6121	241.54511	10	0.885385155054	0.114614844946
15.1664	267.3369	244.69032	28	1.0	0.0
15.1727	267.4006	244.690346	28	1.0	0.262988789884
15.1814	267.3911	244.731994	28	1.0	0.0
15.1893	267.3892	244.769243	28	1.0	0.0
14.2593	268.7044	247.016512	32	1.0	0.0
11.6596	265.8524	248.729098	26	1.0	0.367855525536
14.3378	268.9441	249.090901	29	1.0	0.215333377231
11.6367	265.8132	249.411776	26	1.0	0.28693113181
11.1548	265.5254	251.175131	21	0.380843478782	0.619156521218
11.0365	265.4163	251.229379	21	1.0	0.0
11.1511	265.4966	251.229396	21	0.354448288955	0.645551711045
11.0021	265.4116	251.258517	21	1.0	0.0
11.0029	265.4615	251.31779	21	1.0	0.0
12.0382	266.1545	251.782315	25	0.361502826532	0.638497173468
12.0017	266.124	251.846344	25	0.543927583168	0.456072416832
11.0039	265.4734	252.015476	21	1.0	0.0
20.4196	270.0927	254.958536	-1	0.0	0.246400522533
14.3117	268.5083	257.553651	31	0.404057694924	0.595942305076
14.6705	268.4577	257.553777	-1	0.0	0.114784423075
11.4521	263.525	258.024286	8	1.0	0.0
11.7255	263.5531	258.06893	8	0.0862979187177	0.913702081282
17.5002	267.3623	259.776062	19	1.0	0.0
14.3106	269.1209	260.824632	29	0.955023634143	0.0449763658575
14.2206	269.1031	260.907282	29	1.0	0.0972932399838
14.3884	269.0967	260.907301	29	0.6904014799	0.3095985201
14.2848	269.0545	260.97801	29	1.0	0.0
14.2878	269.0894	260.978053	29	1.0	0.101276524009
16.6756	267.084	263.765625	19	0.277107351192	0.722892648808
16.9198	267.0061	263.76576	-1	0.0	0.0115866001988
22.2473	279.267	265.922641	3	1.0	0.319364175932
22.2346	279.2395	265.948506	3	1.0	0.0
22.3658	279.2278	265.948583	3	1.0	0.0
22.2276	279.2487	266.078444	3	1.0	0.0997037113238
14.5983	268.2173	269.329099	-1	0.0	0.20432296544
14.5681	268.1553	269.359217	-1	0.0	0.216566542903
14.2944	269.0032	270.747179	29	1.0	0.317344882307
11.992	266.2015	272.095655	25	0.850751234077	0.149248765923
16.9479	270.0484	274.707595	15	1.0	0.273665649043
15.15	267.3424	278.512055	28	1.0	0.0
15.2085	267.4213	278.609637	28	1.0	0.335980985617
14.9768	267.3577	278.698771	28	0.565638352362	0.434361647638
11.0126	265.412	280.830106	21	1.0	0.0
9.775	265.8368	283.404769	18	1.0	0.0
9.8517	265.8298	283.404785	18	1.0	0.0
9.8158	265.6433	283.404794	17	0.269084297025	0.730915702975
9.8744	265.8124	283.46896	18	1.0	0.0
10.0397	265.8185	283.468969	18	0.484617482191	0.515382517809
15.2869	267.331	286.331154	28	1.0	0.324660442331
14.3292	268.7098	288.660335	32	1.0	0.045301792416
14.4123	268.9458	289.188519	29	0.895487775676	0.104512224324
14.3375	268.9647	289.419441	29	1.0	0.394056464455
14.103	268.9403	289.513393	29	0.89061619851	0.10938380149
10.0755	264.9108	292.913128	13	0.748476309306	0.251523690694
10.2152	264.8636	292.913172	13	0.315790435154	0.684209564846
10.0484	264.8888	293.019847	13	1.0	0.0
10.0247	264.8604	293.125915	13	0.831088427681	0.168911572319
11.6249	265.7857	297.127411	26	1.0	0.0161784132342
14.4409	267.9451	298.433896	-1	0.0	0.701423064498
14.4369	268.2933	298.433902	30	0.821374523102	0.178625476898
14.5642	268.3033	298.433951	-1	0.0	0.125068920802
15.5397	269.574	299.656267	16	1.0	0.0
11.3488	265.4363	299.664828	21	0.285474079007	0.714525920993
15.499	269.5746	299.730296	16	1.0	0.0
11.0043	265.5036	299.748764	21	1.0	0.280655533548
22.2867	278.7419	301.079118	-1	0.0	0.551515256235
18.9135	260.7816	305.028259	12	1.0	0.264345234587
15.7471	266.9205	306.553036	23	1.0	0.0
14.4513	269.0442	306.720321	29	1.0	0.0
15.6536	266.8412	306.896704	23	0.82951914341	0.17048085659
11.94	266.0953	310.192317	25	0.284737909969	0.715262090031
14.441	268.6449	310.238631	-1	0.0	0.240336978489
14.3152	268.6849	310.33944	32	1.0	0.0
14.4346	268.8651	310.544524	29	0.575510388878	0.424489611122
14.334	268.7639	310.565537	32	1.0	0.0
14.3728	268.9511	310.57533	29	1.0	0.407340284033
15.1814	267.3062	312.909426	28	1.0	0.122628552878
15.183	267.3605	312.90945	28	1.0	0.0712076131251
11.7923	265.8998	313.115444	26	0.500758822186	0.499241177814
15.1612	267.2859	313.235283	28	1.0	0.104559922982
12.0162	266.0498	313.907703	25	0.192123925939	0.807876074061
12.0575	266.1158	313.907743	25	0.288854076731	0.711145923269
11.9767	266.1005	314.179655	25	0.469744576435	0.530255423565
13.9231	270.27	315.202085	-1	0.0	0.254541134592
14.2266	269.055	317.508774	29	1.0	0.0401155819231
14.3893	269.0668	317.508806	29	0.890336792134	0.109663207866
14.0341	268.98	317.630449	29	0.776439859486	0.223560140514
11.4707	263.5235	318.143575	8	1.0	0.0
11.7601	263.6049	318.143615	8	0.0720902441204	0.92790975588
14.4185	269.0321	324.214158	29	1.0	0.0
14.0634	269.3417	324.214231	-1	0.0	0.594776362336
14.1973	269.0189	324.428293	29	1.0	0.0509032257572
14.1731	269.033	324.888448	29	1.0	0.0
19.5954	263.0216	326.108418	-1	0.0	0.0571246318367
17.0237	270.3378	327.554866	15	1.0	0.138799278696
15.2513	267.3568	327.839792	28	1.0	0.0
16.864	271.3802	329.533552	14	0.82741257484	0.17258742516
15.1023	269.5632	329.533948	16	0.149036038983	0.850963961017
16.7327	271.4528	329.534907	14	1.0	0.0
15.177	267.3579	334.389047	28	1.0	0.0451909073563
23.0011	273.0298	338.019071	1	0.965948727776	0.0340512722235
22.8878	273.1577	338.096885	1	0.359194860044	0.640805139956
11.9964	266.0486	339.859278	25	0.191026118003	0.808973881997
14.1971	268.7137	343.550214	32	0.888572395528	0.111427604472
11.2584	265.4536	343.717102	21	0.285474079007	0.714525920993
11.0149	265.4955	344.085843	21	1.0	0.230247068365
22.0764	279.2823	346.776853	3	0.525833875909	0.474166124091
22.3771	279.273	346.777027	3	1.0	0.0
22.2888	279.2747	346.839357	3	1.0	0.251887702979
22.2628	279.2774	346.900563	3	1.0	0.0
22.2702	279.2798	346.98803	3	1.0	0.0
22.1957	279.2342	347.069358	3	1.0	0.063846301702
15.1274	267.2917	351.029389	28	0.970226981947	0.0297730180527
12.1279	273.7623	355.749408	-1	0.0	0.182636331546
15.6144	269.54	357.578442	16	1.0	0.0
15.4401	269.5453	357.630677	16	0.696535010083	0.303464989917
14.3001	268.9841	361.176285	29	1.0	0.238102318878
14.3443	268.9953	361.433497	29	1.0	0.520118387623
14.1217	268.9798	362.011736	29	1.0	0.0469596363473
11.5365	264.5209	364.103373	10	1.0	0.0
15.4853	267.0986	364.634552	24	1.0	0.0
14.1505	268.5396	364.681049	-1	0.0	0.0351947272761
11.969	266.1144	367.546847	25	0.57127179232	0.42872820768
11.9931	266.1369	367.596039	25	0.582326445234	0.417673554766
12.0099	266.1042	367.714253	25	0.518066461637	0.481933538363
12.1466	266.1648	367.714298	-1	0.0	0.0477181554263
11.0107	265.5016	368.269222	21	1.0	0.0650246158489
11.0496	265.5012	368.399387	21	1.0	0.116133824283
14.4875	268.9775	369.895085	29	1.0	0.0
15.1611	267.34	369.92055	28	1.0	0.0779952810929
15.1997	267.3946	369.978275	28	1.0	0.0707960177099
14.4441	268.3462	370.771669	30	1.0	0.0
14.4171	268.2905	370.826737	30	0.693264945147	0.306735054853
14.5311	268.5026	371.063352	-1	0.0	0.271569737226
8.4028	277.0183	373.40342	4	1.0	0.0
13.939	270.1606	377.578154	-1	0.0	0.178868261076
16.9645	270.2746	377.679977	15	1.0	0.0
17.0863	270.2421	377.680039	15	1.0	0.494659113592
16.9969	270.2333	377.718037	15	1.0	0.45869806372
18.9478	260.8928	377.89086	12	0.933153084393	0.066846915607
14.2581	268.6594	379.037197	32	0.966439588431	0.0335604115695
14.3591	268.957	382.812302	29	1.0	0.263454586887
14.3247	268.9297	382.941751	29	1.0	0.0
14.5098	268.9514	382.941777	29	1.0	0.0664849793131
14.5041	268.9324	383.055488	29	0.807403539843	0.192596460157
14.1784	269.1899	383.283824	29	0.587246419428	0.412753580572
11.5325	262.0302	385.57731	9	0.0541470716674	0.945852928333
11.3351	262.0477	385.638	9	0.0537522840204	0.94624771598
14.4293	268.3	393.962158	30	0.911813288096	0.0881867119041
10.9834	265.4746	394.275112	21	1.0	0.0532230882836
11.0266	265.5166	394.357971	21	1.0	0.265702602063
10.9893	265.4464	394.430571	21	0.992587782561	0.00741221743932
11.0268	265.5003	394.47852	21	1.0	0.0
14.2886	268.868	395.790338	29	0.950505436965	0.0494945630353
22.3221	279.2537	398.929753	3	0.983984747965	0.0160152520352
22.2078	279.2185	399.02912	3	1.0	0.0
22.3344	279.2885	399.083515	3	1.0	0.323923075319
20.228	260.7223	404.491877	-1	0.0	0.210821278774
12.0093	266.1933	405.074557	25	0.869391922316	0.130608077684
12.0082	266.1828	405.074591	25	0.997159122541	0.00284087745854
14.1313	269.0513	406.238395	29	1.0	0.155179267592
15.1445	267.3668	407.690524	28	1.0	0.224559729201
15.1186	267.3023	407.71965	28	0.963251935636	0.0367480643644
11.6128	265.8059	407.977605	26	1.0	0.0
11.5893	265.7755	408.026699	26	0.862186397167	0.137813602833
11.6453	265.8315	408.065327	26	1.0	0.271522521626
11.6482	265.8432	408.095356	26	1.0	0.111104057421
11.8485	265.7825	408.095393	-1	0.0	0.0695242782083
11.9049	265.7649	408.116033	-1	0.0	0.254142273863
17.0363	270.3442	408.251663	15	1.0	0.128653148118
17.1822	270.3634	408.312823	15	1.0	0.209461416221
23.0216	273.12	415.390342	1	1.0	0.0
22.9843	273.1195	415.428253	1	1.0	0.0
15.5081	269.5563	416.294261	16	1.0	0.0
15.7537	269.5357	416.294361	16	0.510602585826	0.489397414174
15.5453	269.5585	416.385382	16	1.0	0.0
15.6168	269.5426	416.505371	16	1.0	0.0
14.3793	268.1945	417.076815	-1	0.0	0.272446028507
18.9288	260.8152	420.330153	12	1.0	0.0
14.3722	268.64	420.701102	31	0.414136215645	0.585863784355
14.2602	268.9454	420.701106	29	1.0	0.291277056333
16.855	270.0558	430.182699	15	1.0	0.17551076686
14.3112	268.7501	434.463731	32	1.0	0.0
11.0186	265.5044	434.925942	21	1.0	0.0
11.0019	265.4956	434.927441	21	1.0	0.427864162918
11.0146	265.4023	435.055564	21	0.944800777616	0.0551992223842
10.9927	265.4636	435.0674	21	1.0	0.0
15.9035	263.4218	437.64143	6	1.0	0.0
15.9144	263.2787	437.735609	6	0.516399523795	0.483600476205
15.9754	263.3867	437.768108	6	1.0	0.0
15.982	263.3635	437.840405	6	1.0	0.0
16.8536	271.4261	438.202328	14	1.0	0.0
15.2224	267.2222	438.947534	28	0.634104626386	0.365895373614
11.9939	266.1549	441.913696	25	0.594492658356	0.405507341644
11.8712	266.1675	441.937838	25	0.183913356894	0.816086643106
11.981	266.1376	441.982987	25	0.566292938286	0.433707061714
12.2299	266.0986	442.069163	-1	0.0	0.270574938597
16.8908	270.0725	442.726766	15	1.0	0.0
11.6092	265.7379	446.029208	26	0.510962430486	0.489037569514
9.8478	265.7777	446.391155	18	0.922447634899	0.0775523651011
14.1613	268.4981	447.938025	-1	0.0	0.0470203754531
22.2509	279.2826	454.120582	3	1.0	0.0
22.1535	279.2826	454.166761	3	1.0	0.296819108431
14.2891	268.7136	457.319571	32	1.0	0.0
19.4698	261.8911	458.801431	11	0.191991179355	0.808008820645
11.0311	265.4398	459.370334	21	1.0	0.32067069545
15.3518	267.3567	459.495476	28	0.714370152133	0.285629847867
15.175	267.3765	459.539422	28	1.0	0.154663298032
15.1662	267.3165	459.657408	28	1.0	0.0
11.8649	266.09	459.818226	25	0.242966810353	0.757033189647
15.2477	267.3439	461.085113	28	1.0	0.156487691257
15.5574	267.2596	461.085241	27	1.0	0.0
15.2832	267.3278	461.184808	28	1.0	0.335227081458
15.5847	267.2319	461.240167	27	1.0	0.0
7.5811	279.0067	461.273629	-1	0.0	0.695788246514
15.4745	269.5201	471.55255	16	0.656842508463	0.343157491537
15.6284	269.5741	471.552595	16	0.846362166033	0.153637833967
15.5933	269.5427	471.590328	16	1.0	0.180505040481
15.5319	269.5537	471.640474	16	1.0	0.0
15.7315	269.525	471.774673	16	0.624348822479	0.375651177521
17.3499	263.476	471.929024	-1	0.0	0.105914952791
17.1562	263.3058	474.489872	6	0.116046602063	0.883953397937
11.6385	265.7881	480.669251	26	1.0	0.437505014594
14.2149	269.0543	487.788359	29	0.96458406068	0.0354159393199
14.0429	269.0055	487.955462	29	0.614336254088	0.385663745912
14.3721	269.017	488.095618	29	1.0	0.0351242469283
14.1522	269.0616	488.241203	29	1.0	0.130753712125
15.995	263.41	490.341891	6	1.0	0.0
11.4945	263.557	491.396566	8	0.275434095101	0.724565904899
11.4325	263.5423	491.732131	8	0.362648078718	0.637351921282
11.4566	263.5297	491.944198	8	1.0	0.0
11.7115	263.5653	491.944229	8	0.0930570078371	0.906942992163
8.3824	277.1504	500.063399	4	1.0	0.0
19.959	262.0485	503.131026	11	0.803710881811	0.196289118189
14.2539	268.7398	504.025413	32	1.0	0.0385879149115
8.0277	278.0061	506.94302	-1	0.0	0.482006727289
7.907	277.9675	507.182862	-1	0.0	0.475174238288
14.241	268.9494	512.881096	29	1.0	0.246251335857
14.0244	268.9329	512.960636	29	0.586500542841	0.413499457159
14.0494	268.9451	513.248947	29	0.776439859486	0.223560140514
17.0413	270.3096	514.131496	15	1.0	0.0302059905376
17.0114	270.3218	514.196737	15	1.0	0.0
15.2435	267.3971	519.275094	28	1.0	0.389789383146
15.133	267.3763	519.304794	28	1.0	0.0615837336314
15.4537	267.2966	519.304936	28	0.53137183453	0.46862816547
14.3046	268.9166	523.700297	29	1.0	0.0
14.3269	268.9858	523.700325	29	1.0	0.260316232855
14.2851	268.8958	523.808692	29	1.0	0.341172319492
14.1846	268.4628	527.475548	-1	0.0	0.268099035999
12.0081	266.1939	528.125416	25	0.935958294773	0.0640417052268
11.9644	266.1326	528.157805	25	0.57127179232	0.42872820768
12.0196	266.0851	528.334165	25	0.296681101396	0.703318898604
10.991	265.422	529.681337	21	1.0	0.0
11.017	265.4646	529.718217	21	1.0	0.0
11.0264	265.5073	529.750614	21	1.0	0.0
11.3987	265.4075	529.75069	21	0.208781018683	0.791218981317
11.0103	265.4527	529.770773	21	1.0	0.0839778922385
16.6113	270.2171	530.147639	15	0.455855308683	0.544144691317
11.0531	265.4126	530.266881	21	0.857403018098	0.142596981902
11.0569	265.4026	530.620736	21	0.784837654144	0.215162345856
18.927	260.8407	530.73046	12	1.0	0.0
18.9826	260.8363	530.812141	12	1.0	0.197931443951
19.0379	261.1009	530.89417	12	0.203771472336	0.796228527664
14.4745	268.9906	536.121251	29	1.0	0.0
17.4071	271.1418	543.605078	14	0.20565174779	0.79434825221
17.2434	271.1441	543.658895	14	0.238002831165	0.761997168835
14.0635	268.8632	545.904971	-1	0.0	0.0599943707888
15.6424	269.5347	554.702474	16	1.0	0.0
15.6425	269.5513	554.702521	16	1.0	0.0
15.7455	269.5474	554.731907	16	0.550370075215	0.449629924785
17.1228	270.2757	555.659704	15	1.0	0.538453910663
11.0396	265.4909	560.340372	21	1.0	0.365385690434
11.4217	265.4462	560.340449	21	0.285474079007	0.714525920993
11.0305	265.5021	560.410032	21	1.0	0.0
10.9921	265.4748	560.458981	21	1.0	0.0
11.014	265.4127	560.602011	21	1.0	0.0
11.2607	265.4478	560.602072	21	0.263698402764	0.736301597236
14.2175	268.9365	561.297102	29	1.0	0.466635446216
20.3354	270.0555	561.401986	-1	0.0	0.230053368624
14.3766	268.5784	568.021544	31	1.0	0.0
11.5299	264.5396	568.15744	10	1.0	0.0
14.6832	268.4567	568.183901	-1	0.0	0.174453991645
11.5482	264.5758	568.484267	10	1.0	0.0
15.1716	267.3073	569.598447	28	1.0	0.120486125496
15.3538	267.253	569.598539	28	0.441647222392	0.558352777608
15.2361	267.3126	571.497051	28	0.935251334612	0.0647486653878
13.4166	267.7301	571.537239	-1	0.0	0.0491412648205
15.2442	267.3696	571.670253	28	1.0	0.0
15.4031	267.3188	571.670312	28	0.672789422809	0.327210577191
15.4751	267.3058	571.729519	28	0.47841372484	0.52158627516
15.3735	267.3255	571.848148	28	0.672789422809	0.327210577191
14.1313	268.9869	573.543489	29	1.0	0.00522790800068
14.3712	269.149	573.543506	29	0.661627971001	0.338372028999
14.3204	268.943	573.689983	29	1.0	0.00768761274747
14.2995	269.0121	573.772775	29	1.0	0.49485366946
17.4946	267.3021	574.667655	19	1.0	0.0
14.873	267.8715	578.064155	22	0.679950268225	0.320049731775
8.9979	276.512	578.612806	5	1.0	0.0
9.0365	276.6396	578.686437	5	1.0	0.0
9.0084	276.5732	578.826137	5	1.0	0.0
9.6033	276.2895	578.826188	5	1.0	0.0
11.6673	265.8223	581.29682	26	1.0	0.0656034985036
11.6517	265.7936	581.36658	26	1.0	0.0712901426209
12.0214	265.7385	581.366667	-1	0.0	0.57086417357
11.1079	263.239	588.182904	8	0.0401008445367	0.959899155463
11.5396	263.3274	588.182932	8	0.0569908691567	0.943009130843
11.5092	263.5678	588.557211	8	0.206162128908	0.793837871092
14.3348	268.7642	589.50697	32	1.0	0.0
14.7639	268.6881	589.507116	-1	0.0	0.638828606317
10.9941	265.4276	590.592649	21	1.0	0.0
10.9865	265.4225	590.592683	21	1.0	0.0904307031984
10.9823	265.4664	591.049787	21	1.0	0.020810403532
11.3627	261.9511	591.317279	-1	0.0	0.0873109303431
14.4538	268.3621	593.386277	30	1.0	0.0
