-0.0182	13.655	1e-06	8	0.365483726433	0.634516273567
-0.1198	13.8296	-595.320829	7	0.713593734802	0.286406265198
0.3935	13.7435	-595.161054	10	1.0	0.286979822505
-0.012	13.5949	-586.760047	8	0.822506185034	0.177493814966
-0.1842	13.8888	-582.619519	7	1.0	0.322416293788
-0.1772	13.8971	-582.567308	7	1.0	0.306246174664
-0.1751	13.9097	-582.527108	7	1.0	0.148809368614
-0.1919	13.9922	-582.461995	7	0.416010578194	0.583989421806
-0.0921	14.0042	-582.125287	7	0.276237672845	0.723762327155
-1.1738	13.9449	-574.163194	5	0.374776244232	0.625223755768
0.3494	13.8368	-572.05696	10	1.0	0.0
-1.5545	10.6804	-570.126423	4	0.488548439223	0.511451560777
-1.5914	10.8227	-570.114095	4	0.910400614765	0.0895993852355
-1.6988	10.9762	-569.877394	4	0.264439429688	0.735560570312
-1.6664	10.7749	-569.530289	4	0.963277097752	0.0367229022484
-1.6812	10.7977	-569.413577	4	0.833985224708	0.166014775292
-0.2402	13.4769	-565.360554	-1	0.0	0.24878804566
0.6962	13.8838	-564.363227	12	1.0	0.0
0.4129	13.9152	-547.011316	10	1.0	0.0
0.4058	13.8853	-546.983267	10	1.0	0.0
0.3559	13.8878	-546.911238	10	1.0	0.202853410618
-0.0167	13.8541	-546.725251	7	0.322134001091	0.677865998909
0.054	13.6413	-541.173376	8	0.287583187377	0.712416812623
-0.1784	13.8572	-535.383986	7	1.0	0.0
-0.1983	13.9137	-535.311624	7	1.0	0.0
0.6996	13.8659	-532.858834	12	0.859775046199	0.140224953801
-2.0435	10.1448	-531.763624	3	0.602783818315	0.397216181685
-2.0136	10.2263	-531.189419	3	1.0	0.0
0.4183	13.9124	-530.469374	10	1.0	0.0
-6.1978	17.7787	-518.245236	0	0.941793850945	0.0582061490547
-0.4052	13.8461	-517.215021	7	0.160118831901	0.839881168099
-0.2255	13.9273	-517.170459	7	1.0	0.0373759435205
-0.2454	13.9142	-517.128825	7	1.0	0.0
-0.1751	13.9194	-500.234895	7	1.0	0.0622619460411
-0.1571	13.9297	-500.202656	7	0.597580615699	0.402419384301
-0.2053	13.9863	-500.164647	7	0.373454239586	0.626545760414
-0.1872	13.9079	-500.082827	7	1.0	0.0
-0.1866	13.9069	-500.028058	7	1.0	0.0
-0.1947	14.0277	-499.876784	7	0.226559611253	0.773440388747
-0.1873	13.8592	-484.557919	7	1.0	0.0
-0.197	13.8596	-484.293258	7	1.0	0.0
0.5432	13.6054	-481.161005	9	1.0	0.0
0.3955	13.8796	-478.544126	10	1.0	0.0
2.7029	25.9035	-476.239892	1	1.0	0.0
-0.2495	13.9199	-470.912773	7	1.0	0.0
-0.2403	13.921	-470.87043	7	1.0	0.0
-0.2143	13.9409	-470.828342	7	0.655751705668	0.344248294332
-0.1935	13.8692	-470.7785	7	1.0	0.0
0.3947	13.733	-458.585269	10	1.0	0.326712257937
0.3788	13.7799	-458.137215	10	1.0	0.0
0.6734	13.9271	-457.600561	11	0.915402652425	0.0845973475754
0.7528	13.8542	-457.124424	-1	0.0	0.132107452019
-1.4488	13.5865	-455.217003	6	1.0	0.0
-1.4633	13.3962	-455.216981	6	0.50483087682	0.49516912318
-1.4681	13.614	-455.164749	6	1.0	0.0395391999396
-1.4626	13.5851	-455.108248	6	1.0	0.0
-3.0618	14.0957	-452.542606	-1	0.0	0.617781864726
-2.0212	10.2574	-444.700306	3	1.0	0.0
0.3728	13.9117	-441.063205	10	1.0	0.0770311938381
0.4045	13.8719	-440.845744	10	1.0	0.0
-0.2145	13.9121	-424.685657	7	1.0	0.146784660143
-0.2228	13.7888	-424.612768	7	0.418284999582	0.581715000418
-0.2066	13.884	-424.52221	7	1.0	0.0800595088907
-0.2024	13.9124	-424.360248	7	1.0	0.0651927884837
0.6888	13.8505	-423.837718	12	0.859775046199	0.140224953801
0.6317	13.8799	-423.222856	12	0.721948001717	0.278051998283
-0.0006	14.0949	-422.640328	-1	0.0	0.0770525066077
0.5824	14.5082	-422.640187	-1	0.0	0.24965233141
2.6779	25.9117	-415.915219	1	1.0	0.0
2.7049	25.9867	-415.882579	1	0.586039296881	0.413960703119
2.6778	25.9171	-415.791751	1	1.0	0.0
2.8075	25.9901	-415.79165	1	0.421973905824	0.578026094176
0.3773	13.7017	-414.615361	10	1.0	0.00658847980854
-2.0846	10.2849	-412.288058	3	0.894896999946	0.105103000054
0.5766	13.6852	-401.913693	9	1.0	0.0
-1.571	13.5714	-397.385989	6	1.0	0.0426509404643
-1.5822	13.6738	-397.330541	6	0.602894049171	0.397105950829
-1.5823	13.5832	-397.169624	6	1.0	0.106376195449
-0.2277	13.7958	-393.111428	7	0.434863386683	0.565136613317
-0.2226	13.8439	-393.11141	7	0.604306194898	0.395693805102
-0.2317	13.9251	-393.057091	7	1.0	0.0
-0.2521	13.9259	-392.141748	7	1.0	0.0
-0.1301	13.8525	-392.131869	7	0.806170074795	0.193829925205
0.3758	13.7235	-390.662896	10	1.0	0.0
-1.6407	10.7835	-381.392707	4	0.963277097752	0.0367229022484
1.8782	26.7154	-377.430642	2	0.800673113097	0.199326886903
0.7097	13.8538	-363.934096	12	0.766506237007	0.233493762993
0.7026	13.9831	-363.868739	-1	0.0	0.246523075778
0.4269	13.8826	-350.768241	10	1.0	0.0296063454048
0.375	13.8318	-350.582271	10	1.0	0.15562862747
-9.4611	15.5609	-334.454203	0	1.0	0.0
0.7189	13.9507	-320.20431	11	0.573214249661	0.426785750339
0.3286	13.7038	-316.815048	10	0.993538281233	0.0064617187673
-0.0417	13.8177	-313.370503	7	0.390028184611	0.609971815389
-0.0396	13.9088	-313.288812	7	0.278911084675	0.721088915325
1.9403	26.9324	-312.15195	2	1.0	0.0
1.9634	27.0131	-312.10981	2	0.716982213564	0.283017786436
1.9526	26.9562	-312.062758	2	1.0	0.0
0.4084	13.9141	-304.140467	10	1.0	0.0
0.4304	13.7946	-303.587579	10	0.970461716091	0.0295382839094
0.3959	13.9121	-303.361406	10	1.0	0.0
0.4074	13.8448	-302.858001	10	1.0	0.454052882029
0.4058	13.846	-302.770603	10	1.0	0.453220071251
0.1207	13.6741	-299.576564	8	0.173747500572	0.826252499428
0.405	13.8004	-292.972108	10	1.0	0.0267814567769
0.51	12.7556	-292.121151	-1	0.0	0.560120703415
0.555	13.6053	-292.121109	9	0.988153925134	0.0118460748661
0.513	13.7097	-292.096685	9	1.0	0.0
-1.6015	10.8951	-286.020471	4	0.861714837111	0.138285162889
0.3734	13.7778	-279.303523	10	1.0	0.181347021864
-0.2061	13.8794	-278.131868	7	1.0	0.0340121541927
0.6594	13.9995	-263.511697	-1	0.0	0.425307627811
0.3703	13.8482	-259.133592	10	1.0	0.373625984441
0.2796	13.5908	-258.898836	-1	0.0	0.250226025063
0.586	13.7045	-235.8444	9	1.0	0.0
-0.0564	13.836	-232.691845	7	0.481981555329	0.518018444671
1.8803	26.6737	-222.359587	2	0.60744084118	0.39255915882
-1.2598	13.5844	-218.658806	6	0.670812741993	0.329187258007
-1.2494	13.4015	-218.658805	6	0.654401700308	0.345598299692
0.6387	13.8666	-218.362283	12	0.600822068693	0.399177931307
0.6506	13.9378	-217.803154	11	1.0	0.0
-0.2128	13.861	-216.165767	7	1.0	0.0799603403601
-0.238	13.935	-216.107877	7	1.0	0.0274890818558
-1.603	10.8702	-212.305952	4	0.910400614765	0.0895993852355
-1.5945	10.7401	-212.18704	4	1.0	0.0
-1.5865	10.93	-212.083126	4	0.436584259943	0.563415740057
0.3502	13.7829	-205.097025	10	1.0	0.0
0.3551	13.7219	-205.014939	10	1.0	0.0
2.7362	25.9384	-193.557295	1	0.740993091543	0.259006908457
0.0188	13.5687	-189.05676	8	0.565023469082	0.434976530918
-2.017	10.2405	-188.903058	3	1.0	0.0
0.3524	13.8311	-188.538787	10	1.0	0.0
0.3252	13.864	-188.437961	10	1.0	0.119635021448
0.3382	13.7775	-188.291666	10	1.0	0.104020097918
0.3411	13.7819	-188.25977	10	1.0	0.0
0.3415	13.8426	-187.718791	10	1.0	0.184554882241
-0.2088	13.8972	-177.818632	7	1.0	0.173382025577
0.4148	13.8162	-164.914635	10	0.970461716091	0.0295382839094
0.3913	13.8982	-164.849454	10	1.0	0.052180462097
0.6551	13.9379	-157.893693	11	1.0	0.0
0.3114	13.8361	-152.195806	10	1.0	0.340855414209
0.3686	13.8022	-151.913803	10	1.0	0.0267814567769
-1.4807	13.5259	-146.518623	6	0.898504471996	0.101495528004
-1.6211	10.8617	-142.505877	4	0.903632768542	0.0963672314581
-0.0871	13.7869	-134.788922	7	0.349612300806	0.650387699194
0.4412	13.8361	-134.279833	10	1.0	0.032559531623
0.5325	13.9276	-133.84782	-1	0.0	0.494163933919
-0.0548	13.6234	-127.701458	8	0.374471379444	0.625528620556
-0.0519	13.6256	-127.66024	8	0.393851073388	0.606148926612
0.0212	13.5422	-127.342048	8	0.503113159977	0.496886840023
0.5556	13.5924	-113.2555	9	0.995423958618	0.00457604138161
0.3954	13.9225	-112.914214	10	1.0	0.0
0.5639	13.7187	-112.81574	9	1.0	0.0
0.2479	13.6281	-108.141519	-1	0.0	0.203748599944
0.3666	13.7188	-108.084074	10	1.0	0.0
0.6976	13.9428	-107.601963	11	0.911874045176	0.0881259548239
0.7719	13.7529	-107.601933	-1	0.0	0.139542459374
0.7235	13.9372	-107.530061	11	0.911874045176	0.0881259548239
-0.0088	14.1741	-105.724847	-1	0.0	0.363927307392
-0.0064	13.9076	-105.480057	7	0.268110038949	0.731889961051
-0.0293	13.8972	-105.416282	7	0.357846793413	0.642153206587
-0.0338	13.5588	-95.179262	8	0.670322875578	0.329677124422
0.3551	13.7976	-86.274629	10	1.0	0.195849897116
0.3718	13.8883	-73.789672	10	1.0	0.0
-0.1674	13.8474	-73.619125	7	1.0	0.210548988566
-0.1987	13.9081	-73.578552	7	1.0	0.0
-0.1518	13.8779	-73.478354	7	0.960643961246	0.0393560387544
0.411	13.9379	-73.404533	10	0.865177016259	0.134822983741
-0.2561	13.4883	-69.274512	-1	0.0	0.24878804566
0.7321	13.9296	-68.457489	11	0.64740053405	0.35259946595
2.047	26.7701	-53.238699	2	0.886508897454	0.113491102546
-0.1929	13.822	-52.756694	7	0.674039987041	0.325960012959
0.3801	13.7524	-51.494823	10	1.0	0.317209338964
0.3218	13.7891	-51.418476	10	1.0	0.156392780959
0.3436	13.7906	-51.012362	10	1.0	0.0
0.3495	13.761	-50.91271	10	1.0	0.286979822505
-0.0506	13.5541	-33.281137	8	0.457435992352	0.542564007648
0.6359	13.9606	-30.85815	11	0.580713233308	0.419286766692
0.6422	13.9455	-30.810216	11	0.927881706943	0.0721182930574
0.6534	13.9305	-30.771257	11	1.0	0.0
-1.0962	13.8026	-26.489975	5	1.0	0.0
-1.1405	13.837	-26.436179	5	1.0	0.0
0.3984	13.9645	-25.336977	10	0.447255533978	0.552744466022
0.4296	13.6247	-22.740064	-1	0.0	0.0456548227939
3.1975	9.8114	-19.753903	-1	0.0	0.442339767703
3.1687	9.8706	-19.625253	-1	0.0	0.434894865887
-0.1469	13.8244	-11.767779	7	1.0	0.207963889005
-0.1316	13.7925	-11.718603	7	0.508360931363	0.491639068637
-0.1187	13.8671	-11.718589	7	0.788735358435	0.211264641565
-2.5387	9.3613	-11.67599	-1	0.0	0.618598419839
-0.121	13.8227	-11.643966	7	0.650274606483	0.349725393517
-0.1457	13.9627	-11.64395	7	0.410045421937	0.589954578063
-0.1462	13.8898	-11.61319	7	0.819239375674	0.180760624326
-0.1526	13.9622	-11.591213	7	0.43463561401	0.56536438599
-0.1986	13.8833	-11.372251	7	1.0	0.0
-1.3128	13.4787	-8.44935	6	1.0	0.0
-0.0182	13.655	1e-06	8	0.365483726433	0.634516273567
0.0156	13.4747	0.315458	8	0.171202542317	0.828797457683
0.7129	13.8928	15.359515	12	0.805234266674	0.194765733326
-9.294	12.7678	19.305795	0	0.957146014056	0.0428539859441
0.7009	13.8191	19.869272	-1	0.0	0.0339033555072
0.591	13.5511	21.904759	9	1.0	0.0
0.5749	13.6571	22.016497	9	1.0	0.248366901017
0.5437	13.6295	22.087695	9	1.0	0.0
0.5939	13.732	22.170334	9	0.877746937527	0.122253062473
0.436	13.8753	24.286597	10	1.0	0.159702487932
0.3944	13.788	25.03169	10	1.0	0.181347021864
0.364	13.699	25.142	10	1.0	0.0294607652588
0.4038	13.7597	25.227931	10	1.0	0.0781239743842
-0.0297	13.6326	26.33247	8	0.552574493401	0.447425506599
1.9021	26.8453	26.497448	2	1.0	0.0
1.9652	26.8612	26.776532	2	1.0	0.0
-1.9927	10.2077	33.349309	3	0.965998904473	0.0340010955269
-2.0215	10.3556	33.377674	3	0.508628388024	0.491371611976
-1.9973	10.3582	33.475389	3	0.492055948759	0.507944051241
-0.1083	13.8796	34.291787	7	0.546728086584	0.453271913416
-0.1133	13.8512	34.375146	7	0.70581155222	0.29418844778
-1.1028	13.8898	55.246047	5	0.624212231642	0.375787768358
-1.133	13.8206	55.350223	5	1.0	0.0
0.3231	13.8725	63.126149	10	0.993655846994	0.00634415300586
0.3519	13.8276	63.195071	10	1.0	0.0
0.3384	13.828	63.574524	10	1.0	0.0
-1.3461	13.5449	74.367642	6	1.0	0.244837718149
-1.3243	13.5591	74.467157	6	1.0	0.304724146837
0.7828	13.9215	78.69077	-1	0.0	0.299658048319
0.7424	13.9829	78.733322	-1	0.0	0.340033438628
0.7513	13.9317	78.765484	11	0.573214249661	0.426785750339
-0.1534	13.8337	82.390031	7	1.0	0.207963889005
-0.175	13.8714	83.041028	7	1.0	0.0
-0.1827	13.8952	83.085153	7	1.0	0.0552408319977
-0.1769	13.7861	83.252073	7	0.573283943102	0.426716056898
0.3899	13.6477	97.613337	10	0.395762429689	0.604237570311
0.3977	13.7359	97.644064	10	1.0	0.0481652852032
-9.2404	15.3918	98.442834	0	1.0	0.0
2.6783	25.8849	100.205311	1	1.0	0.0
0.5535	14.0026	103.047427	-1	0.0	0.1336388079
0.5389	14.0446	103.086048	-1	0.0	0.18897021862
0.4421	13.8224	103.370631	10	0.786586581106	0.213413418894
0.3958	14.0069	103.457859	-1	0.0	0.0038434587738
0.3604	13.8068	110.368219	10	1.0	0.471090599195
-0.0173	13.5509	113.560895	8	0.670322875578	0.329677124422
0.0008	13.5749	113.950233	8	1.0	0.0
1.906	26.9759	121.541281	2	0.976089287089	0.0239107129108
-9.1484	12.7661	136.960573	0	0.955270367735	0.0447296322654
0.4657	13.8627	141.306709	10	0.697471052015	0.302528947985
0.3044	14.4046	143.680812	-1	0.0	0.0780241275939
0.3051	13.8263	146.166415	10	1.0	0.336777759117
0.324	13.8159	146.320806	10	1.0	0.333153476877
-1.5597	10.6172	146.975836	4	0.30461257233	0.69538742767
-1.6037	10.6867	147.06623	4	0.57729772238	0.42270227762
-1.644	10.8015	147.598328	4	0.963277097752	0.0367229022484
-1.6088	10.7907	147.70542	4	0.927586689425	0.0724133105748
-0.1752	13.9113	154.149394	7	1.0	0.0
0.3225	13.8491	173.235331	10	1.0	0.430635280473
1.0559	14.4429	180.181935	-1	0.0	0.282975751619
-1.6657	9.5486	180.22422	-1	0.0	0.500620765658
0.6797	13.934	180.224597	11	1.0	0.0
0.5318	13.6901	181.259645	9	1.0	0.0839585186443
0.5735	13.5503	181.329531	9	1.0	0.0
0.3464	13.8734	194.252312	10	1.0	0.0575658424194
0.317	14.0034	194.311429	-1	0.0	0.124943188503
0.3801	13.7038	203.618892	10	1.0	0.107451067955
0.3737	13.8257	203.618895	10	1.0	0.130938054606
0.3753	13.7574	203.665596	10	1.0	0.286979822505
2.7328	25.9128	211.805937	1	0.961846739493	0.0381532605069
2.6985	25.9599	211.835452	1	0.709139657973	0.290860342027
-1.1253	13.8734	216.495723	5	0.772886034088	0.227113965912
0.7095	13.8939	219.801043	12	0.859893998903	0.140106001097
-1.5878	10.7172	222.727766	4	1.0	0.0
-1.6109	10.6992	222.918172	4	0.746048370981	0.253951629019
-6.0786	17.4867	224.463197	0	1.0	0.0
-0.0354	13.4988	230.246411	8	0.252384997098	0.747615002902
-0.2483	13.4562	230.778443	-1	0.0	0.24878804566
-0.1702	13.8248	240.274719	7	1.0	0.207963889005
-0.1662	13.8798	240.349048	7	1.0	0.0426359926055
0.4027	13.779	255.094219	10	1.0	0.0781239743842
-1.6162	10.8402	257.699251	4	0.910400614765	0.0895993852355
-1.6492	10.8603	257.822373	4	0.907174062985	0.0928259370148
2.6755	25.9434	261.797441	1	0.844842062683	0.155157937317
0.6763	13.887	261.946523	12	1.0	0.0
0.6107	13.8995	262.011837	12	0.546189049833	0.453810950167
0.54	13.5682	263.724102	9	1.0	0.0
2.657	26.0924	264.838297	1	0.247273729536	0.752726270464
1.9193	26.8691	288.330584	2	1.0	0.0
0.6872	13.8662	288.521591	12	0.850985019037	0.149014980963
0.3726	13.8368	290.63299	10	1.0	0.105206088167
-0.1567	13.8471	295.689896	7	1.0	0.177970691775
-0.187	13.864	295.726231	7	1.0	0.0
1.8108	26.7468	305.952093	2	0.867216460538	0.132783539462
0.6072	13.5353	320.612904	9	0.795347783182	0.204652216818
0.3289	13.8185	331.973227	10	1.0	0.270668165561
-2.0832	10.2533	332.906225	3	1.0	0.0
-0.3867	13.7562	339.609903	7	0.17247607587	0.82752392413
-0.0139	13.5435	340.707382	8	0.631560875278	0.368439124722
-0.0077	13.5907	340.79987	8	1.0	0.0
-0.2647	13.4164	345.203489	-1	0.0	0.285633995278
-1.2172	13.5295	345.838861	6	0.927408518955	0.0725914810448
-1.2862	13.4582	345.883166	6	1.0	0.1242441832
-1.3108	13.4944	346.069789	6	1.0	0.0
-1.514	13.555	349.410561	6	1.0	0.0
-1.5154	13.602	349.530502	6	1.0	0.0
-1.5224	13.583	349.56683	6	1.0	0.0
-1.1426	13.76	353.83788	5	0.673087218054	0.326912781946
-1.5977	10.7399	364.289459	4	1.0	0.0
-1.6137	10.7451	364.432057	4	1.0	0.0
-0.0285	13.6176	368.973887	8	0.552574493401	0.447425506599
0.0054	13.5623	369.121866	8	0.670322875578	0.329677124422
-0.0224	13.5815	369.195027	8	1.0	0.0
-6.1166	17.5524	374.028681	0	1.0	0.0
0.3546	13.7016	380.473648	10	1.0	0.0
0.548	13.692	385.862214	9	1.0	0.0
0.5965	13.6549	385.92489	9	0.843857910928	0.156142089072
2.6822	25.8933	387.682155	1	1.0	0.0
-1.3037	13.506	416.498604	6	1.0	0.0
-0.0174	13.5789	417.415885	8	1.0	0.0
-0.0098	13.5875	417.485658	8	1.0	0.0
-0.0305	13.6605	417.554752	8	0.341868698024	0.658131301976
0.3615	13.7767	427.823607	10	1.0	0.0
0.3528	13.8815	428.398718	10	1.0	0.0575658424194
-0.1833	13.874	428.56526	7	1.0	0.0
0.3383	13.9076	428.591794	10	0.822743834392	0.177256165608
-1.9625	10.0905	442.056492	3	0.361444261107	0.638555738893
-1.9783	10.2123	442.330226	3	1.0	0.0
-2.0847	10.3293	442.898678	3	0.657195878129	0.342804121871
0.6766	13.8121	442.989873	-1	0.0	0.0973912805881
0.6718	13.8469	443.031362	12	0.845580990031	0.154419009969
0.653	13.7013	443.031364	9	0.781993912536	0.218006087464
0.6673	13.9469	443.404209	11	1.0	0.0
0.6895	13.8934	443.482289	12	1.0	0.0
-1.1751	13.8044	447.624662	5	1.0	0.0
-1.1483	13.8852	447.670496	5	0.670259230876	0.329740769124
-2.135	12.0253	447.726276	-1	0.0	0.70796579994
2.6419	26.0155	453.738734	1	0.429483619185	0.570516380815
2.2899	25.7288	453.7481	1	0.100453558149	0.899546441851
0.0917	13.6375	476.7372	8	0.219157935105	0.780842064895
0.6141	13.5597	484.043889	9	0.983901073483	0.0160989265171
0.5213	13.7257	484.486439	9	1.0	0.224438685288
0.3869	13.873	489.765079	10	1.0	0.0
-0.1625	13.8107	490.108833	7	0.664818093655	0.335181906345
-1.3088	13.4165	492.867757	6	0.877611708324	0.122388291676
-1.301	13.5005	492.902758	6	1.0	0.0
-1.3022	13.4684	493.022261	6	1.0	0.0
-1.6704	10.8951	496.729693	4	0.733954855915	0.266045144085
-1.4127	13.5346	496.840612	6	1.0	0.275269043141
0.4056	13.8432	512.429888	10	1.0	0.434313585002
0.3922	13.871	513.218156	10	1.0	0.020419917673
-1.5698	13.7563	517.210891	6	0.31534633069	0.68465366931
-1.1173	13.8177	534.072671	5	1.0	0.0
2.7023	25.8865	544.976173	1	0.957051666195	0.0429483338052
3.8217	27.5021	544.977571	-1	0.0	0.364451192697
2.6813	25.9967	544.985623	1	0.502084169434	0.497915830566
2.651	26.0494	545.181227	1	0.392637758664	0.607362241336
-9.1948	15.3893	548.234415	0	1.0	0.0
0.3056	13.7997	550.431772	10	1.0	0.112886862672
0.341	13.7585	563.469823	10	1.0	0.0657275104547
0.6654	13.8289	563.760304	12	0.845580990031	0.154419009969
0.6522	13.8987	563.822236	12	0.79728684635	0.20271315365
0.6635	13.8893	563.879706	12	1.0	0.0
0.6338	13.8407	563.918426	12	0.773450803032	0.226549196968
0.6582	13.8444	563.962248	12	0.859775046199	0.140224953801
0.6706	13.8374	564.030352	12	0.859775046199	0.140224953801
0.6586	13.8929	564.439533	12	1.0	0.0
-0.3395	13.7819	564.675809	7	0.21614185494	0.78385814506
0.3677	13.7214	578.862649	10	1.0	0.0830595999311
0.3392	13.7141	579.269743	10	1.0	0.0
-1.6292	10.8279	589.116901	4	0.907174062985	0.0928259370148
-1.6374	10.7416	589.171384	4	1.0	0.0
-1.6567	10.7521	589.223474	4	0.963277097752	0.0367229022484
-0.288	13.5259	589.3364	-1	0.0	0.285633995278
0.3255	13.7647	590.124009	10	1.0	0.0575418520917
0.3353	13.8304	590.248716	10	1.0	0.0
