-1.5214	122.8538	0.001187	-1	0.0	0.457020473473
-4.6836	118.5361	-598.732244	23	1.0	0.0
-4.6682	118.4965	-598.622634	23	1.0	0.201974889912
-4.6226	118.5486	-598.459601	23	1.0	0.317852048944
-4.6349	118.5635	-598.364725	23	1.0	0.20265403247
-4.6474	118.5354	-598.200288	23	1.0	0.14332229127
-6.6284	109.791	-596.859341	0	1.0	0.40189066134
-3.9506	122.99	-595.150429	35	0.556604949633	0.443395050367
-3.3821	127.3297	-594.950714	13	0.0694136467486	0.930586353251
-4.5985	121.3504	-592.555665	-1	0.0	0.511821034958
-4.0746	122.9964	-591.706819	-1	0.0	0.0819147226368
-7.6552	113.8455	-590.49405	2	0.292861440569	0.707138559431
-2.5197	122.3602	-589.348591	19	1.0	0.0
-3.3494	116.1488	-588.191811	-1	0.0	0.0932492847891
-4.617	118.4387	-587.958372	23	0.387641045413	0.612358954587
-3.4844	121.7993	-586.667402	29	1.0	0.347644485435
4.0564	112.5437	-584.882708	17	0.33337551681	0.66662448319
-3.9782	123.0374	-583.595242	35	1.0	0.152091259517
-3.4599	121.8603	-583.525084	29	1.0	0.0
-4.6381	123.4683	-583.3721	27	1.0	0.198426889604
-6.6242	119.9385	-582.603501	-1	0.0	0.0464837704625
-4.1789	123.2173	-581.990887	-1	0.0	0.0479238772521
-3.7901	122.6984	-581.767512	32	1.0	0.0
4.2319	112.672	-581.713146	17	1.0	0.0
4.1693	112.5564	-581.611757	17	0.644299951808	0.355700048192
4.2707	112.695	-581.611717	17	1.0	0.00877271649087
4.2475	112.6717	-581.567257	17	1.0	0.0983537692112
4.2565	112.7975	-581.430022	17	1.0	0.0
-3.5031	121.9398	-581.182482	29	1.0	0.0
4.264	112.6536	-581.095242	17	1.0	0.0193961812855
-4.0117	123.1051	-580.350727	35	0.954282052782	0.0457179472176
-4.1067	122.765	-580.314055	32	0.438071431696	0.561928568304
-4.0145	123.0997	-580.313869	35	0.893459934435	0.106540065565
-4.0124	123.0495	-580.262726	35	0.935278108039	0.0647218919612
-3.9882	123.0506	-580.197895	35	1.0	0.0
-4.022	123.1234	-579.883087	35	1.0	0.0862540076522
-0.8651	124.9015	-579.881019	-1	0.0	0.69861725615
-2.3126	122.4403	-576.751545	19	1.0	0.191524295556
-4.0382	122.7868	-574.139856	32	0.398280645033	0.601719354967
4.1373	112.4713	-573.033107	17	0.351103658419	0.648896341581
-3.927	123.0218	-572.247063	35	0.621652126587	0.378347873413
-6.7261	109.6167	-572.128595	0	0.808806528621	0.191193471379
-10.2116	128.1598	-571.352967	11	0.0731348498207	0.926865150179
-6.4668	109.9456	-571.303522	0	0.789414603116	0.210585396884
-10.2181	128.2736	-571.170669	11	0.0933232832445	0.906676716755
-3.9932	122.9753	-570.23107	35	0.791100932917	0.208899067083
-10.492	128.2966	-567.229279	11	1.0	0.0
-3.9742	123.1906	-567.161319	-1	0.0	0.172000702248
-4.018	122.6041	-566.87444	-1	0.0	0.0385714098489
4.2398	112.6725	-565.627747	17	1.0	0.0396241314987
4.1998	112.641	-565.436422	17	1.0	0.0323791357523
4.2964	113.6261	-565.363208	9	0.2785853138	0.7214146862
4.6396	112.7167	-564.811198	-1	0.0	0.211345252089
-3.8263	122.7582	-560.825258	32	1.0	0.0
-3.8011	122.7782	-560.324129	32	1.0	0.0495702024579
-4.1173	122.7027	-559.047398	-1	0.0	0.0254390588303
-4.1159	122.7102	-558.908914	32	0.406973256665	0.593026743335
-3.9758	122.9923	-558.85712	35	1.0	0.0
-3.9682	123.0235	-558.501346	35	1.0	0.0
-4.6654	118.5275	-558.350082	23	1.0	0.0
4.4463	112.7227	-556.552113	17	0.350095324848	0.649904675152
4.1657	112.5669	-556.11342	17	0.791539987554	0.208460012446
-4.4614	117.9335	-555.822972	22	0.422862762298	0.577137237702
4.3715	112.8839	-553.542468	17	0.406544548244	0.593455451756
-10.2375	127.6825	-553.354513	10	0.54797279725	0.45202720275
2.8839	119.7505	-552.461691	8	0.970215993191	0.0297840068094
2.9511	119.8633	-552.422392	8	0.21879941503	0.78120058497
-9.1829	114.3015	-551.884508	1	1.0	0.0
-4.6331	123.518	-549.707098	27	1.0	0.0933271986249
-5.9046	125.4594	-549.512974	15	0.418159809669	0.581840190331
-5.9424	125.3535	-549.120421	15	0.532297251927	0.467702748073
-4.7437	123.4701	-546.887467	27	1.0	0.0
-4.1728	123.0542	-546.847017	-1	0.0	0.0449989637739
-10.5263	128.1616	-545.845922	11	0.231779961319	0.768220038681
-10.4995	128.1541	-545.232216	11	0.231779961319	0.768220038681
-10.522	128.059	-545.106251	11	0.0830593063208	0.916940693679
-3.5073	121.8104	-544.692316	29	1.0	0.268341011186
-4.0426	123.0563	-543.634684	35	0.667667601169	0.332332398831
-2.3426	122.3845	-542.491842	19	1.0	0.295133135939
-4.103	122.9582	-542.457627	-1	0.0	0.330863358844
-4.07	123.0245	-541.987646	-1	0.0	0.260553070591
-4.6556	123.3905	-541.679395	27	0.661265716034	0.338734283966
4.2268	112.7698	-540.919644	17	0.957908628685	0.0420913713146
-6.6851	109.6599	-540.908558	0	1.0	0.0
-6.673	109.622	-540.833172	0	1.0	0.524258980766
4.2063	113.8344	-540.201047	9	1.0	0.0
-2.982	126.7919	-538.293457	13	1.0	0.495024444017
-3.9896	122.9979	-535.677734	35	1.0	0.0
-3.9807	123.0063	-535.64623	35	1.0	0.0375119127448
-10.4558	128.2645	-534.77993	11	0.604638759275	0.395361240725
4.5174	113.0011	-534.452591	16	0.790751692473	0.209248307527
4.5482	113.0119	-534.149326	16	1.0	0.0
-4.6572	123.0056	-532.248245	-1	0.0	0.338879223545
-4.6963	123.4808	-532.248003	27	1.0	0.1628282577
-3.4823	121.7157	-529.62556	29	0.800001527048	0.199998472952
-2.5222	122.3267	-528.745188	19	1.0	0.217751591889
-2.3964	122.3248	-528.580565	19	0.976101377034	0.023898622966
-3.8742	122.6696	-528.233289	32	0.489733090148	0.510266909852
-3.7897	122.7544	-528.175315	32	1.0	0.0
-3.7666	122.9242	-528.137844	-1	0.0	0.0585050611988
-4.1213	122.8349	-527.821726	-1	0.0	0.108328385302
-2.6038	123.7149	-527.820813	-1	0.0	0.0220955665289
-3.4183	121.7944	-526.981706	29	0.947872633807	0.0521273661928
3.6333	114.7923	-525.681097	5	0.286548860459	0.713451139541
-10.5479	128.1696	-523.004712	11	0.231779961319	0.768220038681
-10.5343	128.3488	-523.004596	11	0.34786363667	0.65213636333
4.5362	112.9943	-522.285123	16	0.898170968479	0.101829031521
-3.7253	122.734	-521.537927	32	1.0	0.0
-4.1767	123.2637	-519.38004	-1	0.0	0.35105005066
-4.0465	123.0519	-518.329447	35	0.617020191131	0.382979808869
-2.9704	123.5236	-518.32888	21	1.0	0.0
-3.4676	116.6059	-516.443431	24	0.99461825672	0.00538174327966
-3.7807	122.4678	-515.650944	31	0.789970236345	0.210029763655
-3.8121	122.4714	-514.950333	31	1.0	0.0
-3.8109	122.5068	-514.818216	31	0.864443275376	0.135556724624
-3.7439	122.7236	-514.74931	32	1.0	0.335939870851
-3.9732	122.9211	-514.543942	-1	0.0	0.199599490924
-3.7567	122.7333	-514.398847	32	1.0	0.316931554994
-3.49	115.9134	-513.114	-1	0.0	0.0881028700637
-4.698	123.1527	-512.463467	-1	0.0	0.217067625814
-4.7747	123.2702	-511.089466	26	1.0	0.0
-1.5441	125.6758	-510.71874	13	0.0206750891657	0.979324910834
4.2584	112.6013	-510.555646	17	1.0	0.0
4.2406	112.642	-510.443604	17	1.0	0.0
-0.7879	117.1966	-510.110841	-1	0.0	0.380997187028
-10.6753	117.5257	-509.948091	-1	0.0	0.0295914015698
-4.0145	123.0101	-509.945798	35	1.0	0.0859792897107
-4.1249	122.7515	-509.886675	32	0.454263665166	0.545736334834
4.5213	112.9239	-508.033926	16	0.657232283726	0.342767716274
-4.671	118.5562	-507.815042	23	1.0	0.20265403247
4.3853	113.1631	-505.406187	14	0.756127899801	0.243872100199
4.2815	113.0497	-505.355691	-1	0.0	0.411198722914
4.387	113.198	-505.294252	14	0.839612331596	0.160387668404
4.5851	113.2684	-505.265148	14	0.228720910942	0.771279089058
4.3593	113.2282	-505.22466	14	0.517811889359	0.482188110641
-3.8182	122.789	-505.007742	32	1.0	0.0427173966313
-4.8744	118.6496	-502.606195	23	1.0	0.153230086936
-4.2125	122.6062	-502.183099	-1	0.0	0.112965026703
-4.6899	123.5283	-501.048436	27	1.0	0.230626328542
-10.5144	128.1539	-500.974287	11	0.225736088584	0.774263911416
-10.2579	128.4236	-500.974133	11	0.0679440798566	0.932055920143
-3.946	123.3699	-500.837951	-1	0.0	0.265088541224
-3.9881	123.1506	-500.566395	35	0.80342602696	0.19657397304
-4.7376	123.4302	-498.495367	27	0.917501726876	0.0824982731241
-4.759	123.7999	-498.296677	-1	0.0	0.193187045124
-4.7929	123.5292	-498.144269	27	0.531015875302	0.468984124698
-3.9754	123.0668	-498.10765	35	1.0	0.0
-3.9854	123.0696	-497.986702	35	1.0	0.0
4.2476	112.6301	-493.208829	17	1.0	0.202332431101
-4.4418	122.7516	-492.960183	-1	0.0	0.125230835823
-10.0527	128.5519	-492.470682	-1	0.0	0.213602892602
-10.4747	128.2867	-492.407908	11	0.890950194518	0.109049805482
-10.5088	128.4523	-492.407806	11	0.0899695358143	0.910030464186
-10.49	128.2792	-492.344317	11	0.741434607765	0.258565392235
-10.4927	128.2916	-492.094534	11	0.890950194518	0.109049805482
-5.918	125.3667	-490.02224	15	0.473450246359	0.526549753641
-3.7772	122.6943	-489.98757	32	1.0	0.0
-3.7847	122.7899	-489.711003	32	1.0	0.0
-4.0067	123.1268	-486.212577	35	1.0	0.10231701333
-3.9951	123.0125	-486.12843	35	1.0	0.0859792897107
-3.9635	123.1537	-485.782839	35	0.653091604859	0.346908395141
-4.0755	122.9071	-485.379101	-1	0.0	0.367939915791
4.2154	112.7361	-485.302261	17	1.0	0.142623087543
4.1733	112.7021	-485.266346	17	0.756335138826	0.243664861174
4.2037	112.63	-485.185104	17	1.0	0.0810883544131
4.193	112.7618	-485.185088	17	0.911888604681	0.0881113953188
4.1958	112.5861	-484.582546	17	0.91483078837	0.0851692116299
4.3961	112.6747	-484.582423	17	0.485352595224	0.514647404776
4.1677	112.4853	-484.144999	17	0.402319672725	0.597680327275
4.1809	112.6088	-484.144983	17	0.936448786101	0.0635512138992
-10.421	128.243	-483.301433	11	0.286712629515	0.713287370485
-2.489	122.3065	-482.914787	19	1.0	0.0244246579134
-3.5528	116.5917	-482.726214	-1	0.0	0.0504522753191
-3.4636	116.6232	-482.624708	24	1.0	0.0
-3.4624	116.6218	-482.584081	24	1.0	0.0
-3.4586	116.6132	-482.550359	24	1.0	0.0
-10.4978	128.194	-479.367609	11	0.231779961319	0.768220038681
-4.664	123.4566	-478.922225	27	0.942278404887	0.0577215951134
4.5805	113.0155	-478.679063	16	1.0	0.0
-4.7026	118.4874	-477.520186	23	1.0	0.186569633325
-4.6826	118.5037	-477.451888	23	1.0	0.0861542390652
-6.6364	109.7436	-475.69599	0	1.0	0.40189066134
-6.6268	109.7902	-475.682064	0	1.0	0.40189066134
-2.5046	122.0293	-475.643705	19	0.308871670055	0.691128329945
-2.3031	122.2831	-475.586729	19	0.686257060272	0.313742939728
3.065	112.4552	-475.456684	-1	0.0	0.334377298173
3.9182	111.968	-475.456115	-1	0.0	0.41633510306
-2.4769	122.24	-475.186118	19	1.0	0.0
-2.4055	122.2477	-475.180197	19	1.0	0.116342269607
4.1199	112.221	-474.892868	-1	0.0	0.215911723334
4.3507	112.7788	-474.892746	17	0.540065081794	0.459934918206
-3.7768	122.2382	-473.654342	-1	0.0	0.0621825574563
-3.6851	122.226	-473.212547	-1	0.0	0.0621825574563
-3.7952	122.4687	-472.044699	31	1.0	0.0
-4.6817	123.5455	-471.926928	27	1.0	0.142585043503
4.2064	113.7318	-469.578498	9	0.507425196046	0.492574803954
4.3017	113.8645	-468.611543	9	1.0	0.0
4.2327	112.6175	-467.541386	17	1.0	0.216804023368
4.2485	112.7228	-467.541373	17	1.0	0.116605511883
4.2208	112.5803	-467.435299	17	0.90813303431	0.0918669656897
4.264	112.6526	-467.143701	17	1.0	0.118662217425
0.2386	129.0115	-466.642121	-1	0.0	0.228693772379
-10.4889	128.3286	-466.061631	11	0.490185785802	0.509814214198
-10.4754	128.2596	-465.813413	11	0.741434607765	0.258565392235
-3.492	122.772	-465.809152	-1	0.0	0.499219272373
-3.8172	122.8418	-465.730782	32	1.0	0.0666003577717
-3.8498	122.8448	-465.687096	32	0.835048697745	0.164951302255
-3.8322	122.812	-465.630021	32	0.921846177087	0.0781538229129
-3.8051	122.6852	-465.446177	32	1.0	0.328267608857
-3.9532	123.0668	-465.405674	35	1.0	0.0
-4.729	123.4598	-463.173191	27	1.0	0.0
-4.7471	123.53	-462.836101	27	0.768044900891	0.231955099109
-10.6509	127.6076	-458.082023	10	0.315820759489	0.684179240511
-10.4868	128.2267	-458.081683	11	0.245478654152	0.754521345848
4.1947	112.5714	-456.951211	17	0.91483078837	0.0851692116299
-6.0588	125.3896	-456.792602	15	0.982408134235	0.0175918657653
-6.042	125.3809	-456.696749	15	0.772453377348	0.227546622652
4.2041	112.6924	-456.529758	17	1.0	0.204824896804
-6.6659	112.4324	-456.363449	4	1.0	0.285100228039
-6.2042	125.4569	-456.087082	15	1.0	0.0
-4.0324	123.0549	-452.801573	35	0.935278108039	0.0647218919612
4.2245	112.6901	-449.251259	17	1.0	0.0416084859121
-4.1499	122.775	-446.155289	-1	0.0	0.0109702397291
-4.0143	123.171	-446.070279	35	0.499912129383	0.500087870617
-4.0404	122.89	-445.96807	-1	0.0	0.223746882477
-2.4809	122.3325	-445.911749	19	1.0	0.0249394103596
-3.3479	127.3139	-445.741714	13	0.0739517258731	0.926048274127
-4.0474	122.857	-445.709009	-1	0.0	0.295953637622
-4.1463	123.0656	-445.062546	-1	0.0	0.0917583693785
-4.0312	123.2154	-444.572977	34	1.0	0.0
-3.0169	126.8032	-444.390588	13	1.0	0.0301987886109
-3.1155	126.6853	-444.297792	13	0.308510854619	0.691489145381
-4.0284	123.0042	-441.32984	35	0.571302907782	0.428697092218
-10.4808	127.1666	-441.146385	-1	0.0	0.409307602413
-3.477	116.6642	-437.698717	24	0.75183011183	0.24816988817
-3.4851	116.4349	-437.674238	-1	0.0	0.61610088094
-3.4277	116.6371	-437.64858	24	1.0	0.0
-3.6432	122.059	-436.176145	-1	0.0	0.297319567993
-5.1797	123.026	-435.403369	-1	0.0	0.155838460581
4.2356	112.6528	-434.916798	17	1.0	0.0764483478377
4.2318	112.7244	-434.888447	17	1.0	0.116605511883
-4.6098	118.5267	-434.656357	23	0.763781588677	0.236218411323
4.2519	112.6334	-434.070053	17	1.0	0.0966874569872
2.924	114.8061	-433.705587	-1	0.0	0.14346307673
3.9593	114.3114	-433.217669	6	0.575937375253	0.424062624747
3.981	114.3745	-433.038894	6	0.449413270433	0.550586729567
-3.6886	122.6493	-432.096506	32	0.621004831183	0.378995168817
-5.0345	122.0644	-428.379373	-1	0.0	0.320835459859
-3.9812	123.0916	-425.06393	35	1.0	0.0
-3.9539	123.0601	-424.980265	35	1.0	0.0072008103291
-3.9887	123.0533	-424.859333	35	1.0	0.0
-3.976	123.0506	-424.716566	35	1.0	0.0
-10.444	128.2802	-423.710838	11	0.546999290056	0.453000709944
-10.4297	128.2511	-423.631059	11	0.373817713871	0.626182286129
-10.4815	128.2673	-423.494273	11	0.73059667539	0.26940332461
-5.9992	125.2838	-423.270051	15	0.438618376233	0.561381623767
-3.4008	121.6763	-423.088644	29	0.559183382021	0.440816617979
-4.1713	122.744	-419.990896	32	0.434663505252	0.565336494748
-7.7052	113.7051	-419.50872	2	1.0	0.0
-7.6832	113.6392	-419.448108	2	0.522185343387	0.477814656613
-7.6851	113.6436	-419.376608	2	0.567242163459	0.432757836541
-7.6736	113.6686	-419.296058	2	0.866916645576	0.133083354424
4.5866	113.0158	-418.394001	16	1.0	0.0
-3.7698	122.7591	-418.267387	32	1.0	0.139108126227
-3.8102	122.6913	-418.186751	32	1.0	0.242063330421
-3.8097	122.6817	-417.51851	32	0.927282031105	0.0727179688946
-4.4112	118.0999	-416.288143	22	0.288934452875	0.711065547125
-8.4644	117.6588	-415.773683	-1	0.0	0.079181345388
-4.2459	122.187	-414.937622	-1	0.0	0.107623954469
-3.9765	122.9952	-414.937154	35	1.0	0.0
-3.9779	123.0285	-414.806131	35	1.0	0.0
-3.9005	123.4699	-414.722506	-1	0.0	0.52613388582
-3.9591	122.8511	-414.669975	-1	0.0	0.135071368389
-4.0035	123.0563	-413.887054	35	1.0	0.0
-3.9772	123.0569	-413.772304	35	1.0	0.0
-3.9648	123.0692	-413.690243	35	1.0	0.0
4.2118	112.6658	-413.548189	17	1.0	0.235045528278
4.1513	112.6074	-413.468197	17	0.847076002085	0.152923997915
4.1854	112.7466	-413.417139	17	0.791369889418	0.208630110582
4.0952	112.6218	-412.744609	17	0.438198768078	0.561801231922
-4.8195	118.6453	-412.737755	23	1.0	0.0
-4.5947	118.2872	-412.560834	23	0.238118168573	0.761881831427
-4.5569	118.274	-412.558788	-1	0.0	0.00127957575056
4.3523	112.7015	-412.506275	17	0.8140690345	0.1859309655
-4.0799	123.0572	-410.505485	-1	0.0	0.0780371636734
-0.3836	125.6526	-410.502787	-1	0.0	0.0645474309334
-3.8479	122.7411	-408.657854	32	1.0	0.176813152677
-3.4869	121.7991	-405.51844	29	1.0	0.340568372935
-4.6224	123.5541	-405.090676	27	1.0	0.0586576661996
-4.0997	122.8232	-403.962609	-1	0.0	0.354468642281
-3.96	123.0052	-403.962495	35	1.0	0.122592771428
-3.9554	122.6428	-403.921389	-1	0.0	0.0212564000924
-3.7748	122.4429	-401.009808	31	0.523794052052	0.476205947948
-3.9074	123.3551	-399.280926	-1	0.0	0.347820164656
-4.0129	123.1127	-399.185802	35	1.0	0.0122466870062
3.5944	114.7254	-398.386138	5	1.0	0.0
-4.7354	123.4253	-398.20693	27	0.816490194941	0.183509805059
-3.7114	122.728	-397.003391	32	1.0	0.0
-3.7229	122.6704	-396.281596	32	0.621004831183	0.378995168817
-3.7277	122.7623	-396.21861	32	1.0	0.0
-3.7193	122.859	-396.152778	32	0.416605210549	0.583394789451
-3.7374	122.7768	-396.113213	32	1.0	0.148988616963
-3.7344	122.7717	-395.753249	32	1.0	0.0
-3.2398	116.6462	-395.496269	25	0.486899018764	0.513100981236
-4.0305	123.2127	-391.835667	34	1.0	0.0
-10.4514	128.289	-389.469338	11	0.59887814687	0.40112185313
-6.2274	124.4393	-388.512138	15	0.0457724043546	0.954227595645
-6.6282	109.7937	-386.937199	0	1.0	0.417322248172
-3.9689	122.1706	-386.837001	-1	0.0	0.498459678227
-3.7966	122.6588	-386.46729	32	0.709482466983	0.290517533017
-3.7783	122.7314	-386.371511	32	0.893280814495	0.106719185505
-3.478	116.7023	-386.279543	-1	0.0	0.031777522336
-1.4039	124.4753	-386.033773	-1	0.0	0.710433305757
4.2241	112.6063	-383.495733	17	1.0	0.172559111429
4.2512	112.6787	-383.321343	17	1.0	0.0
4.2848	112.6767	-383.262687	17	1.0	0.0486231395087
4.267	112.717	-383.194802	17	1.0	0.12841209083
-4.0163	122.9382	-382.709956	-1	0.0	0.190957222216
-3.0923	123.3228	-381.908709	21	1.0	0.0
-3.9798	123.0851	-378.945468	35	1.0	0.0
2.7118	116.763	-378.762772	12	1.0	0.0
2.6531	116.7368	-378.745656	12	0.585156552117	0.414843447883
2.5897	116.6214	-378.531284	12	0.197970108802	0.802029891198
-3.406	121.7389	-377.080274	29	0.947872633807	0.0521273661928
4.555	113.0783	-376.546189	-1	0.0	0.0698240765515
-3.8037	122.7774	-375.45889	32	1.0	0.0427173966313
-11.0825	127.6447	-375.419676	-1	0.0	0.356086223047
-10.4643	128.2843	-375.296007	11	0.792976752004	0.207023247996
-10.3017	128.2776	-375.259063	11	0.132436043713	0.867563956287
-10.4921	128.3474	-375.25903	11	0.490185785802	0.509814214198
-3.7182	122.7092	-375.143103	32	1.0	0.316240248957
-3.8187	122.7212	-374.782412	32	1.0	0.0
-4.4285	121.983	-374.756064	-1	0.0	0.0039921017323
4.0425	112.5591	-373.961595	-1	0.0	0.0371029179773
-4.8536	123.0594	-373.094176	-1	0.0	0.12148739253
-4.0966	123.2475	-372.345205	33	0.89132135788	0.10867864212
-7.7975	120.235	-372.109311	-1	0.0	0.00202830639832
-2.5067	122.1742	-371.135888	19	0.73859914517	0.26140085483
-3.8431	122.7346	-371.005483	32	1.0	0.0
-4.6652	123.5543	-370.387274	27	1.0	0.0
-3.6731	122.5286	-370.356391	-1	0.0	0.127410873143
-2.9804	126.7616	-364.963338	13	1.0	0.0
-2.9946	126.7545	-364.747561	13	1.0	0.0
-4.6859	118.4977	-363.158703	23	1.0	0.0861542390652
-9.139	114.2045	-362.784063	1	0.325969357472	0.674030642528
3.6064	114.7435	-362.568244	5	0.935442389228	0.0645576107715
4.2661	112.8078	-362.54803	17	1.0	0.0
-3.2558	116.6159	-360.770223	25	0.496764294887	0.503235705113
4.3692	113.1549	-360.545217	14	0.756127899801	0.243872100199
4.3703	113.1543	-360.514494	14	0.756127899801	0.243872100199
-4.7485	123.478	-360.085845	27	1.0	0.0
-3.8225	122.8308	-358.10308	32	1.0	0.0869343632426
-3.9115	122.6294	-357.753853	32	0.406899386561	0.593100613439
-3.5803	121.5742	-356.070134	28	1.0	0.0
-4.5003	118.065	-355.51248	22	0.30362205316	0.69637794684
-3.731	118.5317	-355.512225	-1	0.0	0.00273375742336
-4.7223	123.4484	-353.06258	27	1.0	0.081901815608
-3.7935	122.6663	-352.131518	32	0.854743871025	0.145256128975
-3.9722	123.0864	-352.084886	35	1.0	0.0
-3.9809	123.0565	-352.004588	35	1.0	0.0
-3.9562	123.0251	-351.8876	35	1.0	0.128062939464
-3.9944	123.0565	-351.740973	35	1.0	0.0
4.2155	112.7631	-350.542088	17	1.0	0.0508533564914
4.229	112.6822	-350.42925	17	1.0	0.0473260762111
4.2461	112.6875	-350.283977	17	1.0	0.0110112341172
-4.7073	123.6064	-350.213204	27	0.694146580066	0.305853419934
-3.4303	121.5916	-349.89312	28	1.0	0.0
4.2272	112.7501	-349.697207	17	1.0	0.0508533564914
4.3439	112.9458	-348.884857	17	0.333529799421	0.666470200579
-3.7128	122.6675	-348.754763	32	0.550656254851	0.449343745149
4.171	112.6799	-348.04314	17	0.808214584571	0.191785415429
-3.4755	116.5347	-344.864275	-1	0.0	0.346082176991
4.1018	114.2819	-343.080155	6	1.0	0.0
4.0236	114.1709	-342.989136	6	0.355442901066	0.644557098934
4.1142	114.2812	-342.989071	6	1.0	0.0
-8.1049	116.279	-342.902741	-1	0.0	0.0663774160514
-6.9451	117.3175	-342.902613	-1	0.0	0.455113302236
-3.4482	122.1367	-342.201533	-1	0.0	0.545229933314
-6.4971	110.04	-342.017446	0	0.400012593613	0.599987406387
-10.4076	128.2504	-341.781167	11	0.263638541303	0.736361458697
2.8219	116.7597	-340.622171	12	0.465941185152	0.534058814848
2.8463	116.8291	-340.522032	12	0.387478768559	0.612521231441
2.799	116.8249	-340.522016	12	0.468752391852	0.531247608148
4.2333	112.6224	-339.512068	17	1.0	0.237842176212
-2.3923	122.4675	-338.44951	19	1.0	0.407100830528
-7.6887	113.6718	-336.228549	2	0.888373777058	0.111626222942
-3.9939	123.1263	-335.031118	35	1.0	0.256279729287
-3.9682	123.0114	-334.989808	35	1.0	0.00234271964541
-4.4454	122.5197	-334.902435	-1	0.0	0.00457188690355
-3.9916	123.0645	-334.902051	35	1.0	0.0
-4.6357	123.4864	-334.035498	27	1.0	0.198426889604
-4.6628	123.5437	-333.997832	27	1.0	0.137421804931
-4.6523	123.5181	-333.964092	27	1.0	0.0
-3.7147	122.73	-333.814678	32	1.0	0.0
-2.544	122.3439	-330.503868	19	1.0	0.0613276866132
-3.4228	121.838	-329.395126	29	1.0	0.129148513111
-4.0357	123.0943	-326.285652	35	0.658751912965	0.341248087035
-4.1937	123.3598	-325.639581	-1	0.0	0.212787379787
-3.7783	122.6725	-325.516183	32	0.927282031105	0.0727179688946
-3.8385	122.8241	-325.475092	32	0.817733830859	0.182266169141
-2.4908	122.3979	-324.02622	19	1.0	0.0322710581876
4.4797	112.9607	-322.87551	16	0.524945087525	0.475054912475
2.8401	119.7543	-322.628097	8	1.0	0.0
-3.9916	123.0546	-322.071661	35	1.0	0.0
-6.6671	109.662	-321.582348	0	1.0	0.0
4.1339	112.6549	-321.467969	17	0.640643620254	0.359356379746
3.9491	112.4425	-321.354198	-1	0.0	0.0838885333418
4.0727	112.6654	-321.354123	17	0.518471095271	0.481528904729
-3.9752	122.7415	-320.649249	32	0.570867888272	0.429132111728
-4.6723	118.561	-320.335557	23	1.0	0.200909884777
-5.0491	118.3237	-320.308631	-1	0.0	0.00774905373856
-4.7184	118.5481	-320.242731	23	1.0	0.265059939846
-2.9395	126.7235	-319.265524	13	0.666969379992	0.333030620008
-2.9797	126.6896	-319.148179	13	0.584218241299	0.415781758701
-2.97	126.7731	-317.972635	13	1.0	0.0955957634332
-2.9699	126.7679	-317.941262	13	1.0	0.0
-4.1528	121.0855	-317.784808	-1	0.0	0.504262172451
-3.5603	121.8465	-316.821169	29	0.919753138431	0.0802468615686
-4.179	122.5297	-314.973351	-1	0.0	0.440301734669
-4.0122	123.0781	-314.97303	35	0.98546519916	0.0145348008401
-3.2441	116.589	-314.779544	25	1.0	0.0
-3.2476	116.5882	-314.622648	25	1.0	0.0
-3.9997	123.0835	-314.444312	35	1.0	0.17309378747
-3.4577	121.8682	-312.553748	29	1.0	0.0
-6.1453	125.2768	-311.97358	15	0.399913791019	0.600086208981
-6.1508	125.3969	-311.877215	15	0.70789689507	0.29210310493
4.2252	112.6327	-308.359694	17	1.0	0.03430599504
4.1821	112.6555	-308.33767	17	0.965179330233	0.0348206697668
4.2244	112.6774	-308.27656	17	1.0	0.0
4.1922	112.646	-307.631695	17	1.0	0.0323791357523
4.3759	112.9062	-307.522345	17	0.393595289286	0.606404710714
-3.643	122.2021	-306.594299	-1	0.0	0.254359506486
-3.7305	122.7044	-305.48668	32	1.0	0.269147287351
-3.7123	122.7792	-305.423464	32	1.0	0.0464941545778
-3.7178	122.7647	-305.31071	32	1.0	0.0
-3.6982	122.7345	-305.204066	32	1.0	0.317522149933
-11.7569	116.1876	-305.02832	-1	0.0	0.140756423249
-4.7335	123.3917	-305.025808	27	0.711845789846	0.288154210154
-3.5019	121.7661	-304.559497	29	0.923975621435	0.0760243785646
-3.541	121.7007	-304.489269	29	0.789132857379	0.210867142621
-4.7414	123.4727	-303.428869	27	1.0	0.0
-4.5937	123.4715	-302.870936	27	1.0	0.111987106284
-4.6163	123.4671	-302.76204	27	1.0	0.198426889604
-3.9781	122.9576	-302.619187	35	0.618196177044	0.381803822956
-3.9568	123.0661	-300.425344	35	1.0	0.0
-3.9851	123.0456	-300.381302	35	1.0	0.0
-3.3788	123.2843	-300.228756	-1	0.0	0.0698198218461
-4.9384	117.9069	-300.228246	-1	0.0	0.474352240901
-4.7992	118.1959	-300.228191	-1	0.0	0.000321740747314
4.1682	112.6101	-300.110802	17	1.0	0.0354108904614
4.2463	112.6327	-293.391001	17	1.0	0.202332431101
-3.8227	122.7526	-292.831891	32	1.0	0.0829321025876
-6.692	109.667	-292.064225	0	1.0	0.0
4.0131	112.7315	-289.434213	-1	0.0	0.173740145769
-10.4819	127.1058	-289.321018	-1	0.0	0.486468967166
-4.4571	117.8148	-288.582949	22	0.799729628546	0.200270371454
-5.2849	121.9842	-287.737681	-1	0.0	0.345262289945
-3.3618	121.7274	-287.347743	29	0.635080559475	0.364919440525
-10.3512	128.2102	-284.063329	11	0.161825407617	0.838174592383
-2.4446	122.2589	-283.200107	19	1.0	0.0
-2.4344	122.1512	-282.794215	19	0.526476731115	0.473523268885
2.9156	119.8226	-280.263514	8	0.397313315396	0.602686684604
2.665	119.5638	-280.246277	8	0.118416079218	0.881583920782
2.8647	119.7746	-280.246118	8	0.845536123963	0.154463876037
2.5945	119.5797	-280.157257	8	0.112141805701	0.887858194299
2.8716	119.7132	-280.157069	8	0.571134440324	0.428865559676
-9.1739	114.2724	-279.176154	1	1.0	0.0
-9.1563	114.2806	-279.065632	1	1.0	0.0
-3.9789	123.1122	-277.344246	35	0.66668476822	0.33331523178
-4.0072	123.1272	-277.290014	35	1.0	0.0965141819686
-10.4784	128.3002	-277.281338	11	1.0	0.0
-4.1878	122.6311	-277.208354	-1	0.0	0.012581067656
-10.4878	128.3056	-277.191416	11	1.0	0.0
-10.4621	128.3089	-277.104026	11	0.686264413263	0.313735586737
-10.4708	128.3299	-276.906947	11	0.44944015289	0.55055984711
-4.0067	123.1217	-276.737303	35	1.0	0.0
-6.5647	109.6836	-276.093311	0	0.825890944096	0.174109055904
-6.5476	109.7935	-275.933422	0	0.954308639226	0.0456913607744
-10.2034	127.7705	-275.399367	10	0.333434173659	0.666565826341
-4.0235	123.0188	-275.231103	35	0.684120217865	0.315879782135
-4.6378	123.4991	-274.860134	27	1.0	0.0
-4.6301	123.4557	-274.789413	27	1.0	0.111987106284
-4.7364	123.3816	-274.737152	27	0.627994462309	0.372005537691
-4.6605	123.5718	-274.737047	27	1.0	0.255872332846
4.155	112.6212	-273.653733	17	0.936448786101	0.0635512138992
4.2242	112.669	-273.650067	17	1.0	0.0
4.2465	112.6012	-273.381082	17	1.0	0.0
4.2709	112.6673	-273.254881	17	1.0	0.0247473006436
-3.0478	126.8246	-272.440627	13	0.938389172055	0.0616108279454
-2.5086	122.3313	-269.632098	19	1.0	0.0249394103596
-3.6695	122.0659	-267.559515	-1	0.0	0.0510912140018
4.4638	112.8646	-265.234	-1	0.0	0.0106760502235
-3.8579	122.4716	-263.143576	31	0.755932733679	0.244067266321
-3.6769	116.5177	-262.96048	-1	0.0	0.495338842392
-3.516	116.5685	-262.960421	-1	0.0	0.0285597571261
-3.6732	116.6182	-262.96034	-1	0.0	0.485053098529
-3.4694	116.6336	-262.73257	24	1.0	0.0
-3.4853	116.6491	-262.646462	24	0.930892680566	0.0691073194337
-0.111	126.8347	-260.171945	-1	0.0	0.095913537215
-3.9834	123.0851	-258.769937	35	1.0	0.0
-4.094	122.7406	-258.501149	32	0.454263665166	0.545736334834
-3.4447	121.7506	-258.019485	29	0.947872633807	0.0521273661928
-3.9576	122.4212	-257.913523	-1	0.0	0.157847410852
-3.4326	121.4998	-257.695965	-1	0.0	0.166723913999
3.5597	114.7278	-257.514137	5	0.910412093649	0.0895879063509
3.576	114.6896	-257.486103	5	0.50472536277	0.49527463723
3.6915	114.72	-257.357415	5	0.382721960884	0.617278039116
-6.2049	125.4597	-255.81868	15	1.0	0.0
-6.2189	125.4617	-255.768397	15	1.0	0.0
4.2393	113.6054	-255.51075	-1	0.0	0.00169241475603
-3.6517	122.6556	-254.296278	32	0.43755483998	0.56244516002
4.2175	112.7207	-253.019613	17	1.0	0.0530011416916
4.2082	112.644	-252.959152	17	1.0	0.0323791357523
-6.0423	125.339	-252.681392	15	0.619084413333	0.380915586667
-8.7175	114.3779	-252.628413	1	0.142405679489	0.857594320511
4.7669	112.8841	-252.384803	-1	0.0	0.0862460779099
4.2017	112.6756	-252.172509	17	1.0	0.236972547653
4.5411	112.913	-249.515498	16	0.524945087525	0.475054912475
4.5358	113.0484	-249.515492	16	0.720381972174	0.279618027826
-3.7604	123.1562	-249.080412	-1	0.0	0.4579588073
-3.8092	122.7181	-248.962981	32	1.0	0.315069411498
-4.0693	123.3235	-248.908432	-1	0.0	0.0286524897151
-4.1041	123.2759	-248.800869	33	1.0	0.0
-3.8129	122.5962	-248.734971	32	0.644836429528	0.355163570472
-3.8277	122.7188	-248.734902	32	1.0	0.0
-3.9748	123.0077	-248.674522	35	1.0	0.00234271964541
-3.7356	122.9404	-248.503169	-1	0.0	0.112574899898
-6.621	109.7662	-246.203598	0	1.0	0.40189066134
-6.4878	109.5925	-246.125464	0	0.450976507418	0.549023492582
-6.6144	109.7204	-246.081232	0	1.0	0.321354381635
-2.4258	122.2747	-245.184354	19	1.0	0.0
-2.4041	122.269	-245.142297	19	1.0	0.0
-2.4081	122.2808	-245.105983	19	1.0	0.106107318298
4.1163	114.3257	-243.985259	6	1.0	0.0
-4.6855	123.3993	-242.747657	27	0.760366368964	0.239633631036
-3.4646	121.825	-242.285746	29	1.0	0.21405468732
-3.4253	122.1482	-242.285619	-1	0.0	0.114562550984
4.2778	112.6633	-241.597237	17	1.0	0.189641686092
4.1556	112.4829	-241.501183	17	0.402319672725	0.597680327275
4.2908	112.6816	-241.497792	17	1.0	0.113445362374
4.6039	112.9881	-241.451506	16	1.0	0.0
-2.9467	126.7778	-238.616321	13	1.0	0.440817952881
-3.1118	127.0874	-238.616202	13	0.0970033809748	0.902996619025
-3.4443	121.8281	-235.346747	29	1.0	0.108073475506
4.2595	112.6844	-230.733244	17	1.0	0.0
4.2327	112.4689	-230.73323	17	0.351103658419	0.648896341581
3.8107	112.4706	-230.635628	-1	0.0	0.303099994933
-3.4839	121.5516	-228.92473	28	1.0	0.0
-3.4692	121.913	-228.825662	29	1.0	0.193365159314
-3.9559	123.0403	-227.180019	35	0.922232983905	0.0777670160946
-2.8954	123.6382	-227.179392	21	1.0	0.0
-3.9947	123.0667	-227.112842	35	1.0	0.0
-3.9808	123.0051	-227.0718	35	1.0	0.00234271964541
-1.4435	124.7466	-227.070035	-1	0.0	0.69861725615
-4.0002	123.094	-227.023747	35	1.0	0.248267117102
-3.9698	123.3552	-226.926838	-1	0.0	0.0389065730303
-3.9926	122.993	-226.487774	35	1.0	0.0
-3.7332	122.7642	-223.922329	32	1.0	0.0
-3.7445	122.7022	-223.623049	32	1.0	0.269147287351
-3.4732	121.694	-223.377406	29	0.720503188755	0.279496811245
-6.199	125.4165	-223.161393	15	0.747675506225	0.252324493775
-3.731	122.729	-223.109058	32	1.0	0.0
-3.7218	122.7694	-222.822656	32	1.0	0.0
-6.6825	109.6713	-222.175771	0	1.0	0.0
-2.5343	127.0119	-221.274115	13	0.0915104148712	0.908489585129
-3.9138	123.0376	-221.061529	-1	0.0	0.105598118875
4.25	112.6458	-218.788361	17	1.0	0.0
-3.4275	121.8585	-217.946461	29	1.0	0.0
-3.702	122.7084	-216.230128	32	0.773558666992	0.226441333008
-3.7876	122.792	-216.117272	32	1.0	0.0
-2.5074	122.2693	-215.91464	19	1.0	0.228361607841
-10.3308	127.5332	-215.851563	10	1.0	0.0
-7.2122	124.2638	-215.302519	-1	0.0	0.0373608320236
-6.0469	125.3229	-215.301764	15	0.557534198324	0.442465801676
-6.0135	125.4146	-215.075708	15	0.987855374326	0.0121446256742
-3.9538	123.0256	-210.844349	35	0.970427779581	0.0295722204191
4.277	113.9011	-210.571993	9	0.737238776917	0.262761223083
4.2022	113.8794	-210.570934	9	1.0	0.0
4.4061	113.2106	-210.376711	14	1.0	0.0
4.4184	113.4363	-210.376685	-1	0.0	0.408104923398
4.3888	113.2139	-210.328121	14	0.872559289201	0.127440710799
-3.6156	123.8285	-209.289632	-1	0.0	0.250035433902
-4.5801	123.4706	-209.159629	27	0.940220570045	0.059779429955
-0.6545	117.331	-206.539086	-1	0.0	0.485937930008
-4.6137	118.5633	-206.489948	23	0.850045148075	0.149954851925
-3.4502	121.8074	-205.818114	29	1.0	0.10906526815
4.2651	112.6883	-205.064409	17	1.0	0.0933299550446
-4.479	123.3813	-204.935189	-1	0.0	0.0728233301329
-3.0063	126.7643	-204.788499	13	1.0	0.138043075835
-3.013	126.7286	-204.692054	13	0.691061407078	0.308938592922
-3.0367	126.8254	-204.656531	13	1.0	0.0
-3.0093	126.7585	-204.602285	13	1.0	0.0737122401062
-4.0065	123.1041	-203.374219	35	1.0	0.349458074999
-3.9546	123.0218	-203.036507	35	0.88997412536	0.11002587464
-3.9866	123.0967	-202.991304	35	0.942795723947	0.0572042760534
-3.9819	122.9154	-202.626071	-1	0.0	0.0213839484498
-3.415	121.727	-199.958577	29	0.892314949874	0.107685050126
-3.5421	121.5626	-199.923781	28	1.0	0.0
-3.4611	121.857	-199.923631	29	1.0	0.0
-10.4843	128.2694	-195.99055	11	0.741434607765	0.258565392235
-2.5298	122.4939	-195.647146	19	0.568637782347	0.431362217653
-3.727	122.5636	-192.757832	-1	0.0	0.0527883593912
-3.7506	122.3583	-192.671096	30	0.969817997826	0.0301820021741
-3.4632	121.9461	-191.124629	29	1.0	0.0
-3.0535	122.3584	-191.124306	19	0.16171729213	0.83828270787
-3.4936	122.0236	-191.065218	29	0.4199998635	0.5800001365
-3.5063	121.8343	-190.255922	29	1.0	0.268341011186
4.2628	112.7948	-189.498799	17	1.0	0.0
4.2473	112.7193	-189.027599	17	1.0	0.023517071107
-6.0009	122.2955	-187.188146	-1	0.0	0.5140994464
3.5856	114.7264	-186.554241	5	1.0	0.0
3.5786	114.7247	-186.384727	5	1.0	0.0
3.6111	114.7401	-186.32102	5	1.0	0.0
3.6007	114.729	-186.245702	5	1.0	0.0
3.5864	114.7096	-186.149635	5	0.906342898086	0.0936571019141
3.5756	114.6184	-186.082259	5	0.174390458714	0.825609541286
-4.5186	118.1698	-181.814531	22	0.251289473186	0.748710526814
4.2573	111.9991	-178.304213	-1	0.0	0.371929394094
-3.9778	123.0364	-173.062743	35	1.0	0.117234226503
-3.9665	123.0398	-172.631094	35	1.0	0.0
4.2425	112.6476	-171.198829	17	1.0	0.0
4.261	112.5955	-170.693338	17	1.0	0.0
4.2613	112.6465	-170.621205	17	1.0	0.0
4.25	112.6472	-170.508591	17	1.0	0.0
-3.8132	122.4861	-169.638369	31	0.993618665915	0.00638133408479
-2.5199	122.3525	-168.175734	19	1.0	0.0
-6.8551	124.5156	-167.306038	15	0.0456816272881	0.954318372712
2.224	111.2936	-166.895589	-1	0.0	0.761998361855
3.9962	112.8344	-166.894702	-1	0.0	0.0519758869401
-4.5966	123.7746	-164.902961	-1	0.0	0.296684204818
-4.6221	123.6449	-164.669943	27	0.734140240154	0.265859759846
-3.6853	122.6644	-161.558165	32	0.621004831183	0.378995168817
-2.5559	122.3885	-160.354283	19	1.0	0.252576403277
-2.6802	122.0372	-159.618065	19	0.276963281183	0.723036718817
-2.5227	122.3738	-159.617851	19	1.0	0.0
-3.2953	116.6185	-159.183787	25	0.486899018764	0.513100981236
-3.3983	116.1438	-159.138254	-1	0.0	0.102142077896
-3.2892	116.607	-159.138169	25	0.62589408	0.37410592
-3.2366	116.6598	-159.029691	25	0.419641163369	0.580358836631
-10.4113	128.2071	-155.245564	11	0.213367693163	0.786632306837
-10.4792	128.307	-155.245489	11	1.0	0.0
-6.196	125.455	-155.067153	15	1.0	0.0
-6.2424	125.4712	-154.981813	15	1.0	0.0
-6.2674	125.5575	-154.91407	15	0.327525349351	0.672474650649
-3.9882	122.9933	-153.358777	35	1.0	0.0
-4.7336	123.4944	-149.941525	27	1.0	0.0468568064147
4.2911	112.7306	-149.834375	17	1.0	0.0
4.3075	112.8578	-149.83434	17	0.406544548244	0.593455451756
4.2223	112.5988	-149.806062	17	1.0	0.11897921073
4.2923	112.6186	-149.767508	17	0.782903710592	0.217096289408
4.2981	112.584	-149.684183	17	0.637613677873	0.362386322127
-6.6763	109.6922	-149.431988	0	1.0	0.317697095323
4.2938	112.6405	-149.347685	17	1.0	0.211412563698
-6.6038	109.7372	-149.285934	0	1.0	0.468427222709
-6.6374	109.7129	-148.93441	0	1.0	0.435355221787
-4.068	123.5302	-147.021011	-1	0.0	0.20393370548
-4.1084	123.3116	-146.983825	33	1.0	0.0
-4.075	123.2901	-146.913047	33	0.818693683107	0.181306316893
-4.0927	123.2948	-146.865083	33	1.0	0.0
-6.6774	112.371	-140.862441	4	0.46414817752	0.53585182248
-3.6734	122.2317	-139.145066	-1	0.0	0.0621825574563
-3.6664	122.2628	-139.093396	-1	0.0	0.0621825574563
-3.7469	122.7338	-137.840299	32	1.0	0.143309010526
-3.7731	122.7576	-137.652351	32	1.0	0.140983948786
-3.7811	122.7444	-137.143068	32	1.0	0.0502131868145
-4.1228	122.5767	-137.056689	-1	0.0	0.0413480112375
-6.628	112.6426	-134.560487	4	0.480955697059	0.519044302941
-4.0327	123.0547	-133.394686	35	0.931986549431	0.0680134505689
3.1295	114.4077	-132.989448	-1	0.0	0.235836552378
4.2054	112.6982	-132.189014	17	1.0	0.112444188063
4.1745	112.6493	-132.072458	17	0.949550999141	0.0504490008591
4.0701	112.5667	-132.038831	17	0.350806925425	0.649193074575
4.2335	112.6776	-132.038785	17	1.0	0.0
4.1235	112.5688	-131.952258	17	0.532542407995	0.467457592005
4.1036	112.6335	-131.947772	17	0.474955681939	0.525044318061
4.1815	112.5811	-131.821661	17	0.852667256631	0.147332743369
-3.7156	122.7482	-130.715042	32	1.0	0.0454171232481
-10.3309	128.2927	-127.640792	11	0.152994340622	0.847005659378
-2.8587	123.4578	-125.602389	21	1.0	0.0
-9.203	114.3013	-124.50433	1	1.0	0.0
-4.2022	122.5984	-119.783969	-1	0.0	0.136457895059
-2.9338	123.3912	-119.702249	-1	0.0	0.0698198218461
-2.4639	122.0623	-118.927069	19	0.35262167367	0.64737832633
4.4054	113.2869	-116.485729	14	0.402959028466	0.597040971534
-8.7196	114.2797	-115.564006	1	0.143953124871	0.856046875129
4.2575	112.6214	-114.545564	17	1.0	0.0855935925836
-3.9631	122.953	-112.347738	-1	0.0	0.0504827694132
-4.6898	118.45	-110.665309	23	0.527228111456	0.472771888544
-3.3665	119.8981	-110.664625	-1	0.0	0.594499195951
-4.6809	118.542	-110.410746	23	1.0	0.0
-6.6582	109.6705	-110.278865	0	1.0	0.0737771173851
-4.3381	117.9263	-110.184755	22	0.31823092277	0.68176907723
-3.0109	126.7462	-109.971786	13	1.0	0.374246630792
4.2256	112.6537	-109.366789	17	1.0	0.100468159617
-3.7961	122.3079	-108.610864	30	1.0	0.0
-2.9723	126.8314	-105.216749	13	1.0	0.0
-3.0474	126.8236	-105.040623	13	0.97242254726	0.0275774527398
-2.9842	126.8218	-104.991009	13	1.0	0.0301987886109
4.2592	112.6811	-104.975878	17	1.0	0.0
-2.9858	126.7836	-104.950005	13	1.0	0.351407076681
4.1855	112.6174	-104.647113	17	1.0	0.0354108904614
2.8469	119.743	-101.605285	8	1.0	0.0
4.113	114.2584	-98.756461	6	0.751434487336	0.248565512664
-3.9811	122.9744	-94.469466	35	0.631349784504	0.368650215496
-3.771	122.5082	-94.255445	31	0.765232554702	0.234767445298
-3.248	116.5901	-92.702524	25	1.0	0.0
4.2464	112.6147	-90.740762	17	1.0	0.00582583017367
4.2307	112.6444	-90.628921	17	1.0	0.125114822993
-3.9783	123.0249	-90.375151	35	1.0	0.0
-4.0096	123.0183	-90.186553	35	0.829638340944	0.170361659056
-4.0076	123.2174	-88.314046	34	1.0	0.0
-3.9771	123.0258	-88.28326	35	1.0	0.0
-3.9873	123.0451	-88.255407	35	1.0	0.0
-4.0199	123.2019	-88.178562	34	0.770338643548	0.229661356452
-3.1192	122.9068	-88.056151	-1	0.0	0.0772180034279
-3.9786	123.0721	-87.911284	35	1.0	0.0
-3.9914	123.0862	-87.536231	35	1.0	0.0
-4.467	117.501	-85.813227	-1	0.0	0.535602519759
-2.4902	122.4034	-82.962518	19	1.0	0.0353552113834
-3.4634	123.4136	-82.779133	-1	0.0	0.371581435615
-2.4554	122.3258	-82.768732	19	1.0	0.00410806062877
-4.0136	122.6945	-82.713753	-1	0.0	0.0935631029504
-4.4557	118.0651	-82.336589	22	0.33988305532	0.66011694468
4.5705	123.8805	-82.330284	7	0.258852660646	0.741147339354
-4.7822	118.6135	-81.599005	23	1.0	0.139340032234
-4.594	123.5101	-81.179436	27	1.0	0.127339071199
-4.612	123.5032	-81.133569	27	1.0	0.0933271986249
-2.9699	126.7679	-79.969639	13	1.0	0.0
-4.6992	118.4763	-76.390201	23	0.950709237472	0.0492907625276
-4.6783	118.5206	-76.331401	23	1.0	0.0644751900828
4.1215	112.6824	-76.033109	17	0.674111542791	0.325888457209
4.1127	112.6793	-75.981765	17	0.636704167639	0.363295832361
4.1145	112.6781	-75.81971	17	0.668322501952	0.331677498048
4.1137	112.7057	-75.589885	17	0.569867131175	0.430132868825
-4.0245	123.118	-75.001241	35	1.0	0.0
-4.8366	123.3007	-74.510949	26	1.0	0.0
-4.5857	118.2634	-74.308067	23	0.251280528269	0.748719471731
-3.811	122.7931	-74.158706	32	1.0	0.277924925604
-3.7722	122.7007	-74.086356	32	1.0	0.0
-3.7978	122.7952	-73.973177	32	1.0	0.0
-3.772	122.6842	-73.750233	32	1.0	0.0604775493438
4.2924	112.8865	-72.740552	17	0.406544548244	0.593455451756
4.2903	113.8991	-69.288872	9	0.766966839304	0.233033160696
-0.3057	118.7822	-67.808079	-1	0.0	0.0329169568879
-2.3317	122.4409	-66.651516	19	1.0	0.0
-2.368	122.5007	-66.401629	19	1.0	0.411389475426
-4.2305	123.5666	-66.327842	-1	0.0	0.207491484263
-2.3841	122.4653	-66.299564	19	1.0	0.403397539308
-2.5129	122.1919	-66.086457	19	0.990833929601	0.00916607039902
-4.6513	118.5991	-63.009537	23	0.636711766586	0.363288233414
-4.8994	118.6537	-62.291025	23	1.0	0.323023303652
-4.8291	118.6051	-60.404499	23	1.0	0.198849081188
-6.7177	109.6418	-59.565326	0	1.0	0.368977070772
-4.8569	111.032	-59.565089	0	0.0285341281709	0.971465871829
4.1922	112.6338	-54.929429	17	1.0	0.0323791357523
4.1717	112.7007	-54.852135	17	0.808214584571	0.191785415429
-2.3638	122.3561	-49.70474	19	1.0	0.394563991096
-6.6732	112.5148	-48.71295	4	1.0	0.421260441353
-4.0275	123.0775	-48.496154	35	0.701962310131	0.298037689869
-7.7064	113.5245	-46.88384	2	0.249729545188	0.750270454812
-4.8138	118.571	-46.507275	23	1.0	0.0835638413028
-6.0609	125.4444	-46.222622	15	1.0	0.0
4.2763	112.7396	-43.659779	17	1.0	0.0
4.2582	112.6815	-43.30873	17	1.0	0.0
4.2655	112.7933	-43.308706	17	1.0	0.0
-4.0587	123.101	-42.991704	35	0.536521090551	0.463478909449
-2.933	126.7429	-42.313856	13	0.797100719936	0.202899280064
-3.9829	123.1093	-40.129925	35	0.824166311173	0.175833688827
-4.5642	122.598	-40.107836	-1	0.0	0.203029763769
-3.9954	123.1569	-39.757648	35	0.62692342368	0.37307657632
-2.606	124.1453	-39.756724	-1	0.0	0.467784421387
-10.3	127.6315	-39.390064	10	0.818153670426	0.181846329574
-3.7334	122.2857	-37.679222	30	1.0	0.0
-2.5065	122.3247	-37.210182	19	1.0	0.0249394103596
-2.4852	122.3879	-37.031889	19	1.0	0.0
-2.4942	122.3667	-36.884913	19	1.0	0.072431780318
-5.7452	117.8542	-35.906173	-1	0.0	0.0725269177321
-4.016	122.8436	-35.422002	-1	0.0	0.354468642281
-3.8454	122.7238	-34.14422	32	1.0	0.0
-3.2352	116.5386	-33.474208	25	0.189374377934	0.810625622066
-4.029	122.7364	-32.821561	32	0.396804943497	0.603195056503
-10.5299	128.3223	-30.904044	11	0.34786363667	0.65213636333
-9.8873	128.799	-30.903781	-1	0.0	0.568515177384
-10.4754	128.3509	-30.877148	11	0.396427362532	0.603572637468
-10.4961	128.3173	-30.821622	11	0.727983032945	0.272016967055
-10.5344	128.3492	-30.791551	11	0.342672687547	0.657327312453
-10.4775	128.2969	-30.753934	11	0.912464637404	0.0875353625961
-10.4798	128.3092	-30.700922	11	1.0	0.0
-2.3625	122.4175	-29.242868	19	1.0	0.152697350909
-1.7047	122.7569	-29.242446	-1	0.0	0.275464360579
-4.8149	118.4294	-28.313664	23	0.44941751634	0.55058248366
4.2361	112.6649	-27.962169	17	1.0	0.0500447822251
4.2284	112.7668	-27.891261	17	1.0	0.090482274418
4.2165	112.6838	-27.611866	17	1.0	0.199373619819
4.2828	112.888	-27.611859	17	0.376503275351	0.623496724649
-4.0281	123.1136	-24.288935	35	1.0	0.0
-5.4538	128.8555	-23.893798	-1	0.0	0.0105903410196
-4.0134	122.9553	-21.991963	35	0.522704576685	0.477295423315
-3.6726	123.9571	-21.598672	-1	0.0	0.402946115838
-3.4678	121.8882	-20.840864	29	1.0	0.143456496382
-7.6621	113.7013	-20.267276	2	0.888373777058	0.111626222942
-7.6703	113.4812	-20.267272	2	0.182070456455	0.817929543545
-3.2764	116.6202	-20.244806	25	0.62589408	0.37410592
-3.6245	116.2162	-20.079981	-1	0.0	0.775088169188
4.6277	112.9556	-20.030044	16	1.0	0.0
-4.4656	117.7916	-18.370261	22	1.0	0.0
-0.0461	120.4796	-18.367803	-1	0.0	0.208453351491
-4.4487	117.7914	-18.34378	22	1.0	0.0
-5.762	116.5325	-18.326432	-1	0.0	0.48691542258
4.3723	112.8936	-16.105408	17	0.406544548244	0.593455451756
4.2772	112.6387	-16.037272	17	1.0	0.236317243531
4.3902	112.8878	-15.346623	17	0.385791340243	0.614208659757
-3.8157	122.5506	-15.029802	31	0.395521138249	0.604478861751
-3.7877	122.498	-14.982254	31	0.993618665915	0.00638133408479
-3.8088	122.6088	-14.796578	32	0.612306845081	0.387693154919
-9.2461	119.3773	-13.19699	-1	0.0	0.0189374297325
-3.0612	126.8099	-13.192576	13	1.0	0.0
4.2793	112.6497	-12.075327	17	1.0	0.0193961812855
-6.1324	125.46	-9.717067	15	1.0	0.105155503988
-6.2119	125.1466	-9.68447	15	0.175205058824	0.824794941176
-6.1003	125.6163	-9.635207	15	0.250372590079	0.749627409921
-6.1497	125.4797	-9.602537	15	0.992808774245	0.0071912257546
4.679	113.0871	-9.075042	-1	0.0	0.1250708428
-8.4646	123.0077	-8.927189	-1	0.0	0.0571244084091
-6.4864	110.0542	-7.847939	0	0.34583266596	0.65416733404
-4.0181	123.0418	-6.965394	35	0.718059498028	0.281940501972
-4.7683	118.5583	-3.615948	23	1.0	0.117003129399
-4.9566	118.2228	-3.308388	23	0.248261145718	0.751738854282
4.2652	112.6748	-1.804681	17	1.0	0.0247473006436
4.0836	114.4693	-1.782417	6	0.262197350608	0.737802649392
-1.5214	122.8538	0.001187	-1	0.0	0.457020473473
-3.8748	122.726	0.140787	32	0.93568179511	0.06431820489
-3.8621	122.7365	0.262225	32	1.0	0.0815389002244
4.2455	112.6016	0.343956	17	1.0	0.0
-3.8533	122.71	0.384491	32	1.0	0.275128672783
-3.8684	122.7504	0.511477	32	0.83436105914	0.16563894086
-3.8501	122.7017	0.697675	32	0.800344910457	0.199655089543
-3.5537	121.8963	6.51633	29	0.734737200598	0.265262799402
-3.249	116.5962	7.557259	25	1.0	0.0
-7.0208	113.8903	7.625216	2	0.0815271880028	0.918472811997
4.1398	112.5155	10.616017	17	0.402319672725	0.597680327275
4.2916	112.9324	10.725451	17	0.340477419411	0.659522580589
4.2182	112.729	10.832666	17	1.0	0.0736850205347
4.2259	112.7076	10.957534	17	1.0	0.0755875233465
4.217	112.6712	11.254401	17	1.0	0.0
4.1957	112.5109	13.555794	17	0.402319672725	0.597680327275
-4.6794	123.5189	14.641391	27	1.0	0.0
-4.6116	123.5102	14.753776	27	1.0	0.041023601853
-4.8171	118.6313	14.951905	23	1.0	0.119873726691
-4.7015	119.0051	14.966714	-1	0.0	0.245745955633
-3.5552	116.6992	16.136367	-1	0.0	0.161012574844
-4.0006	123.1158	19.795705	35	0.990188283919	0.00981171608124
-3.9697	123.0643	20.034449	35	1.0	0.0
-4.0029	123.0889	20.04529	35	1.0	0.343532005653
-4.0221	123.0685	20.212842	35	0.768854828625	0.231145171375
-4.4717	118.0129	23.25938	22	0.334595149318	0.665404850682
-3.8514	122.6263	23.489277	32	0.612306845081	0.387693154919
-3.8563	122.7909	24.071504	32	1.0	0.0743039591286
-3.8732	122.8014	24.204167	32	0.797389382954	0.202610617046
-3.8756	122.7643	24.449165	32	0.664203283505	0.335796716495
4.6062	112.9395	24.746425	16	0.70879236096	0.29120763904
4.5926	112.9383	24.971379	16	0.824365909688	0.175634090312
4.6455	112.9803	25.005437	16	0.701300024773	0.298699975227
-3.5027	121.8766	26.710752	29	1.0	0.332737978975
-10.4969	128.33	27.074383	11	0.526458488862	0.473541511138
-10.4781	128.3545	27.112448	11	0.351718868884	0.648281131116
-10.4763	128.264	27.194409	11	0.741434607765	0.258565392235
-10.4869	128.2823	27.328646	11	0.792976752004	0.207023247996
2.9057	119.8011	28.669026	8	0.417126556785	0.582873443215
-3.9854	123.0225	28.77718	35	1.0	0.0150101900941
2.8502	119.7689	28.904075	8	1.0	0.0
-4.0302	122.7498	31.352582	32	0.454263665166	0.545736334834
-9.1565	114.3434	32.902889	1	0.707988033494	0.292011966506
-3.9602	122.6346	33.898559	32	0.401877281632	0.598122718368
-4.7684	118.5899	34.099025	23	1.0	0.325063352017
-4.6792	118.5008	34.990848	23	1.0	0.126040095091
-3.2773	116.5771	35.803971	25	0.482884196774	0.517115803226
-9.1567	114.0647	36.433557	1	0.139209697342	0.860790302658
-4.0437	122.8588	37.592335	-1	0.0	0.30126728096
4.2926	112.7397	37.728994	17	1.0	0.0
4.2615	112.6603	38.117644	17	1.0	0.143484771322
-4.656	123.5583	39.061658	27	1.0	0.0
-4.7266	123.4515	39.116669	27	1.0	0.0
-4.6601	123.6275	39.116762	27	0.734140240154	0.265859759846
-4.6987	123.5671	39.225984	27	1.0	0.448215761467
-4.664	123.5572	39.421894	27	1.0	0.0
-4.6418	123.4007	39.654736	27	0.536441231063	0.463558768937
-4.8468	118.6059	39.966167	23	1.0	0.204341776516
-4.8413	118.6115	40.078039	23	1.0	0.192147909702
-4.8123	118.6449	40.261915	23	1.0	0.0
-2.4736	122.2246	41.907837	19	1.0	0.249024780752
-3.9707	123.1541	45.655366	35	0.743269304046	0.256730695954
-2.9569	123.7309	45.655973	21	1.0	0.0
-6.6415	112.454	48.963948	4	1.0	0.0
-2.5845	122.4201	50.076127	19	1.0	0.265089812797
-2.5194	122.3877	50.178044	19	1.0	0.0
-2.5563	122.434	50.279994	19	1.0	0.305083387819
-3.3087	121.7704	52.026742	29	0.518673252405	0.481326747595
-3.4681	121.8912	52.026837	29	1.0	0.20699694079
4.2513	112.6815	52.448626	17	1.0	0.0
4.2529	112.7581	52.630931	17	1.0	0.0488321707414
2.7028	116.7937	53.84446	12	1.0	0.0
2.681	116.7733	54.004091	12	1.0	0.0
2.6904	116.7698	54.1524	12	1.0	0.0
2.6877	116.8946	54.152433	12	0.284903485025	0.715096514975
-5.2	118.2592	57.495209	-1	0.0	0.176735901319
-4.8574	118.6199	57.543591	23	1.0	0.180475111834
-4.8085	118.6068	58.616566	23	1.0	0.240864757896
-4.0148	122.9833	60.526702	35	0.671225374922	0.328774625078
-3.9851	123.2341	60.52685	-1	0.0	0.0135541375337
-3.9582	123.0896	60.568159	35	0.908304604727	0.091695395273
4.2414	112.7823	61.130878	17	1.0	0.0
-4.1188	122.9505	63.235072	-1	0.0	0.0640806580477
-2.4682	122.2894	63.425233	19	1.0	0.0923608301252
-2.4766	122.3255	64.622801	19	1.0	0.0645919076705
-6.0904	125.4273	65.940609	15	1.0	0.0
-6.0492	125.441	66.288559	15	1.0	0.0
-6.0866	125.4872	66.444277	15	0.90823340527	0.0917665947299
-5.8389	125.5391	66.444351	15	0.226283036255	0.773716963745
-3.969	123.0816	70.273951	35	1.0	0.287334284486
-3.963	123.0405	71.124529	35	1.0	0.152091259517
4.2737	112.775	74.774132	17	1.0	0.0
4.2614	112.7062	74.994502	17	1.0	0.214217001816
-4.8627	118.6674	77.33885	23	1.0	0.00972922961791
-6.6138	112.5285	78.959511	4	1.0	0.0
-6.6418	112.4565	78.99297	4	1.0	0.0
-4.4374	117.8935	79.214708	22	0.498781901755	0.501218098245
-4.4126	117.7901	79.275841	22	1.0	0.0
-4.4081	117.9905	79.296908	22	0.33988305532	0.66011694468
-4.4441	117.7732	79.319006	22	1.0	0.0
-4.4413	117.826	79.353364	22	0.688292456087	0.311707543913
-4.4881	117.7653	79.437847	22	0.813257119807	0.186742880193
-7.7643	113.7531	79.75745	2	1.0	0.0
-7.7507	113.7598	79.832388	2	0.9056491068	0.0943508932002
-7.748	113.7578	80.083977	2	0.975093356718	0.0249066432816
-7.7235	113.7275	80.241385	2	1.0	0.0
-10.5352	128.3707	87.392321	11	0.278206478043	0.721793521957
-9.1601	114.3374	88.171255	1	0.816546014313	0.183453985687
-9.1581	114.3601	88.251808	1	0.519444537356	0.480555462644
-2.4463	122.2926	88.301702	19	1.0	0.0244246579134
-4.8658	118.6528	89.190266	23	1.0	0.0
-4.8165	118.6542	89.209395	23	1.0	0.196413211194
-4.8033	118.5932	89.265131	23	1.0	0.0597954578922
-2.5703	122.3533	91.410128	19	1.0	0.368659221626
-7.6535	113.5353	92.260227	2	0.274265161393	0.725734838607
-4.7442	123.4954	94.392138	27	1.0	0.128491442221
-4.7638	123.2179	94.442243	26	1.0	0.0
-4.662	123.5049	94.442419	27	1.0	0.0
-10.2374	127.5336	95.034165	10	0.714147937991	0.285852062009
-4.983	122.0318	95.44003	-1	0.0	0.298574080678
-4.0438	123.1047	95.522067	35	0.896432992629	0.103567007371
-2.3539	122.3726	98.225599	19	1.0	0.364416974834
-4.8677	118.6709	99.75946	23	1.0	0.171372750424
-4.8746	118.703	99.851533	23	1.0	0.0
-4.7979	118.674	99.8952	23	1.0	0.149530046944
-4.864	118.7181	99.996283	23	1.0	0.132544790545
-3.9927	122.9562	102.838876	35	0.571402282526	0.428597717474
4.3045	112.7726	105.430381	17	1.0	0.0274251131831
4.3086	112.7081	105.47001	17	1.0	0.0
4.2791	112.7367	105.514111	17	1.0	0.0
4.3922	113.1478	105.514191	14	0.709797242676	0.290202757324
-4.6574	123.6213	105.682142	27	0.734140240154	0.265859759846
-4.7735	123.1355	105.780617	-1	0.0	0.0943103580628
-2.51	122.2539	106.199851	19	1.0	0.160291437883
4.2329	112.7995	106.284904	17	0.948904538193	0.0510954618067
-2.4416	122.3605	106.513029	19	1.0	0.254983018504
-2.4968	122.2076	106.604207	19	1.0	0.244987321806
-6.6669	112.4755	106.815767	4	1.0	0.0
-4.8012	118.2662	107.624968	23	0.343994882945	0.656005117055
-4.7744	118.5889	110.19083	23	1.0	0.0597954578922
-0.2885	122.6756	110.289457	-1	0.0	0.0397424931295
-4.8036	118.6107	110.322442	23	1.0	0.192646821635
-4.8388	118.6286	110.388354	23	1.0	0.120836409023
-4.7899	118.6073	110.572588	23	1.0	0.240864757896
-4.0187	122.9351	114.962704	-1	0.0	0.175923042654
-4.7653	118.7495	115.854525	23	0.636439421936	0.363560578064
-3.4324	121.8177	122.722096	29	1.0	0.108073475506
4.2474	112.6905	123.331387	17	1.0	0.0837545558452
-3.9248	122.4866	123.409718	-1	0.0	0.0233976988813
-3.8313	122.6399	123.409822	32	0.644836429528	0.355163570472
-3.8244	122.7679	123.517322	32	1.0	0.0684444971472
-3.8192	122.76	123.555769	32	1.0	0.0
-3.8291	122.7312	123.632247	32	1.0	0.0920472873319
-3.8571	122.7282	123.703243	32	1.0	0.0
-4.0124	122.2994	124.092778	-1	0.0	0.487306386823
-4.8537	118.6457	124.097544	23	1.0	0.118714415061
-6.6115	109.7674	124.828173	0	1.0	0.40189066134
-10.3713	127.544	125.13792	10	1.0	0.0
-10.3605	127.5862	125.565936	10	1.0	0.0
-4.8111	118.6222	127.993624	23	1.0	0.0551983128967
-3.1166	123.8797	128.219579	-1	0.0	0.0283409114651
-4.0896	123.3146	128.228683	33	1.0	0.0
-4.1069	123.2703	128.319301	33	0.875760149931	0.124239850069
-4.0807	123.2617	128.363146	33	0.914178984944	0.0858210150564
-2.4067	122.2302	130.347122	19	1.0	0.301068443209
4.3085	112.7049	131.922548	17	1.0	0.0
4.2864	112.7427	131.967471	17	1.0	0.110501546438
4.2891	112.6344	132.031109	17	1.0	0.0428944212488
-4.668	123.5843	135.246698	27	1.0	0.196502462062
-4.8155	118.5698	137.507197	23	1.0	0.113295411571
-4.671	118.5527	137.53662	23	1.0	0.123490400591
-4.7131	118.5618	137.588613	23	1.0	0.32299699057
-3.5007	121.9596	139.512842	29	1.0	0.0
-6.653	109.8399	140.383147	0	0.924684541592	0.0753154584079
-6.6625	109.7983	140.427583	0	1.0	0.579913818924
-3.9578	122.9437	141.479286	-1	0.0	0.0766423328218
-3.9556	123.1843	141.479412	-1	0.0	0.0328288249917
-4.8753	118.6973	141.733081	23	1.0	0.0
4.2619	112.67	141.913818	17	1.0	0.0983537692112
-4.8834	118.6913	142.036012	23	1.0	0.0
-3.9563	123.0565	142.084486	35	1.0	0.121217326763
4.2683	112.7275	142.152737	17	1.0	0.116605511883
4.2768	112.7299	142.271275	17	1.0	0.0
0.8061	111.1655	142.651438	-1	0.0	0.00551944070565
-12.3976	128.9247	143.273553	-1	0.0	0.791224719036
-5.758	125.3253	143.774197	15	0.25250069594	0.74749930406
-6.6278	112.4345	144.84789	4	1.0	0.179869984085
-5.179	118.8836	145.276574	20	1.0	0.0
-5.199	118.8908	145.344846	20	0.767466689973	0.232533310027
-4.1755	122.652	145.89521	-1	0.0	0.136457895059
-4.8143	118.6326	148.56292	23	1.0	0.0219305061375
-9.163	114.2977	150.315728	1	1.0	0.0
-3.9882	122.9747	154.205578	35	0.671225374922	0.328774625078
-4.8598	118.5967	156.842962	23	1.0	0.134191167305
4.3229	112.6905	158.995196	17	1.0	0.00756776618627
3.905	112.5307	159.330946	-1	0.0	0.33588843914
-4.7806	118.5726	159.723165	23	1.0	0.105321576891
-4.6066	123.6393	160.936144	27	0.734140240154	0.265859759846
2.6625	119.7461	163.050578	8	0.223295331979	0.776704668021
2.8674	119.7491	163.050698	8	1.0	0.0
2.7471	119.6671	163.157333	8	0.218413619945	0.781586380055
-4.8024	118.6399	165.167078	23	1.0	0.212434912172
-4.7529	118.9553	165.167126	-1	0.0	0.0529654491105
-4.83	118.6257	165.233507	23	1.0	0.171036218879
-4.8054	118.6318	165.319468	23	1.0	0.197104062294
-4.7768	118.62	165.518149	23	1.0	0.0055845941984
4.2099	112.5199	165.72215	17	0.402319672725	0.597680327275
-6.7087	112.5223	166.867879	4	0.768400833232	0.231599166768
-3.253	116.6105	168.078869	25	0.622278541521	0.377721458479
-3.9436	123.0786	170.958137	35	0.752943138297	0.247056861703
-3.7981	122.9813	170.958155	-1	0.0	0.23334756474
4.4417	113.2091	170.996096	14	0.960807398245	0.0391926017546
4.4278	113.1967	171.018121	14	0.839612331596	0.160387668404
4.4313	113.1741	171.051051	14	0.52753019683	0.47246980317
4.4464	113.2305	171.089884	14	1.0	0.0
4.2568	113.1214	171.113567	14	0.236530844495	0.763469155505
4.4462	113.2494	171.113684	14	0.902478593499	0.0975214065006
-4.7955	118.5649	171.139463	23	1.0	0.105321576891
-10.5535	127.8762	172.137025	11	0.0404163361467	0.959583663853
-6.7047	109.6565	172.578872	0	1.0	0.0
-4.8183	118.5528	175.002348	23	1.0	0.0
-4.8336	118.6304	176.229342	23	1.0	0.120836409023
-4.7307	118.847	176.393202	23	0.294471214548	0.705528785452
-4.8469	118.714	176.53062	23	1.0	0.146655660378
-4.0153	122.6909	176.614957	-1	0.0	0.11657032855
-2.5109	122.3476	181.568379	19	1.0	0.0249394103596
4.2272	112.6988	181.942351	17	1.0	0.0437168799672
-4.8062	118.6072	182.02538	23	1.0	0.192646821635
4.2206	112.6968	182.083722	17	1.0	0.0994198058063
4.2015	112.7493	182.199226	17	1.0	0.0
4.1984	112.6709	182.413865	17	1.0	0.00328147612441
4.2639	112.7553	182.461966	17	0.994269949838	0.00573005016245
-4.5649	123.5857	184.121053	27	0.523467567236	0.476532432764
-3.9826	123.0617	184.369012	35	1.0	0.0
-3.9737	123.1262	184.405758	35	0.747797471775	0.252202528225
-4.0189	123.1762	184.462116	-1	0.0	0.0927549364733
-3.9869	123.0727	184.56363	35	1.0	0.0
-4.0206	123.2261	184.630606	34	1.0	0.0
-4.0018	123.1818	184.728567	34	0.762944333749	0.237055666251
-4.0403	123.2212	184.775201	34	1.0	0.0
-10.3672	127.7516	188.030962	10	0.507577934602	0.492422065398
4.7137	113.1053	189.255074	-1	0.0	0.348567797934
-4.8822	118.6851	189.555035	23	1.0	0.0
-4.875	118.6901	189.779865	23	1.0	0.0
-4.8393	118.6502	190.6521	23	1.0	0.223819019695
-4.8136	118.6917	190.733413	23	1.0	0.170330428325
-4.7796	118.5352	190.936762	23	1.0	0.29253298341
-6.4702	112.9887	192.873891	3	0.661587681272	0.338412318728
-6.6027	112.7392	192.960857	3	0.461113136637	0.538886863363
-2.989	126.8269	195.404923	13	1.0	0.0
-6.5762	109.6244	197.285301	0	1.0	0.571750321844
-6.6287	109.7069	197.541836	0	1.0	0.427656640781
-4.7791	118.5639	198.792835	23	1.0	0.326082346368
-3.8693	122.6829	200.671357	32	0.598084653077	0.401915346923
-3.8473	122.7813	200.806457	32	1.0	0.0598633179461
-3.7979	122.7632	200.905966	32	1.0	0.0
-7.7049	113.7144	201.152443	2	1.0	0.0
-7.7316	113.7295	201.275733	2	1.0	0.0
-3.8124	122.7416	201.401408	32	1.0	0.082746660672
-2.2429	116.7186	202.760979	-1	0.0	0.439030208053
-4.7515	118.578	203.806791	23	1.0	0.0450330756633
-3.8282	122.4697	206.297959	31	1.0	0.0
-3.7828	122.7889	206.310066	32	1.0	0.0
-3.7983	122.6388	206.326652	32	0.612257602608	0.387742397392
-3.87	123.0771	206.573175	-1	0.0	0.333711009793
5.0946	123.7448	206.920118	7	1.0	0.0
5.079	123.7303	206.921737	7	1.0	0.0
3.6111	114.7973	207.169712	5	0.273471259216	0.726528740784
-4.8048	118.6429	207.517563	23	1.0	0.12224181946
4.2952	112.7171	207.835074	17	1.0	0.0626696028626
-4.8445	118.6743	207.9077	23	1.0	0.227490633265
4.2901	112.772	207.967966	17	1.0	0.0
-4.7504	118.6198	208.020589	23	1.0	0.0752994591921
4.2917	112.5707	208.075907	17	0.482389904765	0.517610095235
4.3506	112.8131	208.075916	17	0.393823527257	0.606176472743
-5.6294	121.7464	208.077993	-1	0.0	0.5140994464
-4.8336	118.6094	208.250878	23	1.0	0.192147909702
-4.8026	118.7695	208.25091	23	0.617957235023	0.382042764977
4.2256	112.7115	208.472658	17	1.0	0.0179451034193
-4.6493	123.5125	209.440376	27	1.0	0.0
-6.1117	125.1011	210.668974	15	0.169232665645	0.830767334355
-6.718	109.6673	212.799098	0	1.0	0.121404822805
-2.5063	122.5618	213.090537	19	0.568637782347	0.431362217653
-3.2657	116.5975	214.370585	25	0.728926620223	0.271073379777
-3.2724	116.6342	214.430349	25	0.486899018764	0.513100981236
-3.2746	116.6723	214.759063	25	0.313453292005	0.686546707995
-4.1893	116.9796	215.296995	18	1.0	0.0
-4.182	116.923	215.32743	18	0.41933799856	0.58066200144
-4.1825	117.0687	215.399455	18	0.641967956665	0.358032043335
-4.1843	117.0125	215.494168	18	0.944356198059	0.0556438019407
-4.3475	116.6625	215.495265	-1	0.0	0.244179111223
-4.8394	118.5333	216.061114	23	1.0	0.255034277184
-3.5494	121.5848	222.236695	28	1.0	0.0
-4.8185	118.5486	222.867031	23	1.0	0.0
-5.199	118.9247	225.052317	20	0.503606604461	0.496393395539
-5.3019	118.6167	225.054631	-1	0.0	0.338093626689
-3.7285	122.3201	226.063683	30	1.0	0.0
-2.5912	123.0674	226.064406	-1	0.0	0.233961849872
-3.7117	122.8075	227.687834	32	0.597130262938	0.402869737062
-6.6549	109.7083	227.789836	0	1.0	0.321354381635
-4.8246	118.6414	227.827754	23	1.0	0.0
-4.8252	118.5515	227.924034	23	1.0	0.106959468284
-3.7851	122.6961	229.047166	32	1.0	0.0
-4.732	123.275	229.351589	26	1.0	0.0
-3.7539	122.7489	229.563206	32	1.0	0.0194353176512
-4.7657	118.7992	231.137985	23	0.481108887035	0.518891112965
-3.9951	123.0367	231.740033	35	1.0	0.10377940401
-4.0035	122.9846	231.851702	35	0.918253133935	0.0817468660646
-4.8688	118.4996	232.427796	23	0.566283152408	0.433716847592
-4.8624	118.6557	232.479802	23	1.0	0.0
-4.894	118.6762	232.579097	23	1.0	0.328402355302
-4.8769	118.7463	232.706085	23	0.999037244355	0.000962755645189
4.2613	112.704	233.369816	17	1.0	0.116103766522
-4.7862	118.5424	233.449622	23	1.0	0.329824565647
-2.3489	122.4595	235.370884	19	1.0	0.0767132513502
-1.9445	116.6616	235.629076	-1	0.0	0.18058921541
-4.7069	118.6189	236.852852	23	0.816492908351	0.183507091649
-4.7859	118.3996	236.908283	23	0.360894088924	0.639105911076
-4.7666	118.6116	238.430396	23	1.0	0.233306367908
-2.2237	120.733	239.574105	-1	0.0	0.0586596879335
-4.1212	123.3175	241.315882	33	0.7768671303	0.2231328697
-3.5654	121.9156	242.813476	29	0.680168062093	0.319831937907
-6.5499	112.9208	243.114965	3	1.0	0.0
-6.0335	119.664	244.282374	-1	0.0	0.484343514871
-3.7175	122.7307	244.760864	32	1.0	0.0
-3.8463	122.6742	244.827999	32	0.722505066454	0.277494933546
-2.8033	123.1298	244.828535	-1	0.0	0.15925297999
-2.5164	122.3536	245.002731	19	1.0	0.0
-3.4099	121.8344	245.930001	29	1.0	0.108073475506
-3.4398	121.8655	246.606369	29	1.0	0.0
3.2057	126.3918	246.611596	-1	0.0	0.244571808244
-1.8405	122.75	248.387641	-1	0.0	0.143946808667
-2.3437	122.4409	248.679601	19	1.0	0.0
-4.8289	118.606	249.240233	23	1.0	0.195634842277
-3.0464	127.0147	253.878739	13	0.139096041393	0.860903958607
-3.0316	127.075	254.03708	13	0.105148279602	0.894851720398
-6.093	125.5285	254.941741	15	0.560711147472	0.439288852528
-7.6933	113.7473	255.556493	2	0.975093356718	0.0249066432816
-7.7297	113.6891	255.842552	2	0.823860695157	0.176139304843
-6.0786	125.4247	255.932956	15	1.0	0.0
-4.835	118.5083	256.614445	23	0.650794570153	0.349205429847
4.3026	112.69	259.727426	17	1.0	0.0
-4.7843	118.5783	260.895369	23	1.0	0.299474287761
-3.9824	119.2934	264.44546	-1	0.0	0.149440353848
-4.8536	118.7118	264.565535	23	1.0	0.165831094875
-4.8298	118.658	264.643536	23	1.0	0.223486731014
-4.8692	118.7928	264.702541	23	0.539575443438	0.460424556562
-4.7825	118.7109	264.909104	23	1.0	0.388683082305
-3.1634	116.6116	265.05653	25	0.210899945958	0.789100054042
-3.2716	116.6456	265.132868	25	0.486899018764	0.513100981236
-3.4433	116.6738	265.187168	24	0.734611225951	0.265388774049
-3.2569	116.5876	265.266059	25	1.0	0.0
-3.9981	123.3393	265.721054	-1	0.0	0.0089825281433
-4.3009	117.6604	265.956133	-1	0.0	0.101304230948
4.2824	112.6736	268.722591	17	1.0	0.0665823004463
-5.8689	117.8101	270.193171	-1	0.0	0.191492087884
-4.8592	118.6582	270.193497	23	1.0	0.0
-3.9782	122.1807	271.837529	-1	0.0	0.511145325261
-3.7727	122.7037	271.837833	32	1.0	0.0
4.1774	112.7889	272.4902	17	0.537596620638	0.462403379362
-4.8087	118.5621	272.673331	23	1.0	0.0582981302009
-4.6971	118.7487	272.673386	23	0.44054995804	0.55945004196
-4.7666	118.4799	272.823734	23	0.569129872346	0.430870127654
5.1169	123.677	275.258902	7	1.0	0.0
-4.8396	118.6782	278.176422	23	1.0	0.30239020206
-4.8142	118.6732	278.410719	23	1.0	0.313206726993
-3.832	122.7966	281.623174	32	1.0	0.0743039591286
-2.3677	122.5242	281.901386	19	1.0	0.411389475426
-4.0415	123.1145	285.02015	35	1.0	0.258986335725
-2.5553	122.3196	285.254644	19	1.0	0.024627705337
-3.8062	122.8249	285.419777	32	1.0	0.0109255698989
-4.8116	118.6577	287.098577	23	1.0	0.106735069641
-4.8235	118.6863	287.426526	23	1.0	0.313206726993
-4.8966	118.2808	288.228251	23	0.343994882945	0.656005117055
-3.5305	121.8154	288.927714	29	1.0	0.340568372935
-5.1832	118.8526	292.353032	20	1.0	0.0
-5.1887	118.8795	292.356757	20	1.0	0.0
-4.8128	118.5486	293.205635	23	1.0	0.0
4.3372	112.6704	293.402241	17	0.651257641684	0.348742358316
-4.8763	118.5439	293.643898	23	0.941351499229	0.0586485007707
-3.7835	122.8073	294.942188	32	1.0	0.183172763657
2.7248	116.7861	296.147846	12	1.0	0.0
-3.7255	122.5928	296.831696	-1	0.0	0.0187478045032
-4.1998	116.9998	297.729383	18	1.0	0.0
-4.2071	117.0162	298.114877	18	1.0	0.0
-4.0164	122.6208	301.494416	-1	0.0	0.104749068819
-6.0913	125.4474	301.612536	15	1.0	0.00448238086529
-6.1022	125.4795	301.90597	15	1.0	0.105155503988
-4.8245	118.6855	302.963662	23	1.0	0.30239020206
-4.8456	118.6303	303.000221	23	1.0	0.120836409023
-4.8842	118.4226	303.161291	23	0.462574662915	0.537425337085
-4.8213	118.6356	303.301163	23	1.0	0.0
-4.458	117.6127	303.873724	-1	0.0	0.212451621286
-6.5145	112.9032	303.929307	3	1.0	0.0
-6.5285	112.9245	304.083352	3	0.929385878975	0.0706141210249
-6.5594	110.0127	306.064906	0	0.511941552151	0.488058447849
4.2862	112.6505	306.438124	17	1.0	0.017173194944
-4.836	118.6181	306.56133	23	1.0	0.192147909702
4.2776	112.6188	307.117344	17	1.0	0.0860798049179
4.2735	112.7689	307.170664	17	1.0	0.0
4.2723	112.9812	307.222005	-1	0.0	0.126757121245
4.2975	112.6937	308.36656	17	1.0	0.0
-4.8115	118.7099	308.904018	23	1.0	0.170292482273
-4.8367	118.331	309.734801	23	0.343994882945	0.656005117055
-7.6614	113.7476	310.125583	2	0.723877466554	0.276122533446
-7.7907	113.7342	310.171665	2	0.883351852554	0.116648147446
-3.812	122.7118	316.763928	32	0.975819922709	0.0241800772914
-3.9692	123.0334	316.812242	35	1.0	0.0
-6.6252	109.6478	318.052798	0	1.0	0.367231992806
-6.5914	109.6633	318.185357	0	1.0	0.505142743801
-3.7574	122.8097	318.979194	32	1.0	0.00852953286063
-3.9826	123.0694	319.314012	35	1.0	0.0
-3.4617	121.9658	319.894587	29	1.0	0.0
-2.4458	122.6131	319.895247	19	0.467113242634	0.532886757366
-6.5399	109.9369	319.981399	0	1.0	0.0758496180697
-2.9111	126.7106	320.462672	13	0.615502695662	0.384497304338
-2.9236	126.6547	320.515536	13	0.357755990749	0.642244009251
-2.3375	122.534	324.240518	19	1.0	0.416636231684
-4.0909	123.2927	325.365176	33	1.0	0.0
-4.8658	118.5875	327.275888	23	1.0	0.321533160668
-4.8784	118.7459	327.275923	23	0.986216764915	0.0137832350852
-4.9466	118.3241	327.629092	23	0.270294324501	0.729705675499
4.3277	112.7312	329.850914	17	1.0	0.0204646497926
4.2885	113.8036	331.047296	9	0.849967646249	0.150032353751
4.2978	113.813	331.1173	9	1.0	0.0
-4.8559	118.6237	331.356299	23	1.0	0.0333994540243
-4.856	118.6294	331.383444	23	1.0	0.181406351162
4.411	113.2339	331.401348	14	0.952332203292	0.0476677967084
-4.847	118.662	331.451367	23	1.0	0.00972922961791
4.4607	113.3163	331.514373	14	0.255811629161	0.744188370839
4.4887	113.3154	331.550448	14	0.255323408131	0.744676591869
4.4387	113.2307	331.566704	14	1.0	0.0
-3.3795	116.6504	331.736324	24	0.54970632203	0.45029367797
4.4264	113.2197	331.958213	14	1.0	0.0
4.3439	113.1466	332.14141	14	0.649074492029	0.350925507971
-5.5574	117.6701	334.100515	-1	0.0	0.702671202284
-4.7471	118.6218	334.100846	23	1.0	0.0526297024495
4.6056	112.9608	334.965298	16	1.0	0.0
-3.7283	122.7511	335.464189	32	1.0	0.184337821604
-6.6365	112.5757	335.92588	4	1.0	0.0765169207636
-6.9948	127.9026	338.413809	-1	0.0	0.00575608239148
-2.4929	122.2312	339.372769	19	1.0	0.0
-3.788	122.826	341.509703	32	1.0	0.0109255698989
-3.7775	122.8308	341.732331	32	1.0	0.0663702470795
4.2653	112.7059	342.339416	17	1.0	0.241981623899
4.2442	112.6998	342.570729	17	1.0	0.116103766522
4.2918	112.7654	343.092745	17	1.0	0.0
4.3023	112.7749	343.319533	17	1.0	0.0
-4.5092	117.8541	344.193637	22	0.564132742857	0.435867257143
-4.4796	117.882	344.455066	22	0.509021404294	0.490978595706
4.3609	112.9675	345.47706	16	0.496985084095	0.503014915905
-4.9104	118.6831	349.076136	23	1.0	0.0448541317521
-4.8933	118.6575	349.092782	23	1.0	0.226182300173
-4.9211	118.6925	349.163459	23	1.0	0.275406097128
-4.7739	118.5803	349.621386	23	1.0	0.105321576891
5.1066	123.7535	349.725128	7	1.0	0.0
5.0975	123.8434	349.879453	7	0.675637234672	0.324362765328
5.1234	123.6452	349.911638	7	0.761837271014	0.238162728986
-4.806	118.5461	350.264732	23	1.0	0.0
-2.3462	122.406	351.031117	19	1.0	0.0
-4.0067	123.0463	352.573179	35	1.0	0.096110582244
-2.3665	122.5392	357.83687	19	1.0	0.445052489132
-2.3662	122.5021	358.116454	19	1.0	0.422177370552
-6.6602	112.5846	359.748318	4	0.780735286773	0.219264713227
-5.207	118.8606	361.44413	20	0.849962455926	0.150037544074
-3.7447	122.6937	362.583553	32	1.0	0.00206452273039
-11.6286	127.4222	363.666066	-1	0.0	0.648328395299
-2.3381	122.4263	365.659774	19	1.0	0.0
-3.5553	121.8334	365.873434	29	1.0	0.268341011186
-4.8431	118.6008	366.013631	23	1.0	0.239434213449
-6.7578	109.7344	366.483068	0	0.626534444627	0.373465555373
-6.7137	109.7064	366.724458	0	1.0	0.581561709059
-7.6982	113.8014	367.22842	2	0.572200679632	0.427799320368
-4.0454	122.0952	368.943521	-1	0.0	0.477537227484
-4.0219	123.1171	369.019429	35	1.0	0.0
-3.7456	122.7082	369.07863	32	1.0	0.286759877865
-3.4181	121.8496	369.873232	29	1.0	0.066994898461
-3.4758	121.758	369.904268	29	0.796325375933	0.203674624067
-3.4436	121.892	369.904353	29	1.0	0.276147062668
4.2488	112.5923	370.811851	17	1.0	0.0
-2.3313	122.3965	377.58251	19	1.0	0.191809796683
-6.1231	125.6463	378.878744	15	0.20211507073	0.79788492927
-6.0339	125.4174	378.928231	15	1.0	0.109108110321
-6.0894	125.4708	379.021161	15	1.0	0.0849527649305
-6.1509	125.3342	379.058102	15	0.516308690939	0.483691309061
-4.6785	123.559	379.587872	27	1.0	0.0
4.2801	112.6465	380.285308	17	1.0	0.0747361023318
4.1062	112.7489	381.52856	17	0.351901980229	0.648098019771
-6.6403	112.4616	382.974802	4	1.0	0.0
2.5507	116.7064	383.377233	12	0.332085945116	0.667914054884
-5.2916	117.2654	383.530989	-1	0.0	0.216596332371
4.3451	112.7284	386.955277	17	0.969703112531	0.0302968874689
4.2692	112.6633	386.99733	17	1.0	0.0983537692112
-2.5033	122.3635	387.122912	19	1.0	0.0
-4.6867	118.5367	388.979288	23	1.0	0.0
-4.6749	118.5223	389.009564	23	1.0	0.0
-4.7055	118.587	389.054442	23	0.815158231105	0.184841768895
-4.7264	118.6494	389.165247	23	0.78584119374	0.21415880626
-3.8493	122.6017	392.739838	32	0.561473789701	0.438526210299
-3.7763	122.8057	392.739948	32	1.0	0.14407844727
-3.851	122.711	392.80219	32	1.0	0.196917959828
-2.5412	122.3981	395.238969	19	1.0	0.107310229939
-2.5867	122.4227	395.640034	19	1.0	0.320388297697
-3.9669	123.1399	397.253438	35	0.743269304046	0.256730695954
-3.8165	122.4686	397.935248	31	1.0	0.0
4.091	114.3166	398.127507	6	1.0	0.0
-3.8089	122.4143	398.196892	-1	0.0	0.123966277177
-2.303	122.579	398.68554	19	0.505079451222	0.494920548778
-10.3533	127.6697	398.846802	10	0.816274436645	0.183725563355
-10.3525	127.6352	398.930909	10	1.0	0.0
-10.4171	127.6581	399.227478	10	0.634963822791	0.365036177209
-3.4986	121.9481	399.448736	29	1.0	0.0
4.2973	112.8329	402.872816	17	0.505588046558	0.494411953442
4.2979	112.8115	402.872863	17	0.689286899611	0.310713100389
4.2627	112.7004	402.941574	17	1.0	0.116103766522
4.3047	112.7368	403.141548	17	1.0	0.0
4.6338	113.0224	404.737025	16	0.701300024773	0.298699975227
-3.7424	122.9127	406.738201	-1	0.0	0.0652454470176
4.4109	113.1819	409.709707	14	0.756127899801	0.243872100199
-4.4923	123.548	409.967786	27	0.387663381369	0.612336618631
-6.5186	112.7263	410.881131	-1	0.0	0.0812353181564
-6.6078	112.5355	410.88118	4	1.0	0.0
-5.1535	118.8646	411.075181	20	1.0	0.0
-5.195	118.8597	411.19368	20	1.0	0.0
-3.7874	122.7752	412.181362	32	1.0	0.338479685554
-3.7911	122.7992	412.799004	32	1.0	0.0569662858374
-6.5537	112.8628	414.569838	3	1.0	0.0
-6.5075	113.0745	414.620186	-1	0.0	0.246338612971
-6.5506	109.9295	415.433069	0	1.0	0.0
-6.5899	109.6308	418.475332	0	1.0	0.505142743801
-4.8281	118.6162	419.191422	23	1.0	0.192646821635
-4.9263	118.6492	419.205552	23	0.966580730931	0.0334192690691
-6.739	112.382	419.327579	4	0.452486740112	0.547513259888
-6.6618	112.4653	419.327589	4	1.0	0.0
-6.6989	112.4736	419.366948	4	1.0	0.317761280168
-3.0274	116.5602	419.501685	-1	0.0	0.437514386112
-3.5888	121.733	421.741375	29	0.540301668844	0.459698331156
-4.7406	118.3266	427.024128	23	0.302792399403	0.697207600597
-4.3342	119.0434	427.024436	-1	0.0	0.547289081536
-3.4247	116.4082	427.088075	-1	0.0	0.679923210619
-3.2707	116.5657	427.088143	25	0.352707351357	0.647292648643
-3.2494	116.8007	427.169799	-1	0.0	0.658048888242
-3.7484	123.0312	429.024948	-1	0.0	0.369027692284
-4.8386	118.73	432.517228	23	1.0	0.290029597746
-4.8434	118.6525	433.780853	23	1.0	0.196413211194
-2.5618	122.2697	437.168803	19	0.779987287666	0.220012712334
-4.2026	116.9688	437.302473	18	0.907571043042	0.092428956958
-2.4387	122.6165	437.445862	19	0.459195820741	0.540804179259
-4.2156	116.9928	437.469983	18	1.0	0.0
-4.2091	117.0672	437.556731	18	0.748594110136	0.251405889864
-3.8023	117.1243	437.556862	18	0.110605549139	0.889394450861
-4.1895	117.0028	437.588542	18	1.0	0.0
-4.2111	116.9449	437.831088	18	0.653771610907	0.346228389093
4.3152	112.6929	439.342203	17	1.0	0.0
4.3947	112.6989	439.45683	17	0.57099713015	0.42900286985
-4.8072	123.2393	439.663217	26	1.0	0.0
-3.9667	122.1857	440.248024	-1	0.0	0.477537227484
-4.8699	118.5653	440.470597	23	0.909987509847	0.0900124901529
-2.5693	122.2196	441.633752	19	0.863930643243	0.136069356757
-2.5672	122.1177	441.693298	19	0.495899196496	0.504100803504
-2.4443	122.3712	441.693442	19	1.0	0.0349965171463
-2.5231	122.4021	441.759922	19	1.0	0.0353552113834
-2.4718	122.5179	441.838558	19	0.746675755445	0.253324244555
-2.4965	122.3973	441.997619	19	1.0	0.0
-2.479	122.4232	442.086434	19	1.0	0.122407659158
-3.6575	116.922	450.997302	-1	0.0	0.78279653027
-3.9407	122.7816	451.15181	32	0.495929465122	0.504070534878
-3.9598	122.7768	451.158845	32	0.467836485999	0.532163514001
-3.9616	122.7687	451.196735	32	0.570867888272	0.429132111728
-3.9338	122.7592	451.213881	32	0.570867888272	0.429132111728
-3.811	122.4114	451.869772	-1	0.0	0.135725097229
4.3635	112.7668	453.271239	17	0.557812451712	0.442187548288
-10.329	127.5639	453.535369	10	1.0	0.0
-7.6494	113.7047	454.811224	2	0.945495288171	0.0545047118293
-7.6215	113.7317	454.86728	2	0.72998604729	0.27001395271
-6.0483	125.4423	456.165036	15	1.0	0.0499791543745
-4.5074	117.8697	458.083729	22	0.485371069146	0.514628930854
-4.8002	118.5522	460.453826	23	1.0	0.0
4.3721	113.9532	461.546676	9	0.461958899492	0.538041100508
-6.6399	112.6361	464.703836	4	0.522576954782	0.477423045218
-4.1302	123.0137	466.852186	-1	0.0	0.0512573356518
-4.1443	122.9565	467.354016	-1	0.0	0.0144237472027
4.2887	113.8252	471.411772	9	1.0	0.0
-3.9074	122.3619	471.968293	-1	0.0	0.118401211995
-3.1238	116.4208	472.049552	-1	0.0	0.650150240271
-4.6473	123.493	474.383385	27	1.0	0.155075857558
-4.6669	123.5489	474.436286	27	1.0	0.0
-3.5296	121.9294	475.981981	29	0.947368437845	0.0526315621552
-3.5489	121.8498	476.841775	29	0.89602785353	0.10397214647
-2.3303	122.2895	477.011339	19	0.839433223898	0.160566776102
-3.3011	116.6062	477.474727	25	0.479357984215	0.520642015785
-6.6193	112.5478	479.736724	4	1.0	0.0
-6.5077	109.8947	480.242075	0	1.0	0.151038754337
-4.515	123.4401	480.678113	27	0.45881027407	0.54118972593
-6.5883	109.8268	480.706158	0	1.0	0.584470635056
4.3116	112.6983	481.284279	17	1.0	0.0
4.3122	112.7194	481.462407	17	1.0	0.0623842355845
-4.811	118.5921	482.159209	23	1.0	0.0462115468199
-4.8203	118.6392	482.918036	23	1.0	0.0
-4.8329	118.6574	482.95202	23	1.0	0.196413211194
-4.9329	118.4608	483.051427	23	0.375635783321	0.624364216679
-4.7971	118.7255	483.093246	23	1.0	0.290029597746
-6.5474	112.8627	483.547735	3	1.0	0.0
-4.4552	117.7755	483.936051	22	1.0	0.0
-2.967	126.6985	484.373884	13	0.653792999597	0.346207000403
-2.9882	126.7641	484.423209	13	1.0	0.0
4.4559	113.2418	484.870063	14	0.867857510895	0.132142489105
-3.9186	122.3997	485.501964	30	0.944849556619	0.0551504433809
-3.7866	122.8081	485.50221	32	1.0	0.0806516413317
-3.7635	122.782	485.632686	32	1.0	0.0486004140856
-3.775	122.5815	485.869333	32	0.526074633652	0.473925366348
4.3779	112.7339	486.469066	17	0.664266249052	0.335733750948
2.869	119.7499	488.992707	8	1.0	0.0
-3.7486	122.817	489.226781	32	0.844882241995	0.155117758005
2.8818	119.8562	489.356752	8	0.263158414378	0.736841585622
-4.0419	123.1548	491.521849	-1	0.0	0.191952447741
-4.2038	116.9426	492.255421	18	0.630763401044	0.369236598956
-4.2157	117.0356	492.46414	18	0.839483183362	0.160516816638
-4.2021	117.0631	492.781056	18	0.839483183362	0.160516816638
-7.0253	128.0065	493.118655	-1	0.0	0.00157931649743
-6.5804	112.554	493.802228	4	1.0	0.0
-6.0715	125.4201	495.773091	15	1.0	0.0
-6.0899	125.4186	495.825221	15	1.0	0.215319101302
-5.6496	125.7823	495.825499	15	0.0957944141159	0.904205585884
-3.8662	122.8862	496.150225	32	0.400460436906	0.599539563094
-3.8163	122.7621	496.262105	32	1.0	0.0
4.305	112.7307	500.944764	17	1.0	0.112925782312
-6.603	109.8663	501.56303	0	1.0	0.108805444013
3.4912	112.5391	502.017863	-1	0.0	0.199570053464
-2.6043	122.3694	503.019394	19	1.0	0.173547902028
2.6345	116.789	503.536973	12	0.685062046688	0.314937953312
-2.3689	122.4241	504.590591	19	1.0	0.0
0.058	116.4922	505.531401	-1	0.0	0.526022788168
-5.1526	118.85	506.30603	20	0.969700346654	0.030299653346
-5.1629	118.9124	506.306066	20	0.647968749249	0.352031250751
-1.9497	116.775	507.597512	-1	0.0	0.221790062448
-4.811	118.6143	508.252319	23	1.0	0.192646821635
-4.94	118.709	510.505549	23	0.752310467618	0.247689532382
-3.7885	122.7566	510.790113	32	1.0	0.0
-3.5135	122.82	510.790228	-1	0.0	0.485019236083
-3.7959	122.3545	510.840837	30	1.0	0.0
-7.7063	113.527	510.990743	2	0.255246454973	0.744753545027
-4.014	123.1162	513.023648	35	1.0	0.0
-4.0111	123.0732	513.065786	35	1.0	0.126444619599
-4.8116	118.7059	513.484005	23	1.0	0.223412617381
-2.4581	122.3961	513.535493	19	1.0	0.172560107986
-6.5242	112.9075	513.917915	3	1.0	0.0
-2.4883	122.4892	513.996301	19	0.68306951509	0.31693048491
-4.8464	118.6355	514.060462	23	1.0	0.134861688601
4.338	112.745	514.366208	17	0.990545377381	0.00945462261936
-6.5837	109.8963	514.57047	0	1.0	0.0
-6.6348	112.5607	514.832137	4	1.0	0.0
-3.9579	122.0575	521.006474	-1	0.0	0.0264763878064
-3.8339	122.4836	521.006736	31	1.0	0.0
-10.3074	127.5507	521.170999	10	1.0	0.0
-10.6306	128.349	523.989323	11	0.160185299089	0.839814700911
-10.5854	128.4052	524.177356	11	0.149913305475	0.850086694525
-3.7475	122.7964	524.481997	32	0.984419954185	0.015580045815
4.4223	112.7249	527.683262	17	0.446112615104	0.553887384896
-4.9365	118.6489	527.880094	23	0.807710210574	0.192289789426
-4.8746	118.8615	527.880139	23	0.25470987342	0.74529012658
4.3243	112.7462	528.381468	17	1.0	0.136706747335
4.3188	112.7329	528.476623	17	1.0	0.0405086148377
-6.5521	109.9219	530.596995	0	1.0	0.0
4.3551	112.708	533.005	17	0.721228509316	0.278771490684
-2.9536	126.8184	536.173806	13	1.0	0.0
-3.8623	122.7958	536.214351	32	1.0	0.0743039591286
4.7041	113.0793	536.262306	-1	0.0	0.198117792795
-2.9082	126.8566	536.384268	13	0.49373264433	0.50626735567
-2.3502	122.3351	537.140109	19	0.839433223898	0.160566776102
-4.8665	118.6655	537.415189	23	1.0	0.0
-4.8481	118.758	537.685538	23	0.984794507799	0.0152054922011
-4.8849	118.7519	538.077975	23	0.788529010401	0.211470989599
-4.8125	118.65	538.201413	23	1.0	0.0801402362216
-4.8823	118.6649	538.602077	23	1.0	0.00118130271801
-3.762	122.7761	539.108387	32	1.0	0.0302364013948
-3.7899	122.5258	539.650751	31	0.620351153433	0.379648846567
-4.5602	123.644	539.782151	27	0.510203024754	0.489796975246
-3.7992	122.814	539.968468	32	1.0	0.0109255698989
-3.8314	122.8981	540.029438	32	0.405694070313	0.594305929687
-3.7784	122.8739	540.101283	32	0.509808429935	0.490191570065
-3.7686	122.8452	540.171607	32	0.78533799601	0.21466200399
-3.8167	122.8564	540.23467	32	0.835048697745	0.164951302255
-3.789	122.7874	540.367211	32	1.0	0.0579693688719
-3.7953	122.838	540.420789	32	1.0	0.0109255698989
-3.8467	122.5158	540.687354	31	0.528451470674	0.471548529326
-3.1125	116.4914	540.945493	-1	0.0	0.362266464139
-3.0903	116.521	541.013631	-1	0.0	0.395065509229
-7.664	113.7955	543.602306	2	0.57108274441	0.42891725559
-3.4301	121.7638	544.882005	29	0.947872633807	0.0521273661928
-3.5643	121.9643	545.39989	29	0.808475039001	0.191524960999
-5.5497	128.2852	546.430349	-1	0.0	0.123562697655
5.07	123.8831	546.871162	7	0.501548472544	0.498451527456
5.0674	123.7036	547.091658	7	1.0	0.0
-3.8	122.6189	550.11734	32	0.644836429528	0.355163570472
-3.7817	122.8295	550.308712	32	1.0	0.0109255698989
-4.8168	118.4635	550.852066	23	0.550617697916	0.449382302084
-4.8569	118.5345	550.922076	23	1.0	0.366498912266
-0.7584	117.3526	551.334225	-1	0.0	0.481000043392
4.0894	114.2917	556.654234	6	1.0	0.0
-4.1467	122.6748	557.501432	-1	0.0	0.012581067656
-6.6232	109.6447	558.075018	0	1.0	0.4267200794
-6.6349	109.6012	558.556175	0	0.882021077414	0.117978922586
-6.5274	109.9023	559.347732	0	1.0	0.0
-6.5536	109.9475	559.383284	0	0.885317414881	0.114682585119
-6.641	109.9492	559.43829	0	0.738607722448	0.261392277552
-3.2203	116.635	560.746953	25	0.362637888003	0.637362111997
-2.956	126.8424	561.11664	13	0.992175448227	0.00782455177287
-6.568	109.8189	562.230354	0	0.939095419521	0.0609045804791
-6.6208	109.8535	562.284893	0	1.0	0.140690577512
-3.7759	122.7966	564.509018	32	1.0	0.0
-2.5887	122.372	565.169015	19	1.0	0.315426769364
-4.1044	123.2101	565.385902	-1	0.0	0.18767232851
-4.0891	123.2393	565.476909	-1	0.0	0.0024424780335
-4.0969	123.2313	565.762043	33	0.691860981413	0.308139018587
-3.7872	122.868	566.435375	32	0.559531122475	0.440468877525
-9.3335	119.4301	567.885389	-1	0.0	0.0395248227002
-5.9057	125.2487	569.156342	15	0.303308893514	0.696691106486
-1.6089	116.5938	569.439946	-1	0.0	0.364309226305
-4.8784	118.6607	569.958027	23	1.0	0.0
-3.8486	122.8569	570.105299	32	0.578963470541	0.421036529459
-3.9435	122.471	570.663335	-1	0.0	0.153733959067
-4.223	117.048	572.48968	18	0.820272915889	0.179727084111
4.3535	112.6277	572.901966	17	0.430255173841	0.569744826159
4.1888	112.7874	574.643442	17	0.648271328033	0.351728671967
-3.8562	122.3523	575.658604	30	1.0	0.0
-3.5924	121.6743	576.41115	29	0.460077820602	0.539922179398
-3.4389	121.9453	576.673774	29	0.972434947041	0.027565052959
-6.5454	112.4279	576.80388	4	0.674364242387	0.325635757613
-4.7197	118.6253	577.316057	23	1.0	0.37849338199
-4.6324	118.8727	577.316094	-1	0.0	0.131477511159
-3.9857	123.1374	578.29581	35	0.80342602696	0.19657397304
-3.9828	123.0169	578.314535	35	1.0	0.0278247144546
-2.6811	122.1787	580.183881	19	0.448345188144	0.551654811856
-3.2793	116.6625	582.895206	25	0.402221966096	0.597778033904
-3.2297	116.5953	582.925604	25	0.82780253533	0.17219746467
-3.2468	116.6455	583.232018	25	0.486899018764	0.513100981236
-5.095	118.7267	587.062724	23	0.245917320962	0.754082679038
-5.0434	118.6711	587.291318	23	0.391848541114	0.608151458886
-2.5676	122.3861	588.139793	19	1.0	0.340958876444
-3.8561	122.7762	591.233822	32	0.943031835246	0.056968164754
-3.8813	122.7982	591.690753	32	0.704323433372	0.295676566628
4.3343	113.2695	595.369658	14	0.32843212207	0.67156787793
4.4228	113.218	595.369745	14	1.0	0.0
4.4362	113.259	595.502529	14	0.60768065433	0.39231934567
4.3418	112.6809	595.768252	17	0.790938121344	0.209061878656
-3.8077	122.4505	596.087816	31	0.825555555604	0.174444444396
-3.8118	122.4984	596.182051	31	0.938615800773	0.0613841992268
-5.1504	118.8736	597.988541	20	0.969700346654	0.030299653346
2.6215	123.3361	598.160672	7	0.0591941979024	0.940805802098
-3.2041	116.5845	599.301394	25	0.41725305066	0.58274694934
-6.5616	109.8768	599.630215	0	1.0	0.0
