-18.8098	165.8862	-4e-05	25	0.75830198593	0.24169801407
-17.7191	166.9865	-599.102038	10	0.988433159158	0.0115668408419
-18.5179	166.1336	-599.013492	20	1.0	0.34925149225
-18.9187	165.9139	-597.154669	28	0.96212238218	0.0378776178199
-19.3632	164.85	-591.556223	17	1.0	0.203750023126
-12.835	169.9471	-588.973999	22	1.0	0.0
-19.644	164.8981	-588.222904	17	0.415440535603	0.584559464397
-17.9173	166.7351	-586.692044	10	0.964411657722	0.0355883422776
-13.7999	167.461	-583.361134	7	1.0	0.0
-16.7556	166.4622	-582.774848	-1	0.0	0.0726310499459
-19.0052	165.7656	-582.251873	-1	0.0	0.275494891284
-14.2172	168.0064	-579.024202	6	0.138380445402	0.861619554598
-14.2718	167.7943	-578.927794	6	1.0	0.0
-14.262	167.7707	-578.81208	6	1.0	0.0
-17.7399	168.4936	-575.871569	4	0.652137111003	0.347862888997
-20.297	164.5859	-572.326449	16	0.29349570862	0.70650429138
-16.2424	166.7159	-570.779843	15	1.0	0.0
-18.9365	165.8522	-569.679512	28	0.941706684067	0.0582933159332
-13.4393	169.1071	-563.547731	24	0.716995392665	0.283004607335
-13.4614	169.1027	-563.486568	24	0.773113822996	0.226886177004
-17.0952	165.917	-563.169657	8	0.131950828867	0.868049171133
-16.9866	165.7595	-563.169652	8	0.122963375745	0.877036624255
-15.4203	166.7336	-563.120982	11	0.349741313597	0.650258686403
-19.3037	164.8229	-561.968031	17	1.0	0.0
-14.2902	167.8047	-560.283959	6	0.787063325317	0.212936674683
-18.9231	165.8629	-559.210541	28	1.0	0.0
-20.338	164.6025	-558.250949	16	0.423626012089	0.576373987911
-20.3372	164.7076	-558.095496	16	0.740979611332	0.259020388668
-18.7823	165.9054	-557.957666	25	1.0	0.241051595796
-19.3659	164.9157	-557.42817	17	1.0	0.0
-13.8371	167.5885	-552.052173	7	0.985660525672	0.0143394743283
-13.8523	167.5332	-551.877248	7	1.0	0.0
-18.9534	165.8201	-548.659195	-1	0.0	0.0642597517182
-19.2599	164.8302	-547.328481	17	1.0	0.0894667126598
-18.8227	165.905	-543.381482	25	0.707533312681	0.292466687319
-18.9695	165.92	-542.199976	28	1.0	0.0
-19.5547	164.8466	-537.134365	17	0.577021838947	0.422978161053
-18.9376	165.9053	-532.294976	28	1.0	0.0
-18.4587	166.0992	-526.888702	20	0.852200040981	0.147799959019
-19.2863	164.7732	-522.022314	17	0.77598217603	0.22401782397
-13.7931	167.4399	-516.948864	7	0.923834683417	0.0761653165832
-13.8036	167.6	-516.814391	7	0.869811472054	0.130188527946
-19.2523	164.8557	-514.566014	17	1.0	0.0848712346479
-19.265	164.9608	-514.340583	17	0.817904813968	0.182095186032
-18.5105	166.1723	-512.12811	20	1.0	0.0
-19.4824	167.7502	-511.69907	2	0.316525001261	0.683474998739
-18.9497	165.9025	-510.927729	28	1.0	0.0
-11.8494	172.0873	-509.715529	12	1.0	0.0
-11.9358	172.2494	-509.715491	12	0.998026333324	0.00197366667603
-12.2153	171.6938	-508.502087	13	1.0	0.0
-12.2284	171.7224	-508.469442	13	1.0	0.0
-12.2175	171.6853	-508.284501	13	1.0	0.0
-12.2285	171.6977	-508.174094	13	1.0	0.0
-12.8285	169.9875	-504.642691	22	1.0	0.180043447621
-12.7804	170.1867	-504.337769	22	0.544413402757	0.455586597243
-17.1644	168.8765	-503.682545	5	0.547286733516	0.452713266484
-18.5018	166.1825	-503.498145	20	1.0	0.0
-18.551	166.1	-501.705895	20	0.514684285361	0.485315714639
-15.1848	167.5132	-499.022381	3	0.95360752532	0.0463924746801
-18.6866	165.9424	-497.206713	-1	0.0	0.0232692358854
-19.4005	164.9574	-492.841144	17	0.963240043826	0.0367599561743
-18.0336	165.5395	-492.840371	-1	0.0	0.130642269977
-18.7823	165.9264	-492.110738	25	1.0	0.241051595796
-19.0594	165.8573	-491.252287	26	1.0	0.0
-19.0578	165.8474	-491.080964	26	0.948765303444	0.051234696556
-17.7434	168.4019	-489.329647	4	0.433668474899	0.566331525101
-19.1684	164.8024	-482.401979	17	1.0	0.0
-18.9983	165.9074	-479.262628	28	1.0	0.0
-18.4971	166.1582	-478.379468	20	1.0	0.129737783534
-13.5879	169.1635	-477.27596	24	0.908359755817	0.0916402441833
-12.8651	170.055	-475.225671	22	1.0	0.273570337085
-12.8871	170.0358	-475.159804	22	0.945615229865	0.0543847701352
-17.8614	166.8302	-473.693931	10	1.0	0.0
-18.7823	165.8575	-469.544391	25	0.567398760689	0.432601239311
-18.7978	166.0028	-469.544354	25	1.0	0.210848493958
-18.8536	165.9731	-469.313243	25	1.0	0.0
-17.0235	165.941	-466.564913	8	0.11405787349	0.88594212651
-19.3065	164.9527	-465.019816	17	1.0	0.0
-12.7752	170.7199	-464.296517	-1	0.0	0.358655528117
-18.4202	166.2306	-459.707153	20	0.734165941557	0.265834058443
-18.4605	166.2421	-459.30938	20	0.960540628951	0.0394593710493
-19.2794	164.8531	-457.75255	17	1.0	0.0
-14.2228	167.7128	-455.480648	6	0.419005467839	0.580994532161
-14.271	167.8	-455.31471	6	1.0	0.0
-13.8058	167.5174	-453.049671	7	1.0	0.0
-13.236	169.4473	-450.987745	23	1.0	0.0
-18.6498	165.9124	-449.704564	-1	0.0	0.145736255928
-18.4394	166.297	-446.796358	20	0.680320334715	0.319679665285
-19.0315	165.9074	-443.365747	28	0.807992026049	0.192007973951
-19.3012	164.8174	-442.38837	17	1.0	0.0
-19.285	164.8145	-442.170574	17	1.0	0.0
-17.4969	166.2591	-438.051683	8	0.774386735254	0.225613264746
-15.2549	167.3554	-437.024218	3	0.205774142361	0.794225857639
-13.372	169.0987	-433.743067	24	0.773113822996	0.226886177004
-16.2396	166.7709	-430.390348	15	1.0	0.0
-17.1109	165.58	-430.275659	8	0.066613390893	0.933386609107
-19.383	165.0009	-426.165551	17	1.0	0.0
-19.3148	164.914	-426.037764	17	1.0	0.091683411502
-18.4105	166.2446	-419.725561	20	0.876448416722	0.123551583278
-14.2706	167.8636	-418.967939	6	0.404096561749	0.595903438251
-17.9516	166.7555	-415.564109	10	1.0	0.0
-20.3793	164.6807	-410.192718	16	0.809099088691	0.190900911309
-19.679	167.2297	-407.889903	1	1.0	0.0
-19.2566	164.7862	-403.965261	17	1.0	0.113781137409
-13.046	169.705	-402.178666	21	0.594238333855	0.405761666145
-18.9767	165.8879	-400.781164	28	0.972389923264	0.0276100767363
-18.5276	166.1754	-399.376506	20	1.0	0.0
-18.5239	166.1571	-399.248826	20	1.0	0.163552339186
-19.0047	166.0436	-397.364226	-1	0.0	0.340800089394
-17.7528	166.9601	-394.97746	10	1.0	0.0
-19.2053	164.7961	-394.304685	17	1.0	0.0
-18.9604	165.9216	-393.241926	28	1.0	0.0
-16.3744	166.9444	-389.304256	15	1.0	0.0
-16.2466	167.1868	-389.304119	-1	0.0	0.029665568682
-13.6644	169.0405	-384.991833	24	0.714313884514	0.285686115486
-12.8472	170.004	-382.861635	22	1.0	0.291356041668
-12.7999	170.8407	-382.461849	-1	0.0	0.358655528117
-18.9634	165.8632	-381.784179	-1	0.0	0.0184612346397
-18.8513	165.9714	-381.654261	25	1.0	0.0
-11.9048	172.2082	-379.320636	12	1.0	0.0
-18.9177	165.7745	-377.339666	-1	0.0	0.331219551697
-14.255	167.7633	-376.907572	6	0.895208933147	0.104791066853
-19.2777	164.8194	-374.436991	17	1.0	0.152257260015
-19.1946	164.8414	-372.448428	17	0.949781608263	0.0502183917368
-19.169	164.7573	-372.417781	17	0.67987537949	0.32012462051
-15.1593	167.466	-369.527404	3	1.0	0.0
-18.8084	165.9358	-367.327291	25	1.0	0.329250341558
-17.0711	165.8866	-359.152656	8	0.129396974248	0.870603025752
-16.9281	165.7301	-359.152625	8	0.108787297996	0.891212702004
-20.4869	164.6676	-355.55369	16	0.223495533562	0.776504466438
-18.9563	165.8835	-353.282964	28	0.71023942862	0.28976057138
-19.4329	164.8438	-352.518701	17	0.9666975658	0.0333024342001
-14.2419	167.8254	-350.35399	6	0.74028410903	0.25971589097
-17.9337	168.1733	-349.122409	-1	0.0	0.502182930126
-18.9214	165.8406	-346.53583	28	0.906473553991	0.0935264460086
-18.9789	165.9019	-346.437193	28	1.0	0.0
-18.5145	166.1411	-340.494555	20	1.0	0.180532206958
-18.9788	165.9798	-339.422323	-1	0.0	0.15289578315
-19.3008	164.8253	-337.946364	17	1.0	0.0335310855738
-20.3297	164.6716	-337.536396	16	0.850075441562	0.149924558438
-20.3325	164.7026	-337.434177	16	0.966899254653	0.0331007453473
-13.1296	169.7727	-336.076933	21	0.91217824752	0.0878217524804
-13.0687	169.7416	-336.048718	21	1.0	0.0
-18.48	166.19	-334.556724	20	1.0	0.0500954740217
-18.762	165.9463	-333.972178	25	0.951852636205	0.0481473637945
-18.7891	165.9795	-333.829098	25	1.0	0.0844717356062
-19.3019	164.8747	-328.592695	17	1.0	0.0
-19.58	166.0683	-327.823973	-1	0.0	0.0857857087073
-19.1211	164.797	-323.608513	17	0.696904539823	0.303095460177
-19.0882	165.9503	-323.147358	27	1.0	0.0
-14.228	167.7382	-322.098988	6	0.621998599775	0.378001400225
-19.5047	164.8005	-319.128782	17	0.745899375527	0.254100624473
-18.7662	165.9567	-318.206487	25	0.966319072998	0.0336809270019
-17.4338	166.2102	-317.717389	8	1.0	0.0
-19.2674	164.8351	-316.180706	17	1.0	0.0
-16.33	166.9721	-314.780407	15	1.0	0.0873169520381
-18.9497	165.9107	-314.560449	28	1.0	0.0
-18.5755	166.0127	-312.188353	-1	0.0	0.0161141517306
-18.6779	165.9833	-311.575876	25	0.620061331919	0.379938668081
-16.3665	168.7769	-309.68238	-1	0.0	0.742071364962
-18.5114	166.1792	-309.552923	20	1.0	0.0
-18.7662	165.9185	-305.889046	25	1.0	0.0
-19.4105	164.7239	-304.633892	17	0.494259015647	0.505740984353
-19.2587	164.8975	-302.547706	17	1.0	0.0756687625832
-20.3328	164.6792	-301.116533	16	1.0	0.0
-18.7627	165.9159	-301.107695	25	1.0	0.0
-16.2801	166.7635	-301.078167	15	1.0	0.0
-15.9829	166.9224	-301.044628	15	0.654172865063	0.345827134937
-12.8648	170.0959	-300.806659	22	1.0	0.0
-17.267	168.8893	-299.478853	5	0.683541017669	0.316458982331
-19.6627	167.2597	-298.360321	1	1.0	0.0
-17.7892	168.5346	-297.642833	4	0.38540995148	0.61459004852
-19.2898	164.8831	-296.455193	17	1.0	0.0598833657706
-18.4033	166.1785	-288.877713	20	0.987650094529	0.0123499054712
-12.8932	170.0285	-285.741784	22	1.0	0.450671762346
-13.5396	169.1095	-284.166114	24	0.969738287111	0.030261712889
-13.2956	169.1387	-283.086538	24	0.716995392665	0.283004607335
-13.3717	169.2333	-283.08652	24	0.562567245212	0.437432754788
-13.7723	167.4688	-281.794015	7	1.0	0.0
-18.9994	165.9068	-281.376725	28	1.0	0.0
-19.2419	164.8701	-278.412605	17	1.0	0.0756687625832
-15.1499	167.4553	-277.929911	3	0.68835179418	0.31164820582
-13.5057	169.6575	-276.036892	-1	0.0	0.191632838351
-19.1965	165.6312	-270.744727	19	0.956567954203	0.0434320457969
-18.5123	166.0034	-269.769279	-1	0.0	0.384302989274
-19.0139	165.9567	-265.201849	-1	0.0	0.0349333720477
-19.4422	164.7752	-262.559611	17	0.769562578228	0.230437421772
-19.452	164.8292	-262.436096	17	0.974002717599	0.025997282401
-20.306	163.939	-259.777069	9	1.0	0.0
-20.3608	164.0534	-259.733382	9	1.0	0.0
-13.76	169.36	-257.091074	24	0.660495052228	0.339504947772
-19.0365	165.7779	-253.583582	-1	0.0	0.202818735269
-19.0466	165.8204	-253.45816	-1	0.0	0.179671011154
-19.0296	165.744	-253.247003	-1	0.0	0.296851893807
-18.5495	166.1769	-251.258888	20	1.0	0.321207339775
-16.4522	166.2074	-250.813909	14	0.884144602948	0.115855397052
-16.3901	166.9288	-250.52595	15	1.0	0.0
-15.2015	167.5406	-248.765196	3	0.723914519205	0.276085480795
-19.3116	164.8645	-243.479519	17	1.0	0.0141330792488
-19.355	164.8859	-243.401874	17	1.0	0.0
-14.2389	167.7837	-243.124667	6	1.0	0.0
-14.2078	167.6699	-243.074103	6	0.245652315218	0.754347684782
-18.9513	165.9438	-239.667805	28	1.0	0.0604367079964
-12.1133	171.7584	-239.626297	13	0.45504816461	0.54495183539
-18.9857	165.9343	-239.385152	28	1.0	0.0
-13.6609	169.1331	-239.023469	24	1.0	0.0
-20.3567	164.6619	-237.6381	16	0.66093928744	0.33906071256
-18.5023	166.1602	-235.691569	20	1.0	0.0445631593784
-19.5792	164.8591	-235.299743	17	0.58427278049	0.41572721951
-19.6163	167.3919	-234.755164	1	1.0	0.0
-19.6472	167.2213	-234.594041	1	1.0	0.0
-19.5804	167.3623	-234.593967	1	1.0	0.0
-18.8761	165.9755	-233.99752	25	0.883311614599	0.116688385401
-17.7652	168.4671	-230.37466	4	1.0	0.0
-17.7587	168.4428	-230.315236	4	0.724602144787	0.275397855213
-12.1511	171.829	-227.467192	13	0.329928911662	0.670071088338
-19.9274	163.9437	-227.346986	9	1.0	0.0
-12.2912	171.4062	-227.079445	-1	0.0	0.362550573263
-12.226	171.7056	-227.079269	13	1.0	0.0
-11.9119	172.2446	-224.403337	12	1.0	0.0
-18.9146	165.8737	-221.574603	28	1.0	0.0
-19.024	165.8629	-217.704707	-1	0.0	0.0851523479087
-14.9457	170.7681	-217.315342	0	1.0	0.0
-14.8889	170.8621	-217.262709	0	1.0	0.0
-20.3633	164.6636	-212.971057	16	0.75209655979	0.24790344021
-18.414	166.0814	-211.811631	20	0.682070502324	0.317929497676
-15.2101	166.4179	-208.499592	11	1.0	0.0
-12.8758	169.969	-205.651996	22	1.0	0.0
-13.134	169.583	-205.267394	-1	0.0	0.202326145684
-13.1188	169.7872	-205.267302	21	0.799005832536	0.200994167464
-13.1508	169.7455	-204.664679	21	0.700723968846	0.299276031154
-19.3533	165.0237	-203.868571	17	0.671234803131	0.328765196869
-19.2533	164.9131	-203.743002	17	1.0	0.113161857659
-19.3484	164.976	-203.651514	17	1.0	0.0
-19.3431	164.9694	-203.494118	17	1.0	0.0
-19.0649	165.9397	-197.155767	27	0.87038639034	0.12961360966
-19.0209	165.9192	-195.084624	28	1.0	0.117090649766
-18.7571	165.9273	-193.91356	25	1.0	0.0499430878962
-14.2666	167.7744	-183.282291	6	1.0	0.0
-15.2446	167.5182	-182.651359	3	0.807259698196	0.192740301804
-18.7904	165.9435	-182.40284	25	0.993519423786	0.00648057621353
-19.1034	165.8768	-178.495274	26	1.0	0.0
-13.7437	168.6191	-177.421916	18	0.79816683202	0.20183316798
-13.6006	169.0819	-173.614736	24	1.0	0.0
-18.9659	165.9356	-172.327324	28	1.0	0.0
-18.4306	166.1671	-171.688342	20	1.0	0.327287598187
-19.0845	165.9427	-171.277457	27	0.901777503653	0.0982224963474
-19.0842	165.9103	-171.101829	-1	0.0	0.112042942884
-18.719	165.8619	-170.117575	-1	0.0	0.150988559161
-19.5423	167.8761	-169.223729	2	0.486098757725	0.513901242275
-17.4197	166.229	-167.096216	8	1.0	0.0
-12.8106	169.9516	-163.54491	22	1.0	0.013697351965
-19.2116	164.8846	-163.192581	17	1.0	0.0756687625832
-17.7916	168.3966	-155.724634	4	0.377431563489	0.622568436511
-17.8683	168.423	-155.580424	4	0.306247902077	0.693752097923
-18.9892	165.9394	-153.070969	28	0.847570030822	0.152429969178
-12.6355	170.3803	-152.254709	-1	0.0	0.243575307281
-19.5747	167.8578	-146.729061	2	0.723958703117	0.276041296883
-19.0918	165.8994	-144.300744	26	0.958943496571	0.0410565034286
-19.1902	164.806	-143.453712	17	1.0	0.0
-19.1206	165.3136	-143.351482	-1	0.0	0.605602764236
-18.7439	165.9191	-143.351186	25	1.0	0.0
-13.2341	169.4531	-140.46413	23	1.0	0.0
-15.1605	166.5888	-138.355119	11	0.526253296047	0.473746703953
-12.2238	171.8184	-135.87466	13	0.390686741968	0.609313258032
-12.2592	171.8471	-135.82136	13	0.29850572235	0.70149427765
-12.231	171.5448	-135.78361	13	0.264274980362	0.735725019638
-12.8587	170.7043	-132.74547	-1	0.0	0.358655528117
-13.1158	169.7899	-131.765226	21	0.749110291409	0.250889708591
-13.0269	169.8849	-131.650867	21	0.219975624814	0.780024375186
-13.0988	169.7533	-131.60546	21	1.0	0.0
-19.5368	167.8453	-122.90513	2	0.723958703117	0.276041296883
-18.7543	165.9086	-121.226092	25	1.0	0.0457777405645
-15.2242	166.4945	-121.058909	11	1.0	0.0
-17.3754	168.8231	-118.843394	5	0.683541017669	0.316458982331
-19.2913	164.8616	-118.124904	17	1.0	0.0
-19.4986	164.8936	-117.974562	17	0.577021838947	0.422978161053
-19.4472	164.9452	-117.858992	17	0.555214351555	0.444785648445
-19.478	164.8935	-117.325287	17	0.615262971327	0.384737028673
-18.9126	165.855	-116.718367	28	1.0	0.0197050981321
-18.9173	165.8821	-116.599189	28	1.0	0.075333059841
-19.0415	165.9175	-116.325083	28	1.0	0.117090649766
-19.1332	164.8425	-116.052846	17	0.696904539823	0.303095460177
-18.5341	166.2004	-115.58759	20	1.0	0.353184103509
-18.5635	166.2275	-114.787489	20	0.963044465049	0.0369555349514
-18.6098	165.9925	-113.558735	25	0.645640124886	0.354359875114
-18.8291	165.9392	-111.307389	25	0.874025086211	0.125974913789
-18.6117	165.9858	-109.457819	25	0.645640124886	0.354359875114
-18.9391	165.8687	-107.648816	28	0.981813780878	0.018186219122
-19.0874	165.856	-106.644505	26	1.0	0.0
-18.4598	166.2067	-103.097455	20	1.0	0.0777932018503
-13.8682	167.5363	-102.912654	7	1.0	0.0
-13.8455	167.4257	-102.73252	7	0.764863633978	0.235136366022
-17.765	168.464	-99.315813	4	0.983893570793	0.0161064292075
-20.3288	164.5911	-91.352006	16	0.321922861552	0.678077138448
-18.5849	166.0265	-90.747754	-1	0.0	0.0562930351003
-19.5195	167.9196	-90.623667	2	0.264098020345	0.735901979655
-19.4765	164.8073	-87.23732	17	0.869402875733	0.130597124267
-19.4947	164.8432	-87.139732	17	0.863263460281	0.136736539719
-12.8486	169.9424	-86.264993	22	1.0	0.0
-12.8187	170.1362	-85.966329	22	1.0	0.245137687386
-12.9528	169.6669	-85.256371	21	0.445506486196	0.554493513804
-13.0528	169.6664	-84.675967	21	0.50292758732	0.49707241268
-19.0902	165.8238	-83.209335	-1	0.0	0.0831905553869
-19.3767	164.6681	-80.139293	17	0.273966329855	0.726033670145
-19.3505	164.8943	-80.139232	17	1.0	0.0
-19.5158	165.4078	-78.454597	-1	0.0	0.569930851485
-18.4051	166.1082	-77.656204	20	0.782500386517	0.217499613483
-19.2351	165.6357	-75.796827	19	0.859634533717	0.140365466283
-19.0491	165.9705	-75.330176	-1	0.0	0.0951252277586
-20.3622	163.9469	-74.164963	9	1.0	0.0
-19.3734	164.836	-73.550827	17	1.0	0.176830290569
-18.4798	166.1683	-73.365803	20	1.0	0.211681489032
-18.8008	165.8473	-69.422	-1	0.0	0.129902564574
-19.296	164.8642	-69.092546	17	1.0	0.0
-17.3858	168.8241	-68.962837	5	0.67390717315	0.32609282685
-19.2828	164.9243	-68.891257	17	1.0	0.170169784602
-13.704	169.321	-68.030432	24	0.660495052228	0.339504947772
-13.7293	169.4139	-67.951615	24	0.614861740989	0.385138259011
-13.697	169.3536	-67.918152	24	0.660495052228	0.339504947772
-18.9019	165.9321	-66.728509	28	0.888792403959	0.111207596041
-18.6409	165.9676	-63.258838	25	0.645640124886	0.354359875114
-15.2694	167.5431	-61.710568	3	0.481210280354	0.518789719646
-17.4251	166.2184	-61.127325	8	1.0	0.0
-19.682	167.6035	-54.140775	2	0.107763400678	0.892236599322
-18.9709	165.896	-52.935881	28	0.987991895354	0.0120081046462
-19.2046	164.9028	-51.895887	17	1.0	0.113161857659
-17.7628	168.513	-42.514268	4	0.59558818956	0.40441181044
-18.7176	165.8535	-41.891794	-1	0.0	0.231690094323
-18.6612	166.0004	-36.406838	25	0.645640124886	0.354359875114
-19.0235	165.9107	-35.743929	28	1.0	0.117090649766
-18.4461	166.2021	-33.727567	20	1.0	0.0
-18.283	166.0358	-33.72754	-1	0.0	0.145674379517
-13.0712	169.7332	-33.021979	21	0.992578628218	0.00742137178196
-13.0906	169.7386	-32.790815	21	1.0	0.0
-12.6131	171.0967	-30.240877	-1	0.0	0.534926976738
-15.1924	167.4946	-29.340599	3	1.0	0.0
-18.9111	165.8254	-29.173045	28	0.849597994495	0.150402005505
-19.654	167.1777	-26.101145	1	0.877366793144	0.122633206856
-19.2954	164.8141	-24.284611	17	1.0	0.0
-19.3067	164.8138	-23.704246	17	1.0	0.0
-12.8231	169.9994	-23.105039	22	1.0	0.346363796653
-18.4219	166.1293	-22.613675	20	1.0	0.0
-18.5373	166.2701	-22.494153	20	0.734452749735	0.265547250265
-18.4493	166.263	-22.207346	20	0.843358597254	0.156641402746
-18.9925	165.9649	-18.825544	-1	0.0	0.0806058274215
-19.4165	164.7886	-13.369385	17	0.869402875733	0.130597124267
-17.7926	168.4696	-11.294674	4	1.0	0.0
-17.6576	168.6392	-9.851064	4	0.121908965964	0.878091034036
-17.5538	168.717	-9.415595	5	1.0	0.0
-18.9171	165.8677	-5.049864	28	1.0	0.0
-18.9448	165.9037	-4.199526	28	1.0	0.0
-19.2414	164.8793	-2.604135	17	1.0	0.0756687625832
-19.2302	164.89	-2.04419	17	1.0	0.0756687625832
-18.8098	165.8862	-4e-05	25	0.75830198593	0.24169801407
-18.5743	166.1994	1.782831	20	1.0	0.353184103509
-18.4542	166.2638	1.782894	20	0.778266077097	0.221733922903
-18.9393	166.0466	1.851486	-1	0.0	0.369974893095
-18.9811	165.9116	2.101084	28	1.0	0.0
-20.3651	164.6342	3.419071	16	0.501770285342	0.498229714658
-20.3472	164.687	3.489355	16	1.0	0.0
-20.5135	164.4273	3.534897	16	0.0743296837782	0.925670316222
-13.6662	169.1117	5.967958	24	1.0	0.0
-15.2863	167.4829	6.14917	3	0.503107534298	0.496892465702
-18.6365	165.9636	6.491622	25	0.620061331919	0.379938668081
-19.0994	165.8635	7.011963	26	1.0	0.0
-15.0592	166.5562	12.294447	11	0.567405370598	0.432594629402
-18.8651	166.2913	13.756007	-1	0.0	0.440044413421
-18.9702	165.9264	15.067765	28	1.0	0.0
-18.9864	165.9239	15.801143	28	1.0	0.0
-12.8798	169.9772	19.105211	22	1.0	0.234574172874
-14.951	170.6998	20.108558	0	1.0	0.0
-19.106	165.8776	22.076169	26	0.973928881512	0.0260711184881
-18.9116	165.8636	23.643302	28	1.0	0.0
-18.8465	166.0957	26.090033	-1	0.0	0.0720157010558
-18.6326	165.9127	27.860047	-1	0.0	0.303663342735
-18.64	165.9187	27.959328	-1	0.0	0.241957014372
-12.972	170.7463	32.245304	-1	0.0	0.358655528117
-15.1744	167.4903	33.814293	3	1.0	0.0
-18.9242	165.8956	34.249712	28	1.0	0.0207010568163
-18.9196	165.8344	34.336889	28	0.906473553991	0.0935264460086
-18.8027	166.0339	34.336986	25	0.585004805953	0.414995194047
-18.5298	166.1751	34.492708	20	1.0	0.0
-19.5263	167.8024	36.034237	2	1.0	0.0
-17.7547	168.4445	36.175104	4	0.754844327205	0.245155672795
-17.773	168.5049	36.759036	4	0.737348920785	0.262651079215
-17.375	168.8887	39.690947	5	0.683541017669	0.316458982331
-16.5554	166.8485	42.043761	15	1.0	0.194372377546
-18.9837	165.9111	43.82857	28	1.0	0.0
-18.4472	166.2766	45.117068	20	0.843358597254	0.156641402746
-18.552	166.2335	46.483747	20	0.963044465049	0.0369555349514
-19.343	164.9679	51.769037	17	1.0	0.0
-18.9601	165.9211	53.000064	28	1.0	0.0
-18.9652	165.9233	53.047684	28	1.0	0.0
-18.7598	165.9234	56.601776	25	1.0	0.0
-19.3561	165.6553	59.219804	19	0.440916070774	0.559083929226
-20.3584	164.6974	62.063875	16	1.0	0.0
-18.9704	165.9249	67.147174	28	1.0	0.0
-18.7744	165.8894	70.577947	25	0.831989638853	0.168010361147
-18.7435	166.018	70.636553	25	0.959530042124	0.0404699578762
-18.9083	165.8795	71.180233	28	1.0	0.0
-13.6697	169.0678	74.642711	24	1.0	0.0
-13.6952	169.1826	74.864309	24	0.987034968342	0.0129650316577
-17.7374	168.3668	76.805439	4	0.273830730619	0.726169269381
-15.5777	166.6768	77.36803	11	0.360736327992	0.639263672008
-15.2169	166.3848	77.368143	11	1.0	0.0
-15.2844	166.5072	77.452453	11	0.990799075013	0.00920092498742
-18.5162	166.1412	77.627217	20	1.0	0.163552339186
-17.7779	168.4813	79.222265	4	0.822749754205	0.177250245795
-18.7273	166.0558	80.543842	-1	0.0	0.249799950972
-19.084	165.9629	80.905829	27	1.0	0.0
-18.8937	165.9981	80.933267	-1	0.0	0.0213013666934
-19.0529	165.8854	81.057769	-1	0.0	0.159155231965
-19.5393	167.8273	83.070301	2	1.0	0.0
-19.5263	167.8155	83.2828	2	1.0	0.0
-12.5305	170.5699	84.446374	-1	0.0	0.358655528117
-18.7739	165.9038	95.261432	25	1.0	0.0884661727423
-18.7635	165.982	95.32589	25	1.0	0.193865085033
-12.9562	170.0877	96.430459	22	0.684016051274	0.315983948726
-13.0779	169.7433	96.870596	21	1.0	0.0
-13.0639	168.5532	98.147476	-1	0.0	0.469419939556
-12.3054	169.3534	98.148214	-1	0.0	0.042179335311
-18.3646	166.2805	99.427035	20	0.542846497832	0.457153502168
-18.4788	166.1857	99.799234	20	1.0	0.0
-18.6158	165.9837	99.837438	25	0.645640124886	0.354359875114
-12.8647	169.9468	101.566874	22	1.0	0.0
-12.8795	169.9746	101.870229	22	1.0	0.180043447621
-13.4182	169.243	103.314213	-1	0.0	0.0923979786147
-18.9504	165.9602	108.503705	28	0.743871964752	0.256128035248
-18.9127	165.9278	109.267998	28	1.0	0.0
-17.406	168.8295	111.532832	5	0.683541017669	0.316458982331
-18.6305	166.0451	111.731322	-1	0.0	0.216945124994
-13.1194	169.2819	116.977478	-1	0.0	0.112272736618
-12.9929	169.967	116.977818	22	0.773971263477	0.226028736523
-16.049	166.179	119.07165	14	1.0	0.0
-16.0927	166.3602	119.132309	14	1.0	0.0
-17.7906	168.4371	120.937497	4	0.766760951341	0.233239048659
-18.9971	165.897	121.413083	28	0.987991895354	0.0120081046462
-18.4634	166.2018	126.786642	20	1.0	0.0
-18.4033	166.1384	126.939664	20	0.740289526269	0.259710473731
-19.3835	165.0232	128.01319	17	0.632091979719	0.367908020281
-12.9905	169.6986	130.175495	21	0.594238333855	0.405761666145
-18.4609	166.1871	134.999141	20	1.0	0.0
-19.8402	164.8129	135.044654	17	0.219936914067	0.780063085933
-18.9291	165.9308	136.32849	28	1.0	0.0507933637044
-19.5428	167.7934	136.868788	2	0.923329417879	0.0766705821214
-19.2279	165.5823	145.096208	19	1.0	0.0
-13.793	168.6675	147.976266	18	0.76517937385	0.23482062615
-18.2697	165.7904	148.418341	-1	0.0	0.591171962929
-19.0333	164.7479	150.7674	17	0.356169422474	0.643830577526
-18.9318	165.9062	150.843266	28	1.0	0.0
-18.9911	166.0194	150.97373	-1	0.0	0.149395609377
-18.9845	165.9641	151.749441	28	0.743871964752	0.256128035248
-17.4717	166.2196	152.313584	8	0.783275180768	0.216724819232
-17.5271	166.2408	152.454919	8	0.56343251007	0.43656748993
-17.5379	166.287	152.555748	8	0.483564901624	0.516435098376
-12.9968	168.5521	159.15927	-1	0.0	0.516045498418
-19.3368	164.8209	161.363132	17	1.0	0.399569807662
-18.5789	166.2048	162.494115	20	0.96596552466	0.0340344753405
-18.9533	165.9291	162.665626	28	1.0	0.0
-18.911	165.9041	162.752349	28	1.0	0.0639851381029
-18.9971	165.7727	162.823525	-1	0.0	0.202818735269
-18.916	165.8958	162.82359	28	1.0	0.075333059841
-19.1959	165.5545	170.230618	19	1.0	0.0
-18.8448	165.9701	173.442195	25	1.0	0.0
-20.3472	164.6846	173.756422	16	1.0	0.0
-20.3568	164.6385	184.294736	16	0.582499160891	0.417500839109
-20.3401	164.7419	185.061997	16	0.373521672433	0.626478327567
-17.7877	168.4574	185.642474	4	1.0	0.0
-19.351	164.8952	186.943892	17	1.0	0.0
-19.3872	164.8796	187.018411	17	1.0	0.0605349066324
-18.7633	165.9146	187.206763	25	1.0	0.0
-12.5262	170.1437	189.664011	-1	0.0	0.0722266301099
-19.0948	165.8962	189.746693	26	1.0	0.0
-18.5534	166.201	192.65643	20	1.0	0.325185958312
-18.5469	166.2389	192.703581	20	0.963044465049	0.0369555349514
-18.527	166.1979	192.752054	20	1.0	0.325185958312
-18.5833	166.2395	192.829193	20	0.840871744104	0.159128255896
-19.5497	167.8205	194.842698	2	1.0	0.0
-18.5192	166.2431	199.474824	20	0.881612395332	0.118387604668
-18.472	166.2921	199.538336	20	0.737463451159	0.262536548841
-18.4827	166.2054	199.594514	20	1.0	0.112665346387
-13.6577	169.237	201.271151	24	0.660495052228	0.339504947772
-18.7247	165.9071	201.569602	25	0.833006996043	0.166993003957
-18.5428	166.1463	202.576261	20	1.0	0.24855502191
-18.7154	166.0061	203.164171	25	0.675693956364	0.324306043636
-19.2206	165.5435	209.174111	19	0.993728662448	0.00627133755219
-17.5272	166.1852	210.746024	8	0.404806394943	0.595193605057
-13.7105	169.1564	211.484171	24	1.0	0.0
-16.2309	166.6393	212.137443	15	1.0	0.0
-13.6903	168.8193	212.691219	18	0.222417468294	0.777582531706
-19.0593	166.0006	218.884906	-1	0.0	0.160592164377
-19.3586	164.8142	219.385165	17	1.0	0.104018467131
-15.1886	167.4865	220.267848	3	1.0	0.0
-15.1916	167.5178	220.628228	3	0.929669415736	0.0703305842644
-15.193	167.4808	220.815221	3	1.0	0.0
-18.4716	166.1359	223.41107	20	1.0	0.0
-12.0296	171.9828	224.281129	12	0.776769915113	0.223230084887
-19.225	164.9835	227.999454	17	0.499805689139	0.500194310861
-18.7658	165.9659	229.23542	25	0.995291704077	0.00470829592274
-18.7664	166.004	229.387207	25	0.98662093004	0.0133790699598
-18.9615	165.9325	231.556448	28	1.0	0.0
-13.3401	169.0288	234.485053	-1	0.0	0.0552294449198
-13.2093	169.1165	235.14881	24	0.575132646987	0.424867353013
-13.0162	169.1031	235.148914	-1	0.0	0.23314822635
-17.744	166.8876	238.15429	10	1.0	0.0
-16.1232	166.3669	241.864691	14	1.0	0.0
-20.2252	164.0014	248.733204	9	1.0	0.0
-20.3095	164.7825	251.27282	16	0.193287453749	0.806712546251
-20.3944	164.6724	251.472069	16	0.650707553614	0.349292446386
-17.7702	168.5003	252.649388	4	0.786898270287	0.213101729713
-19.1196	165.7344	259.496206	-1	0.0	0.0796545970687
-19.0621	165.8622	259.496259	26	1.0	0.0
-17.7811	168.4709	266.582495	4	1.0	0.0
-13.0845	169.8045	272.413612	21	0.524117735986	0.475882264014
-15.1157	167.4928	272.720729	3	0.666748079134	0.333251920866
-17.1643	168.7965	275.760795	5	0.509307620265	0.490692379735
-18.5242	166.2484	281.382224	20	0.963044465049	0.0369555349514
-18.9733	164.9101	285.084458	17	0.261134185322	0.738865814678
-18.8194	165.9925	285.351386	25	1.0	0.264647011338
-13.7824	168.6748	288.442639	18	0.790958758771	0.209041241229
-20.3596	164.5483	288.547703	16	0.187791217571	0.812208782429
-20.3387	164.6877	288.547734	16	1.0	0.0
-12.8004	169.8403	290.871907	22	0.490349092444	0.509650907556
-19.0503	165.9594	292.204728	27	1.0	0.0
-17.4216	168.9412	292.708612	5	0.542559136835	0.457440863165
-18.9311	165.9321	295.403458	28	1.0	0.0
-12.777	169.993	296.29786	22	1.0	0.364790451399
-12.7187	170.0151	296.3653	22	0.682048495034	0.317951504966
-19.6184	167.8511	299.022809	2	0.462223618144	0.537776381856
-19.2564	165.6709	299.490563	19	0.70388256833	0.29611743167
-19.2134	165.5509	299.644178	19	1.0	0.0
-19.2847	164.778	300.551086	17	0.877158560946	0.122841439054
-17.4074	166.1503	306.635031	8	0.327279940605	0.672720059395
-17.3514	166.2826	306.635094	8	0.366289653811	0.633710346189
-13.7093	168.6576	309.836552	18	1.0	0.0
-18.4183	166.1863	310.421009	20	1.0	0.251291894858
-18.8134	165.9992	312.064497	25	1.0	0.192806895903
-16.2635	166.7558	313.413075	15	1.0	0.0
-15.0709	167.4348	315.712508	3	0.460648711443	0.539351288557
-18.7753	165.9753	315.727122	25	1.0	0.210069906635
-19.2727	167.9676	317.161421	2	0.112972822719	0.887027177281
-18.4674	166.126	318.333531	20	1.0	0.0
-18.4389	166.1967	318.729082	20	1.0	0.0117866326181
-12.9771	170.0219	323.265369	22	0.687611477691	0.312388522309
-13.0011	169.9201	323.314597	22	0.564544718867	0.435455281133
-13.0953	169.7613	323.443475	21	1.0	0.0
-17.7463	168.4114	323.798881	4	0.476614888412	0.523385111588
-12.8408	169.9532	324.390342	22	1.0	0.0
-16.1286	166.3371	324.425258	14	1.0	0.0
-19.411	164.9997	324.868378	17	0.78653554567	0.21346445433
-17.7735	168.4193	325.846999	4	0.621168918044	0.378831081956
-17.8049	168.4958	326.097609	4	0.566545397876	0.433454602124
-18.9286	165.953	331.678671	28	0.675387720278	0.324612279722
-17.4554	166.2543	332.478159	8	0.932310053438	0.0676899465624
-14.2311	167.856	333.372204	6	0.430646220043	0.569353779957
-13.7031	168.7607	336.741317	18	0.355665937704	0.644334062296
-20.3275	164.625	338.054783	16	0.435202994562	0.564797005438
-20.4045	164.6886	338.28753	16	0.482320597165	0.517679402835
-17.8118	166.866	338.798309	10	1.0	0.0
-17.5247	167.1517	338.798541	10	0.664883604553	0.335116395447
-12.8078	169.5523	340.854856	-1	0.0	0.118532677647
-18.7872	165.8208	341.718719	-1	0.0	0.376189335948
-18.8441	165.9636	341.897086	25	1.0	0.0635592805987
-18.6352	166.0297	344.166182	25	0.566677082458	0.433322917542
-18.6527	166.0217	344.760388	25	0.675693956364	0.324306043636
-17.489	166.2708	347.655463	8	0.817412764864	0.182587235136
-19.3698	164.7851	353.113995	17	0.809253406778	0.190746593222
-12.9744	169.7169	361.391227	21	0.467680043587	0.532319956413
-18.8103	165.9745	363.82406	25	1.0	0.0844717356062
-18.3882	166.6666	363.824448	10	0.533079382489	0.466920617511
-16.0758	166.392	367.61131	14	1.0	0.0
-13.7891	168.704	369.153941	18	0.545853346148	0.454146653852
-13.7275	168.6427	369.36135	18	1.0	0.0
-19.3704	164.8456	370.032737	17	1.0	0.029733581862
-18.9502	165.9362	372.705759	28	1.0	0.0
-18.4398	166.1719	373.640142	20	1.0	0.271504299848
-18.3912	166.3167	374.268865	20	0.471737251221	0.528262748779
-18.7882	166.0097	375.475163	25	1.0	0.333315668986
-19.5414	167.7749	377.234367	2	0.54121234429	0.45878765571
-12.8461	169.8336	377.731057	-1	0.0	0.00873043111757
-12.8265	169.9122	377.78826	22	1.0	0.320161386534
-18.5898	166.286	387.391539	20	0.498017906396	0.501982093604
-18.3746	166.2516	387.494451	20	0.726855066085	0.273144933915
-18.6282	166.2537	387.537338	20	0.516170800386	0.483829199614
-18.4577	166.3513	387.63173	20	0.388823152835	0.611176847165
-12.8176	170.127	388.050852	22	1.0	0.0443002415874
-18.4456	166.1859	389.995248	20	1.0	0.0425519280555
-19.7105	167.5359	390.308167	-1	0.0	0.128978407823
-18.923	165.8395	391.131367	28	0.888466138691	0.111533861309
-18.8335	165.976	395.332349	25	1.0	0.0
-18.8099	165.9635	395.424897	25	1.0	0.359704694965
-18.4386	166.1346	398.83564	20	1.0	0.0
-17.4368	166.2738	399.469209	8	0.652205396893	0.347794603107
-17.432	166.2394	399.554626	8	1.0	0.0
-17.5351	168.7256	401.019994	5	1.0	0.0
-17.5298	168.7687	401.147307	5	1.0	0.0
-17.5082	168.7499	401.31441	5	1.0	0.0
-13.1479	169.3985	404.475051	23	1.0	0.0
-13.1058	169.4016	404.89687	23	1.0	0.0
-13.2351	169.1968	404.918108	24	0.707245840297	0.292754159703
-18.9494	165.9503	405.013592	28	0.972608156732	0.0273918432679
-18.8406	166.0756	405.013673	-1	0.0	0.454828044786
-18.6669	166.0022	406.031438	25	0.675693956364	0.324306043636
-13.7493	169.1084	407.772313	24	1.0	0.0
-15.3442	166.4463	414.010959	11	1.0	0.0
-18.973	165.9964	415.027075	-1	0.0	0.243133128773
-18.3198	167.6487	416.465653	-1	0.0	0.78830929771
-17.7779	168.45	416.466222	4	1.0	0.0
-19.5944	167.8466	418.131565	2	0.626605225586	0.373394774414
-19.5481	167.8153	418.194491	2	1.0	0.0
-16.5193	166.9591	418.24561	15	1.0	0.0
-16.5257	166.9921	418.446942	15	1.0	0.0
-19.4557	164.492	425.599137	-1	0.0	0.0711062748215
-19.3977	164.8132	425.932407	17	1.0	0.0215836720423
-18.8946	165.8296	427.452232	28	0.762844389587	0.237155610413
-18.4338	166.1115	427.519021	20	1.0	0.0
-18.3627	166.2445	427.519092	20	0.643932881506	0.356067118494
-13.7255	168.6397	430.190935	18	1.0	0.0
-18.7466	165.9409	430.680006	25	0.966319072998	0.0336809270019
-12.8132	170.1047	432.165914	22	1.0	0.0
-12.8143	170.0924	432.223464	22	1.0	0.0
-12.7125	169.5973	432.838522	-1	0.0	0.202298697442
-17.4505	166.2191	432.913755	8	1.0	0.0
-13.5416	168.9874	434.229623	-1	0.0	0.0636536601357
-18.7541	166.0056	435.242721	25	0.892885820721	0.107114179279
-19.0729	165.9511	435.795492	27	1.0	0.0
-19.0339	165.9267	436.078759	28	0.709698529637	0.290301470363
-14.9285	167.4185	443.338674	3	0.211919796468	0.788080203532
-15.1117	167.4464	443.481687	3	0.709006243407	0.290993756593
-15.0164	167.6357	443.481809	3	0.169711631431	0.830288368569
-19.2156	164.7919	444.02203	17	1.0	0.0
-20.1186	164.556	445.484735	16	0.114627431179	0.885372568821
-19.7257	164.8871	445.48496	17	0.323146761628	0.676853238372
-19.1801	165.5995	447.044377	19	0.846369135073	0.153630864927
-19.2345	165.5589	447.133905	19	1.0	0.0
-18.5391	166.2037	447.681979	20	1.0	0.325185958312
-19.3062	164.8868	448.377998	17	1.0	0.129510087397
-20.375	164.7351	451.386757	16	0.381146787075	0.618853212925
-13.0426	169.7509	454.715415	21	0.992578628218	0.00742137178196
-13.0328	169.653	454.885407	21	0.448897528776	0.551102471224
-18.4783	166.228	457.822441	20	0.990537647566	0.00946235243404
-13.6967	168.6701	459.636559	18	1.0	0.0
-18.709	166.0767	462.835877	-1	0.0	0.441830497532
-18.8157	165.9562	462.905711	25	0.991535085755	0.00846491424546
-15.408	166.4425	467.366366	11	0.855100576547	0.144899423453
-17.8054	168.4544	470.002587	4	0.806083923872	0.193916076128
-18.3854	166.3375	471.948244	20	0.399560841471	0.600439158529
-19.371	164.8937	472.58399	17	1.0	0.0
-17.495	166.1045	472.833811	8	0.2036879066	0.7963120934
-18.6525	166.1509	475.424344	20	0.364734227783	0.635265772217
-18.8247	165.947	477.67727	25	1.0	0.386971954228
-13.2407	169.3131	478.350859	24	0.551558799717	0.448441200283
-19.1573	164.9046	478.952271	17	0.625545817368	0.374454182632
-19.0749	165.049	478.952336	17	0.214208878025	0.785791121975
-18.4886	166.2148	479.581622	20	1.0	0.261708872267
-18.9094	165.8807	481.504381	28	1.0	0.06889785949
-19.6988	165.0201	482.508091	17	0.208390953464	0.791609046536
-12.8205	170.1032	486.45105	22	1.0	0.0
-19.0561	165.967	487.33721	27	1.0	0.0
-12.2716	171.4567	490.012328	-1	0.0	0.22038378181
-12.1604	171.6131	490.012458	13	0.410012741469	0.589987258531
-11.9711	172.111	490.012776	12	1.0	0.0
-19.261	165.6351	490.314211	19	0.78134454731	0.21865545269
-19.3243	164.9176	490.326052	17	1.0	0.0698463575293
-19.3844	164.8775	490.817679	17	1.0	0.0688219870882
-18.83	165.9731	491.347339	25	1.0	0.0
-18.7912	165.912	491.535212	25	1.0	0.252080973943
-17.4668	166.2835	493.990832	8	0.75487283637	0.24512716363
-14.0468	168.1699	495.791027	-1	0.0	0.421065547876
-19.6053	164.7676	513.653529	17	0.369562405736	0.630437594264
-16.5468	166.9419	520.462952	15	1.0	0.0
-19.1919	164.8443	520.671153	17	0.943631469895	0.0563685301047
-19.2076	164.8125	521.296391	17	1.0	0.0
-11.8833	172.189	521.555755	12	1.0	0.0
-19.0857	164.7263	521.899882	17	0.364762022993	0.635237977007
-18.7874	165.9881	523.634753	25	1.0	0.210069906635
-18.8013	166.0103	523.785481	25	0.937169312743	0.0628306872572
-12.8024	170.0874	533.080053	22	1.0	0.0
-12.781	169.9327	533.183366	22	1.0	0.335763832936
-18.9108	165.9295	535.323536	28	1.0	0.0
-13.2104	169.2746	536.001505	24	0.621834727879	0.378165272121
-18.6663	165.8629	539.870796	-1	0.0	0.355765745205
-18.5686	166.1653	539.870931	20	0.972754704187	0.0272452958126
-18.8206	165.876	542.52117	25	0.62915577219	0.37084422781
-11.8875	172.4418	545.104943	-1	0.0	0.290841981862
-15.3526	166.435	545.671108	11	1.0	0.0
-15.2222	166.3213	545.67111	11	0.64389951704	0.35610048296
-13.0358	169.4456	546.424156	23	1.0	0.0
-12.8235	169.8798	551.577524	22	0.796538844902	0.203461155098
-12.6915	170.2197	551.64864	-1	0.0	0.0897965682062
-19.3387	164.9642	551.934926	17	1.0	0.0
-17.5284	168.7079	552.583518	5	1.0	0.0
-18.7491	166.0359	554.940087	25	0.600078472241	0.399921527759
-14.9205	171.0204	555.635432	0	1.0	0.0
-14.8362	171.2734	555.635592	0	1.0	0.0
-12.9975	169.7005	561.152639	21	0.56086621078	0.43913378922
-18.9414	164.9093	565.167798	17	0.229642406967	0.770357593033
-17.3867	165.9926	566.298148	8	0.131950828867	0.868049171133
-17.4041	166.1341	566.423918	8	0.273357986022	0.726642013978
-18.5205	166.2713	573.861279	20	0.704091374421	0.295908625579
-17.2158	168.9632	575.587487	5	0.543140201333	0.456859798667
-13.7197	169.333	576.244297	24	0.660495052228	0.339504947772
-20.3288	164.7176	577.571853	16	0.575677721816	0.424322278184
-18.8271	165.9843	578.003521	25	1.0	0.145024669558
-18.7963	165.9885	578.14899	25	1.0	0.192806895903
-18.4566	166.1903	579.787108	20	1.0	0.0
-18.9348	165.9897	580.863129	-1	0.0	0.188049909906
-19.215	165.5919	582.589234	19	1.0	0.0
-17.7639	167.1746	583.988959	10	0.692399190623	0.307600809377
-17.5984	167.406	583.989114	-1	0.0	0.067418773631
-18.7395	165.981	586.44458	25	0.707952913162	0.292047086838
-18.4734	166.0947	587.44003	20	0.737615194933	0.262384805067
-18.4831	166.1232	588.284324	20	0.951873895619	0.0481261043814
-13.0406	169.7618	592.820061	21	0.81282996014	0.18717003986
-16.508	166.8355	596.554632	15	1.0	0.232898544745
-13.7187	168.6398	596.814169	18	1.0	0.0
-15.0963	167.4815	599.482255	3	0.668617077256	0.331382922744
-15.0849	167.5462	599.655273	3	0.410774456494	0.589225543506
