-4.0963	113.5197	-8e-06	0	1.0	0.0
-14.1825	121.9751	-598.465973	16	0.604321030785	0.395678969215
-14.1543	121.971	-598.395393	-1	0.0	0.0458804348389
-14.217	122.0736	-598.329473	16	0.475741790737	0.524258209263
-12.497	121.6086	-598.178938	-1	0.0	0.0560183085555
-14.1643	121.9508	-597.911862	-1	0.0	0.00897538534559
-14.2399	122.1384	-597.584639	-1	0.0	0.0107441598528
-3.6837	110.1435	-596.943166	5	1.0	0.0
-14.3068	121.7859	-590.23564	20	0.479493968457	0.520506031543
-14.2479	121.7923	-579.74727	20	1.0	0.0
-14.2972	121.7999	-579.72887	20	0.558781106766	0.441218893234
-14.214	121.7944	-579.638041	20	1.0	0.0
-13.6888	121.5508	-579.567465	10	1.0	0.0
-14.2273	121.7973	-579.476721	20	1.0	0.0
-14.2264	121.7534	-579.353082	-1	0.0	0.0881409572692
-13.9934	121.7092	-579.191943	-1	0.0	0.0570234839339
-14.0421	121.7159	-579.116925	-1	0.0	0.181381303977
-13.0533	121.4246	-576.688004	13	0.538278904392	0.461721095608
-12.9798	121.5548	-576.687948	13	0.640710309441	0.359289690559
-13.0143	121.5502	-576.603617	13	0.964044700023	0.0359552999769
-13.0859	121.4547	-575.25426	13	1.0	0.018435247443
-13.148	121.442	-575.220431	13	0.473391496461	0.526608503539
-13.1052	121.4318	-575.143955	13	0.711631630868	0.288368369132
-14.2716	121.8145	-572.092586	20	1.0	0.0
-14.3438	121.6951	-570.189522	23	1.0	0.0
-12.583	121.8958	-567.263058	6	1.0	0.0
-12.6521	121.871	-566.792773	-1	0.0	0.0772240253798
-12.6644	121.8892	-566.60091	-1	0.0	0.150152799266
-11.864	122.1114	-566.444885	3	1.0	0.0
-11.8549	122.1162	-566.419806	3	1.0	0.0
-3.6857	110.2189	-562.466968	5	0.531537463816	0.468462536184
-3.6638	110.1803	-562.439905	5	1.0	0.0
-14.255	121.8161	-562.023937	20	1.0	0.0
-14.2139	121.8179	-561.961307	20	1.0	0.173011519522
-14.2528	121.7844	-561.930383	20	1.0	0.0
-13.0965	121.2783	-557.357032	-1	0.0	0.477726858062
-3.6763	110.1526	-545.832935	5	1.0	0.0
-14.2462	121.9877	-543.566316	16	1.0	0.0
-14.2356	121.9863	-543.482251	16	1.0	0.0
-14.2621	122.0557	-543.467297	16	0.489993700134	0.510006299866
-14.2187	122.0584	-543.433389	16	0.46274544586	0.53725455414
-14.2713	121.8185	-540.244187	20	1.0	0.0
-14.2045	121.8149	-540.193978	20	1.0	0.173011519522
-14.298	121.8016	-540.13299	20	0.553424302758	0.446575697242
-14.2637	121.7694	-539.818449	20	0.690395817776	0.309604182224
-14.3227	121.7146	-537.424789	-1	0.0	0.0993812616299
-14.2567	121.83	-529.751532	20	1.0	0.0
-14.2361	121.7854	-529.461398	20	1.0	0.0925943024297
-12.4771	121.8178	-525.982243	-1	0.0	0.356969296657
-13.0436	121.5584	-523.234692	13	0.594481321943	0.405518678057
-13.0501	121.5294	-523.12205	13	1.0	0.0
-13.0033	121.5341	-523.04397	13	1.0	0.180138843916
-13.5492	121.6357	-519.266087	-1	0.0	0.151271469887
-13.1032	121.5184	-518.060899	13	1.0	0.127217327133
-11.2975	109.9958	-510.944785	-1	0.0	0.480199508917
-11.3037	109.9706	-510.872105	-1	0.0	0.482387830294
-14.3977	121.9287	-508.252925	17	1.0	0.0
-14.3764	121.9437	-508.140656	17	1.0	0.0
-12.4033	121.8883	-506.551193	-1	0.0	0.291568944605
-12.5041	121.954	-506.545276	-1	0.0	0.256830188634
-12.4254	121.9574	-506.09278	-1	0.0	0.417554889521
-13.0697	121.4855	-502.950552	13	1.0	0.0
-13.1207	121.5527	-502.820698	-1	0.0	0.255131919043
-3.7284	110.3282	-498.896567	4	1.0	0.0
-3.7302	110.3275	-498.85252	4	1.0	0.0
-14.2637	121.8212	-495.572527	20	1.0	0.0
-14.2643	121.9115	-495.434398	16	0.42033223595	0.57966776405
-12.5198	121.6047	-494.900729	-1	0.0	0.174636919596
-13.0686	121.478	-493.954983	13	1.0	0.0
-13.1365	121.4835	-487.509483	13	0.452127625174	0.547872374826
-13.1235	121.4799	-487.356674	13	0.616593117764	0.383406882236
-13.6791	120.7465	-486.882328	-1	0.0	0.463507501963
-14.2557	121.8027	-486.848362	20	1.0	0.0042852023368
-4.0556	113.515	-486.768122	0	0.573629368305	0.426370631695
-13.7148	121.5738	-482.414966	10	1.0	0.0
-13.0659	121.533	-478.563939	13	1.0	0.0442379594142
-13.9849	121.6946	-477.198968	-1	0.0	0.127345725274
-13.9708	121.7359	-476.986703	-1	0.0	0.18345620576
-14.0587	121.8583	-476.927585	8	1.0	0.0
-12.5566	121.913	-475.812891	6	0.846943993584	0.153056006416
-12.5406	121.8604	-475.631321	6	1.0	0.0
-13.0754	121.4904	-475.589127	13	1.0	0.0
-13.0854	121.4752	-475.470977	13	1.0	0.036605625976
-12.5319	121.8833	-475.408899	6	1.0	0.0
-12.5516	121.8639	-475.29483	6	1.0	0.0
-13.0669	121.4561	-475.230565	13	1.0	0.140840437925
-13.7104	121.561	-468.669526	10	0.905658928556	0.0943410714439
-14.3632	121.7821	-466.223	-1	0.0	0.0113535168969
-14.4021	121.9641	-465.621584	17	0.609042825129	0.390957174871
-14.3592	121.8361	-460.420803	-1	0.0	0.0605598328201
-14.4811	121.1006	-460.382525	-1	0.0	0.365479311285
-14.2351	121.8017	-460.369389	20	1.0	0.0662802957827
-14.2271	121.7981	-458.168574	20	1.0	0.0
-13.8846	121.5675	-452.642678	11	1.0	0.310808622922
-14.2069	121.8183	-446.193499	20	1.0	0.0213567446685
-14.2614	121.8129	-446.101365	20	1.0	0.0
-12.9857	121.5523	-445.194296	13	0.773157908262	0.226842091738
-12.9889	121.5667	-445.115129	13	0.788148420209	0.211851579791
-12.9936	121.5847	-445.0091	13	0.722471434255	0.277528565745
-13.0231	121.5392	-444.85461	13	1.0	0.0
-13.0167	121.7009	-444.769095	-1	0.0	0.0196285840919
-12.899	121.7202	-444.332536	-1	0.0	0.2690353619
-13.0793	121.5017	-443.140309	13	1.0	0.0416760496299
-13.0469	121.5332	-434.16241	13	1.0	0.130285376824
-14.3825	121.6909	-432.773125	-1	0.0	0.102285936211
-13.1041	121.4564	-430.298396	13	1.0	0.092169443866
-14.2852	121.8356	-429.62304	20	0.670517176356	0.329482823644
-3.6557	110.1808	-426.75942	5	1.0	0.0
-14.1321	121.6376	-420.590808	-1	0.0	0.147122205927
-12.4774	121.7218	-417.803042	15	0.915596061413	0.0844039385867
-12.5188	121.7258	-417.715665	15	0.738899288083	0.261100711917
-12.4979	121.7039	-417.66875	15	1.0	0.0
-12.5251	121.6967	-417.583866	15	1.0	0.0709495067957
-14.2534	121.986	-416.98033	16	1.0	0.0
-14.2207	121.8101	-414.89975	20	1.0	0.173011519522
-13.855	121.5838	-413.205272	11	1.0	0.157990674547
-13.1032	121.5164	-410.580168	13	1.0	0.127217327133
-13.2942	121.5227	-409.097273	-1	0.0	0.0457019075562
-12.99	121.5256	-406.447687	13	0.741417761361	0.258582238639
-13.0217	121.5433	-406.389924	13	1.0	0.0
-13.0257	121.5519	-405.915358	13	1.0	0.171664102219
-13.7255	121.5709	-405.606179	10	0.899482000044	0.100517999956
-13.6883	121.5857	-405.529769	10	1.0	0.0
-13.6867	121.5875	-405.37412	10	1.0	0.0
-14.2308	121.8549	-397.910199	20	1.0	0.0
-14.222	121.7935	-397.847394	20	1.0	0.0
-14.1891	121.8979	-397.801242	-1	0.0	0.0852150399491
-14.2585	121.7824	-397.774654	20	1.0	0.0602577033315
-14.2211	121.8315	-396.996484	20	0.976900875261	0.0230991247388
-12.5612	121.7839	-393.499495	-1	0.0	0.381305649389
-12.5413	121.6981	-393.435945	15	0.612467862561	0.387532137439
-12.5239	121.7112	-393.335647	15	1.0	0.0
-14.3678	121.9927	-391.86116	17	0.45431989368	0.54568010632
-13.7061	121.5836	-388.045232	10	1.0	0.0
-13.97	121.6039	-386.442794	11	1.0	0.0
-13.4213	121.5146	-386.358708	7	1.0	0.0
-4.501	111.2496	-383.136934	2	0.475683444057	0.524316555943
-13.0608	121.5412	-382.491066	13	0.761753839632	0.238246160368
-13.0671	121.5265	-382.457897	13	1.0	0.18687115833
-14.2451	121.9962	-376.399626	16	1.0	0.0
-14.2485	122.0029	-375.533113	16	1.0	0.0
-14.246	121.7843	-373.052316	20	1.0	0.0
-13.4483	121.5235	-371.425961	7	1.0	0.0
-13.4607	121.5415	-371.265389	7	1.0	0.0
-13.6914	121.575	-369.566512	10	1.0	0.0
-13.7227	121.5517	-369.413808	10	0.640467605464	0.359532394536
-14.2611	121.7652	-368.984135	20	0.584892853322	0.415107146678
-13.8352	121.5996	-365.524597	11	1.0	0.18212502898
-3.7257	110.349	-358.698489	4	0.909460133801	0.0905398661986
-4.5151	111.1739	-352.365133	2	1.0	0.0
-13.0238	121.5813	-351.84097	13	0.545855411577	0.454144588423
-13.0851	121.4756	-348.763915	13	1.0	0.000237527410416
-3.6497	110.1818	-339.058514	5	1.0	0.0
-3.6625	110.1827	-338.971193	5	1.0	0.0
-3.6867	110.1697	-338.888023	5	1.0	0.129059070453
-3.6485	110.1956	-338.42811	5	1.0	0.307959096115
-13.415	121.5123	-337.804079	7	0.931398537572	0.0686014624279
-13.6846	121.5742	-336.994192	10	1.0	0.0184944753621
-13.711	121.5824	-336.781314	10	0.985615109232	0.0143848907676
-13.1629	121.2417	-334.963167	-1	0.0	0.0996646918073
-13.0063	121.6103	-334.963001	-1	0.0	0.0212631153395
-14.3476	121.9955	-330.654829	-1	0.0	0.0855813427299
-14.3561	121.9833	-330.633719	17	0.55335865898	0.44664134102
-13.0477	121.4602	-330.534857	13	1.0	0.206970157234
-13.0494	121.3412	-330.474329	-1	0.0	0.19297989688
-13.0244	121.4246	-330.421	-1	0.0	0.115820115555
-13.0401	121.4828	-330.171856	13	1.0	0.351468005716
-13.9973	121.5911	-328.167537	11	1.0	0.0
-14.244	121.8351	-326.64667	20	1.0	0.0
-14.2296	121.8336	-326.596311	20	1.0	0.0
-14.2379	121.8421	-326.528664	20	1.0	0.000666005151222
-11.8169	122.1825	-324.186814	3	0.813549640652	0.186450359348
-11.7594	122.1441	-324.111833	3	1.0	0.0
-13.8477	121.6127	-321.570703	11	1.0	0.0
-12.5246	121.652	-317.532135	15	1.0	0.0569226163141
-12.5328	121.6447	-317.485992	15	0.636039502818	0.363960497182
-12.4795	121.6649	-317.422096	15	1.0	0.0912106480885
-12.5372	121.6712	-316.986419	15	0.770852771701	0.229147228299
-13.1103	121.5171	-315.307705	13	1.0	0.127217327133
-14.0713	121.7297	-315.155472	18	0.975690393248	0.0243096067518
-13.5779	121.5989	-313.608574	-1	0.0	0.0929339596329
-4.2082	113.6032	-313.579856	0	0.14077423957	0.85922576043
-14.37	121.6988	-311.969641	22	0.778810770321	0.221189229679
-13.6847	121.5912	-307.728853	10	0.921466329391	0.0785336706086
-13.6816	121.5617	-307.492799	10	1.0	0.0
-12.4678	121.7098	-302.453646	15	0.755165955706	0.244834044294
-13.1022	121.4099	-300.342022	13	0.55659930269	0.44340069731
-13.0889	121.5093	-300.264904	13	1.0	0.0654009815748
-13.049	121.4894	-297.118323	13	1.0	0.0
-13.4294	121.511	-289.466288	7	1.0	0.0
-13.1201	121.4741	-285.677309	13	0.695174924176	0.304825075824
-13.0743	121.4926	-285.311235	13	1.0	0.0
-12.4758	121.6523	-285.246425	15	0.589290630257	0.410709369743
-12.5073	121.5203	-285.135419	9	1.0	0.0
-12.4936	121.6288	-285.105477	14	1.0	0.0
-12.4829	121.6162	-285.064549	14	1.0	0.0
-12.4484	121.5812	-285.001906	-1	0.0	0.17255279849
-12.4734	121.6237	-284.94758	14	1.0	0.0
-12.4683	121.6173	-284.91443	14	1.0	0.0
-12.4751	121.6327	-284.855239	14	1.0	0.0
-3.77	110.1431	-277.571026	5	0.326122330281	0.673877669719
-3.6298	110.1911	-277.50935	5	1.0	0.470324092511
-3.6848	110.1313	-277.460708	5	0.611925896151	0.388074103849
-3.7359	110.2037	-277.369153	5	0.410071354694	0.589928645306
-3.6752	110.1652	-277.125496	5	1.0	0.0
-13.8485	121.6214	-277.022525	11	1.0	0.0
-14.2168	122.0018	-272.111123	16	0.978084749564	0.0219152504365
-14.1396	122.1016	-272.023109	-1	0.0	0.202112699654
-13.0434	119.9613	-271.955814	-1	0.0	0.750213594333
-14.186	122.0145	-271.874466	16	0.521941538432	0.478058461568
-14.38	121.7057	-271.309112	22	1.0	0.0
-13.0092	121.5332	-266.719198	13	1.0	0.0
-12.5177	121.6773	-265.656439	15	1.0	0.0594788566219
-12.5157	121.7259	-265.562751	15	0.74081328584	0.25918671416
-12.5226	121.7292	-265.466268	15	0.565724270383	0.434275729617
-14.2469	121.7965	-264.547044	20	1.0	0.0
-0.3329	121.6144	-261.376011	-1	0.0	0.941746352917
-13.0928	121.4654	-258.752044	13	1.0	0.0
-14.2535	121.7991	-249.842312	20	1.0	0.118759868364
-3.6557	110.1841	-241.972561	5	1.0	0.0
-3.6661	110.1886	-241.912662	5	1.0	0.230101072294
-3.8054	108.8303	-240.027794	1	0.895000989311	0.104999010689
-14.3209	121.6764	-238.352542	-1	0.0	0.00553996635783
-14.2283	121.8103	-238.300559	20	1.0	0.183969818303
-14.22	121.8442	-238.195591	20	1.0	0.0
-13.8824	121.5722	-237.735967	11	1.0	0.157990674547
-13.8411	121.6363	-237.681158	11	1.0	0.335130154237
-14.2177	121.787	-237.58111	20	1.0	0.0990100101662
-13.8431	121.5971	-237.558904	11	1.0	0.0253000311351
-13.0801	121.5245	-237.391416	13	0.875751971021	0.124248028979
-12.9967	121.5768	-231.554284	13	0.788148420209	0.211851579791
-2.8064	107.4291	-227.805673	1	0.996330123407	0.00366987659294
-13.0869	121.4594	-227.409845	13	1.0	0.0273498530919
-12.4778	121.6954	-226.657955	15	1.0	0.0
-12.5197	121.6535	-226.592095	15	1.0	0.057891221941
-12.4908	121.6754	-226.524752	15	0.996377916542	0.00362208345785
-12.4944	121.6627	-226.477696	15	1.0	0.0
-12.5072	121.6991	-226.441389	15	1.0	0.0
-14.3841	121.6339	-222.059728	-1	0.0	0.00558147434982
-13.089	121.5061	-219.436124	13	1.0	0.0416760496299
-4.5245	111.1654	-218.281588	2	1.0	0.0
-4.4632	111.2775	-218.273612	2	0.38827763901	0.61172236099
-4.48	111.1416	-218.11738	2	1.0	0.0
-4.3909	111.057	-218.082534	2	0.259719441835	0.740280558165
-4.5026	111.1399	-218.034852	2	1.0	0.0
-4.4801	111.1939	-218.021159	2	0.814564300147	0.185435699853
-13.9069	121.7221	-216.448277	-1	0.0	0.201387979387
-13.8761	121.6508	-216.373525	11	0.882206233692	0.117793766308
-12.9653	121.4659	-212.983852	-1	0.0	0.284412089271
-12.9918	121.4738	-212.782455	13	0.488027712503	0.511972287497
-13.0417	121.492	-203.962445	13	1.0	0.0
-13.1399	121.515	-193.780229	13	0.598978549957	0.401021450043
-14.2223	121.8632	-190.377048	20	1.0	0.0
-14.2443	121.8206	-190.322977	20	1.0	0.0652501536105
-14.1947	121.8201	-189.584809	20	1.0	0.113149706029
-14.214	121.8002	-189.527397	20	1.0	0.0
-14.2657	121.8481	-189.433211	20	0.751974433501	0.248025566499
-14.2266	121.789	-189.37449	20	1.0	0.0528165978245
-14.2051	122.0017	-189.336979	16	0.812286004191	0.187713995809
-14.233	122.2595	-188.567269	-1	0.0	0.26470514266
-14.0064	121.8689	-188.285971	8	1.0	0.0
-13.9133	122.0738	-188.269995	-1	0.0	0.22500244837
-13.9545	122.2535	-188.244886	-1	0.0	0.329914210104
-14.0292	121.8421	-188.127318	8	0.988595837705	0.0114041622955
-13.9835	121.844	-187.850032	8	0.817013986998	0.182986013002
-12.5145	121.6709	-181.065076	15	1.0	0.0808636041373
-12.4827	121.7552	-181.044701	-1	0.0	0.0772613153824
-12.5053	121.6833	-181.005438	15	1.0	0.020462648093
-12.5126	121.7096	-180.926799	15	1.0	0.0
-12.4878	121.7158	-180.915584	15	1.0	0.170971976176
-3.6498	110.1948	-179.168011	5	1.0	0.295665250549
-3.7513	110.3341	-177.999878	4	1.0	0.0
-14.348	121.7475	-172.195385	19	0.897521765339	0.102478234661
-4.2496	113.4712	-166.636276	0	0.132952351135	0.867047648865
-4.1258	113.4842	-166.59633	0	0.355307443548	0.644692556452
-13.0501	121.5111	-162.377628	13	0.751594470136	0.248405529864
-13.0341	121.4898	-162.29101	13	1.0	0.311466957471
-13.0401	121.4543	-162.252762	13	0.859822979574	0.140177020426
-13.0537	121.3818	-161.655672	-1	0.0	0.286026870664
-11.3423	108.6082	-161.467875	-1	0.0	0.446655748627
-13.7011	121.6071	-156.182095	10	0.544838667906	0.455161332094
-13.8146	121.6173	-156.144454	11	1.0	0.151291204112
-13.6953	121.5332	-156.099891	10	0.629365448957	0.370634551043
-14.3821	121.92	-154.751091	17	0.903154272888	0.0968457271119
-13.8895	121.5939	-154.213921	11	1.0	0.247419764493
-13.8517	121.61	-154.14921	11	1.0	0.0
-14.265	121.8281	-153.678758	20	0.939724213818	0.0602757861816
-12.4786	121.6928	-146.258568	15	1.0	0.0143829237797
-13.8346	121.6274	-135.368146	11	1.0	0.0
-14.0062	121.6251	-133.889379	11	0.841090663656	0.158909336344
-13.9834	121.6118	-133.775704	11	1.0	0.0
-14.385	121.708	-131.624686	22	0.677253657698	0.322746342302
-4.093	113.5205	-131.313366	0	1.0	0.0
-4.1027	113.5376	-131.295464	0	0.923065008323	0.076934991677
-4.0991	113.5414	-131.245883	0	0.895037601812	0.104962398188
-4.0735	113.5001	-131.209219	0	0.680322172197	0.319677827803
-4.0647	113.5798	-131.172055	0	0.373179757216	0.626820242784
-14.1168	121.7392	-130.252206	18	1.0	0.0
-14.1166	121.7512	-130.22175	18	1.0	0.0
-14.1576	121.8145	-130.157427	20	0.483991494529	0.516008505471
-13.0894	121.4591	-129.440717	13	1.0	0.0
-12.4872	121.7161	-128.341828	15	1.0	0.170971976176
-12.5029	121.715	-128.290458	15	1.0	0.170971976176
-12.5163	121.7328	-128.173406	15	0.656199777383	0.343800222617
-12.5571	121.7186	-127.968313	-1	0.0	0.0660031699256
-14.289	121.663	-124.862443	21	1.0	0.0
-13.4272	121.4669	-122.655979	7	0.721422851754	0.278577148246
-13.4379	121.5474	-122.279014	7	1.0	0.0
-14.2339	121.8333	-117.486959	20	1.0	0.0
-13.0655	121.4673	-106.423022	13	1.0	0.101260611082
-13.0862	121.4903	-100.01397	13	1.0	0.0
-13.1056	121.5248	-99.937663	13	1.0	0.187533548076
-13.0521	121.507	-99.868923	13	0.993245442598	0.0067545574017
-13.0638	121.499	-99.715459	13	1.0	0.377885428281
-13.0766	121.4748	-99.505019	13	1.0	0.0
-13.0447	121.4961	-99.448813	13	1.0	0.188733910624
-11.8352	122.1195	-94.515591	3	1.0	0.0
-11.8361	122.1474	-94.475126	3	1.0	0.0
-13.5224	121.4297	-93.602809	-1	0.0	0.0291006375232
-14.2566	121.8459	-93.549246	20	0.851333566441	0.148666433559
-12.5123	121.7087	-89.026657	15	1.0	0.0
-12.4951	121.7181	-89.006659	15	1.0	0.170971976176
-12.4761	121.738	-88.953316	15	0.552853258026	0.447146741974
-12.5137	121.6943	-88.883997	15	1.0	0.0
-12.486	121.7154	-88.842631	15	1.0	0.170971976176
-12.4989	121.7027	-88.822702	15	1.0	0.0
-12.5268	121.6985	-88.700491	15	0.989946497443	0.0100535025575
-12.5096	121.7006	-88.499535	15	1.0	0.0
-12.4589	121.7268	-88.297908	15	0.499101329159	0.500898670841
-3.9974	110.2679	-86.714211	-1	0.0	0.45969518643
-3.6745	110.1563	-86.71408	5	1.0	0.0
-3.6737	110.2085	-86.416395	5	0.865370769125	0.134629230875
-3.6872	110.156	-86.366309	5	1.0	0.0
-2.8238	107.579	-83.558443	1	1.0	0.0
-0.3265	121.6083	-79.671409	-1	0.0	0.941789011197
-14.2368	121.9507	-79.473648	16	0.479255987292	0.520744012708
-14.3634	121.7352	-78.003638	-1	0.0	0.427727538927
-12.9855	121.6157	-73.623881	-1	0.0	0.0986769500475
-12.9923	121.5715	-73.398464	13	0.788148420209	0.211851579791
-4.4045	111.2982	-63.390511	2	0.288270566337	0.711729433663
-13.4307	121.5506	-62.568845	7	0.949309259869	0.0506907401311
-13.1693	121.2766	-58.898548	-1	0.0	0.555613739835
-13.9043	121.5812	-57.182018	11	1.0	0.149745741638
-13.1363	121.6478	-56.301604	-1	0.0	0.0196285840919
-12.4787	121.6927	-56.301536	15	1.0	0.00090129254244
-12.5386	121.6759	-56.240182	15	0.830448874217	0.169551125783
-14.1246	121.7856	-56.068541	-1	0.0	0.188165823783
-14.1827	121.7974	-56.039166	20	0.579873043596	0.420126956404
-14.1457	121.7241	-55.973586	18	1.0	0.0
-14.1148	121.7437	-55.922389	18	1.0	0.0
-14.1828	121.7432	-55.891428	-1	0.0	0.142989526066
-14.1526	121.7407	-55.852573	18	1.0	0.0
-12.5345	121.6654	-55.77862	15	0.678629344886	0.321370655114
-3.6484	110.2139	-42.735885	5	0.817258125013	0.182741874987
-3.6441	110.1854	-42.691309	5	1.0	0.211195899589
-3.4516	110.246	-42.691204	-1	0.0	0.289774275714
-3.6642	110.2008	-42.642083	5	1.0	0.409831213824
-4.0934	113.5236	-31.946616	0	1.0	0.0
-4.0743	113.5399	-31.895135	0	0.592862958393	0.407137041607
-4.0704	113.5165	-31.848736	0	0.838156506169	0.161843493831
-13.0765	121.4936	-22.16984	13	1.0	0.0212318239125
-13.0885	121.4847	-21.851728	13	1.0	0.0863725066973
-12.4876	121.7018	-12.500528	15	1.0	0.0642991559475
-12.4751	121.6839	-12.440709	15	0.996969897677	0.00303010232315
-12.4146	121.7767	-12.341866	-1	0.0	0.235962721968
-12.5211	121.7121	-12.227915	15	1.0	0.0
-12.4725	121.7025	-11.420607	15	0.879610673119	0.120389326881
-12.4913	121.7857	-11.137166	-1	0.0	0.0489193956504
-12.4621	121.7813	-11.063173	-1	0.0	0.351476930264
-12.5683	121.7235	-11.004794	-1	0.0	0.282708662513
-12.4608	121.7715	-10.940354	-1	0.0	0.239291747897
-12.513	122.0427	-10.645902	-1	0.0	0.202691433166
-14.2605	121.8695	-2.9699	20	0.570055602565	0.429944397435
-13.8877	121.6463	-1.518892	11	1.0	0.0356735646486
-13.8939	121.6255	-1.512359	11	1.0	0.077754890006
-14.3835	121.7534	-0.792175	19	1.0	0.0
-4.0963	113.5197	-8e-06	0	1.0	0.0
-14.364	121.9391	2.671486	17	1.0	0.0
-14.3843	121.9212	2.714764	17	0.923972270883	0.0760277291166
-13.0299	121.4941	2.738005	13	1.0	0.329637885582
-13.0024	121.5634	2.795554	13	0.788148420209	0.211851579791
-13.0158	121.4538	2.872588	13	0.648703396656	0.351296603344
-13.0274	121.541	3.001006	13	1.0	0.147539962728
-13.0472	121.4955	3.061574	13	1.0	0.0
-13.0193	121.522	3.200521	13	0.832441246908	0.167558753092
-13.0357	121.5329	3.325062	13	1.0	0.0
-13.0136	121.526	3.573577	13	1.0	0.0363081811614
-13.0244	121.5286	3.629335	13	1.0	0.0
-13.0853	121.6027	3.674677	-1	0.0	0.469185425966
-12.9662	121.6348	4.26956	-1	0.0	0.463431009542
-4.5284	111.162	7.342257	2	1.0	0.0
-4.5027	111.1963	7.375134	2	0.89046178849	0.10953821151
-13.7962	121.5435	8.608001	10	0.270734113678	0.729265886322
-13.7768	121.535	8.708343	10	0.287179470295	0.712820529705
-14.2385	121.6655	13.139594	-1	0.0	0.022248113558
-14.2822	121.6345	13.426201	-1	0.0	0.233097874547
-14.4325	121.6875	21.369211	-1	0.0	0.0994186558065
-11.2608	122.4995	36.11693	-1	0.0	0.235907864547
-12.4858	121.7512	37.926968	-1	0.0	0.239291747897
-12.5384	121.8666	38.070932	6	1.0	0.0
-12.5614	121.7953	38.182866	-1	0.0	0.406504467028
-12.5504	121.512	38.258023	9	0.499792183403	0.500207816597
-13.6588	121.6166	48.449358	10	0.379947791189	0.620052208811
-13.6862	121.5555	48.513972	10	1.0	0.0
-13.6679	121.5468	48.547751	10	0.746374045717	0.253625954283
-12.9817	121.5868	53.009275	13	0.560847367564	0.439152632436
-14.3106	121.6701	62.060597	21	1.0	0.0
-14.3249	121.6365	62.109674	-1	0.0	0.161741274294
-14.3752	121.7056	73.910785	22	1.0	0.0
-14.3912	121.7939	74.011002	19	1.0	0.0
-12.4809	121.685	82.580134	15	1.0	0.0
-12.5044	121.676	82.789388	15	1.0	0.020462648093
-14.0127	121.8866	84.1781	8	1.0	0.0
-14.0642	121.8748	84.58838	8	1.0	0.0
-14.0481	121.8792	85.038426	8	1.0	0.0
-14.388	121.7679	96.120399	19	1.0	0.0
-13.0853	121.4681	111.268492	13	1.0	0.0
-12.5382	121.4954	112.004828	9	0.507113644624	0.492886355376
-14.3485	121.6451	112.512183	-1	0.0	0.254120509452
-14.3817	121.9524	113.456059	17	1.0	0.0
-14.3654	121.9387	113.617275	17	1.0	0.0
-14.338	121.9422	114.594851	17	0.751226137798	0.248773862202
-14.3459	121.9177	114.636971	17	0.796371008177	0.203628991823
-14.2599	122.0725	114.823424	-1	0.0	0.0334855085349
-14.239	122.0212	114.967978	16	0.682755640743	0.317244359257
-14.3031	121.6906	118.289351	-1	0.0	0.111490111345
-12.5256	121.6778	124.253924	15	1.0	0.0808636041373
-12.505	121.6461	124.393448	15	0.769935851281	0.230064148719
-12.488	121.6798	124.463497	15	1.0	0.0
-12.5153	121.7138	124.641188	15	1.0	0.0
-13.1182	121.363	125.145777	12	1.0	0.0
-13.1548	121.352	125.287201	12	1.0	0.0
-13.1383	121.356	125.501659	12	1.0	0.0
-11.3764	108.6839	126.713204	-1	0.0	0.452024893495
-13.5311	119.542	129.651979	-1	0.0	0.808577185579
-14.397	121.7847	136.046592	19	1.0	0.0
-3.6839	110.4276	137.841353	4	0.275314985923	0.724685014077
-13.6601	121.5279	143.626382	10	0.452451370513	0.547548629487
-13.813	121.6354	143.626423	11	1.0	0.332094023085
-13.6652	121.4967	143.704728	10	0.39374898851	0.60625101149
-13.6639	121.5257	143.743594	10	0.437489625262	0.562510374738
-4.1046	113.5139	147.596086	0	1.0	0.0
-14.3687	121.701	152.28589	22	1.0	0.0
-13.1148	121.3283	152.392667	12	0.896487973974	0.103512026026
-13.1136	121.4526	152.460744	13	0.797757116292	0.202242883708
-13.1422	121.4218	152.535073	13	0.561715379025	0.438284620975
-13.1062	121.4385	152.67563	13	0.779884952788	0.220115047212
-13.0867	121.521	152.802505	13	1.0	0.187533548076
-13.1156	121.4221	153.028966	13	0.773028558709	0.226971441291
-13.0874	121.4632	153.071392	13	1.0	0.0
-14.2412	121.7847	155.746397	20	1.0	0.0
-13.5225	121.6062	156.98359	-1	0.0	0.0699496495315
-13.8541	121.5685	157.717807	11	0.824125300662	0.175874699338
-13.8807	121.5946	157.78142	11	1.0	0.149745741638
-13.7877	121.4796	168.922015	-1	0.0	0.0919677244379
-12.4747	121.6718	169.829543	15	0.814840789498	0.185159210502
-12.5232	121.6247	169.876609	-1	0.0	0.128794240724
-14.4334	121.6805	177.374603	-1	0.0	0.081164009519
-11.1646	122.3721	183.230212	-1	0.0	0.143727954353
-13.0583	121.4619	191.014046	13	1.0	0.00719445420225
-13.0428	121.4797	191.147972	13	1.0	0.213895880716
-14.3381	121.6977	195.836653	23	1.0	0.0
-14.2932	121.6544	196.078453	21	1.0	0.0
-14.2993	121.6467	196.214434	21	0.889459214502	0.110540785498
-14.3427	121.6317	196.31573	-1	0.0	0.376048821957
-14.3017	121.6526	196.44963	21	1.0	0.0
-13.1001	121.4159	201.465689	13	0.773028558709	0.226971441291
-14.374	121.7018	202.357111	22	1.0	0.0
-13.049	121.4911	206.365279	13	1.0	0.0
-4.8946	107.9526	210.695297	1	1.0	0.0
-11.7963	122.0787	213.643004	3	0.825592674464	0.174407325536
-12.5339	121.6867	214.212417	15	0.810284528516	0.189715471484
-12.42	121.7319	214.235541	-1	0.0	0.0508806588707
-12.655	121.7335	214.302841	-1	0.0	0.211206733177
-4.11	113.5336	220.571404	0	0.97769315126	0.0223068487397
-4.1188	113.5674	220.620765	0	0.373179757216	0.626820242784
-14.4127	121.8045	227.643424	-1	0.0	0.0469443514467
-13.8727	121.6051	228.046367	11	1.0	0.0
-14.286	121.6582	237.59513	21	1.0	0.0
-14.2419	121.6197	246.146469	-1	0.0	0.02494831137
-12.4918	121.6872	249.368925	15	1.0	0.0
-12.5107	121.6531	249.433548	15	1.0	0.0
-13.6672	121.4827	256.034482	10	0.286485993477	0.713514006523
-14.3487	121.712	256.640554	-1	0.0	0.160819970234
-14.3311	121.7089	257.071148	23	0.922408786212	0.0775912137882
0.2695	121.8607	260.011115	-1	0.0	0.944503805741
-13.0728	121.4601	264.08342	13	1.0	0.00719445420225
-13.1157	121.3215	278.358792	12	0.896487973974	0.103512026026
-13.1436	121.3827	278.59004	-1	0.0	0.0266120068649
-13.1323	121.3612	284.749155	12	1.0	0.0
-13.1123	121.3332	284.794682	12	0.896487973974	0.103512026026
-13.1449	121.3508	284.846387	12	1.0	0.0
-13.0743	121.3175	284.93638	12	0.869425341211	0.130574658789
-14.2712	122.2097	288.275931	-1	0.0	0.115755456143
-14.1445	122.0774	288.314086	-1	0.0	0.151801798316
-4.0775	113.5113	290.063912	0	0.967436547114	0.0325634528857
-4.0881	113.5303	290.103882	0	0.985790912301	0.014209087699
-4.0589	113.5668	290.389983	0	0.373179757216	0.626820242784
-13.7379	121.4602	291.301453	10	0.288226482445	0.711773517555
-13.7272	121.5726	291.344655	10	0.852310739358	0.147689260642
-13.9445	121.6267	291.354119	11	0.909958754074	0.0900412459258
-13.9197	121.6335	291.504891	11	1.0	0.0356735646486
-14.2801	121.6126	291.69743	-1	0.0	0.0344078956296
-12.5069	121.6588	293.567341	15	1.0	0.0
-12.5132	121.6542	293.637837	15	1.0	0.0
-12.7449	121.5624	293.663518	-1	0.0	0.521149794533
-12.488	121.6932	293.663581	15	1.0	0.0
-12.4944	121.6888	293.714874	15	1.0	0.0144318805486
-12.5656	121.7144	294.191276	-1	0.0	0.154478891251
-2.8051	107.4401	295.244274	1	1.0	0.0
-14.3759	121.7046	300.301934	22	1.0	0.0
-5.166	111.7042	309.108741	2	0.053756893142	0.946243106858
-3.6918	110.3905	309.464311	4	0.526921568682	0.473078431318
-3.7102	110.2973	309.468598	4	0.617879801482	0.382120198518
-3.7028	110.2992	309.504751	4	0.625045910878	0.374954089122
-13.1133	121.389	310.0832	13	0.43902391263	0.56097608737
-14.3338	121.6977	310.135465	23	1.0	0.0
-14.3326	121.6961	310.420592	23	1.0	0.0
-13.0728	121.4806	312.016586	13	1.0	0.0
-13.1062	121.4304	312.099321	13	0.773028558709	0.226971441291
-13.0338	121.5072	312.140188	13	0.865077290575	0.134922709425
-14.0743	121.5877	316.686304	11	0.528114035953	0.471885964047
-14.0947	121.6481	316.81284	-1	0.0	0.174200994953
-13.1525	121.4147	329.685989	-1	0.0	0.0299720296817
-12.5166	121.4083	331.606208	-1	0.0	0.27844908265
-14.3505	121.6911	331.70304	23	1.0	0.0
-13.1212	121.5142	333.605982	13	1.0	0.165920030377
-12.4959	121.6635	337.624639	15	1.0	0.0673244778467
-12.4944	121.7406	337.668769	15	0.568012572616	0.431987427384
-12.5145	121.6867	337.70006	15	0.90227741878	0.0977225812199
-12.5661	121.6662	337.745777	-1	0.0	0.231668107643
-12.4748	121.6565	337.804677	15	0.696251800355	0.303748199645
-12.4737	121.5271	340.137623	9	0.795561860448	0.204438139552
-13.3558	121.6856	340.29483	-1	0.0	0.138252382492
-12.5015	121.5549	342.690136	9	0.651406900159	0.348593099841
-14.2262	121.8657	348.834884	20	0.989952189588	0.0100478104123
-14.2413	121.8326	348.908904	20	1.0	0.0
-14.229	121.8536	348.940725	20	1.0	0.0
-14.192	121.832	349.356628	20	0.667657668966	0.332342331034
-13.0374	121.4908	353.748376	13	1.0	0.116679812114
-13.0213	121.6313	353.748466	-1	0.0	0.400412439804
-13.68	121.5621	357.132553	10	1.0	0.0
-13.6737	121.5894	357.53343	10	0.760972523158	0.239027476842
-13.6805	121.5632	357.671294	10	1.0	0.0
-13.2279	121.437	362.34028	-1	0.0	0.561333916595
-10.9729	122.3763	374.82843	-1	0.0	0.298998836718
-14.2439	121.8171	380.762149	20	1.0	0.0972260559778
-13.9894	121.566	382.01439	11	1.0	0.0266978112499
-4.1229	113.5309	384.160906	0	0.679601840235	0.320398159765
-4.1008	113.577	384.183888	0	0.314731386185	0.685268613815
-4.1743	113.5249	384.183918	0	0.294378045666	0.705621954334
-4.0979	113.4914	384.228871	0	0.500922413032	0.499077586968
-4.0494	113.6019	384.251019	0	0.228747802722	0.771252197278
-14.0454	121.5659	384.704076	11	0.671997869237	0.328002130763
-12.928	121.3088	392.656149	-1	0.0	0.670814573511
-14.4702	121.8129	395.318377	-1	0.0	0.0969241292857
-4.5031	111.132	400.039151	2	0.930051732625	0.0699482673748
-12.5037	121.5105	400.273745	9	0.701460054462	0.298539945538
-12.4677	121.6822	406.42697	15	0.814840789498	0.185159210502
-12.5034	121.6716	406.489572	15	1.0	0.0834109030728
-12.5027	121.6599	406.66271	15	1.0	0.0
-12.4989	121.5499	407.208512	9	0.635180077578	0.364819922422
-12.5267	121.5618	407.376535	9	0.635180077578	0.364819922422
-13.0655	121.4515	420.765311	13	1.0	0.233069374135
-13.1095	121.3288	420.810805	12	0.896487973974	0.103512026026
-13.0718	121.4811	420.904284	13	1.0	0.0
-13.1028	121.4531	421.185628	13	1.0	0.0725335362559
-13.0667	121.3438	429.996368	-1	0.0	0.0177197950981
-13.0916	121.4164	430.168712	13	0.722110867198	0.277889132802
-13.9632	121.6301	444.385093	11	1.0	0.0356735646486
-14.2423	121.858	444.51574	20	1.0	0.0
-13.9153	121.6589	444.562376	11	0.675027815691	0.324972184309
-13.4792	121.4754	462.539659	7	0.696563038199	0.303436961801
-13.6382	121.6528	462.539681	-1	0.0	0.187561185674
-13.0578	121.4949	463.271186	13	1.0	0.107880205288
-3.7095	110.3024	468.033127	4	0.723914426131	0.276085573869
-3.7051	110.3404	468.119252	4	1.0	0.0
-3.676	110.3924	468.156751	4	0.541339678938	0.458660321062
-3.6818	110.3562	468.209858	4	0.567150478418	0.432849521582
-12.5023	121.5299	470.275589	9	1.0	0.0
-14.3122	121.7623	474.42024	20	0.454924866951	0.545075133049
-13.6943	121.4758	474.523607	10	0.31126326636	0.68873673364
-13.726	121.4397	474.625808	-1	0.0	0.0387308298797
-13.9801	121.5494	476.697613	11	0.649297546533	0.350702453467
-13.4304	121.3626	478.588558	-1	0.0	0.236028349551
-13.0328	121.3666	489.188664	-1	0.0	0.0894745599327
-13.0872	121.3671	489.428811	12	0.851491996152	0.148508003848
-12.5135	121.5891	490.524872	-1	0.0	0.416753262447
-12.5302	121.5538	490.706397	9	0.652925000385	0.347074999615
-12.5294	121.5438	490.918517	9	0.652925000385	0.347074999615
-13.087	121.4664	503.893358	13	1.0	0.0
-14.3303	121.6779	504.959385	-1	0.0	0.246675186166
-14.3259	121.6644	505.255631	-1	0.0	0.0211114988556
-12.5239	121.2415	521.657705	-1	0.0	0.457249526579
-4.8342	107.9464	522.112353	1	1.0	0.0
-4.797	108.0914	522.141265	1	1.0	0.0
-13.3839	121.3792	530.444913	-1	0.0	0.193962479612
-14.0679	121.5611	531.137803	-1	0.0	0.0241624370062
-14.0389	121.6341	531.217413	11	0.605710088961	0.394289911039
-14.422	121.9418	531.457284	17	0.757560552363	0.242439447637
-12.4944	121.5279	533.708609	9	1.0	0.0
-12.5004	121.5214	533.85463	9	1.0	0.0
-12.4774	121.5218	533.88323	9	1.0	0.0
-12.5206	121.529	533.95003	9	0.875432045504	0.124567954496
-13.9871	121.5858	536.80969	11	1.0	0.0
-13.9565	121.5512	536.876929	11	0.62459624328	0.37540375672
-13.9664	121.5821	536.956375	11	1.0	0.0
-13.5882	121.4018	538.443579	-1	0.0	0.119038193271
-14.435	121.7382	539.60797	-1	0.0	0.0749094171294
-14.4611	121.7418	540.617344	-1	0.0	0.0719913716782
-5.7869	105.724	542.634065	-1	0.0	0.196020815643
-13.0353	121.4723	545.378228	13	0.83856176599	0.16143823401
-13.0523	121.4893	545.496697	13	1.0	0.133017770411
-13.0545	121.4918	545.552156	13	1.0	0.0
-13.1033	121.5067	545.616283	13	1.0	0.127217327133
-13.0961	121.4689	545.617966	13	1.0	0.0972130359215
-13.0237	121.4366	545.956988	13	0.584920676239	0.415079323761
-12.9889	121.4573	546.217293	-1	0.0	0.012664733164
-13.0591	121.4671	546.482416	13	1.0	0.146878749968
-13.0382	121.4175	546.716996	-1	0.0	0.0479572732095
-14.4227	121.827	546.940301	-1	0.0	0.0697630446681
-12.8168	121.7653	547.473978	-1	0.0	0.0883030027559
-12.4727	121.516	548.323586	9	0.723822252236	0.276177747764
-4.0962	113.5112	550.461973	0	1.0	0.0
-12.4809	121.4625	563.557264	-1	0.0	0.2898913882
-13.0849	121.5059	563.770023	13	1.0	0.106927943587
-11.2855	122.1869	564.471285	3	0.207003286172	0.792996713828
-5.765	105.7434	568.240987	-1	0.0	0.18847510719
-5.7805	105.7429	568.576306	-1	0.0	0.189270596488
-12.5147	121.5072	570.41166	9	0.699297412424	0.300702587576
-14.4301	121.7584	577.403271	19	1.0	0.0
-12.5331	121.4821	586.171772	9	0.377993382726	0.622006617274
-12.499	121.4791	586.564315	9	0.403257008725	0.596742991275
-12.5308	121.4497	587.106589	-1	0.0	0.255172713522
-3.7201	110.3254	591.045226	4	1.0	0.0
-3.7083	110.3791	591.169064	4	0.627381791036	0.372618208964
