22.6851	276.0873	-2.8e-05	16	1.0	0.0
31.7962	273.5306	-599.968259	-1	0.0	0.437867907214
31.828	273.562	-599.735133	-1	0.0	0.387251640479
30.7529	278.1387	-598.228739	10	0.717794217501	0.282205782499
22.7757	275.962	-587.606349	20	1.0	0.0
22.7601	275.9691	-587.582958	20	1.0	0.0
22.7538	275.9938	-587.549239	20	1.0	0.119444854986
22.8133	275.9958	-587.126366	20	1.0	0.0
31.0398	272.3739	-576.522661	-1	0.0	0.0242076551102
30.7019	273.757	-576.169636	24	1.0	0.0
22.7045	276.1315	-574.822997	16	0.381141955334	0.618858044666
22.6898	276.1392	-574.77935	16	0.399389636126	0.600610363874
22.7124	276.1662	-574.680141	-1	0.0	0.163180311509
22.6666	276.1075	-574.540016	16	0.447385916303	0.552614083697
27.1566	278.4852	-574.416778	4	0.684021987316	0.315978012684
22.6877	278.9765	-565.555973	25	0.606424765763	0.393575234237
22.6366	276.092	-558.694567	16	0.3548734831	0.6451265169
26.7561	268.5106	-558.541219	0	0.932411316409	0.0675886835906
26.7081	268.4909	-558.48486	0	1.0	0.0
26.7212	268.4562	-558.383764	0	0.76481653235	0.23518346765
26.7079	268.4835	-558.232034	0	1.0	0.0
26.6661	268.4144	-558.115053	0	0.401771786413	0.598228213587
21.2735	281.4918	-555.910571	1	1.0	0.0
21.2444	281.4703	-555.871805	1	1.0	0.0
32.0784	274.3983	-549.06458	22	1.0	0.0
32.055	274.4483	-549.060244	22	1.0	0.0
32.1161	274.424	-549.00856	22	1.0	0.0
27.3274	278.4851	-549.000664	4	0.294890391523	0.705109608477
27.3121	278.4885	-548.761625	4	0.272874221996	0.727125778004
27.1694	278.4614	-548.435412	4	1.0	0.0
31.0138	272.4653	-547.49421	31	1.0	0.0
31.0476	272.4377	-547.449623	31	0.88215134442	0.11784865558
31.0268	272.4643	-547.399444	31	1.0	0.0
31.016	272.4485	-547.340384	31	1.0	0.0
31.8248	274.0881	-545.863192	21	1.0	0.0
31.3025	272.2674	-545.83671	27	0.719863732969	0.280136267031
30.774	278.1282	-545.778784	10	0.805450305008	0.194549694992
30.7252	278.1201	-545.690162	10	0.860468803598	0.139531196402
33.56	278.541	-544.799974	6	1.0	0.225424865164
22.7646	275.9578	-542.337712	20	1.0	0.0
30.764	272.1965	-541.132504	8	0.665687328667	0.334312671333
31.3073	277.7581	-540.533954	7	1.0	0.0550251992971
30.7262	273.5889	-539.895362	-1	0.0	0.508130845078
26.8101	278.967	-536.336243	5	1.0	0.0
29.8136	270.7575	-535.926376	2	0.236064362632	0.763935637368
31.2025	272.2436	-535.189896	27	0.505469827089	0.494530172911
22.6585	278.9392	-535.067922	25	1.0	0.0
31.6711	276.6869	-532.262098	13	1.0	0.0
33.016	274.0454	-532.250735	12	0.693279588848	0.306720411152
22.6619	276.0465	-523.496026	16	0.333213067264	0.666786932736
22.6902	276.1258	-523.483264	16	0.472110722078	0.527889277922
22.7497	276.1154	-523.392969	16	0.218491776875	0.781508223125
22.7004	276.1307	-523.341894	16	0.446829701845	0.553170298155
22.6699	276.0833	-523.259523	16	0.85195029961	0.14804970039
22.664	276.1206	-523.114218	16	0.475649932568	0.524350067432
22.6774	276.1138	-522.820255	16	0.592560235393	0.407439764607
30.8224	272.1526	-519.862928	8	0.383336908724	0.616663091276
26.7234	268.4874	-519.238373	0	1.0	0.0
26.6432	268.4382	-519.15647	0	0.441974825215	0.558025174785
22.9377	278.5654	-517.382572	29	1.0	0.0
22.8162	278.5794	-517.334504	-1	0.0	0.0214641353881
22.9271	278.593	-517.321098	29	0.785763534222	0.214236465778
23.1079	278.5811	-517.321079	-1	0.0	0.0489691171888
22.5896	278.8358	-517.310905	26	0.378311103101	0.621688896899
22.752	278.6209	-517.310854	-1	0.0	0.077298778219
22.9934	278.5444	-517.28593	29	0.376854276299	0.623145723701
22.9314	278.5556	-517.261982	29	0.880151113241	0.119848886759
22.9302	278.5689	-517.233515	29	1.0	0.0
22.9022	278.5878	-517.224073	29	0.683749423413	0.316250576587
23.106	278.555	-517.224048	-1	0.0	0.0496487005558
22.9218	278.5714	-517.05729	29	1.0	0.0
22.9102	278.5873	-517.007972	29	0.781620647649	0.218379352351
22.9146	278.5774	-516.917173	29	1.0	0.0
23.1605	278.5664	-516.917139	-1	0.0	0.311366714469
30.7741	278.1119	-513.866931	10	1.0	0.0
30.9196	278.3453	-513.350889	-1	0.0	0.297831410348
22.6452	276.0737	-512.991719	16	0.413402777116	0.586597222884
22.7956	276.0826	-512.968067	-1	0.0	0.0394846676498
31.1388	272.4597	-510.42626	31	0.576537562762	0.423462437238
31.1158	272.4812	-510.373561	31	0.576673599654	0.423326400346
27.1137	278.7901	-505.829795	5	0.807980093779	0.192019906221
30.7865	278.1105	-503.23182	10	1.0	0.0
30.7139	278.1204	-503.17195	10	0.639415911557	0.360584088443
33.7802	278.1204	-502.353404	6	0.43119990532	0.56880009468
33.6905	278.3644	-502.35339	6	0.761402914123	0.238597085877
29.908	271.0606	-502.125706	2	0.469075911759	0.530924088241
30.1294	271.0109	-502.125583	2	1.0	0.0
30.7617	277.6603	-499.131636	7	0.133561238348	0.866438761652
33.6947	276.0451	-496.395227	15	0.542331767018	0.457668232982
22.6278	278.9382	-494.274059	25	1.0	0.0
31.2647	272.2692	-494.143006	27	1.0	0.0
31.2719	272.2847	-494.11897	27	1.0	0.10160060094
31.2859	272.2686	-494.095807	27	1.0	0.0
31.267	272.2776	-494.075614	27	1.0	0.0
21.3296	281.3638	-489.643216	1	0.552848537973	0.447151462027
21.2049	281.2104	-489.643207	1	0.205815769093	0.794184230907
30.6587	273.7357	-488.886767	24	0.507848146852	0.492151853148
30.7648	273.6926	-488.870949	24	0.286073238771	0.713926761229
27.2292	278.4172	-486.123614	4	0.648889843039	0.351110156961
30.141	270.9824	-484.872566	2	0.845592724292	0.154407275708
27.171	278.443	-482.532326	4	1.0	0.0
22.5889	279.0442	-477.842747	-1	0.0	0.406632923835
22.861	275.9931	-477.801254	20	0.842404898979	0.157595101021
31.0949	272.3605	-476.426131	30	0.934126868565	0.0658731314355
34.0115	276.4599	-474.191965	15	0.869837441057	0.130162558943
30.9767	272.5267	-473.521324	31	0.812991003109	0.187008996891
22.6892	275.9583	-472.002318	19	0.937247130776	0.062752869224
22.9871	276.0136	-472.00229	-1	0.0	0.659676837726
22.6701	275.9226	-471.798096	-1	0.0	0.187636075588
27.1561	278.4542	-469.009419	4	1.0	0.0
31.1618	272.3795	-467.363872	30	1.0	0.0
21.2145	281.4803	-464.113075	1	1.0	0.0
26.8307	278.984	-463.670367	5	1.0	0.0
30.7418	273.6911	-462.563458	24	0.31906693366	0.68093306634
33.8278	276.1728	-462.011641	15	1.0	0.442900138931
22.6809	276.1228	-461.039202	16	0.592560235393	0.407439764607
22.8605	276.1572	-461.039194	-1	0.0	0.626096916601
33.4617	277.0656	-460.517287	-1	0.0	0.469509964778
30.7519	278.1055	-450.826012	10	1.0	0.0
30.8257	278.1442	-450.745549	10	0.351472588163	0.648527411837
22.5868	278.8999	-447.523561	25	0.637995154972	0.362004845028
30.7946	278.1171	-442.669303	10	0.796576561001	0.203423438999
30.7573	273.8014	-442.471109	24	0.712223614837	0.287776385163
30.7051	273.7282	-442.41854	24	0.559893820383	0.440106179617
30.7258	273.6664	-442.318711	-1	0.0	0.100756751744
30.7474	273.7562	-442.317397	24	0.537291099301	0.462708900699
31.0091	272.4454	-440.466456	31	0.87165413816	0.12834586184
31.2068	272.3877	-440.466349	-1	0.0	0.250677545941
22.7767	276.0353	-438.050015	-1	0.0	0.0115231635766
22.7577	275.9837	-437.606223	20	1.0	0.0
22.8554	275.9963	-437.363986	20	1.0	0.0
22.7775	275.9826	-437.253435	20	1.0	0.0186095532257
21.0409	281.5132	-428.444792	1	0.300479305707	0.699520694293
21.064	281.5262	-428.398504	1	0.333406266587	0.666593733413
31.8384	273.8991	-427.577069	21	0.673180566669	0.326819433331
31.23	272.6115	-426.15924	-1	0.0	0.104699857061
31.3152	277.6692	-419.135405	7	0.474327663513	0.525672336487
22.6694	276.09	-415.872704	16	0.913457520265	0.0865424797345
22.6668	276.0937	-415.851471	16	0.787507516444	0.212492483556
33.6982	275.5763	-412.1802	17	0.898506069318	0.101493930682
33.6739	275.5886	-412.072382	17	1.0	0.0
31.5726	275.123	-411.265645	9	0.756350354904	0.243649645096
30.8324	269.338	-409.880864	-1	0.0	0.109111152918
26.706	268.5061	-408.888047	0	0.98998934091	0.0100106590902
26.7577	268.4967	-408.842172	0	1.0	0.0
26.7771	268.4647	-408.819565	0	0.923991658551	0.0760083414487
26.7466	268.4795	-408.784511	0	1.0	0.0
26.777	268.4964	-408.705321	0	0.870528946447	0.129471053553
27.0983	278.4238	-406.304852	4	0.451527574316	0.548472425684
22.7857	276.0256	-405.406065	20	0.719851367826	0.280148632174
29.9144	270.8431	-402.939823	2	0.435558586329	0.564441413671
27.3222	278.4432	-402.717531	4	0.348210491762	0.651789508238
27.2361	278.4379	-402.555464	4	0.771221545662	0.228778454338
27.2358	278.4392	-402.477837	4	0.797555657946	0.202444342054
30.7329	273.7492	-401.413852	24	0.724107023064	0.275892976936
33.7613	278.5662	-400.992474	6	1.0	0.0
22.6097	278.9408	-398.326493	25	1.0	0.0
33.0898	274.105	-389.344329	12	1.0	0.0
33.0642	274.0794	-389.316377	12	1.0	0.0
33.0783	274.102	-389.217345	12	1.0	0.0
31.5873	275.1662	-388.727298	9	0.822812357612	0.177187642388
31.5882	275.1379	-388.62355	9	1.0	0.0
31.5969	275.0874	-388.525403	9	0.370117405458	0.629882594542
22.6659	275.9851	-380.943048	19	0.952309709031	0.0476902909689
22.786	275.9881	-380.943033	20	1.0	0.119444854986
22.7152	276.0008	-380.657522	20	0.693245533244	0.306754466756
22.6566	275.9555	-380.299761	19	1.0	0.0
31.1632	272.5298	-378.657671	32	0.542406116333	0.457593883667
31.2484	272.3136	-376.650982	27	1.0	0.0
31.2616	272.3127	-376.623051	27	1.0	0.0
31.2299	272.304	-376.594573	27	0.911284815189	0.0887151848109
31.305	272.3094	-376.568781	27	0.649433911412	0.350566088588
27.1587	278.4058	-373.506719	4	0.422416845795	0.577583154205
33.7516	275.619	-373.288801	17	0.393427469263	0.606572530737
30.6716	273.7151	-365.869182	24	0.361620412911	0.638379587089
30.6996	273.7534	-365.43251	24	1.0	0.0
31.5948	275.2145	-365.183843	9	0.450153468603	0.549846531397
31.0931	272.3776	-365.003592	30	1.0	0.0
26.7163	268.5128	-362.564788	0	0.932411316409	0.0675886835906
26.7191	268.4936	-362.510957	0	1.0	0.0
26.7681	268.5122	-362.410945	0	0.719738086797	0.280261913203
26.7225	268.4558	-362.174311	0	0.765523389421	0.234476610579
31.6956	273.9614	-360.990762	21	0.761383239935	0.238616760065
27.1478	278.5135	-357.367182	4	0.552549728485	0.447450271515
22.8201	276.0037	-356.33635	20	1.0	0.0
22.7935	275.9538	-356.021028	20	1.0	0.0
31.2736	277.7341	-355.415662	7	1.0	0.0
31.3162	277.7637	-355.344189	7	1.0	0.179116058554
30.7936	272.1728	-355.307254	8	0.719928307502	0.280071692498
30.8084	272.1876	-355.250864	8	0.845101670957	0.154898329043
31.2582	277.7325	-355.200765	7	1.0	0.247383917351
30.7754	272.2438	-350.773948	8	1.0	0.355986118877
31.0466	272.4298	-344.890742	31	0.88215134442	0.11784865558
31.0528	272.4359	-344.855307	31	0.772204742977	0.227795257023
31.0265	272.3747	-344.815991	-1	0.0	0.129890363917
33.7135	277.9263	-342.950721	6	0.305754828808	0.694245171192
22.8504	276.0007	-342.569092	20	1.0	0.0
30.7527	273.8212	-337.888195	24	1.0	0.131286410554
30.7191	273.7943	-337.850943	24	0.774066029948	0.225933970052
30.7248	273.7968	-337.375357	24	0.681756411259	0.318243588741
31.1381	272.4571	-337.269996	31	0.533497087763	0.466502912237
30.9711	278.3394	-336.923591	-1	0.0	0.432299588077
31.5856	275.1554	-333.05318	9	1.0	0.0
23.0	278.4713	-331.279242	-1	0.0	0.14471399016
23.209	278.4731	-331.279212	-1	0.0	0.468700909233
26.8667	278.8044	-329.424071	5	0.807980093779	0.192019906221
31.2533	272.2517	-328.908949	27	1.0	0.167967751625
31.2572	272.2855	-328.87383	27	0.922274547091	0.0777254529089
31.2765	272.2708	-328.84818	27	1.0	0.0
29.758	274.3728	-328.75017	-1	0.0	0.058919714437
22.6817	276.0817	-326.481264	16	1.0	0.0
22.6423	276.0716	-326.433124	16	0.433843837964	0.566156162036
22.6574	276.0856	-326.216616	16	0.75080047686	0.24919952314
27.1668	278.4587	-319.412278	4	1.0	0.0
27.1364	278.4834	-319.346932	4	0.777070451969	0.222929548031
27.1366	278.4708	-319.141573	4	0.798048287557	0.201951712443
33.8846	276.3269	-316.727605	15	1.0	0.387240147149
33.916	276.3435	-316.712694	15	1.0	0.374841236092
30.7786	278.1193	-313.378793	10	1.0	0.0
33.7261	275.5866	-312.811962	17	0.627583995926	0.372416004074
33.6845	275.5626	-312.746836	17	0.878605330978	0.121394669022
31.5256	276.1984	-311.850616	13	0.186749727462	0.813250272538
30.0639	271.0478	-307.24959	2	1.0	0.0
30.0691	271.0177	-307.241159	2	1.0	0.0
27.2509	278.1855	-306.562491	-1	0.0	0.275718804196
27.2045	278.4967	-306.562446	4	0.440733388844	0.559266611156
31.2172	272.5155	-305.583983	32	0.52433018227	0.47566981773
31.2723	272.5378	-305.392975	-1	0.0	0.263454410777
31.5727	275.124	-302.852008	9	0.787657257182	0.212342742818
31.5916	275.1432	-302.829007	9	1.0	0.0
31.6376	275.1532	-302.81732	9	0.613871333004	0.386128666996
31.6141	275.1475	-302.79878	9	1.0	0.0
31.5821	275.1472	-302.769564	9	1.0	0.0
22.6574	276.0798	-298.99852	16	0.646844387584	0.353155612416
21.2229	281.3737	-295.778648	1	0.49181774338	0.50818225662
22.775	275.8395	-292.469453	-1	0.0	0.73656098796
31.0351	272.4699	-292.049754	31	1.0	0.0
30.8239	272.186	-290.549184	8	0.805378051259	0.194621948741
30.6793	273.7712	-290.035046	24	1.0	0.225716602427
27.0778	278.4542	-288.547596	4	0.416915868595	0.583084131405
31.0858	272.4835	-281.167442	31	0.576673599654	0.423326400346
31.7256	276.5162	-278.888218	13	0.468283153624	0.531716846376
30.8257	272.2251	-273.454556	8	0.893983943393	0.106016056607
22.7761	275.9542	-272.374303	20	1.0	0.0
30.7742	278.1319	-268.432671	10	0.826917514794	0.173082485206
31.5979	275.1772	-267.888503	9	0.602488075531	0.397511924469
31.6206	275.1544	-267.659462	9	0.913321283375	0.0866787166246
33.6854	275.5723	-266.645844	17	1.0	0.0
33.6824	275.5809	-266.380793	17	1.0	0.0
21.2316	281.485	-264.57527	1	1.0	0.0
26.9712	278.9037	-263.639869	5	1.0	0.0
30.6802	273.7541	-263.012007	24	1.0	0.00359963887154
30.676	273.7564	-262.908588	24	1.0	0.0352868953819
30.7435	273.7402	-262.882659	24	0.592994077792	0.407005922208
33.6549	275.273	-261.533003	18	1.0	0.0
33.6399	275.2502	-261.444334	18	1.0	0.0
26.8133	278.975	-260.121434	5	0.989554479556	0.0104455204435
30.8154	272.2673	-260.048411	8	1.0	0.0
31.2905	272.2946	-258.936384	27	0.939806004753	0.0601939952465
31.2618	272.3461	-258.866769	27	0.465637872622	0.534362127378
31.3769	277.8094	-253.860485	7	0.974432512795	0.0255674872047
27.1578	278.3766	-250.296269	4	0.451527574316	0.548472425684
27.0561	278.6193	-247.040602	4	0.134841699714	0.865158300286
27.1813	278.6066	-247.040548	4	0.167141352462	0.832858647538
22.8695	278.5239	-242.567264	29	0.315500779904	0.684499220096
22.8592	278.455	-241.676334	29	0.279541782256	0.720458217744
22.8629	278.4817	-241.452595	29	0.315500779904	0.684499220096
22.6308	275.9845	-241.050252	19	0.909958145177	0.0900418548228
30.7897	272.1998	-238.99962	8	0.805378051259	0.194621948741
30.1448	270.8762	-234.763362	2	0.352350437604	0.647649562396
26.7973	268.432	-229.596622	0	0.95912689201	0.0408731079899
22.8158	278.6106	-227.140175	28	0.366955731941	0.633044268059
22.9492	278.5966	-227.140167	29	0.495283183313	0.504716816687
30.635	273.6464	-224.677382	-1	0.0	0.333195271489
30.6806	273.77	-224.538196	24	1.0	0.229662582164
30.6927	273.7591	-224.428789	24	1.0	0.0
27.1346	278.5038	-222.66875	4	0.710743101975	0.289256898025
27.2817	278.4476	-222.668679	4	0.388457361624	0.611542638376
33.7141	275.5931	-221.97462	17	0.833441034915	0.166558965085
22.6236	278.9033	-215.162882	25	0.810698334637	0.189301665363
22.6988	278.9395	-215.15946	25	0.699802073995	0.300197926005
27.1222	278.3948	-214.494674	4	0.451527574316	0.548472425684
33.7972	276.1804	-211.466257	15	1.0	0.359833496628
30.7817	269.2486	-207.12262	-1	0.0	0.149534411822
22.8259	278.6883	-200.513953	28	0.720452284139	0.279547715861
23.0215	278.6793	-200.513933	-1	0.0	0.130706101099
22.8615	278.4592	-200.027091	29	0.307400203406	0.692599796594
22.9358	278.5706	-199.605799	29	1.0	0.0
30.8031	272.2415	-198.351391	8	1.0	0.0
30.8042	272.2057	-198.16977	8	0.845101670957	0.154898329043
21.4171	281.3943	-198.072925	1	0.552848537973	0.447151462027
30.6693	273.8183	-195.506298	24	1.0	0.171312561615
30.7105	273.7318	-195.496695	24	0.631824465635	0.368175534365
31.2657	272.3026	-195.332392	27	1.0	0.0
31.2036	272.3044	-195.304977	27	0.501171325923	0.498828674077
31.2663	272.263	-195.284202	27	1.0	0.0
31.2459	272.2548	-195.265521	27	0.9710470966	0.0289529034002
30.9788	272.4829	-195.176607	31	0.709867600478	0.290132399522
34.0779	279.0262	-194.560667	6	1.0	0.191731010924
29.9035	270.9157	-192.740135	2	0.329415218215	0.670584781785
31.2547	277.7542	-191.170205	7	1.0	0.0
26.5564	268.4314	-188.680598	0	0.249196065118	0.750803934882
22.6465	276.0186	-185.376191	-1	0.0	0.0965386426381
33.694	275.5559	-185.169145	17	0.777058260151	0.222941739849
33.6634	275.5875	-185.018977	17	0.817061589181	0.182938410819
22.6394	275.9624	-184.997175	19	1.0	0.0
21.2484	281.5002	-183.340525	1	1.0	0.0
21.2692	281.5056	-182.765019	1	0.983672811251	0.0163271887487
26.7892	268.4533	-178.453019	0	0.972411107507	0.0275888924929
26.7646	268.5728	-178.451403	0	0.317235499809	0.682764500191
30.7448	278.1113	-177.404533	10	0.903199536415	0.0968004635845
22.8268	275.9955	-172.279211	20	1.0	0.0
22.6304	276.1388	-169.260892	-1	0.0	0.0475030834884
30.6908	273.7617	-168.049649	24	1.0	0.0
30.6889	273.7583	-168.039814	24	1.0	0.0
30.7965	272.2434	-166.186819	8	1.0	0.0
30.8005	272.2395	-166.118977	8	1.0	0.0
31.2784	277.8724	-164.154906	7	1.0	0.2528230486
27.1199	278.4722	-163.870013	4	0.58438530687	0.41561469313
30.748	278.1208	-162.955137	10	0.903199536415	0.0968004635845
33.6903	275.5944	-154.449389	17	1.0	0.0
32.2002	277.0789	-153.875154	14	1.0	0.0
30.7408	278.1074	-143.88015	10	0.889219477584	0.110780522416
30.7492	278.1259	-143.828239	10	0.877705978824	0.122294021176
33.6468	275.2622	-139.91555	18	1.0	0.0
33.6147	275.2647	-139.880218	18	1.0	0.0
33.918	278.7805	-139.17393	6	1.0	0.0
27.1445	278.4475	-138.137829	4	0.804880522129	0.195119477871
31.2703	277.7871	-136.925126	7	1.0	0.0843075404274
31.2654	277.7656	-136.903029	7	1.0	0.0
31.3701	277.7607	-136.902964	7	0.907913807591	0.0920861924094
30.7648	274.0115	-132.125373	23	1.0	0.0
22.7041	276.1015	-129.541664	16	0.507019365992	0.492980634008
22.7732	276.0926	-129.541644	16	0.225838295452	0.774161704548
33.7853	276.1895	-125.452984	15	1.0	0.262793422794
30.839	272.2202	-118.69002	8	0.659659716095	0.340340283905
26.7533	268.431	-118.340688	0	0.743208401846	0.256791598154
31.2787	272.3056	-115.825341	27	1.0	0.0
31.2767	272.3061	-115.790284	27	1.0	0.0
31.2317	272.2519	-115.775837	27	0.819741244319	0.180258755681
31.2537	272.2941	-115.741199	27	1.0	0.0707132106497
31.2477	272.3377	-115.729049	27	0.592154866446	0.407845133554
31.1362	272.1591	-115.067226	-1	0.0	0.161521513468
31.1399	272.219	-115.041837	-1	0.0	0.131077485604
31.1466	272.2018	-114.991462	-1	0.0	0.00945185421418
22.7092	276.0997	-113.511607	16	0.402135136715	0.597864863285
27.0581	278.7987	-110.692662	5	0.972593411613	0.0274065883866
34.036	279.2063	-109.879427	6	1.0	0.0207990644652
31.2657	277.7764	-108.97719	7	1.0	0.0
31.3143	277.7932	-108.9704	7	1.0	0.266477272161
22.7386	278.9676	-105.741258	25	0.597245618782	0.402754381218
22.9283	279.0545	-105.74123	-1	0.0	0.523127265117
30.7559	278.0957	-103.188263	10	0.889219477584	0.110780522416
30.1605	271.0068	-101.742922	2	0.854785130701	0.145214869299
27.1293	278.6438	-98.936131	4	0.121426537835	0.878573462165
31.1692	272.5918	-89.975993	32	0.654061873882	0.345938126118
31.1636	272.598	-89.91473	32	0.654061873882	0.345938126118
30.9943	272.4169	-89.0196	31	0.566681514809	0.433318485191
31.0315	272.4568	-88.907963	31	1.0	0.0
31.0353	272.4607	-88.773611	31	1.0	0.0
31.032	272.4114	-88.697073	31	0.719020104039	0.280979895961
30.6577	273.7786	-86.286859	24	0.656744648066	0.343255351934
30.7918	273.832	-86.286788	24	0.458547921223	0.541452078777
30.6883	273.7984	-86.256645	24	1.0	0.0
30.6584	273.7679	-86.215993	24	0.923670493531	0.0763295064694
30.6948	273.7822	-86.20728	24	1.0	0.314379207528
30.6751	273.8004	-86.158314	24	1.0	0.0915398983731
30.6948	273.7938	-85.891939	24	1.0	0.155801522523
33.6949	275.6059	-82.992078	17	0.67061970155	0.32938029845
22.7887	276.2406	-82.938339	-1	0.0	0.70924550213
22.6774	276.0889	-82.888553	16	1.0	0.0
22.6356	276.042	-82.798492	16	0.31495670232	0.68504329768
22.6726	276.0837	-82.681031	16	1.0	0.0
33.6809	275.5788	-82.666116	17	1.0	0.0
22.6739	276.0691	-82.552833	16	0.443729987956	0.556270012044
26.9839	278.9106	-82.375543	5	0.999086427898	0.000913572101586
22.6819	276.0799	-82.016931	16	0.780829792865	0.219170207135
30.798	272.2492	-81.666001	8	1.0	0.0
30.8472	272.2578	-81.611113	8	1.0	0.154330857741
30.7947	272.2709	-81.499723	8	1.0	0.0610308112765
21.2509	281.5384	-76.576224	1	0.619082614221	0.380917385779
21.5208	281.5623	-76.576197	1	0.229482196317	0.770517803683
30.1606	270.9966	-75.092111	2	0.809771014434	0.190228985566
27.2094	278.452	-74.673774	4	0.810381148092	0.189618851908
27.395	278.3737	-74.673672	4	0.177705717145	0.822294282855
31.2045	272.5353	-70.780582	32	0.592308044949	0.407691955051
22.6256	278.9365	-68.622821	25	1.0	0.0
22.862	279.0423	-68.622819	-1	0.0	0.359735269843
31.6863	276.7024	-64.840316	13	1.0	0.0
31.7025	276.6736	-64.810001	13	1.0	0.0
31.7986	276.6144	-64.809929	13	0.690655091566	0.309344908434
22.6955	276.1095	-63.756106	16	0.550460832297	0.449539167703
33.8324	276.2492	-57.311463	15	1.0	0.248995816671
31.1253	272.547	-57.120854	32	0.514884212977	0.485115787023
31.1243	272.6009	-57.051499	32	0.654061873882	0.345938126118
34.0672	279.034	-55.8359	6	1.0	0.14805534579
34.05	279.2746	-48.192844	6	1.0	0.0
30.8075	272.2865	-45.299846	8	1.0	0.0
30.799	272.2479	-45.055493	8	1.0	0.0
22.9788	278.5667	-44.263347	29	0.564823744596	0.435176255404
31.34	277.8645	-33.665009	7	1.0	0.0
22.6883	276.0969	-31.061382	16	0.606545463607	0.393454536393
22.6976	276.0657	-30.993646	16	0.356143775536	0.643856224464
22.7569	276.097	-30.953199	16	0.226830716762	0.773169283238
27.1652	278.5079	-26.149932	4	0.641118885357	0.358881114643
22.6196	278.9004	-23.876716	25	0.742954120134	0.257045879866
22.7768	278.9275	-23.876702	-1	0.0	0.0671385776319
26.7532	268.4607	-23.372377	0	1.0	0.0
26.7563	268.4534	-23.174677	0	1.0	0.0
31.6342	276.7753	-18.255145	13	0.936396179694	0.0636038203055
31.2304	272.6847	-15.479037	-1	0.0	0.0363829650546
31.2164	272.7156	-15.420705	-1	0.0	0.162020962044
31.2096	272.6666	-15.32847	-1	0.0	0.0498194256523
31.2763	272.6613	-14.843196	-1	0.0	0.0722090989599
22.8719	278.5023	-11.823824	29	0.307400203406	0.692599796594
22.8576	278.5311	-11.820536	29	0.284634873129	0.715365126871
31.2608	272.3238	-10.803867	27	0.778660162023	0.221339837977
31.1777	272.3923	-10.785824	30	1.0	0.0
31.3603	272.2538	-10.263282	27	0.300091914583	0.699908085417
31.2778	277.7546	-9.210723	7	1.0	0.0
31.036	272.4216	-9.143351	31	0.88215134442	0.11784865558
30.992	272.49	-9.055818	31	1.0	0.0
31.01	272.4818	-8.668202	31	1.0	0.0
30.7291	273.8302	-5.310438	24	1.0	0.131286410554
30.6992	273.7807	-5.220375	24	0.949885693589	0.0501143064106
30.719	273.7595	-5.156584	24	0.929640741898	0.0703592581016
30.6943	273.7746	-5.104749	24	1.0	0.225716602427
30.7516	273.9868	-3.582023	23	0.917423059419	0.0825769405806
33.6936	275.5466	-3.44678	17	0.849315765828	0.150684234172
33.5664	275.5723	-3.419948	17	0.204465458031	0.795534541969
33.6969	275.5375	-3.359227	17	0.548494036907	0.451505963093
33.7045	275.5347	-3.273557	17	0.472754755898	0.527245244102
30.0758	271.0497	-2.064344	2	1.0	0.0
30.7403	278.2088	-1.884484	11	0.362424520203	0.637575479797
30.7854	278.2912	-1.805635	11	1.0	0.0
33.2018	274.1901	-1.738317	12	0.457577151931	0.542422848069
33.1854	274.1774	-1.736339	12	0.530813721762	0.469186278238
30.7825	278.2065	-1.662024	11	0.379491237548	0.620508762452
22.6851	276.0873	-2.8e-05	16	1.0	0.0
22.6803	276.0874	0.046898	16	1.0	0.0
22.7694	276.1372	0.332943	-1	0.0	0.258865595074
31.1801	272.5618	1.54361	32	0.592308044949	0.407691955051
33.8694	276.403	2.778873	15	1.0	0.0
30.8376	272.2458	5.049593	8	0.867202835566	0.132797164434
31.6639	276.6983	9.121034	13	1.0	0.0
31.7066	276.5796	9.548734	13	0.676627446119	0.323372553881
34.0279	279.0314	11.367829	6	1.0	0.172587345755
31.0231	272.4885	13.543266	31	1.0	0.0
30.2653	271.1569	22.892275	2	0.336858779793	0.663141220207
22.8569	278.6602	23.954248	28	1.0	0.0
22.8553	278.6515	24.094352	28	1.0	0.0
22.827	278.6776	24.213595	28	0.812270046169	0.187729953831
31.0147	272.0992	25.859091	-1	0.0	0.403258713669
27.2009	278.4358	26.374501	4	0.868458653405	0.131541346595
33.9149	278.8311	26.583204	6	1.0	0.217034909834
31.0288	272.5155	27.001369	31	1.0	0.0
29.8883	270.9087	29.174678	2	0.305137698641	0.694862301359
29.9576	270.9338	29.326059	2	0.435558586329	0.564441413671
31.1422	272.5783	30.560766	32	0.654061873882	0.345938126118
20.3041	282.902	36.053016	-1	0.0	0.331392459531
20.5946	283.0065	36.053055	-1	0.0	0.359567803885
30.7542	278.0942	40.862441	10	0.848653641033	0.151346358967
33.7869	276.2835	43.677668	15	1.0	0.0
32.1184	274.4757	60.926575	22	0.955682864663	0.0443171353373
32.2157	274.3928	61.353385	22	0.575780261017	0.424219738983
31.3046	277.8022	61.618455	7	1.0	0.295849187052
26.8762	278.9749	62.467126	5	1.0	0.0
26.8997	279.1322	62.467168	-1	0.0	0.153176669924
34.0658	279.1813	63.168331	6	1.0	0.14805534579
30.0764	271.0743	66.288637	2	0.812071900764	0.187928099236
22.8464	275.7269	67.594175	-1	0.0	0.863473589806
22.8333	275.8806	67.594194	-1	0.0	0.637523014697
22.7622	276.0868	68.419199	16	0.200681610714	0.799318389286
22.7216	276.0308	68.57586	16	0.195232063412	0.804767936588
33.7585	278.6778	68.673861	6	1.0	0.0
22.5539	278.7851	69.98498	26	0.393730705616	0.606269294384
22.5616	278.7814	70.605444	26	0.378311103101	0.621688896899
22.6677	278.7828	70.605455	26	0.652163457337	0.347836542663
26.8126	268.4512	70.750502	0	0.869076520251	0.130923479749
26.7993	268.4325	70.897101	0	0.969022409529	0.0309775904706
30.7814	272.2645	73.526447	8	1.0	0.497208274049
32.3164	276.9936	77.104797	14	1.0	0.0
34.0511	279.3341	79.470309	6	1.0	0.0
34.0454	279.3438	79.67083	6	1.0	0.0
31.2626	272.2333	88.461956	27	0.604836525442	0.395163474558
31.2372	272.2396	88.535748	27	0.964687260831	0.0353127391694
31.2776	272.2575	88.573976	27	1.0	0.0834940319102
31.2016	272.1615	88.603066	-1	0.0	0.0466522111743
31.0304	272.4713	88.608456	31	1.0	0.0
31.2347	272.305	88.622751	27	0.888689060676	0.111310939324
31.3284	272.3945	88.921516	-1	0.0	0.0529297764669
31.2949	272.1696	89.176212	-1	0.0	0.208241149716
31.2923	272.1646	89.265759	-1	0.0	0.257629978903
31.2935	272.1836	89.338699	-1	0.0	0.0950399917907
30.7445	273.8565	98.523912	24	0.512080767129	0.487919232871
30.9984	272.539	106.186471	31	0.974428911805	0.0255710881954
31.1898	272.5241	113.173278	-1	0.0	0.0316125822809
27.1823	278.4654	113.347661	4	0.858180538304	0.141819461696
27.3791	278.4397	113.347758	4	0.257829846584	0.742170153416
33.116	274.1461	133.112553	12	1.0	0.0
31.0669	272.53	133.147301	31	0.995224545296	0.00477545470396
31.1349	272.6409	135.876342	32	1.0	0.0
31.1417	272.6382	136.074733	32	1.0	0.0
31.144	272.6603	136.532763	32	0.990896424923	0.0091035750772
31.1324	272.6754	136.849016	32	0.962179283836	0.0378207161641
30.8081	272.2764	141.275123	8	1.0	0.0
30.9737	272.3313	141.275204	-1	0.0	0.31422138403
30.7823	272.3026	141.305877	8	0.996211210065	0.00378878993527
30.7614	273.9558	143.583862	23	0.604520872699	0.395479127301
30.7674	274.0543	143.747825	23	0.528986746475	0.471013253525
30.7853	274.0088	144.345084	23	1.0	0.0
30.7779	274.0069	144.49241	23	1.0	0.0
30.7736	274.0112	144.571807	23	1.0	0.0
30.7473	273.9148	144.940412	24	0.272640788985	0.727359211015
22.7355	279.0126	146.402483	-1	0.0	0.152858414873
22.8951	279.0019	146.402495	-1	0.0	0.298549480165
33.4788	277.2094	147.359019	-1	0.0	0.204530290648
33.6274	277.1563	147.359117	-1	0.0	0.15963380106
33.6244	275.1884	148.855846	18	1.0	0.0
32.0319	274.1617	152.576416	21	0.945500751027	0.0544992489732
32.0547	274.1753	152.599196	21	0.87950000756	0.12049999244
22.6075	278.9139	160.618773	25	1.0	0.0
21.2476	281.2876	161.224213	1	0.386544739509	0.613455260491
34.0414	279.006	161.283872	6	1.0	0.286742211061
22.6847	275.9301	161.512599	19	0.863836077198	0.136163922802
33.7581	276.5747	161.673891	15	0.454538548793	0.545461451207
26.6807	268.478	164.694654	0	0.785893170757	0.214106829243
26.6603	268.4426	164.748332	0	0.560971755148	0.439028244852
30.7338	273.8223	168.418977	24	1.0	0.131286410554
30.7388	272.276	171.657721	8	0.592294724424	0.407705275576
30.7677	278.1055	191.068927	10	1.0	0.0
31.0029	272.5127	192.223067	31	1.0	0.314966578636
31.0468	272.5012	192.247663	31	1.0	0.406545710077
21.324	281.4292	194.00301	1	0.552848537973	0.447151462027
21.3382	281.3922	194.094258	1	0.552848537973	0.447151462027
30.9936	272.5503	197.161111	31	0.733766257291	0.266233742709
22.6828	276.1029	197.265078	16	0.618259450922	0.381740549078
22.8118	276.3686	197.265114	-1	0.0	0.8581033947
22.6795	276.0614	197.302572	16	0.372594599177	0.627405400823
22.7897	276.258	197.302591	-1	0.0	0.728331818559
22.6678	276.0658	197.814195	16	0.404481133275	0.595518866725
22.6847	276.0891	197.93467	16	0.797380159477	0.202619840523
33.739	275.9107	197.982862	-1	0.0	0.0498924001243
22.6657	276.0904	198.191718	16	0.896130787803	0.103869212197
32.1603	274.5357	199.152805	22	0.706324791409	0.293675208591
30.7808	272.2951	200.734376	8	1.0	0.0772084149596
30.8244	272.2689	200.778472	8	1.0	0.0
30.7588	272.276	200.833404	8	0.848158382841	0.151841617159
30.7848	272.3339	200.855757	8	1.0	0.0941750877613
32.4821	274.7625	201.619986	-1	0.0	0.396006339371
31.0106	272.5211	206.407898	31	1.0	0.123031522079
27.0965	278.3708	209.091778	4	0.320890436044	0.679109563956
27.0861	278.1907	209.20856	-1	0.0	0.229482797384
27.0837	278.3979	209.208598	4	0.370207467329	0.629792532671
30.7625	278.2373	210.194632	11	0.590834273429	0.409165726571
30.8082	278.2613	210.2704	11	0.903351006905	0.0966489930954
30.822	278.263	210.444962	11	1.0	0.0
30.7649	278.2835	210.529523	11	0.932896303914	0.0671036960857
30.6823	273.807	211.578987	24	1.0	0.0
31.0763	272.4151	214.24391	31	0.753821748103	0.246178251897
31.088	272.4186	214.820184	31	0.61892849647	0.38107150353
30.8134	272.4055	215.160903	-1	0.0	0.0976154263137
31.0197	272.5393	216.394313	31	1.0	0.274598704012
31.0694	272.5206	216.396073	31	0.89556093673	0.10443906327
22.2755	279.6765	236.998144	3	1.0	0.0
31.8427	274.2039	239.463821	21	0.957376572131	0.0426234278692
31.1495	272.4917	239.718609	-1	0.0	0.0315974759941
31.8227	273.9148	240.349044	21	0.705192786393	0.294807213607
31.3672	277.8447	240.620823	7	1.0	0.0958986704354
33.8802	278.783	246.084601	6	1.0	0.0
31.5827	275.0698	249.488584	9	0.275532381519	0.724467618481
31.6691	275.241	249.488646	9	0.368158643696	0.631841356304
32.0497	274.392	249.735284	22	1.0	0.0
31.0827	272.5254	253.988386	31	0.666793211195	0.333206788805
22.6507	276.0588	263.843754	16	0.429745712011	0.570254287989
22.5887	275.9357	264.13999	-1	0.0	0.343805337299
20.364	283.157	272.981794	-1	0.0	0.426458194605
31.2674	272.5191	278.639096	-1	0.0	0.190878534633
31.0	272.4867	278.71547	31	1.0	0.0
31.0107	272.5103	278.878725	31	1.0	0.105622688834
31.0311	272.5264	279.146726	31	1.0	0.0412843211
22.9336	278.5405	280.916514	29	0.443795090289	0.556204909711
27.1818	278.4501	283.326914	4	1.0	0.0
30.8322	278.2777	284.016442	11	0.760921783141	0.239078216859
22.7946	275.9613	285.493648	20	1.0	0.0280239781379
22.6987	276.0364	285.56032	16	0.217717948087	0.782282051913
22.681	275.9774	285.616257	19	1.0	0.0
30.7789	273.8635	288.266564	24	0.388435190267	0.611564809733
30.7534	273.83	288.287797	24	1.0	0.191339658619
31.1338	272.6394	291.83835	32	1.0	0.0
31.1299	272.3872	292.480892	30	1.0	0.0
31.1225	272.3877	292.544605	30	1.0	0.0
22.9009	278.6677	292.71408	28	0.575130009192	0.424869990808
22.8436	278.6587	292.766	28	1.0	0.0
31.3235	272.5959	293.663446	-1	0.0	0.195069083393
26.743	268.3772	293.680307	0	0.333219500797	0.666780499203
31.3228	272.603	293.736898	-1	0.0	0.182137036236
27.1095	278.8771	296.608466	5	1.0	0.0
31.338	277.8705	298.590508	7	1.0	0.0
31.3569	277.8848	298.642922	7	1.0	0.0
30.7987	272.304	302.07118	8	1.0	0.232794322709
30.8336	272.2755	302.124995	8	1.0	0.154335451661
30.8224	272.2928	302.138354	8	1.0	0.0775166618602
30.8134	272.2934	302.174123	8	1.0	0.0768271117225
30.7974	272.2842	302.203382	8	1.0	0.0610308112765
31.013	272.5175	303.265713	31	1.0	0.0
30.7315	273.8173	304.692884	24	1.0	0.131286410554
30.1348	271.1488	308.153092	2	0.525408006621	0.474591993379
31.9888	274.0411	311.949101	21	1.0	0.0
21.2655	281.348	315.692301	1	0.552848537973	0.447151462027
21.338	281.3441	315.750978	1	0.5125862935	0.4874137065
30.0298	271.0578	315.888731	2	1.0	0.0
22.678	276.1108	320.552323	16	0.615877641466	0.384122358534
22.6344	276.0607	320.580401	16	0.413402777116	0.586597222884
22.6123	276.0595	320.900027	16	0.273110892434	0.726889107566
31.2951	277.8246	326.314088	7	1.0	0.316629375576
22.8437	278.6673	327.648407	28	1.0	0.0
23.0659	278.6448	327.648435	-1	0.0	0.192380367139
22.8006	278.7075	327.803664	28	0.365641444551	0.634358555449
22.9801	278.6762	327.803673	-1	0.0	0.071298245912
22.8438	278.6701	327.965785	28	1.0	0.0
22.8853	278.679	328.110715	28	0.668983630559	0.331016369441
22.8793	278.6416	328.186035	28	0.594595517587	0.405404482413
27.1478	278.5313	330.32065	4	0.342376019606	0.657623980394
27.3501	278.5427	330.320747	4	0.169168528618	0.830831471382
31.6473	276.4058	332.236176	13	0.336803070606	0.663196929394
33.058	274.1159	332.5248	12	1.0	0.0
31.6655	275.2189	332.850163	9	0.332664895478	0.667335104522
31.4087	277.8667	341.407519	7	1.0	0.281827597595
32.0296	274.515	342.314858	22	0.824735249091	0.175264750909
30.8363	272.2683	343.394432	8	1.0	0.0
31.0522	272.5088	350.049711	31	1.0	0.307711470231
31.0327	272.5531	350.134556	31	0.816812690945	0.183187309055
31.0403	272.5083	350.209667	31	1.0	0.0
31.0388	272.5076	350.285556	31	1.0	0.0
22.6594	276.0297	350.623166	16	0.264051304527	0.735948695473
27.4071	278.5663	355.286281	4	0.124696284269	0.875303715731
30.8161	278.2539	358.398773	11	0.845116487452	0.154883512548
30.7617	278.261	358.450572	11	0.803489640126	0.196510359874
30.7968	278.274	358.545773	11	1.0	0.0
30.7842	278.2809	358.700483	11	1.0	0.0
30.7833	278.2918	358.862824	11	1.0	0.0
22.8839	278.4367	359.405868	-1	0.0	0.0996806370492
33.5631	275.6545	362.88855	17	0.153234156348	0.846765843652
33.7264	275.5989	362.888653	17	0.648203579799	0.351796420201
31.6481	276.7986	365.199531	13	0.748552390173	0.251447609827
31.031	272.5245	365.582093	31	1.0	0.0
30.759	273.8206	367.872519	24	0.964092212695	0.0359077873046
33.7253	278.6213	379.103033	6	1.0	0.0
31.0542	272.6707	379.115567	32	0.558787214662	0.441212785338
31.0361	272.5346	379.880574	31	1.0	0.0124223141057
26.9154	268.5328	380.243773	0	0.22350844156	0.77649155844
33.7992	276.2448	382.797339	15	1.0	0.0
32.0679	274.4991	382.812767	22	1.0	0.0
33.7739	276.2645	383.344378	15	1.0	0.0
30.6828	273.8331	384.428173	24	0.848764105038	0.151235894962
30.7452	273.8169	384.469689	24	1.0	0.131286410554
30.8066	272.321	384.691356	8	1.0	0.0
30.7917	272.3214	384.746019	8	1.0	0.0
29.0362	274.6174	384.773302	-1	0.0	0.14707892109
30.2177	271.141	389.382824	2	0.437331676704	0.562668323296
31.0996	272.6541	394.453479	32	0.826880404901	0.173119595099
32.4199	277.0295	394.772889	14	1.0	0.0
32.6063	277.0556	394.773002	14	0.783719638007	0.216280361993
22.588	278.8084	395.45336	26	0.432113134695	0.567886865305
22.6868	278.7777	395.453375	26	0.991541667705	0.00845833229526
31.1728	272.5863	404.114809	32	0.654061873882	0.345938126118
31.2396	272.6177	404.266574	-1	0.0	0.240194292515
22.6463	275.9728	406.54227	19	1.0	0.0
22.7486	275.9775	406.542285	20	1.0	0.0224011995449
30.9176	272.5812	410.145348	-1	0.0	0.259114385802
27.3767	278.8219	411.017792	-1	0.0	0.350762470058
31.4138	277.8287	411.753409	7	0.760701297108	0.239298702892
33.7555	276.2883	412.924069	15	1.0	0.0
33.7504	276.218	412.983966	15	1.0	0.0266803367665
30.6834	273.8737	416.835782	24	0.360304183729	0.639695816271
30.6752	273.8057	416.859627	24	1.0	0.0
30.9022	272.3349	417.464664	8	0.340124200814	0.659875799186
22.3464	279.724	421.028223	3	0.981378052336	0.0186219476641
22.3088	279.7187	421.09998	3	1.0	0.0
22.3009	279.6897	421.215268	3	1.0	0.0
31.0819	272.6296	422.024931	32	0.80132276176	0.19867723824
31.1133	272.6163	422.415769	32	0.80132276176	0.19867723824
31.18	272.6406	422.483749	32	0.652098270656	0.347901729344
31.0995	272.6453	422.594202	32	0.990896424923	0.0091035750772
30.9299	272.5611	426.215219	-1	0.0	0.161219324035
26.8018	268.4238	427.571182	0	0.743208401846	0.256791598154
31.0347	272.5283	432.468345	31	1.0	0.205643736255
30.693	273.8279	434.931439	24	1.0	0.00210656375321
30.6888	273.8547	434.971193	24	0.588536922935	0.411463077065
31.3432	277.8774	438.422388	7	1.0	0.0
33.9435	276.406	444.389421	15	1.0	0.0
34.0984	279.4625	444.442918	6	1.0	0.0458469218589
31.132	272.4453	444.475136	-1	0.0	0.00622472602567
34.1045	279.4554	444.482328	6	1.0	0.0
33.8633	276.4235	444.524385	15	1.0	0.0
34.1225	279.458	444.56643	6	1.0	0.0431514362732
31.0749	272.6987	446.423676	-1	0.0	0.0946701196778
30.6753	273.8128	453.682486	24	1.0	0.0
31.049	272.5513	474.837242	31	0.791627568161	0.208372431839
30.7168	273.8366	475.29054	24	0.870029400897	0.129970599103
31.8145	274.0875	480.639665	21	1.0	0.0
31.3031	277.7511	487.623935	7	1.0	0.0
22.5764	278.7822	487.688758	26	0.432113134695	0.567886865305
22.6798	276.096	488.978116	16	0.797380159477	0.202619840523
31.15	275.4783	490.207694	9	0.0505546440894	0.949445355911
31.7549	275.5577	490.973668	9	0.0548638475829	0.945136152417
31.1115	272.6425	491.14675	32	1.0	0.0
32.354	277.1129	493.142357	14	1.0	0.0
30.6844	273.8182	495.716862	24	1.0	0.0
30.6617	273.8687	496.086465	24	0.377599049858	0.622400950142
33.6825	278.4771	496.456553	6	1.0	0.0398604891595
27.2555	278.3308	497.468306	4	0.18123990733	0.81876009267
22.7704	276.0314	499.430339	20	0.719851367826	0.280148632174
22.7993	276.0512	499.445109	-1	0.0	0.0394846676498
32.0634	274.525	506.440567	22	0.955682864663	0.0443171353373
31.3355	277.8591	507.695145	7	1.0	0.0
31.4604	277.7624	507.695239	7	0.495527513602	0.504472486398
22.7632	278.8285	508.434855	26	0.41232319555	0.58767680445
26.731	268.5357	512.091202	0	0.637541847752	0.362458152248
31.1301	272.6747	513.557316	32	0.990896424923	0.0091035750772
31.1238	272.6373	513.610768	32	1.0	0.0
31.1082	272.6629	513.875327	32	0.990896424923	0.0091035750772
31.0994	272.6788	513.93695	32	0.842902722586	0.157097277414
31.1714	272.668	514.374423	32	0.758059407367	0.241940592633
22.2754	279.6616	515.202437	3	1.0	0.0
33.7428	276.2596	519.316916	15	1.0	0.0
33.7156	276.2548	519.772708	15	1.0	0.0266803367665
31.0406	272.5986	522.021796	-1	0.0	0.193993291764
21.3062	281.4301	523.26899	1	0.525135817724	0.474864182276
21.4369	281.4469	523.40867	1	0.442569525072	0.557430474928
21.6113	281.424	523.408682	1	0.22464173567	0.77535826433
27.2041	278.4334	524.749622	4	0.843112414545	0.156887585455
27.2011	278.3861	524.83786	4	0.351341527463	0.648658472537
27.2986	278.3926	524.83791	4	0.284753384152	0.715246615848
33.9189	276.4337	526.030924	15	1.0	0.0
33.882	276.4231	526.060432	15	1.0	0.0
29.8488	278.3833	527.400772	-1	0.0	0.3256599191
30.7955	278.2376	527.974269	11	0.654855782817	0.345144217183
22.7544	278.7608	530.146342	26	0.714609023572	0.285390976428
22.8821	278.745	530.146356	-1	0.0	0.0960519551798
22.758	278.7821	530.234527	26	1.0	0.0
22.765	278.8183	530.299788	26	0.48828304875	0.51171695125
22.7169	278.7831	530.347357	26	1.0	0.0
22.7245	278.7708	530.421846	26	1.0	0.0
22.7236	278.7784	530.489387	26	1.0	0.0
22.7277	278.787	530.572009	26	1.0	0.0
22.266	279.6858	536.621951	3	1.0	0.0
31.1355	272.6744	538.764101	32	0.923490409641	0.0765095903589
31.0993	272.6259	538.78872	32	0.992294837327	0.0077051626733
31.645	276.8305	539.843042	13	0.567145312963	0.432854687037
30.9289	272.6081	540.123105	-1	0.0	0.216663443682
30.9083	272.5971	540.169556	-1	0.0	0.00996790885671
31.7505	276.742	540.397535	13	1.0	0.0
30.2615	271.1972	540.982788	2	0.283066585392	0.716933414608
31.5072	276.248	547.1656	13	0.210137500343	0.789862499657
30.7866	272.3188	547.305849	8	1.0	0.206316207545
30.8038	272.3246	547.33997	8	1.0	0.0
30.8096	272.3214	547.35848	8	1.0	0.0
30.8091	272.3197	547.37856	8	1.0	0.0
30.7124	273.8284	550.482943	24	1.0	0.00210656375321
30.707	273.8273	550.914294	24	1.0	0.144661299829
30.7811	273.8802	551.268265	24	0.292895874517	0.707104125483
30.8109	273.9259	551.426225	-1	0.0	0.198166614734
30.7859	273.9894	551.573747	23	1.0	0.0
30.9314	274.1558	551.78888	-1	0.0	0.695058467127
30.8308	274.1708	552.061412	-1	0.0	0.68134239276
31.5908	275.2545	557.94635	9	0.332664895478	0.667335104522
31.6089	275.2313	557.967275	9	0.450153468603	0.549846531397
30.9991	272.5958	559.595973	-1	0.0	0.215636639381
23.0024	278.5491	567.706933	29	0.345243696316	0.654756303684
22.9906	278.4376	567.985254	-1	0.0	0.124609384638
22.6685	276.13	568.955496	16	0.399389636126	0.600610363874
22.6559	276.1539	569.006688	-1	0.0	0.0848578931453
22.6656	275.9451	569.006765	19	1.0	0.0
21.9507	280.326	571.323389	-1	0.0	0.0375367733596
32.0989	274.3935	576.947116	22	0.930504985069	0.069495014931
32.3728	277.1326	579.211205	14	1.0	0.0
34.0631	279.2838	582.302876	6	1.0	0.0
33.7183	278.7071	585.011865	6	1.0	0.0
31.9757	274.1294	591.572316	21	1.0	0.0
31.8633	274.1243	591.791827	21	1.0	0.0
30.6827	273.8786	591.795831	24	0.33712615629	0.66287384371
31.7292	273.7864	591.901307	-1	0.0	0.0678413105756
