-12.113	103.5389	-3e-05	3	1.0	0.0
-8.9633	109.7892	-588.600579	4	1.0	0.0
-8.9559	109.7678	-576.439269	4	1.0	0.0
-8.2645	105.7396	-568.056874	2	0.63668143207	0.36331856793
-8.2459	106.0232	-557.060672	2	0.0891804567135	0.910819543286
-9.0338	109.7377	-553.417073	4	0.838102134182	0.161897865818
-8.7483	109.5861	-536.822057	4	0.42600923361	0.57399076639
-8.8401	108.9289	-533.748099	8	0.365641169935	0.634358830065
-8.9216	109.7906	-529.943404	4	1.0	0.0
-8.1914	109.9111	-511.410702	5	1.0	0.0
-8.1708	109.9377	-511.355679	5	0.831407522052	0.168592477948
-8.2051	109.9195	-511.326218	5	0.827859721596	0.172140278404
-8.2548	109.8977	-511.296909	5	0.391320628293	0.608679371707
-8.1653	109.8772	-510.500095	5	0.638460350683	0.361539649317
-8.8533	108.8567	-507.921845	8	1.0	0.0
-8.8893	108.8854	-507.834859	8	1.0	0.0262388651118
-8.824	108.8699	-507.753317	8	0.566928991269	0.433071008731
-8.8731	108.8577	-507.380584	8	1.0	0.0
-8.3137	109.3908	-500.000131	-1	0.0	0.19483846374
-8.9919	109.0296	-486.776256	7	1.0	0.0
-8.9056	109.8962	-476.901093	4	0.442146921072	0.557853078928
-8.9251	108.8638	-451.234182	8	0.529767688863	0.470232311137
-9.4667	96.776	-434.639107	0	1.0	0.0
-8.9677	109.012	-425.482309	7	1.0	0.0
-9.0323	108.8279	-425.461214	-1	0.0	0.119560007735
-8.1732	109.9101	-411.572125	5	1.0	0.0
-8.1546	109.9077	-411.529099	5	0.85194904251	0.14805095749
-8.172	109.9466	-411.427666	5	0.788600389707	0.211399610293
-8.1872	109.9405	-411.290672	5	0.831407522052	0.168592477948
-8.1758	109.9008	-411.038644	5	1.0	0.0
-8.155	109.929	-410.938209	5	0.788600389707	0.211399610293
-8.8571	108.8966	-403.084274	8	0.833888470546	0.166111529454
-8.8877	108.9071	-402.921811	8	0.814107764278	0.185892235722
-8.8837	108.8908	-402.906895	8	1.0	0.0
-8.1732	109.8903	-380.974832	5	1.0	0.0
-8.2252	105.7508	-377.947964	2	0.609732100231	0.390267899769
-8.9565	109.7015	-370.733745	4	0.739708205553	0.260291794447
-9.0179	109.8255	-370.733687	4	0.746721741761	0.253278258239
-8.6956	109.5946	-366.968266	4	0.345862852358	0.654137147642
-8.847	109.6211	-366.892091	4	0.50216620344	0.49783379656
-12.2294	103.5582	-358.725629	3	1.0	0.291092345583
-12.1228	103.5963	-358.614832	3	1.0	0.338841258096
-12.1174	103.5786	-358.316467	3	1.0	0.13296084378
-8.1588	109.9287	-348.738986	5	0.831407522052	0.168592477948
-8.1884	109.9944	-348.658185	5	0.229202098358	0.770797901642
-8.1992	109.9246	-348.50198	5	0.907619254801	0.0923807451986
-8.4503	110.0133	-347.408257	-1	0.0	0.156518754986
-8.9511	108.8633	-336.014091	8	0.403923827432	0.596076172568
-8.9826	108.8436	-336.010732	8	0.319795812862	0.680204187138
-7.5219	105.3892	-333.41482	2	0.0286520510526	0.971347948947
-8.8659	108.8738	-324.345258	8	1.0	0.0
-8.2321	105.7607	-319.771306	2	0.654736521704	0.345263478296
-8.1884	109.8769	-306.082925	5	0.624426856447	0.375573143553
-8.1686	109.8934	-306.035094	5	0.948286658444	0.0517133415562
-8.1844	109.9178	-305.95674	5	1.0	0.0
-9.009	109.0598	-299.449862	7	0.904125253309	0.0958747466913
-9.779	95.1281	-295.594435	0	1.0	0.0
-8.8937	108.932	-281.331329	8	0.333843799855	0.666156200145
-8.8652	108.8258	-281.282164	8	0.444242929774	0.555757070226
-8.8536	108.8833	-281.254154	8	0.910914430626	0.0890855693736
-9.0003	110.1001	-277.816453	-1	0.0	0.197917274456
-8.43	109.8743	-274.070371	6	1.0	0.243013667512
-8.7585	109.417	-233.028367	-1	0.0	0.0504839707383
-8.6573	109.5256	-232.994574	4	0.36203987749	0.63796012251
-12.0888	103.5315	-221.980697	3	1.0	0.0
-8.8917	108.8954	-218.324622	8	1.0	0.0
-8.8656	108.8747	-218.274394	8	1.0	0.0
-8.8614	108.8551	-218.047905	8	1.0	0.0
-8.8856	108.8097	-217.60022	8	0.316453550004	0.683546449996
-8.9071	108.8426	-217.214491	8	0.529767688863	0.470232311137
-8.2951	105.7895	-197.475243	2	1.0	0.0
-8.452	109.8267	-187.222439	6	1.0	0.257556688685
-8.8637	108.8467	-181.542994	8	0.8772792693	0.1227207307
-8.8647	108.8678	-181.460803	8	1.0	0.0
-8.8737	108.8705	-181.424084	8	1.0	0.0
-8.8719	108.86	-181.305081	8	1.0	0.0
-8.8684	108.8658	-181.225272	8	1.0	0.0
-8.8651	108.9738	-181.225208	-1	0.0	0.0749827442112
-8.8738	108.8731	-180.683083	8	1.0	0.0
-8.9184	109.7412	-178.934736	4	0.992144973665	0.00785502633527
-9.0361	109.0197	-173.376289	7	1.0	0.0
-8.9756	109.5901	-146.02547	4	0.345862852358	0.654137147642
-9.104	109.2571	-145.877193	-1	0.0	0.6427937857
-8.272	105.6918	-123.940803	2	0.289894624007	0.710105375993
-8.9862	108.965	-119.394815	8	0.213424222395	0.786575777605
-8.8647	108.8882	-104.575368	8	1.0	0.211043418482
-8.8878	108.9124	-104.544079	8	0.606832436396	0.393167563604
-8.883	108.8736	-104.523555	8	1.0	0.0
-9.0188	109.1026	-83.814049	-1	0.0	0.0527338237433
-19.9568	106.4332	-80.476504	1	1.0	0.0
-8.4494	109.837	-64.8201	6	1.0	0.0
-8.2543	105.7605	-47.190981	2	0.86242405262	0.13757594738
-12.113	103.5389	-3e-05	3	1.0	0.0
-20.0338	106.503	23.779815	1	1.0	0.0
-15.3566	100.5275	42.884121	-1	0.0	0.215812319256
-8.4148	110.0425	44.745056	-1	0.0	0.372742007092
-8.4474	109.8382	44.779836	6	1.0	0.0
-9.0144	109.8047	47.80263	4	1.0	0.0
-8.2753	105.7759	48.053483	2	0.94996307011	0.0500369298897
-8.4663	109.8614	56.899076	6	1.0	0.39927815044
-8.9317	108.7659	58.592381	8	0.246317373953	0.753682626047
-8.9276	108.7381	58.610112	-1	0.0	0.233152952618
-8.4558	109.894	131.228644	6	1.0	0.182205277897
-8.4571	109.8118	131.265952	6	0.832497718616	0.167502281384
-8.4448	109.8518	131.458942	6	1.0	0.169893076104
-8.4804	109.8613	131.522989	6	1.0	0.458908394204
-8.4134	109.8601	131.600247	6	0.921409209783	0.0785907902169
-8.502	109.7627	131.780482	6	0.250822083424	0.749177916576
-8.339	106.0166	135.510136	2	0.108060823578	0.891939176422
-11.9792	103.6498	142.635897	3	1.0	0.0
-11.9332	103.6277	142.832602	3	1.0	0.0
-8.2422	105.7209	145.873852	2	0.44679036375	0.55320963625
-8.3004	105.7686	145.945197	2	0.94996307011	0.0500369298897
-8.3131	105.7809	146.043238	2	1.0	0.0
-6.2356	97.5446	161.111232	0	0.787208357795	0.212791642205
-6.2534	97.5633	161.183517	0	0.784678511901	0.215321488099
-6.2356	97.5263	161.246919	0	0.791072177848	0.208927822152
-8.3849	109.8317	170.669989	6	0.803435216882	0.196564783118
-10.6399	94.3981	183.365679	0	1.0	0.0
-8.8564	108.7731	186.815408	8	0.231098462974	0.768901537026
-8.445	109.8504	191.647668	6	1.0	0.0936617315215
-8.2559	105.7508	203.500501	2	0.86242405262	0.13757594738
-8.3996	109.8116	211.673394	6	0.627018939762	0.372981060238
-8.4789	109.8698	223.890261	6	1.0	0.39927815044
-8.4372	109.8846	223.942528	6	1.0	0.0
-8.4406	109.8461	223.995587	6	1.0	0.0
-12.1556	103.5032	228.717907	3	1.0	0.0
-12.1254	103.5276	229.035745	3	1.0	0.0
-12.1418	103.5289	229.131569	3	1.0	0.0
-8.2878	105.7831	243.129875	2	1.0	0.0
-8.2633	105.8109	243.1829	2	0.456786182154	0.543213817846
-15.3725	100.5603	246.756111	-1	0.0	0.210067533593
-8.3351	106.088	255.800122	2	0.0710798419701	0.92892015803
-8.2922	106.1378	255.80385	2	0.0556752782575	0.944324721742
-9.0545	108.9393	256.973454	-1	0.0	0.304762493778
-18.4064	105.033	262.456161	1	0.97180175712	0.0281982428802
-8.4188	109.9145	273.849021	6	1.0	0.0
-8.4261	109.9206	274.422916	6	1.0	0.0
-20.0476	106.5116	301.694463	1	1.0	0.0
-20.0153	106.4863	301.732239	1	1.0	0.0
-8.8821	108.8893	322.175904	8	1.0	0.0
-8.8961	108.8927	322.224275	8	1.0	0.0
-8.9597	108.7523	322.253289	-1	0.0	0.164640556105
-8.9019	108.8461	322.335425	8	0.593811573937	0.406188426063
-8.3895	110.025	324.690095	-1	0.0	0.282860786651
-8.4437	109.8861	324.754896	6	1.0	0.208183757957
-8.4217	109.8791	324.808377	6	1.0	0.0
-8.448	109.915	324.850278	6	1.0	0.0371723372867
-8.416	109.8934	324.915067	6	1.0	0.264496243799
-8.4183	109.8886	324.958621	6	1.0	0.0
-8.4292	109.9058	325.012088	6	1.0	0.264496243799
-8.4658	109.926	325.06577	6	0.849816109627	0.150183890373
-8.4378	109.9115	325.136416	6	1.0	0.0
-8.4133	109.8862	325.212701	6	1.0	0.0
-15.3533	100.531	329.93582	-1	0.0	0.214920148364
-9.0956	109.1532	335.009255	-1	0.0	0.44467950902
-9.0195	109.1423	335.156705	-1	0.0	0.306991927786
-14.3256	95.623	345.406885	0	1.0	0.0
-14.4082	95.5933	345.536093	0	0.993533276067	0.00646672393345
-14.3858	95.5702	345.727763	0	1.0	0.0
-8.9092	108.9973	360.508245	7	0.724590903919	0.275409096081
-8.3755	109.8416	370.543187	6	0.646520439402	0.353479560598
-8.412	109.8303	370.596214	6	1.0	0.467720134253
-8.4113	109.8138	370.637771	6	0.773459200794	0.226540799206
-9.0245	109.0203	377.097286	7	1.0	0.0
-11.9584	103.7022	379.827618	3	1.0	0.0
-11.9511	103.8355	379.950012	3	0.462350508307	0.537649491693
-8.2953	105.7922	383.923495	2	0.993817752232	0.00618224776843
-8.3083	105.4895	384.333038	2	0.059456042256	0.940543957744
-16.2285	100.8842	398.552272	-1	0.0	0.203971437791
-8.4291	109.8803	403.681416	6	1.0	0.0
-8.439	109.8561	420.517157	6	1.0	0.356876779889
-8.4804	109.8774	420.600685	6	1.0	0.458908394204
-8.4395	109.8412	420.663485	6	1.0	0.0
-8.4442	109.8286	420.749086	6	1.0	0.105238167801
-8.4392	109.8304	421.123655	6	1.0	0.0138323287012
-8.1391	105.7803	431.557602	2	0.225956088486	0.774043911514
-8.0868	109.6961	437.900931	-1	0.0	0.0238445510932
-8.2839	105.7124	447.152413	2	0.480787012229	0.519212987771
-8.3261	105.7228	447.207444	2	0.375187889212	0.624812110788
-18.4602	105.1064	450.604494	1	1.0	0.0
-8.4436	109.9262	473.634635	6	1.0	0.0
-8.3952	109.9169	473.728262	6	0.841617109904	0.158382890096
-8.453	109.9712	473.819181	6	0.351026350193	0.648973649807
-8.4312	109.9234	474.184767	6	1.0	0.0
-9.0653	109.0987	474.706267	7	0.7250146445	0.2749853555
-8.2697	105.8678	475.95305	2	0.181241181586	0.818758818414
-8.2795	105.8663	476.028739	2	0.186519995491	0.813480004509
-8.3061	105.7516	476.059961	2	0.574337578773	0.425662421227
-8.4783	109.8439	494.966356	6	1.0	0.46082750122
-8.4529	109.8392	495.002265	6	1.0	0.0
-8.4828	109.8835	495.024769	6	1.0	0.182205277897
-8.4897	109.8141	495.063664	6	0.633336777996	0.366663222004
-8.5023	109.8783	495.063729	6	0.848872917906	0.151127082094
-8.4805	109.9019	495.124803	6	0.728934714599	0.271065285401
-8.47	109.8504	495.542183	6	1.0	0.280144145507
-8.4626	109.8464	495.604589	6	1.0	0.106980802363
-11.9787	103.6723	495.644281	3	1.0	0.0
-11.9479	103.6391	495.85948	3	1.0	0.0
-11.9362	103.598	495.938875	3	1.0	0.0232751188836
-8.2748	105.7828	504.009779	2	1.0	0.0
-8.2729	105.7483	504.045333	2	0.813088644234	0.186911355766
-8.2606	105.7763	504.103555	2	0.86242405262	0.13757594738
-7.4625	105.7217	512.023308	2	0.0359690998256	0.964030900174
-18.468	105.0389	518.562222	1	0.984440152634	0.0155598473663
-8.9062	108.8675	539.43307	8	0.705450788632	0.294549211368
-8.894	108.8925	540.001419	8	1.0	0.0
-8.9433	109.7547	541.887105	4	1.0	0.0
-8.3131	105.7816	549.491687	2	1.0	0.0
-8.3201	105.7637	549.510764	2	0.761922512538	0.238077487462
-8.2621	105.8461	549.585899	2	0.246249841018	0.753750158982
-8.4977	109.8018	553.88849	6	0.45228160774	0.54771839226
-7.5445	105.8003	556.682636	2	0.0397535921307	0.960246407869
-9.0604	109.0459	560.460142	7	1.0	0.0
-8.4544	105.9019	568.101973	2	0.108060823578	0.891939176422
-8.417	109.84	582.007827	6	1.0	0.410159110274
