3.1068	292.3955	0.000167	3	1.0	0.0
4.269	298.5312	-596.314881	0	0.36551828529	0.63448171471
7.3249	286.6457	-591.829147	11	0.453675303547	0.546324696453
4.0967	298.6273	-589.874708	0	1.0	0.165367990847
6.3658	286.548	-589.497019	12	1.0	0.22581206144
6.3609	286.6818	-589.460879	12	1.0	0.140652825978
6.3503	286.7165	-589.408725	12	0.849302087601	0.150697912399
6.364	286.5036	-589.40872	12	1.0	0.161923757969
6.382	286.5962	-589.333289	12	1.0	0.278406283747
5.9708	288.5548	-584.955216	8	0.661734771808	0.338265228192
5.3463	293.5665	-583.624854	1	0.488935841088	0.511064158912
5.3901	293.4524	-583.578118	1	0.496189573936	0.503810426064
5.407	293.4846	-583.51136	1	0.757041843889	0.242958156111
4.0199	298.7204	-580.377061	0	0.481025442718	0.518974557282
6.0341	286.2838	-577.370537	12	1.0	0.268795291115
6.043	286.3235	-577.325881	12	1.0	0.0467901971105
6.0212	286.4842	-577.296572	12	0.699364778403	0.300635221597
6.0776	286.3316	-576.45739	12	1.0	0.0467901971105
6.1234	286.0773	-576.457358	12	0.608183849793	0.391816150207
6.047	286.4068	-576.41191	12	1.0	0.0277112521649
4.0932	298.3531	-572.656562	0	0.220465903378	0.779534096622
7.4318	283.9748	-569.864814	7	0.542478724483	0.457521275517
4.0994	298.6482	-569.163588	0	1.0	9.59481109599e-05
4.0627	298.6958	-568.981933	0	0.701558430515	0.298441569485
4.0963	298.6778	-568.90941	0	0.740054905935	0.259945094065
8.3816	286.117	-568.666096	14	0.413610367492	0.586389632508
8.4861	286.2083	-563.918718	15	1.0	0.0368541986109
8.4808	286.2013	-563.718812	15	1.0	0.297196046696
8.5089	286.197	-563.520854	15	1.0	0.371072922888
6.445	286.5342	-559.560062	12	1.0	0.204198089626
8.5005	286.2074	-545.880316	15	1.0	0.0
8.4873	286.1918	-545.815239	15	0.972541877392	0.0274581226076
8.5078	286.2041	-545.731708	15	1.0	0.00793975207405
0.6495	290.9919	-544.945816	9	1.0	0.0
0.6149	290.9435	-544.836945	9	0.61049372165	0.38950627835
6.1225	286.4349	-541.099846	12	1.0	0.0
5.8571	288.4014	-538.596383	8	1.0	0.422112001628
6.4608	286.6514	-534.419315	12	1.0	0.0939950653592
6.0725	286.1679	-528.681327	12	1.0	0.215387504091
6.0691	286.1986	-528.563509	12	1.0	0.0
6.0798	286.1668	-528.49598	12	1.0	0.192090560582
6.0515	286.1841	-528.460739	12	1.0	0.172281650045
6.0872	286.2335	-528.408264	12	1.0	0.0
7.4422	284.1114	-526.997641	7	0.181536013658	0.818463986342
8.4952	286.239	-525.225181	15	1.0	0.0
8.5122	286.2122	-524.95291	15	1.0	0.0
8.504	286.2319	-524.883026	15	1.0	0.0
8.5	286.2337	-524.652903	15	1.0	0.0
5.8839	288.4525	-517.839173	8	1.0	0.40915330267
5.8476	288.4933	-517.573737	8	0.794787972187	0.205212027813
8.5751	286.2275	-510.930618	15	0.585042820949	0.414957179051
8.5984	286.1895	-510.824375	15	0.375543340697	0.624456659303
8.5476	286.2092	-510.71497	15	0.846622371717	0.153377628283
4.2513	298.6193	-506.939571	0	0.297386291977	0.702613708023
8.5005	286.1917	-505.052461	15	1.0	0.253130980197
8.4965	286.2702	-504.573528	15	0.621755980528	0.378244019472
8.4943	286.1733	-504.316839	15	0.788613973836	0.211386026164
3.0687	292.3163	-495.682564	3	1.0	0.0
3.0668	292.4297	-495.287716	3	0.456005135192	0.543994864808
7.3448	286.7592	-488.807145	11	0.7824196489	0.2175803511
4.6259	298.7227	-488.733133	0	0.0850671598176	0.914932840182
6.045	286.3241	-486.255753	12	1.0	0.065857612834
6.0484	286.2987	-486.224227	12	1.0	0.0467901971105
6.0629	286.3703	-485.693005	12	1.0	0.396390535071
6.0612	286.3341	-485.568109	12	1.0	0.0467901971105
8.476	286.2202	-483.358521	15	0.863958248585	0.136041751415
8.5009	286.2146	-483.259003	15	1.0	0.0191284225776
0.0564	291.4733	-481.609299	-1	0.0	0.574427503333
6.2057	286.2072	-471.085631	12	0.761193424352	0.238806575648
6.365	286.5504	-471.085612	12	1.0	0.156058675466
5.9119	288.4783	-467.209735	8	1.0	0.254905213879
8.0716	282.4044	-462.433278	6	1.0	0.0
6.1383	286.4001	-459.414207	12	1.0	0.0722419035221
8.4519	286.1993	-457.326077	15	0.771987197031	0.228012802969
8.488	286.2035	-457.10039	15	1.0	0.0
6.4797	286.6513	-456.629798	12	1.0	0.129046510943
6.4732	286.603	-456.551444	12	1.0	0.0515211622726
8.3452	286.0293	-452.095906	14	0.556841073978	0.443158926022
8.3126	286.0096	-452.039049	14	0.424549721367	0.575450278633
4.0811	298.72	-450.945458	0	0.475442565265	0.524557434735
8.5133	286.1848	-447.983007	15	0.918031358006	0.0819686419937
8.3148	286.1116	-442.558371	14	0.4698512783	0.5301487217
7.475	286.7485	-441.352163	11	0.528302910655	0.471697089345
8.3302	286.1432	-436.731715	14	0.439390663615	0.560609336385
8.5534	286.2144	-428.723635	15	0.85256576295	0.14743423705
8.5703	286.2056	-428.673747	15	0.85256576295	0.14743423705
8.4814	285.9913	-428.610282	-1	0.0	0.44603705375
8.5707	286.1986	-428.610262	15	0.681707099882	0.318292900118
8.5825	286.2347	-428.522518	15	0.454148083989	0.545851916011
8.6005	286.2177	-428.314283	15	0.584428032329	0.415571967671
8.5659	286.1378	-428.137809	15	0.356658594904	0.643341405096
8.4745	286.2249	-427.515609	15	0.729346129723	0.270653870277
8.6107	286.2201	-427.303535	15	0.454535355548	0.545464644452
5.8286	288.3487	-427.070732	8	1.0	0.0
8.439	286.2163	-422.08882	15	0.572028025518	0.427971974482
5.5255	287.9391	-418.023147	8	0.112167304518	0.887832695482
6.0261	286.1425	-414.103271	12	1.0	0.0489108451877
1.3778	291.346	-412.832054	-1	0.0	0.059323510771
7.9987	282.3707	-412.303958	6	1.0	0.135042793036
6.0807	286.3551	-412.137449	12	1.0	0.0467901971105
3.0933	292.3503	-404.474096	3	1.0	0.114462978953
6.2587	286.5766	-404.28448	12	1.0	0.0382505708525
3.059	292.3261	-403.940577	3	1.0	0.0
8.3352	286.0609	-400.162399	14	1.0	0.0
4.0876	298.6102	-399.27197	0	1.0	0.0
4.0656	298.5015	-398.864673	0	0.81866198062	0.18133801938
4.0512	298.5005	-398.782358	0	0.957829255607	0.0421707443925
4.0658	298.518	-398.704091	0	0.957829255607	0.0421707443925
8.1202	282.3873	-398.215208	6	1.0	0.0
8.4819	286.2679	-393.715346	15	0.790337539749	0.209662460251
8.4942	286.2268	-393.650379	15	1.0	0.0241964535352
7.3086	286.8162	-388.240305	11	1.0	0.0
5.9863	288.4979	-386.413745	8	1.0	0.277471796733
4.0557	298.6019	-377.428028	0	1.0	0.165687939104
8.0132	282.4837	-375.016008	6	0.506219401411	0.493780598589
5.8975	288.2888	-374.90243	8	0.964959077982	0.0350409220175
0.5977	290.9091	-373.672273	9	0.481766991335	0.518233008665
4.1074	298.6589	-373.477263	0	0.922222298455	0.0777777015453
6.4061	286.5529	-372.591234	12	1.0	0.0
5.7805	288.451	-364.506174	8	0.623520681435	0.376479318565
4.088	298.6045	-361.776763	0	1.0	0.0
6.0733	286.41	-356.872957	12	1.0	0.327241964476
6.0671	286.4783	-356.810982	12	0.96134600106	0.0386539989402
6.0588	286.2208	-356.335945	12	1.0	0.0
7.3683	286.6379	-352.132254	11	0.424159877698	0.575840122302
5.9766	288.4565	-350.645614	8	1.0	0.0
5.9221	288.4208	-350.571411	8	1.0	0.387764886242
3.0292	292.3725	-350.160328	3	0.603697334821	0.396302665179
4.0848	298.5867	-347.605622	0	1.0	0.147116088584
4.1225	298.618	-336.713639	0	1.0	0.0554052205889
6.1361	286.4064	-332.889658	12	1.0	0.0
5.7659	288.332	-331.013381	8	1.0	0.267325533964
6.2092	286.5649	-326.479499	12	1.0	0.279356686617
6.2241	286.6616	-326.47949	12	0.646014174564	0.353985825436
6.2466	286.5764	-326.436256	12	1.0	0.0
8.0565	282.3194	-325.114137	6	1.0	0.0
6.49	286.6027	-325.039026	12	1.0	0.124964491867
8.0358	282.2616	-324.919115	6	0.629729522154	0.370270477846
8.5436	286.3099	-324.626625	15	0.349175023884	0.650824976116
8.4996	286.2397	-324.423265	15	1.0	0.00752771354102
4.7069	298.9833	-322.733596	0	0.0579176356071	0.942082364393
0.5104	290.9667	-321.916322	9	0.277947424777	0.722052575223
4.108	298.6208	-321.46888	0	1.0	0.120533347252
4.0983	298.6159	-320.902947	0	1.0	0.147987073219
4.0358	298.616	-320.726108	0	1.0	0.0
8.2805	286.0396	-316.396517	14	0.422148898619	0.577851101381
6.4886	286.6193	-312.880241	12	1.0	0.0910658617668
6.4259	286.572	-312.405858	12	1.0	0.0
8.6135	285.9879	-311.698361	-1	0.0	0.661438502384
8.48	286.3045	-311.046443	15	0.420248406003	0.579751593997
8.0501	282.3798	-310.390356	6	1.0	0.0
5.4396	293.5285	-309.306363	1	1.0	0.0
5.4411	293.5196	-309.245145	1	1.0	0.0
8.3868	286.0575	-308.255031	14	0.569630166841	0.430369833159
8.2721	286.0601	-307.752938	14	0.47179572016	0.52820427984
7.3968	283.9694	-304.651457	7	0.557381763955	0.442618236045
6.1285	286.4027	-301.616138	12	1.0	0.075807014711
8.0034	282.4234	-300.100132	6	0.864007963221	0.135992036779
8.2996	286.1275	-296.799454	14	0.413491481978	0.586508518022
8.3627	286.8512	-296.647476	13	0.365045998052	0.634954001948
6.0262	288.2755	-291.700002	8	0.415557141145	0.584442858855
5.9518	288.4788	-291.699991	8	1.0	0.0
4.1855	298.438	-290.151803	0	0.252434791097	0.747565208903
4.2141	298.5255	-290.117529	0	0.529225548041	0.470774451959
4.1122	298.5533	-289.735443	0	0.880978249741	0.119021750259
0.5675	290.9084	-289.323813	9	0.417332015617	0.582667984383
0.5383	290.9424	-289.078929	9	0.405359969229	0.594640030771
8.0908	282.3115	-287.785004	6	1.0	0.0
4.351	297.9852	-283.647663	0	0.0466027730434	0.953397226957
4.3463	298.0626	-283.60766	0	0.057325251246	0.942674748754
4.5766	298.094	-283.350471	0	0.051225594777	0.948774405223
6.4179	286.6191	-277.296629	12	1.0	0.0
8.4925	286.2304	-275.436917	15	1.0	0.0
4.0496	298.5867	-272.756991	0	1.0	0.0
4.0496	298.6852	-272.516708	0	0.756522777624	0.243477222376
3.9893	298.3877	-260.465677	0	0.348270829836	0.651729170164
3.9969	298.5146	-260.465608	0	0.711551324242	0.288448675758
4.0218	298.6245	-256.145809	0	1.0	0.0
8.5009	286.2608	-255.432972	15	0.670926089567	0.329073910433
8.3362	285.9781	-255.366685	-1	0.0	0.246776278673
4.2378	298.6345	-254.307642	0	0.302290503991	0.697709496009
7.3364	283.9758	-252.472712	7	0.338912652209	0.661087347791
6.0905	286.247	-249.169474	12	1.0	0.0
6.0683	286.0951	-249.153125	12	0.95457836739	0.0454216326102
5.936	286.2327	-249.087677	12	0.697961175405	0.302038824595
6.2167	286.1647	-249.087632	12	0.750534539433	0.249465460567
6.0643	286.2272	-248.313195	12	1.0	0.0310757528444
8.4821	286.2534	-246.421686	15	0.882146754878	0.117853245122
8.4567	286.2737	-246.269703	15	0.559346617626	0.440653382374
8.4612	286.2582	-246.103642	15	0.790337539749	0.209662460251
8.4071	286.3468	-245.33122	-1	0.0	0.465454053707
0.1982	291.2326	-242.80297	-1	0.0	0.220553396983
8.0895	282.4022	-240.050675	6	1.0	0.0
0.6731	290.7965	-235.531702	9	0.225201049886	0.774798950114
0.6261	291.0487	-235.531631	9	0.265682209112	0.734317790888
6.3927	286.7228	-233.940163	12	0.823990408243	0.176009591757
5.9791	288.4763	-231.576738	8	1.0	0.0
5.9425	288.4901	-231.13186	8	1.0	0.0477950705871
5.9384	288.5386	-231.055706	8	0.782829896803	0.217170103197
4.0865	298.6653	-227.774335	0	0.993853735197	0.00614626480294
6.2382	286.5308	-224.761287	12	1.0	0.38016826691
6.3742	286.5755	-224.761266	12	1.0	0.156058675466
4.895	296.9831	-218.886603	5	1.0	0.0
4.8875	296.9617	-218.882505	5	1.0	0.0
3.9933	298.5443	-217.652075	0	0.881077333721	0.118922666279
7.4675	283.9688	-217.163481	7	0.714911303936	0.285088696064
7.4949	283.8165	-217.074984	7	0.384101803806	0.615898196194
4.1117	298.6361	-211.513986	0	1.0	0.023669028737
4.1164	298.5519	-211.43108	0	0.880978249741	0.119021750259
8.366	286.2036	-205.304898	-1	0.0	0.0532218348047
4.1723	298.5527	-196.772287	0	0.575381422346	0.424618577654
4.2392	298.5489	-196.696267	0	0.538353476334	0.461646523666
6.3562	286.529	-193.462383	12	1.0	0.156058675466
6.3514	286.6487	-193.361854	12	1.0	0.0978913740659
2.5272	292.0519	-188.618254	3	0.109608270249	0.890391729751
9.2691	286.896	-184.479049	-1	0.0	0.00982710628919
5.9797	288.454	-181.773524	8	1.0	0.0
5.9929	288.3255	-181.733136	8	0.561555004386	0.438444995614
5.983	288.4393	-181.650483	8	1.0	0.276976244152
8.0968	282.4499	-180.147973	6	0.791979727994	0.208020272006
8.5084	286.2126	-179.759807	15	1.0	0.0
8.4923	286.1787	-179.249788	15	0.853269194754	0.146730805246
4.095	298.6368	-178.291236	0	1.0	0.167995553696
0.9293	290.9952	-175.041895	9	0.126760407779	0.873239592221
3.0887	292.2686	-174.289561	3	0.665736515521	0.334263484479
3.3008	292.2305	-174.289547	3	0.210560162274	0.789439837726
3.0507	292.2197	-174.212097	3	0.79226998042	0.20773001958
3.0595	292.2829	-174.082135	3	0.98115576969	0.0188442303101
4.033	298.6406	-172.099108	0	1.0	0.0
5.3006	293.4991	-171.777567	1	0.414524198522	0.585475801478
8.4511	286.2369	-168.513472	15	0.603815712763	0.396184287237
0.6465	290.9778	-168.377612	9	1.0	0.0
0.6218	290.9421	-168.234475	9	0.625719551393	0.374280448607
0.6471	290.987	-168.199718	9	1.0	0.0
0.6987	290.9423	-168.140597	9	0.781299612718	0.218700387282
0.6062	290.968	-168.079593	9	0.65563689378	0.34436310622
4.1445	298.5534	-161.765389	0	0.880978249741	0.119021750259
6.0918	286.2691	-161.221859	12	1.0	0.0
6.0702	286.2893	-161.174892	12	1.0	0.0
6.0607	286.2869	-161.071222	12	1.0	0.0
6.4125	286.3379	-161.071165	12	0.626220170791	0.373779829209
6.1477	286.419	-160.576148	12	1.0	0.0
6.0626	286.2529	-160.576139	12	1.0	0.0751560394877
7.3426	286.8818	-157.597414	11	0.912289702291	0.0877102977085
7.5207	286.8446	-157.597355	11	0.56701215038	0.43298784962
7.3249	286.817	-157.535395	11	1.0	0.0
6.3015	286.5149	-157.341479	12	1.0	0.0970550994424
6.3349	286.5721	-157.107128	12	1.0	0.248945700487
7.3542	286.8251	-156.932398	11	1.0	0.0
8.059	282.4708	-149.641623	6	0.642111998548	0.357888001452
4.0561	298.3598	-143.474518	0	0.279193621642	0.720806378358
6.2078	286.4693	-141.870171	12	1.0	0.129843558236
4.0158	298.5947	-139.911372	0	1.0	0.169504997908
4.0217	298.6115	-139.769149	0	1.0	0.035654182117
4.1755	298.8955	-139.763389	0	0.0947877592303	0.90521224077
8.5282	286.2184	-133.805989	15	1.0	0.130935673018
8.5185	286.1749	-133.749977	15	0.826159913961	0.173840086039
8.5512	286.2082	-133.667633	15	0.827394488865	0.172605511135
8.5302	286.2793	-133.535209	15	0.480372683427	0.519627316573
8.5227	286.1718	-133.439164	15	0.675762317274	0.324237682726
4.1362	298.5992	-133.176881	0	0.734533754597	0.265466245403
6.1057	286.1932	-129.729537	12	1.0	0.192090560582
6.5224	286.5023	-127.930867	12	1.0	0.0197420703546
4.0458	298.6437	-121.058404	0	1.0	0.0
6.5019	286.526	-117.15502	12	1.0	0.166430882382
8.0935	282.343	-114.682364	6	1.0	0.0
8.5915	286.6452	-107.973768	13	1.0	0.0
8.8926	286.6719	-107.973663	13	0.536783266948	0.463216733052
8.6026	286.6064	-107.944495	13	1.0	0.0
8.3532	286.0628	-104.882734	14	1.0	0.0
2.4705	291.5653	-100.450854	3	0.046014001939	0.953985998061
2.3985	291.8603	-100.450753	3	0.0703763791833	0.929623620817
2.6119	292.4762	-100.450552	3	0.105848600157	0.894151399843
3.4378	292.7092	-100.450456	3	0.0736459755608	0.926354024439
6.4542	286.6502	-97.224474	12	1.0	0.0
6.471	286.5658	-97.099276	12	1.0	0.000394265245424
6.4438	286.5945	-97.033655	12	1.0	0.0
6.472	286.5951	-96.873398	12	1.0	0.0
3.1318	292.2668	-94.990248	3	0.450697416889	0.549302583111
3.0715	292.2606	-94.966594	3	0.858644583068	0.141355416932
6.1015	286.609	-92.081904	12	0.611811846502	0.388188153498
7.9586	282.3677	-90.54984	6	0.712316298184	0.287683701816
8.3849	286.0271	-87.948587	14	0.398596481661	0.601403518339
8.3274	286.0959	-84.098812	14	0.545589131684	0.454410868316
8.3472	286.1649	-78.757155	-1	0.0	0.0712669949795
7.4704	283.8878	-78.497385	7	0.581535194091	0.418464805909
7.332	283.8596	-76.220235	7	0.237113675059	0.762886324941
7.4432	283.9526	-67.146938	7	0.621616679656	0.378383320344
8.1975	283.403	-67.022746	7	0.0362647884682	0.963735211532
7.4474	284.0268	-67.022595	7	0.37788410215	0.62211589785
6.1513	286.2887	-64.674905	12	1.0	0.0181442548628
5.4448	293.5623	-62.432458	1	0.690203020389	0.309796979611
5.5558	293.5613	-62.432434	1	0.414810580085	0.585189419915
6.2303	286.5849	-62.007201	12	1.0	0.298255976045
5.4179	293.5467	-61.32262	1	1.0	0.0
5.4046	293.5114	-61.283801	1	1.0	0.0
8.5151	286.2102	-55.307581	15	1.0	0.0090214690491
8.4947	286.2097	-55.248122	15	1.0	0.0
8.5214	286.232	-55.219855	15	1.0	0.0965960870241
8.5081	286.1997	-55.184642	15	1.0	0.203915400992
8.5184	286.2252	-55.073335	15	1.0	0.0
6.4906	286.5286	-51.735924	12	1.0	0.146494969386
4.0448	298.6148	-44.444322	0	1.0	0.0
8.3205	286.0422	-42.382651	14	0.710675365368	0.289324634632
7.5306	283.9812	-38.857583	7	0.613579585968	0.386420414032
5.3652	294.0127	-38.213381	2	0.955978523162	0.0440214768379
6.4242	286.4169	-24.623207	12	0.580495669222	0.419504330778
4.0726	298.6252	-23.472548	0	1.0	0.0
4.215	298.4895	-17.58291	0	0.334218732419	0.665781267581
8.4726	286.245	-12.433964	15	0.882146754878	0.117853245122
0.6716	290.958	-12.336362	9	0.988837282549	0.011162717451
0.6701	290.9409	-12.310338	9	0.877234001741	0.122765998259
0.3988	291.0468	-12.310145	9	0.129945652529	0.870054347471
0.6799	290.9381	-12.213286	9	0.832607388779	0.167392611221
0.6908	290.9636	-12.107955	9	0.781299612718	0.218700387282
6.547	286.5687	-7.873818	12	1.0	0.232040529749
6.5125	286.5885	-3.871533	12	1.0	0.200306744032
7.5156	283.9497	-3.690257	7	0.786496581132	0.213503418868
6.5011	286.5816	-3.611558	12	1.0	0.0
4.0343	298.4852	-3.578351	0	0.853466314462	0.146533685538
4.046	298.5214	-0.857914	0	1.0	0.0
3.1068	292.3955	0.000167	3	1.0	0.0
3.1359	292.3831	0.478247	3	1.0	0.0
8.629	286.1367	2.791499	15	0.356658594904	0.643341405096
6.3359	286.5238	3.54373	12	1.0	0.238427643265
3.9258	298.3476	3.814752	0	0.234692804185	0.765307195815
6.1175	286.4301	6.745461	12	1.0	0.0
6.4789	286.5798	8.442093	12	1.0	0.0307912663738
8.4668	286.254	10.73881	15	0.882146754878	0.117853245122
4.0798	298.5858	15.338553	0	1.0	0.0395365990806
6.225	286.5376	19.583929	12	1.0	0.193570158616
6.2688	286.5513	19.65603	12	1.0	0.208328701182
8.4517	286.1029	22.462396	14	0.346253642173	0.653746357827
5.6051	288.2753	23.60921	8	0.361847706213	0.638152293787
5.7347	288.2896	23.609231	8	0.840343295704	0.159656704296
5.5802	288.5309	23.609234	8	0.221406564194	0.778593435806
7.4853	284.0147	24.168307	7	0.490193914533	0.509806085467
7.5781	283.9994	24.168344	7	0.406568028266	0.593431971734
7.5296	283.7678	24.280498	7	0.204887752797	0.795112247203
7.5141	283.8645	24.7468	7	0.587724071254	0.412275928746
4.052	298.6516	37.103574	0	1.0	0.0351288356894
8.5736	286.6043	37.47289	13	1.0	0.0
6.5193	286.5789	40.436594	12	1.0	0.252764463405
4.0375	298.6162	45.276478	0	1.0	0.0
4.0051	298.6763	48.47587	0	0.756522777624	0.243477222376
6.4399	286.5543	49.311107	12	1.0	0.0
7.939	282.3464	51.320967	6	0.65699737893	0.34300262107
5.8441	288.39	52.23666	8	1.0	0.237991068838
4.0558	298.6199	55.561722	0	1.0	0.0
5.9392	288.4185	55.733883	8	1.0	0.277581529879
4.2409	298.5423	59.633961	0	0.505753869239	0.494246130761
4.3485	298.4715	60.778976	0	0.205754964464	0.794245035536
4.0072	298.6168	64.548773	0	1.0	0.0101100003043
4.0273	298.4694	65.763703	0	0.853466314462	0.146533685538
4.0666	298.5716	65.763761	0	1.0	0.0827168022654
4.045	298.5701	65.854423	0	1.0	0.0
4.065	298.5795	65.959907	0	1.0	0.0
4.1034	298.6078	66.024557	0	1.0	0.0
4.0416	298.5771	66.112869	0	1.0	0.0
6.2481	286.5675	68.282673	12	1.0	0.0
6.297	286.5911	68.354595	12	1.0	0.286049028098
6.2728	286.6187	68.454862	12	1.0	0.319182769769
6.2459	286.5494	68.676072	12	1.0	0.0
6.3869	286.5119	68.67611	12	1.0	0.0758107361514
2.4059	286.3465	72.340258	-1	0.0	0.0542947132946
2.3239	286.5921	72.34028	-1	0.0	0.0741718691224
8.2835	286.0856	72.634619	14	0.468312813623	0.531687186377
0.643	290.9136	74.988839	9	0.68271547726	0.31728452274
0.6675	290.9002	75.132689	9	0.58132167685	0.41867832315
0.6471	291.0033	75.187122	9	0.663691085982	0.336308914018
7.5231	284.0098	78.487063	7	0.475613527412	0.524386472588
6.1766	296.2972	85.524373	4	1.0	0.0
7.5122	283.9498	85.564228	7	0.798719750677	0.201280249323
4.0342	298.6305	88.19205	0	1.0	0.164467759718
4.0452	298.6494	88.255592	0	1.0	0.0
5.4727	293.4814	92.131393	1	0.590617536041	0.409382463959
8.4778	286.3216	95.825779	15	0.321442048143	0.678557951857
8.4928	286.3088	95.900719	15	0.420248406003	0.579751593997
7.4053	286.5828	99.715019	11	0.305250275106	0.694749724894
6.5219	286.5271	102.574981	12	1.0	0.146494969386
7.5306	283.8721	109.962968	7	0.581535194091	0.418464805909
4.0779	298.6354	110.065845	0	1.0	0.0
4.1118	298.5439	113.570398	0	0.880978249741	0.119021750259
6.4838	287.1846	114.116275	-1	0.0	0.131619681838
8.5759	286.268	116.151478	15	0.29639635101	0.70360364899
8.2998	286.0562	119.054455	14	0.742676598515	0.257323401485
5.3352	294.1696	120.353879	2	1.0	0.0
3.9486	298.4831	123.525372	0	0.435068734768	0.564931265232
4.0594	298.4671	124.283505	0	0.824220830617	0.175779169383
4.0911	298.6007	124.283577	0	1.0	0.0
5.5177	294.2499	127.237224	2	1.0	0.0
4.0519	298.6424	128.267851	0	1.0	0.0
3.9947	298.5242	128.356528	0	0.903293145872	0.0967068541279
4.4221	297.8887	138.117239	0	0.0368769541482	0.963123045852
8.2937	285.9166	140.64867	-1	0.0	0.642956420497
4.2629	298.7621	141.630429	0	0.153126714684	0.846873285316
6.4246	286.56	142.140445	12	1.0	0.0
6.3875	286.6307	142.252962	12	1.0	0.207996532385
8.1286	282.3512	142.290841	6	0.972408797977	0.0275912020232
6.474	286.5873	145.431067	12	1.0	0.0
7.3057	283.9196	151.397187	7	0.258808633654	0.741191366346
7.4752	284.0508	151.578261	7	0.316253439088	0.683746560912
7.4449	283.3011	151.578332	7	0.0385160514738	0.961483948526
7.5033	283.9683	151.631659	7	0.845243086179	0.154756913821
7.4901	283.8549	151.646954	7	0.578323901389	0.421676098611
7.4895	283.9193	151.728249	7	1.0	0.0
8.5144	286.1294	153.988686	15	0.275536387145	0.724463612855
2.8665	291.9477	159.677792	3	0.132782397158	0.867217602842
8.5835	286.7093	163.20147	13	0.820639112094	0.179360887906
8.4922	286.2787	163.657421	15	0.611051149755	0.388948850245
5.5056	294.3188	165.775617	2	0.897662325672	0.102337674328
6.1063	286.1304	175.245496	12	1.0	0.0273783253405
6.0977	286.2093	175.692496	12	1.0	0.0310757528444
4.0738	298.6042	179.482281	0	1.0	0.0
2.9869	292.1103	179.882979	3	0.232213382287	0.767786617713
2.9991	292.1016	179.908848	3	0.218913815251	0.781086184749
3.0224	292.0696	180.385582	3	0.182823029866	0.817176970134
3.0118	292.2242	180.385632	3	0.794118885032	0.205881114968
3.1109	292.4109	181.271754	3	0.868113832078	0.131886167922
3.1141	292.3683	181.335638	3	1.0	0.0
3.1191	292.3734	181.412205	3	1.0	0.0
3.0977	292.3263	181.763511	3	1.0	0.0275305603754
8.3394	286.1069	182.15316	14	0.496689478941	0.503310521059
8.4841	286.1663	186.356398	15	0.561506123596	0.438493876404
5.9885	296.3433	190.388103	4	1.0	0.0
6.2011	286.4503	191.270605	12	1.0	0.424740060737
6.1813	286.4267	191.401822	12	1.0	0.169310873064
7.5012	283.886	191.492075	7	0.587724071254	0.412275928746
6.281	286.3173	191.51848	12	1.0	0.178831711601
6.2115	286.4102	191.518517	12	1.0	0.301210117537
6.2017	286.2917	191.555429	12	1.0	0.154847980492
6.1875	286.3173	191.605383	12	1.0	0.0470505071868
6.1901	286.3343	191.710842	12	1.0	0.178831711601
6.1757	286.385	191.82893	12	1.0	0.312973708925
6.389	286.6477	192.208507	12	1.0	0.260415391402
6.3923	286.5993	192.379371	12	1.0	0.0214531280457
6.5262	286.4525	197.360301	12	0.794271880191	0.205728119809
8.6094	286.1592	200.420098	15	0.369644793199	0.630355206801
8.6065	286.139	200.926927	15	0.369644793199	0.630355206801
8.3873	286.1531	203.520568	-1	0.0	0.0928599658355
0.6575	290.9651	206.022943	9	1.0	0.0
3.0345	292.312	208.934238	3	1.0	0.0
3.0223	292.3013	209.080938	3	1.0	0.104872782886
3.0194	292.2492	209.197061	3	0.79226998042	0.20773001958
3.0289	292.3051	209.295093	3	1.0	0.0
3.0314	292.234	209.418834	3	0.794118885032	0.205881114968
7.2945	286.9166	213.446937	11	0.536653079235	0.463346920765
8.5215	286.2314	213.454967	15	1.0	0.10948271009
3.9998	298.684	227.852126	0	0.726996985973	0.273003014027
6.0899	286.4405	234.12177	12	1.0	0.411529600801
8.1408	282.3042	234.845754	6	0.947540739639	0.0524592603607
8.5822	282.4345	234.845892	6	0.170714371808	0.829285628192
8.3531	286.0612	238.69942	14	1.0	0.0
1.133	290.9891	239.621094	-1	0.0	0.0674133150423
1.0893	291.1737	239.621138	10	1.0	0.0
4.0631	298.6294	240.708642	0	1.0	0.0
6.4534	286.5513	243.138215	12	1.0	0.0
4.0431	298.5916	243.688821	0	1.0	0.105323360961
6.4145	286.6101	243.778061	12	1.0	0.0634649702615
4.0218	298.5529	247.11988	0	1.0	0.0
4.0328	298.6958	247.322125	0	0.775958852388	0.224041147612
4.042	298.4405	247.678887	0	0.541351274233	0.458648725767
3.0157	292.3172	249.772263	3	1.0	0.0
2.8769	292.465	249.772391	3	0.205074809601	0.794925190399
0.3564	290.8099	254.282704	9	0.116667325913	0.883332674087
6.5449	286.6175	256.478869	12	1.0	0.216511230263
7.4045	286.8345	258.408414	11	1.0	0.0
5.4147	293.6562	260.334526	1	0.24907478571	0.75092521429
6.0173	288.4648	262.836481	8	1.0	0.18720335017
6.0481	288.5344	262.900727	8	0.746106318096	0.253893681904
6.0557	288.4836	262.999253	8	0.789756270449	0.210243729551
4.0315	298.4657	263.584429	0	0.853466314462	0.146533685538
4.0356	298.5582	263.647506	0	1.0	0.17185765543
4.0517	298.5138	263.699607	0	1.0	0.0
4.0251	298.572	263.739696	0	1.0	0.089760415241
3.946	298.509	263.817204	0	0.631788353851	0.368211646149
4.0278	298.5366	263.817237	0	1.0	0.0
4.0143	298.5729	263.886099	0	1.0	0.038040661959
4.0648	298.6274	263.923988	0	1.0	0.0
4.884	296.9918	263.954946	5	1.0	0.0
4.0427	298.5826	264.188727	0	1.0	0.0
3.9954	298.5701	264.191146	0	0.837174921215	0.162825078785
5.9081	288.4184	266.031534	8	1.0	0.395168628697
5.839	288.3613	266.433721	8	1.0	0.0183478050531
5.7813	288.488	266.497008	8	0.572609522613	0.427390477387
6.1874	286.4883	266.851344	12	1.0	0.192282311615
6.2513	286.4288	266.958123	12	1.0	0.396674591787
6.1552	286.4214	267.132365	12	1.0	0.0
8.513	286.21	268.089324	15	1.0	0.0
7.4916	283.923	274.175127	7	1.0	0.0
7.5147	283.9217	274.228538	7	1.0	0.0
7.5062	283.949	274.278311	7	0.845243086179	0.154756913821
4.0376	298.6285	276.983255	0	1.0	0.0560606749457
3.1173	292.3763	278.700894	3	1.0	0.0
3.0969	292.3447	278.78013	3	0.996006704149	0.00399329585079
6.3379	286.4905	279.159579	12	1.0	0.0944571836936
8.3439	286.0286	284.07295	14	0.578426462165	0.421573537835
6.5197	286.6467	284.665726	12	1.0	0.211111445446
3.9718	298.4917	284.868123	0	0.567845235023	0.432154764977
2.3424	286.6072	285.916292	-1	0.0	0.0700065759603
4.0724	298.5673	287.49786	0	0.993560333701	0.00643966629902
4.0664	298.6335	290.025224	0	1.0	0.0
6.2306	286.5571	290.632657	12	1.0	0.0
5.831	288.2383	293.474863	8	0.666952674863	0.333047325137
5.8006	288.3716	293.974336	8	1.0	0.205448608203
7.3819	286.8481	306.646734	11	1.0	0.0
5.3326	294.0578	313.075005	2	1.0	0.0
4.0312	298.6724	314.361838	0	0.780871472017	0.219128527983
6.2526	286.5608	316.591274	12	1.0	0.0
8.0511	282.3292	317.488303	6	1.0	0.089135309635
8.129	282.32	317.775267	6	1.0	0.0
4.0471	298.6182	321.749737	0	1.0	0.0
5.9903	296.039	325.729817	4	1.0	0.0
6.0371	296.0008	325.889456	4	1.0	0.0
5.8254	288.2734	325.96309	8	1.0	0.37646900524
6.1228	286.3439	326.178659	12	1.0	0.323890619123
8.1006	287.2497	327.285296	-1	0.0	0.191798526712
7.402	286.5879	335.368569	11	0.31381180834	0.68618819166
4.0083	298.5251	338.297291	0	1.0	0.0
8.5328	286.6806	341.73544	13	1.0	0.0
4.0123	298.5232	341.972662	0	1.0	0.0
4.9043	296.9332	342.605133	5	1.0	0.0
3.081	292.3905	345.296489	3	1.0	0.104525916336
8.4843	286.2016	345.980623	15	1.0	0.268401024039
5.8046	288.3211	348.166572	8	1.0	0.0152807006763
5.8157	288.2906	348.454364	8	1.0	0.0
8.6445	286.1424	353.630771	15	0.289629082909	0.710370917091
8.6205	286.105	353.64884	-1	0.0	0.0360743042045
8.3453	286.0713	361.414518	14	1.0	0.0
8.4648	286.2439	368.909158	15	0.881588127847	0.118411872153
5.8626	288.3425	371.204501	8	1.0	0.126290800223
0.6455	290.7977	372.177382	9	0.224195738357	0.775804261643
0.645	290.9857	372.177417	9	0.959957248233	0.0400427517672
0.6254	290.88	372.21883	9	0.525167410488	0.474832589512
4.0634	298.6351	377.700154	0	1.0	0.0
7.5887	283.9538	380.023791	7	0.495502592199	0.504497407801
5.4185	293.4067	389.498782	1	0.281114398541	0.718885601459
4.0741	298.6563	389.891148	0	1.0	0.0622851462093
5.9601	288.4706	390.332447	8	1.0	0.0
3.9507	298.3942	390.430036	0	0.288181753377	0.711818246623
8.2775	286.2456	398.979031	-1	0.0	0.531525036804
3.9694	298.6076	399.216372	0	0.71713387455	0.28286612545
8.4483	286.1945	400.786703	15	0.640205760416	0.359794239584
4.0766	298.6127	402.871194	0	1.0	0.147987073219
5.4445	294.0147	405.046677	2	0.939479168483	0.0605208315173
8.4616	286.1975	407.642359	15	0.981223726463	0.0187762735373
6.5397	286.6659	407.764875	12	1.0	0.114333645045
8.0258	282.6226	411.654674	6	0.214645241708	0.785354758292
8.07	282.392	411.654686	6	1.0	0.0
1.3208	291.152	418.220874	10	1.0	0.0
1.3198	291.2932	418.330597	10	1.0	0.0
3.9955	298.5948	418.540064	0	0.855152885675	0.144847114325
5.8292	288.3952	419.958797	8	1.0	0.317598759601
4.258	298.6476	424.419752	0	0.245231073251	0.754768926749
6.4199	286.5933	427.893324	12	1.0	0.0278687203067
6.4287	286.6323	427.964323	12	1.0	0.0
7.3356	286.892	428.99784	11	0.769550406545	0.230449593455
5.1068	296.7043	430.105739	5	0.19937220616	0.80062779384
4.87	296.9748	430.105961	5	1.0	0.0
5.5126	294.2957	443.116394	2	1.0	0.0
3.9942	298.417	444.483025	0	0.348270829836	0.651729170164
5.7488	288.1423	448.075259	8	0.273125406253	0.726874593747
5.5817	288.2987	449.708884	8	0.348641663664	0.651358336336
3.0205	292.1973	451.242564	3	0.509894572635	0.490105427365
4.0673	298.4718	456.126444	0	0.853466314462	0.146533685538
8.4086	286.0995	460.308954	14	0.355774750643	0.644225249357
8.3602	286.0676	460.341461	14	1.0	0.0
6.4206	286.6038	466.151471	12	1.0	0.0
6.3973	286.6206	466.212012	12	1.0	0.151296129293
6.4324	286.6426	466.267643	12	1.0	0.0
6.3942	286.6825	466.328518	12	1.0	0.189297330328
6.4306	286.6501	466.419849	12	1.0	0.00304938644082
6.423	286.6363	466.515213	12	1.0	0.00562084424569
8.6101	286.6037	466.605087	13	1.0	0.0
6.3888	286.6614	466.781038	12	1.0	0.0977244914869
8.5283	286.251	474.836179	15	0.572134949523	0.427865050477
8.1183	282.2999	477.351986	6	1.0	0.0
8.4613	286.2091	495.332284	15	0.905586911656	0.0944130883442
7.6527	283.9186	497.126681	7	0.285314824609	0.714685175391
6.0937	286.1415	497.548992	12	1.0	0.3006402623
5.8234	288.3269	498.409506	8	1.0	0.0
5.7945	288.3196	498.471677	8	1.0	0.0
5.8428	288.3335	498.529699	8	1.0	0.0367831617206
5.8292	288.2754	499.172536	8	1.0	0.4041714605
5.8753	288.3176	499.207598	8	1.0	0.207157457276
5.9963	288.7868	499.207673	8	0.149787922463	0.850212077537
5.9218	295.9445	501.326299	4	1.0	0.0
6.4508	286.5916	502.889754	12	1.0	0.0278687203067
0.5674	290.8636	507.958291	9	0.352928168837	0.647071831163
5.5323	294.1507	510.61259	2	1.0	0.0
6.5173	286.4702	511.947368	12	0.880748468471	0.119251531529
6.6315	286.5535	511.947398	12	0.795332059843	0.204667940157
6.4415	286.6196	511.991514	12	1.0	0.0
8.3773	286.891	513.092719	13	0.321092183145	0.678907816855
7.5391	283.9254	517.735832	7	0.825603320794	0.174396679206
7.5289	283.9198	517.750191	7	1.0	0.0
7.4581	283.805	517.882596	7	0.301777684299	0.698222315701
7.4999	283.9257	517.882597	7	1.0	0.0
4.1512	298.8207	518.674423	0	0.151452952574	0.848547047426
6.5327	286.6762	521.583388	12	1.0	0.172929436992
6.5432	286.7146	521.618876	12	0.719936496564	0.280063503436
6.5713	286.6276	521.652414	12	1.0	0.0266971197167
6.5548	286.6314	521.684414	12	1.0	0.0779802057177
6.5124	286.6185	521.749556	12	1.0	0.216511230263
6.5411	286.6216	521.920749	12	1.0	0.216511230263
6.4003	286.3136	522.355511	12	0.48493658007	0.51506341993
6.5021	286.4987	522.424349	12	1.0	0.284117453358
8.5327	286.2996	522.751396	15	0.420248406003	0.579751593997
7.427	286.7666	523.70731	11	0.7485985272	0.2514014728
4.2075	298.6013	523.968792	0	0.39702593942	0.60297406058
6.0629	290.9726	530.714276	-1	0.0	0.13748296429
5.4288	293.5294	534.175091	1	1.0	0.0
6.4282	286.6295	535.157822	12	1.0	0.0
6.439	286.619	535.254456	12	1.0	0.00240707985693
6.4792	286.6812	535.545993	12	1.0	0.0980202814498
8.5801	285.978	535.942255	-1	0.0	0.664919572917
1.4256	291.1394	536.519381	10	1.0	0.0
6.5079	286.5487	539.060431	12	1.0	0.146494969386
6.13	286.5017	539.418395	12	0.863121708733	0.136878291267
0.6877	290.9207	539.953694	9	0.75935216483	0.24064783517
0.6607	290.8694	540.026447	9	0.375472150009	0.624527849991
0.5853	290.7355	540.064192	9	0.123981832603	0.876018167397
0.6773	290.8715	540.064232	9	0.40879112141	0.59120887859
0.6691	290.9652	540.13872	9	1.0	0.0
0.6925	290.9122	540.228414	9	0.634973960346	0.365026039654
0.6376	290.9513	540.322186	9	0.92621253462	0.0737874653803
3.9529	298.5917	542.150547	0	0.598843864934	0.401156135066
3.8068	298.4052	542.874453	0	0.191907761813	0.808092238187
1.4815	291.2616	549.320954	10	1.0	0.0
0.5131	291.1922	552.040806	9	0.104116799717	0.895883200283
0.5297	291.2522	552.333644	-1	0.0	0.0927179102759
3.6767	298.2201	553.981956	0	0.0791759086587	0.920824091341
4.0361	298.5391	553.982165	0	0.951131957298	0.0488680427019
4.0769	298.5468	554.118632	0	0.880978249741	0.119021750259
5.7963	288.3676	561.231503	8	1.0	0.317598759601
5.8483	288.2946	561.461218	8	1.0	0.135542843055
5.8103	288.312	561.575967	8	1.0	0.0
5.7481	288.1815	561.615892	8	0.371137697289	0.628862302711
3.9787	298.5827	562.802763	0	0.892414871288	0.107585128712
4.5121	298.7168	565.374389	0	0.113393694097	0.886606305903
6.3424	286.3256	582.174453	12	0.643240481506	0.356759518494
6.2116	286.5462	582.442856	12	1.0	0.152136063557
6.2421	286.4123	582.624078	12	1.0	0.0714252537945
5.9539	288.4479	587.910115	8	1.0	0.0442025433985
5.9641	288.5368	587.962308	8	0.898489580028	0.101510419972
8.4729	286.1389	589.095303	15	0.303056866478	0.696943133522
7.905	285.8255	589.544148	-1	0.0	0.0537576003796
