0.0528	110.7056	-8.7e-05	-1	0.0	0.0339154720411
1.5733	103.8132	-599.460567	16	0.583346539556	0.416653460444
1.6382	109.6001	-597.904823	20	0.331651355101	0.668348644899
4.7774	115.3144	-597.711243	8	0.933691510274	0.0663084897259
4.6497	100.8145	-596.082601	6	0.75221230216	0.24778769784
3.1711	117.0717	-594.526689	-1	0.0	0.893125663945
4.4875	100.7645	-584.453062	6	1.0	0.0
4.4697	100.7812	-584.051224	6	1.0	0.0152754945541
2.5008	112.1438	-578.205156	10	1.0	0.0
2.6124	112.1785	-578.205068	10	1.0	0.173689591568
2.4779	112.0665	-578.075628	10	1.0	0.0
3.9566	115.7615	-577.49951	5	1.0	0.0
3.953	115.7417	-577.369382	5	1.0	0.0
1.0772	104.1632	-569.384429	4	1.0	0.0
1.3074	104.3222	-569.384378	4	1.0	0.0
1.1725	104.3467	-569.341645	4	1.0	0.0
1.1544	104.3706	-569.257329	4	1.0	0.0
-0.7616	115.977	-566.707485	12	0.95269089146	0.0473091085402
-1.041	116.4166	-566.707238	-1	0.0	0.683284901292
4.7422	103.0332	-564.854897	3	1.0	0.0
1.5593	109.6725	-563.86038	20	0.517133527862	0.482866472138
1.7303	111.233	-560.163696	15	0.614856031867	0.385143968133
1.7739	111.1628	-560.104198	15	1.0	0.0
1.7842	111.1713	-560.071462	15	1.0	0.0
1.7342	111.2377	-560.041906	15	0.568374292736	0.431625707264
1.7143	111.2708	-559.943363	15	0.417302997042	0.582697002958
0.6315	116.0571	-553.016398	-1	0.0	0.566419815856
0.5543	116.0876	-552.957285	-1	0.0	0.560555106811
4.7747	115.327	-544.637254	8	1.0	0.0
1.7376	111.1545	-540.154786	15	1.0	0.0
-0.1032	115.9843	-534.095084	11	0.608375529421	0.391624470579
1.6006	109.7525	-532.566874	20	0.525336213973	0.474663786027
4.4172	100.7399	-528.310247	6	0.993706294444	0.00629370555623
2.5144	112.3725	-519.225502	10	1.0	0.000289895312035
1.8545	100.7099	-518.360859	0	1.0	0.0
4.6822	100.7033	-504.364853	6	1.0	0.0
-0.6289	115.9	-499.788892	12	0.259515661972	0.740484338028
-0.709	115.9283	-499.737397	12	0.722041104338	0.277958895662
1.2529	103.937	-495.137977	-1	0.0	0.491774079441
0.6524	113.0489	-490.533017	-1	0.0	0.158933907466
4.552	100.8015	-486.680636	6	1.0	0.0522459392703
4.5524	100.7586	-486.607943	6	1.0	0.0
4.5025	100.7501	-486.461403	6	1.0	0.0
4.5204	100.783	-486.35094	6	1.0	0.0
4.4855	114.2738	-485.74148	2	1.0	0.0
4.478	114.2858	-485.675715	2	1.0	0.0
4.7862	115.3441	-485.130734	8	1.0	0.0
4.7237	115.3373	-485.035682	8	0.886566245225	0.113433754775
1.7432	111.1991	-480.318247	15	0.913706092843	0.0862939071567
1.9023	100.7738	-479.858961	0	1.0	0.0
1.7929	103.6346	-466.4991	17	1.0	0.0
4.7521	103.1568	-459.295701	3	0.69004898365	0.30995101635
1.7123	109.7302	-458.672	20	0.547780694404	0.452219305596
-0.7357	115.9655	-457.687258	12	1.0	0.0
-0.7036	115.9826	-457.553506	12	0.778183784186	0.221816215814
-0.7356	115.9883	-457.463835	12	1.0	0.0
4.5021	114.2829	-454.632281	2	1.0	0.0
4.448	114.287	-454.566721	2	0.78946748512	0.21053251488
3.9851	115.7696	-452.881815	5	1.0	0.0
4.7313	115.3438	-452.518993	8	1.0	0.0
3.193	117.0376	-442.378185	-1	0.0	0.890215768722
1.4678	109.2569	-439.865036	19	0.443039082333	0.556960917667
1.604	109.7273	-433.211937	20	0.990047040345	0.0099529596551
4.6004	100.6811	-432.975336	6	1.0	0.0
4.4541	100.7582	-429.41501	6	1.0	0.0480958335364
1.7599	111.1708	-424.314128	15	1.0	0.0
0.6655	116.0854	-421.281942	-1	0.0	0.604240926446
1.6673	110.4698	-415.101056	18	0.659176393937	0.340823606063
1.5367	110.4993	-415.001837	18	1.0	0.0
0.9438	110.8432	-414.85171	-1	0.0	0.261921308285
1.5191	110.524	-414.782203	18	1.0	0.0
1.4622	110.6254	-414.735742	18	0.885186580179	0.114813419821
1.4488	110.6123	-414.659684	18	0.935696977258	0.0643030227424
2.638	112.4072	-404.363904	10	1.0	0.0
4.5037	114.2948	-400.803591	2	1.0	0.0
4.5291	114.2939	-400.614735	2	0.85191573811	0.14808426189
1.8755	100.7398	-393.065136	0	1.0	0.0
2.5094	111.9872	-389.215151	10	0.927365848562	0.072634151438
1.6441	103.8195	-383.761804	16	0.639204551595	0.360795448405
4.7839	115.3392	-383.301975	8	1.0	0.0
4.8645	115.9461	-377.283321	-1	0.0	0.156880398128
0.4454	113.1787	-377.160999	-1	0.0	0.0992996303626
1.7647	109.6707	-372.226178	20	0.476547516483	0.523452483517
1.6234	109.7067	-372.167885	20	1.0	0.0
1.6218	109.7349	-372.035488	20	0.802044614638	0.197955385362
-0.0811	110.6311	-359.880201	-1	0.0	0.187800656353
-1.4275	101.0332	-359.016654	-1	0.0	0.160570814869
4.6377	100.8095	-356.201975	6	0.832827192707	0.167172807293
-0.7069	116.0284	-348.565027	12	0.371487531535	0.628512468465
3.9753	115.6909	-347.201498	5	0.659656811377	0.340343188623
4.4832	100.826	-344.098436	6	1.0	0.100428987236
4.4859	100.7543	-343.896002	6	1.0	0.0
-0.0827	110.7447	-335.559223	-1	0.0	0.13808434443
1.5086	109.2657	-325.625599	19	0.677763635866	0.322236364134
1.6691	103.7798	-308.422783	16	0.713004596411	0.286995403589
2.007	109.1216	-308.361753	-1	0.0	0.0834978924853
2.6511	112.4052	-306.438917	10	1.0	0.0
2.5473	112.2168	-305.163407	10	1.0	0.363623848601
1.6376	103.7856	-296.104018	16	1.0	0.0
0.8329	104.2922	-293.935963	4	0.931317563034	0.0686824369658
1.6429	109.852	-292.265222	21	1.0	0.0
1.7826	100.7244	-291.48108	0	0.889291174345	0.110708825655
0.6536	116.0935	-284.329623	-1	0.0	0.605803623697
4.6287	101.4229	-283.608083	7	0.960955643338	0.0390443566621
4.622	101.4801	-283.608063	7	1.0	0.0
1.6483	109.699	-280.743461	20	1.0	0.0
-0.7825	115.9108	-277.382704	12	0.448353294186	0.551646705814
-0.7148	115.9621	-277.378019	12	1.0	0.0
-0.7276	115.9501	-277.298508	12	1.0	0.0
1.6482	111.1924	-270.73295	15	0.592735446689	0.407264553311
4.7843	115.3437	-261.804373	8	1.0	0.0
4.4595	100.8397	-261.703186	6	1.0	0.396597358154
4.8009	100.805	-257.758438	6	0.422411511085	0.577588488915
4.4959	100.8594	-240.125697	6	0.923825063314	0.0761749366861
2.0847	100.6381	-238.447841	0	0.328843697207	0.671156302793
4.4483	114.2416	-227.366103	2	0.504328067559	0.495671932441
2.02	109.1024	-227.051956	-1	0.0	0.137515512557
1.6164	109.6466	-227.051881	20	0.538904750684	0.461095249316
3.992	115.6551	-222.299496	5	0.482210287055	0.517789712945
4.7785	115.1684	-214.553079	9	1.0	0.0
1.5001	114.2524	-213.398373	-1	0.0	0.0635575522473
-0.7353	115.9258	-201.687173	12	0.74181386168	0.25818613832
-0.7763	115.9245	-201.683189	12	0.538907167114	0.461092832886
2.3845	112.1074	-192.786055	10	1.0	0.0
1.6058	110.4708	-191.102442	18	0.800867076598	0.199132923402
4.7258	100.7086	-190.001856	6	0.71788268316	0.28211731684
1.616	103.8319	-188.184297	16	0.523380616275	0.476619383725
-0.7699	115.9907	-181.799997	12	0.714485349688	0.285514650312
-0.7377	115.9393	-181.745935	12	1.0	0.0
-0.7304	115.9512	-181.696775	12	1.0	0.0
0.0503	110.5375	-175.686599	-1	0.0	0.167869010205
4.737	115.239	-173.835255	9	0.390983081446	0.609016918554
1.883	100.7456	-168.635453	0	1.0	0.0
1.613	103.7907	-167.700051	16	1.0	0.0
1.5926	109.9518	-160.46625	-1	0.0	0.205067556152
1.6149	109.8663	-160.395786	21	1.0	0.0
1.6579	109.6881	-152.973313	20	1.0	0.0
4.6386	100.6134	-147.390878	6	0.607759006542	0.392240993458
2.6114	112.3749	-140.127148	10	1.0	0.0
2.639	112.4867	-139.952748	10	1.0	0.0956124751035
2.6232	112.4225	-139.801632	10	1.0	0.0
1.5817	109.9058	-138.065572	21	1.0	0.0
4.5222	114.2863	-134.785604	2	1.0	0.0
1.7674	111.1368	-133.618672	15	1.0	0.0
1.862	109.771	-123.616829	-1	0.0	0.170569234029
1.887	103.6768	-120.710798	17	0.66200542358	0.33799457642
1.9067	103.6626	-120.650842	17	0.624207412273	0.375792587727
1.8712	111.0582	-117.15066	15	0.29302205091	0.70697794909
4.32	102.8404	-116.170574	3	0.227335272813	0.772664727187
1.612	103.7443	-107.512573	16	0.514366568907	0.485633431093
1.655	103.8466	-107.121654	16	0.396424349845	0.603575650155
1.7621	103.6776	-102.513772	17	1.0	0.0
1.9515	103.823	-98.02944	-1	0.0	0.312430547016
1.9408	103.8531	-97.799217	-1	0.0	0.323592264309
4.6924	100.6346	-89.091768	6	0.667224512637	0.332775487363
1.7461	113.0488	-77.654693	10	0.176472773226	0.823527226774
1.7147	109.8291	-77.003635	-1	0.0	0.128014132261
0.6619	111.2191	-76.709046	-1	0.0	0.157060694817
1.6207	103.7533	-76.131914	16	0.626663944901	0.373336055099
1.6126	103.7719	-76.083298	16	1.0	0.0
3.9135	115.4179	-73.228651	5	0.173483097745	0.826516902255
0.5143	103.4844	-72.064457	1	1.0	0.0
1.444	113.9386	-67.975892	-1	0.0	0.0992996303626
4.7835	115.3134	-66.401456	8	0.909081773666	0.0909182263338
1.5801	103.9603	-55.047061	-1	0.0	0.287190700393
1.497	103.9835	-54.819522	-1	0.0	0.368057021632
4.7507	115.1695	-54.402744	9	1.0	0.0
3.5963	114.2494	-54.320407	2	0.0526102416816	0.947389758318
4.5211	100.8137	-53.306756	6	1.0	0.0
4.5244	100.7779	-53.166379	6	1.0	0.0
4.3906	101.6641	-48.504881	7	1.0	0.0
3.6049	101.9252	-48.406524	-1	0.0	0.22905344379
4.3541	101.627	-48.299289	7	1.0	0.0
1.9093	103.5281	-31.83271	14	1.0	0.0
1.6121	109.9176	-29.533477	21	1.0	0.0
3.1057	117.0975	-13.647795	-1	0.0	0.895716285267
1.5257	103.689	-7.798473	-1	0.0	0.194305422557
1.7568	103.512	-5.476042	14	1.0	0.0
0.0528	110.7056	-8.7e-05	-1	0.0	0.0339154720411
1.6424	109.8316	1.411671	21	1.0	0.0
-0.3692	115.7991	5.934291	13	1.0	0.0
-0.358	115.7517	5.983236	13	1.0	0.0
1.596	103.7217	7.499287	16	0.411200369731	0.588799630269
4.5339	100.8161	18.202377	6	1.0	0.0
4.5516	100.7555	18.253215	6	1.0	0.0
4.7729	100.5114	18.389112	6	0.22973779083	0.77026220917
1.5812	109.7059	35.915039	20	0.729779945993	0.270220054007
4.5367	100.8303	40.478427	6	1.0	0.182639926408
4.3311	101.6542	40.723622	7	1.0	0.0
4.2597	101.3392	46.402366	7	0.811022371168	0.188977628832
-0.7237	115.9798	47.259863	12	1.0	0.0
4.8089	115.1763	55.297294	9	0.898679225357	0.101320774643
1.5583	109.2488	57.429244	19	0.914515464569	0.0854845354306
1.9366	103.5214	67.546271	14	1.0	0.0
1.9124	103.5508	67.711811	14	1.0	0.0
3.8917	115.7584	68.009424	5	1.0	0.0
2.5227	112.3687	74.238954	10	1.0	0.0
1.6235	103.7921	81.035537	16	1.0	0.0
1.6214	103.7866	81.131565	16	1.0	0.0
2.4541	112.0898	107.207079	10	1.0	0.0
-0.4366	115.7515	119.845995	13	1.0	0.0
3.7031	115.738	121.144949	5	0.42366223344	0.57633776656
4.8427	103.0468	123.707732	3	1.0	0.0
4.4022	101.2263	127.245213	6	0.118144506204	0.881855493796
1.7937	103.6398	127.32373	17	1.0	0.0
1.9281	103.5326	127.469573	14	1.0	0.0
-1.5061	101.0968	145.571505	-1	0.0	0.186213409542
4.1268	115.6454	145.931696	5	0.36359014858	0.63640985142
-0.3807	115.8421	155.580312	13	0.64013122763	0.35986877237
1.2203	104.2297	174.350216	4	1.0	0.0
1.3386	104.1737	174.351886	4	0.987945850075	0.0120541499252
-0.7773	115.9969	188.715203	12	0.574064425693	0.425935574307
4.5221	100.743	188.932437	6	1.0	0.0
0.5452	103.3218	188.987398	1	0.630911087388	0.369088912612
1.439	103.7907	195.092084	-1	0.0	0.174210259638
1.5406	110.524	196.553059	18	1.0	0.0
1.5283	109.7183	207.484546	20	0.510715150807	0.489284849193
1.556	109.2902	222.754839	19	1.0	0.0
1.6036	109.2542	222.979928	19	0.874663400795	0.125336599205
4.5203	100.7353	227.283364	6	1.0	0.0508369799303
2.7903	112.1998	227.657319	10	0.808888843416	0.191111156584
0.4945	103.5082	233.033427	1	1.0	0.0
2.4207	112.1025	234.826779	10	1.0	0.0
-2.2588	101.5861	239.432119	-1	0.0	0.375410293378
4.7867	115.1816	246.375493	9	1.0	0.0
1.5469	110.58	246.737403	18	0.980013808797	0.0199861912027
1.5532	109.3074	248.828542	19	0.665271409337	0.334728590663
1.621	109.2484	248.871555	19	0.649578954818	0.350421045182
1.5608	109.2867	248.909134	19	1.0	0.0
1.5655	109.2774	248.978352	19	1.0	0.0
-0.4515	115.807	249.152049	13	1.0	0.0
-0.3436	115.9849	249.152155	11	0.219425881972	0.780574118028
3.9109	115.803	251.14757	5	1.0	0.0
3.8542	115.7659	251.378514	5	0.943731952121	0.0562680478794
1.744	103.6162	275.171237	17	0.736082074139	0.263917925861
1.522	109.2805	286.040207	19	0.927004136626	0.0729958633741
1.6591	109.1933	286.087517	19	0.336545168192	0.663454831808
1.4663	110.5645	299.101967	18	1.0	0.0
1.6632	109.6679	306.325771	20	0.790100972178	0.209899027822
1.6623	109.7112	306.90689	20	0.913456047176	0.0865439528245
4.4748	114.1804	312.892554	2	0.244752858469	0.755247141531
4.8828	103.0771	318.534904	3	1.0	0.0
1.8694	109.7759	332.610809	-1	0.0	0.216856638685
4.4639	114.24	336.953751	2	0.49408704769	0.50591295231
1.9459	100.7305	350.404285	0	0.966735358675	0.0332646413247
-0.1241	116.0167	353.814328	11	1.0	0.0
1.5085	109.3103	354.547904	19	0.578265007042	0.421734992958
1.7363	103.6383	357.478754	17	1.0	0.0
0.7406	115.4054	359.329322	-1	0.0	0.778242801338
3.7842	115.7106	362.345178	5	0.577054601804	0.422945398196
4.5475	100.761	370.661363	6	1.0	0.0
4.5631	100.6751	370.765301	6	0.898972669598	0.101027330402
-1.4386	101.0216	376.315656	-1	0.0	0.162265421227
4.7006	100.6248	388.97075	6	0.579187390786	0.420812609214
4.6017	100.7197	392.312673	6	1.0	0.00814075137492
4.4898	100.8023	392.417019	6	1.0	0.0
4.5323	100.763	392.540154	6	1.0	0.0
4.4547	114.2203	402.739926	2	0.411190731787	0.588809268213
0.4895	103.4565	407.149248	1	1.0	0.0
0.4896	103.4336	407.213416	1	1.0	0.0
1.738	103.6753	412.033838	17	0.916604500323	0.0833954996767
1.6859	109.6865	418.99415	20	1.0	0.0
2.5333	112.4559	419.522087	10	1.0	0.0495559612989
1.5121	110.6449	422.522305	18	0.777777257783	0.222222742217
1.5938	109.2123	422.796979	19	0.501937574324	0.498062425676
1.5667	109.2324	422.88756	19	0.681021481426	0.318978518574
1.5165	109.3506	423.020262	19	0.301234358832	0.698765641168
-0.1514	116.0691	427.504504	11	0.518064754194	0.481935245806
-0.1423	116.014	427.55796	11	1.0	0.0
1.5561	109.5565	427.704805	-1	0.0	0.338118605663
-0.1593	116.0406	427.821376	11	0.897851722122	0.102148277878
4.6717	100.7022	428.891256	6	1.0	0.0
-0.2365	115.7543	437.311941	13	0.694669789159	0.305330210841
4.7447	115.1894	437.695137	9	1.0	0.0
4.6145	100.6843	460.190739	6	1.0	0.0
4.5008	100.8004	460.247835	6	1.0	0.0
4.642	100.7015	460.330585	6	1.0	0.0
4.3043	115.7719	466.087931	5	0.291169859003	0.708830140997
1.7751	103.6702	475.74151	17	1.0	0.0
1.6601	109.6747	492.952097	20	1.0	0.0
-0.1078	115.9853	498.351652	11	0.637853963928	0.362146036072
-0.1146	116.0349	498.41011	11	1.0	0.0
1.5855	109.2608	505.027294	19	1.0	0.0
-0.3103	115.7226	507.443513	13	0.839772972041	0.160227027959
0.7961	109.3649	510.849213	-1	0.0	0.237655358904
1.5873	110.5428	521.392719	18	1.0	0.0
1.5848	110.5843	521.556424	18	0.85586608214	0.14413391786
2.0176	100.4765	521.952214	0	0.177775067171	0.822224932829
-0.4001	115.7732	523.654887	13	1.0	0.0
1.3375	113.6735	531.937008	10	0.176472773226	0.823527226774
1.8003	109.6773	533.195263	20	0.361263626225	0.638736373775
1.9311	109.5829	533.380363	-1	0.0	0.484405303107
2.7103	112.2594	540.733674	10	1.0	0.378047606329
4.8419	103.0953	552.376231	3	1.0	0.0
1.5982	109.2587	555.22719	19	0.917756547477	0.082243452523
1.5568	109.2667	555.366954	19	1.0	0.0
1.6794	109.1945	555.446894	19	0.299934929501	0.700065070499
-0.1164	116.0269	556.08287	11	1.0	0.0
-0.1407	116.021	556.149103	11	1.0	0.0
0.14	115.8337	556.185849	-1	0.0	0.361908498695
1.8253	100.7547	563.379635	0	1.0	0.0
4.8311	103.0431	570.079529	3	1.0	0.0
1.6497	110.199	574.093291	18	0.19490953228	0.80509046772
0.5785	103.4141	574.727458	1	1.0	0.0
1.6931	103.7473	576.47199	16	0.443414955148	0.556585044852
1.7432	103.8281	578.84928	16	0.328259763426	0.671740236574
4.7612	115.2069	586.429888	9	0.855728547561	0.144271452439
4.7746	115.1555	586.57174	9	0.898679225357	0.101320774643
4.7915	115.1833	586.878309	9	1.0	0.0
4.8144	115.2128	587.088356	9	0.66282607625	0.33717392375
4.6648	100.7615	588.241353	6	0.774236545302	0.225763454698
4.4141	101.6925	595.531321	7	1.0	0.0
