0.0956	110.2194	-0.000122	9	0.595380827372	0.404619172628
-6.0833	111.1555	-593.548078	25	0.31021824993	0.68978175007
5.1138	104.5305	-589.852807	10	0.629836164558	0.370163835442
5.1288	104.4902	-589.712027	10	1.0	0.0
-5.1629	107.8946	-585.698387	24	0.0738647331258	0.926135266874
-5.8707	107.9618	-581.99593	24	0.340757831472	0.659242168528
7.1261	107.1954	-579.949495	14	0.184114405067	0.815885594933
5.5086	113.3586	-573.056066	11	0.195100257761	0.804899742239
12.6208	101.3506	-572.142562	2	0.777519374176	0.222480625824
3.0574	105.3648	-571.773843	19	1.0	0.257533719687
-0.3579	108.815	-571.686931	13	1.0	0.0
-0.4505	108.8064	-571.624832	13	0.492403210547	0.507596789453
-5.0025	108.6515	-570.273356	24	0.0322447524325	0.967755247568
-5.0349	108.6652	-570.250725	24	0.0316755450946	0.968324454905
7.563	98.7426	-557.53311	1	1.0	0.0
12.4513	101.4999	-555.579758	2	1.0	0.0
-5.7618	110.8171	-554.204397	28	0.720149596525	0.279850403475
-5.7349	110.8115	-554.114282	28	0.985861150939	0.0141388490615
9.7171	100.9894	-554.109758	16	0.817745162827	0.182254837173
-5.7282	110.7954	-554.063694	28	0.985861150939	0.0141388490615
6.1192	100.0407	-553.688221	1	0.975918755372	0.0240812446276
9.7632	100.9822	-551.934517	16	1.0	0.0
3.5903	106.2646	-549.898173	-1	0.0	0.76381460935
9.7784	100.7603	-548.703402	17	0.744319704832	0.255680295168
9.7328	100.5638	-548.638968	17	0.736006714738	0.263993285262
9.7415	100.6729	-548.414793	17	0.900782705803	0.099217294197
3.0525	105.3802	-547.774027	19	0.776916633126	0.223083366874
8.1418	101.2571	-547.001289	5	0.100492946653	0.899507053347
7.1521	107.7414	-546.640293	15	0.590695466039	0.409304533961
-5.4569	109.4026	-534.175491	26	1.0	0.0
-5.5402	109.4229	-534.058156	26	1.0	0.0
4.3412	112.8414	-531.215363	12	0.58312485817	0.41687514183
4.3511	113.013	-530.855558	12	1.0	0.0
4.4654	112.992	-530.323507	12	1.0	0.0
4.4802	113.0514	-530.253614	12	0.810209890025	0.189790109975
4.4606	113.039	-530.224223	12	0.968809727384	0.0311902726161
-5.7662	111.4543	-530.18902	25	0.600504720764	0.399495279236
-1.0953	108.2194	-529.214802	21	0.795154973694	0.204845026306
1.6657	102.3568	-526.332005	6	1.0	0.211527365722
-5.9081	107.9796	-524.825122	24	0.267105767527	0.732894232473
0.0608	110.255	-524.604909	9	0.361962138856	0.638037861144
-5.0656	109.7182	-521.136924	27	0.398692474027	0.601307525973
-4.4295	114.8911	-516.65735	4	0.882991009256	0.117008990744
-4.4686	114.9268	-516.596779	4	0.699466539967	0.300533460033
-4.4452	114.8948	-516.492654	4	1.0	0.0
8.4316	101.2966	-513.018125	5	0.0643617600547	0.935638239945
0.0134	101.6663	-509.136469	6	0.200942031721	0.799057968279
9.7828	100.9346	-508.541289	16	0.966183753372	0.0338162466284
-6.1835	100.5823	-499.306766	0	1.0	0.0
7.1318	107.8603	-492.688507	15	0.769483257677	0.230516742323
5.1282	104.5089	-486.523668	10	1.0	0.0
5.1384	104.5032	-486.44454	10	1.0	0.0
-5.3853	110.2953	-474.884702	27	0.415357360928	0.584642639072
-5.7366	110.7894	-474.820407	28	0.985861150939	0.0141388490615
-5.7059	110.7797	-474.75093	28	0.985861150939	0.0141388490615
-5.6954	110.805	-474.673811	28	0.846089328761	0.153910671239
-5.739	110.7908	-474.439889	28	0.985861150939	0.0141388490615
-5.3882	110.319	-474.115616	27	0.380755191703	0.619244808297
-5.8059	110.854	-474.082325	28	0.30641199258	0.69358800742
9.8001	100.9779	-464.92076	16	1.0	0.14572004013
9.8039	101.028	-464.85233	16	1.0	0.389581254869
-5.522	109.4393	-463.037894	26	1.0	0.0
-5.2992	109.9951	-455.912974	27	1.0	0.0
-5.2961	109.9804	-455.865385	27	1.0	0.0
-5.3725	110.0561	-455.615707	27	0.693762101595	0.306237898405
2.777	105.4389	-455.229183	19	0.105172723989	0.894827276011
-6.0382	104.5694	-454.870576	3	0.989767511272	0.0102324887283
0.1234	110.2765	-449.890839	9	0.973389933216	0.0266100667842
0.1117	110.271	-449.420133	9	1.0	0.0
7.2066	107.2016	-448.621868	14	0.167864543488	0.832135456512
3.8252	113.0206	-446.376694	12	0.338580197568	0.661419802432
4.4054	112.9664	-444.71684	12	1.0	0.0
4.4982	112.9297	-444.674937	12	1.0	0.0
4.4326	112.9113	-444.630118	12	0.914005084413	0.085994915587
4.4988	112.9507	-444.590971	12	1.0	0.0
-4.4822	114.9317	-441.767983	4	0.588879175459	0.411120824541
7.9403	101.3745	-433.294812	5	0.48073246548	0.51926753452
7.9421	101.4245	-433.257433	5	1.0	0.0
7.9543	101.4143	-433.156587	5	1.0	0.0
7.9344	101.4534	-433.000691	5	0.570518410841	0.429481589159
5.5121	113.3278	-428.533411	11	0.206017523092	0.793982476908
4.2033	112.8196	-424.219718	12	0.511768180313	0.488231819687
3.0318	105.2237	-423.690883	19	0.246409624805	0.753590375195
3.0334	105.3623	-423.345895	19	0.968170350865	0.0318296491347
11.1796	101.7447	-418.573925	2	0.215632649825	0.784367350175
-0.7075	108.4991	-412.092702	20	1.0	0.0
7.1339	107.7906	-409.387906	15	1.0	0.0
7.1877	107.7976	-409.235332	15	1.0	0.0
7.2106	107.8785	-409.17558	15	0.513563585764	0.486436414236
6.871	107.4002	-409.153029	14	0.778603332957	0.221396667043
5.1205	104.4896	-409.126511	10	1.0	0.0
6.9011	107.3745	-409.014879	14	1.0	0.0
6.9429	107.371	-408.855116	14	1.0	0.0
9.7004	100.6178	-404.233971	17	1.0	0.0
-5.0902	108.0091	-403.696337	24	0.0616533497952	0.938346650205
8.4477	101.3168	-401.074731	5	0.0641617798649	0.935838220135
-5.0621	109.7204	-399.411879	27	0.392736225335	0.607263774665
1.0012	102.8074	-395.916535	6	1.0	0.0
-5.9914	104.5585	-388.345901	3	1.0	0.0
-5.9649	104.5492	-388.269951	3	1.0	0.0
-6.198	104.6055	-388.135848	3	0.334683097064	0.665316902936
-6.0532	104.5683	-387.833366	3	0.848259318935	0.151740681065
-1.0289	108.2904	-383.81585	21	1.0	0.0
-1.0618	108.2745	-383.75369	21	0.809737392886	0.190262607114
-5.7072	111.3344	-380.116193	25	1.0	0.0
7.3103	114.5258	-377.654709	7	0.872038992105	0.127961007895
-1.0225	108.2761	-371.195436	21	1.0	0.0
-1.0351	108.2883	-370.976364	21	1.0	0.0
-4.4557	114.8554	-370.789072	4	1.0	0.0
-4.4483	114.814	-370.72373	4	0.595043657235	0.404956342765
-4.428	114.8876	-370.637168	4	0.956926357079	0.0430736429208
-4.4824	114.8917	-370.601604	4	1.0	0.0
-4.517	114.912	-370.246635	4	0.744629666157	0.255370333843
-4.4281	114.8606	-370.153631	4	0.837634378724	0.162365621276
-5.7472	110.7027	-369.718314	28	0.535880263133	0.464119736867
3.0549	105.3201	-361.053315	19	1.0	0.261413924548
3.0409	105.3402	-360.918355	19	1.0	0.0
5.1252	104.4725	-355.175301	10	0.566502426994	0.433497573006
5.1075	113.2062	-353.023962	11	0.676486196885	0.323513803115
10.0287	117.3724	-346.710564	23	1.0	0.0
10.0326	117.4095	-346.632301	23	0.831563135387	0.168436864613
10.081	117.3055	-346.576121	23	1.0	0.0
7.9498	101.3992	-336.841388	5	1.0	0.0
-1.0328	108.2743	-332.239857	21	1.0	0.0
-1.0488	108.2938	-332.125209	21	0.757510805545	0.242489194455
-1.0317	108.2532	-332.055964	21	1.0	0.0
6.8957	107.3667	-331.454305	14	1.0	0.0
6.9054	107.2961	-331.317828	14	0.467700133768	0.532299866232
3.0267	105.36	-327.023223	19	1.0	0.350684677818
3.0296	105.3358	-326.954898	19	1.0	0.216727656549
3.0607	105.428	-326.91223	19	0.441670612375	0.558329387625
-5.717	111.3141	-321.900686	25	1.0	0.0609949386052
-5.7223	111.3083	-321.88197	25	1.0	0.125409412105
-5.9006	107.8636	-317.648114	24	1.0	0.0
7.9467	101.413	-311.068944	5	1.0	0.0
9.7683	101.0121	-307.709565	16	1.0	0.0
9.7691	101.0077	-307.704426	16	1.0	0.0
9.7804	100.9785	-306.700693	16	1.0	0.0
-6.022	104.5107	-299.539425	3	0.828108652903	0.171891347097
11.2464	101.8635	-299.009982	2	0.206735947177	0.793264052823
-6.0882	104.5809	-298.613921	3	0.609457785426	0.390542214574
7.3043	114.5062	-292.505275	7	1.0	0.0
5.1466	113.2617	-289.669348	11	0.354127593358	0.645872406642
5.1252	104.5323	-283.01931	10	0.671687873026	0.328312126974
5.1503	104.509	-282.86777	10	0.972722393581	0.0272776064191
-5.7623	110.7776	-275.427273	28	0.887720813324	0.112279186676
-5.7105	110.7552	-275.369816	28	1.0	0.0
-5.7139	110.7323	-275.293831	28	0.849014806187	0.150985193813
-5.8154	110.7619	-274.904243	28	0.514251122508	0.485748877492
-5.7754	110.7411	-274.798111	28	0.682579629901	0.317420370099
-5.757	110.7589	-274.578218	28	1.0	0.0
-4.4555	114.9007	-273.287908	4	1.0	0.0
-1.0447	108.2655	-271.571507	21	1.0	0.0
-1.0172	108.2588	-271.465308	21	0.912275645194	0.0877243548058
1.6929	102.7086	-270.36127	6	1.0	0.329268199246
3.0911	105.4295	-261.575534	19	0.456548087094	0.543451912906
3.0567	105.3299	-261.344928	19	1.0	0.261413924548
9.7509	101.0076	-254.739195	16	1.0	0.0
9.765	101.0229	-254.515212	16	1.0	0.0594224260798
9.7583	101.0447	-254.38742	16	0.762367033662	0.237632966338
9.7042	100.681	-250.152196	17	0.841357081895	0.158642918105
-5.487	110.29	-249.30386	27	0.403964302809	0.596035697191
-5.4662	110.3309	-249.250448	27	0.317007183226	0.682992816774
8.3413	115.3635	-246.790356	7	0.027905269365	0.972094730635
8.3552	115.3619	-246.744308	7	0.0278428405306	0.972157159469
0.0827	110.2365	-246.6327	9	0.595380827372	0.404619172628
0.0774	110.0785	-246.610384	9	0.088243414229	0.911756585771
-1.0881	108.2349	-243.754743	21	0.951858531654	0.048141468346
11.4694	118.0183	-241.854814	-1	0.0	0.712681191068
3.8658	113.0184	-240.733874	12	0.3513205339	0.6486794661
-5.2641	109.7516	-240.630567	27	0.417538282005	0.582461717995
-5.2939	109.7632	-240.622082	27	0.378522915911	0.621477084089
7.9312	101.4088	-235.045417	5	1.0	0.0
7.9434	101.4832	-234.909567	5	0.570518410841	0.429481589159
7.9386	101.3958	-234.85889	5	0.94101761138	0.0589823886198
-0.3707	108.7983	-232.735464	13	1.0	0.0
-0.3656	108.7992	-232.56135	13	1.0	0.0
9.4215	116.9393	-230.154894	-1	0.0	0.264976979444
-5.7749	111.5072	-228.377351	25	0.461314854476	0.538685145524
-1.0046	108.3005	-221.049027	21	0.614328255618	0.385671744382
3.588	105.1457	-215.307208	18	0.448447395026	0.551552604974
9.6935	100.7143	-212.111869	17	0.943589466636	0.0564105333641
10.215	99.7616	-212.111852	-1	0.0	0.177282396937
-4.4736	114.9078	-207.570139	4	1.0	0.0
-4.4611	114.8751	-207.502575	4	1.0	0.0
-4.394	114.8112	-207.461181	4	0.709514054478	0.290485945522
-4.5231	115.0363	-207.431847	4	0.151947807265	0.848052192735
-4.4694	114.8722	-207.399617	4	0.967154102664	0.032845897336
-4.4607	114.8747	-207.303198	4	0.985159026635	0.0148409733647
-4.0212	114.2799	-207.14284	4	0.0352949917654	0.964705008235
5.1237	104.5215	-201.992476	10	0.972722393581	0.0272776064191
5.126	104.5006	-201.945649	10	1.0	0.0
5.1171	113.1772	-193.918696	11	0.763673474111	0.236326525889
5.1065	113.1616	-193.876657	11	1.0	0.0
1.7014	102.4337	-193.211278	6	1.0	0.0
1.7011	102.4046	-193.194905	6	1.0	0.083776820064
-5.9963	104.5534	-188.010058	3	1.0	0.0
-5.9629	104.5318	-187.797788	3	1.0	0.0
5.6291	112.2931	-183.357006	8	1.0	0.0
5.6639	112.2801	-183.243083	8	1.0	0.0
-5.0398	109.7112	-180.747611	27	0.398692474027	0.601307525973
-5.1793	109.8404	-180.7027	27	0.466200771494	0.533799228506
1.0681	102.898	-179.860999	6	1.0	0.0
1.3867	102.5527	-179.243401	6	1.0	0.071699412507
3.0777	105.3569	-178.035989	19	0.958876118168	0.0411238818321
3.0169	105.3461	-177.940358	19	1.0	0.245722761632
3.0697	105.3136	-177.809916	19	0.998958139791	0.00104186020922
3.0452	105.3423	-177.651359	19	1.0	0.00631075651678
1.0517	102.8865	-175.785948	6	1.0	0.0
1.0326	102.8882	-175.706363	6	1.0	0.0
-0.6791	108.4669	-167.607218	20	1.0	0.0
-5.6808	110.7601	-167.342704	28	1.0	0.0
-5.667	110.757	-167.281995	28	0.880901630809	0.119098369191
3.1211	105.9484	-163.73765	-1	0.0	0.603479638796
7.9205	101.424	-154.440562	5	0.847593412617	0.152406587383
7.985	101.5328	-154.294335	5	0.254875842135	0.745124157865
7.9852	101.4671	-154.244106	5	0.477782491259	0.522217508741
7.9569	101.4605	-154.203361	5	0.570518410841	0.429481589159
7.9326	101.5454	-154.135125	5	0.240935886948	0.759064113052
0.1297	110.2534	-152.592562	9	1.0	0.0
0.1262	110.258	-152.520773	9	1.0	0.0
0.0929	110.272	-152.449569	9	0.550531165387	0.449468834613
0.1198	110.2474	-152.238265	9	0.98272369231	0.0172763076901
6.9056	107.3572	-150.330986	14	1.0	0.0
6.8895	107.4126	-150.287922	14	0.729285307655	0.270714692345
6.8948	107.3442	-149.940751	14	1.0	0.0
-1.0286	108.2374	-148.442859	21	0.886166099867	0.113833900133
-1.0643	108.2511	-147.838355	21	0.916608117973	0.0833918820272
9.4914	117.1103	-143.159864	22	0.195603224581	0.804396775419
9.4984	117.0751	-143.119482	22	0.163357423341	0.836642576659
10.1266	117.4465	-142.225495	23	0.777718722984	0.222281277016
-5.9022	107.8871	-138.892716	24	0.604216847979	0.395783152021
-1.0617	108.1994	-123.370045	21	0.963158202603	0.0368417973967
3.0851	105.4483	-122.225259	19	0.308832616543	0.691167383457
-5.6661	110.7666	-106.63675	28	0.875383235211	0.124616764789
-5.7165	110.7581	-106.536468	28	1.0	0.0
5.4518	113.2961	-106.471817	11	0.255866688947	0.744133311053
0.147	110.2548	-104.496859	9	0.786774541151	0.213225458849
0.1403	110.2702	-104.432485	9	0.7722357134	0.2277642866
13.6312	118.4978	-103.906087	-1	0.0	0.788774995539
5.6727	112.2422	-100.71856	8	1.0	0.0
5.7308	112.2569	-100.556462	8	1.0	0.0
5.6878	112.2556	-100.035987	8	1.0	0.0
9.6906	100.6244	-98.579081	17	1.0	0.0
9.723	100.4013	-98.45541	-1	0.0	0.644171558041
9.7149	100.5976	-98.217068	17	1.0	0.0
9.7768	100.7322	-98.065098	17	0.943589466636	0.0564105333641
3.0647	105.3814	-96.120714	19	0.881566623554	0.118433376446
-1.0363	108.2374	-94.299263	21	1.0	0.0
-1.0955	108.2435	-94.221907	21	0.662521242213	0.337478757787
3.5686	105.1555	-91.592084	18	0.617756252116	0.382243747884
9.8218	101.1155	-84.004527	-1	0.0	0.0182215542441
-5.8983	107.9739	-83.623848	24	0.270061735292	0.729938264708
-5.9033	107.7792	-81.386954	24	0.481606405333	0.518393594667
7.301	114.4814	-77.784051	7	1.0	0.0
7.3353	114.5258	-77.72099	7	0.819855379403	0.180144620597
7.8807	101.4299	-74.794022	5	0.463687937063	0.536312062937
9.4554	117.3819	-67.07972	22	0.811803630445	0.188196369555
3.1444	105.4042	-62.877037	19	0.43300030832	0.56699969168
0.1203	110.2237	-57.417584	9	0.526886505703	0.473113494297
0.1552	110.2381	-57.385893	9	0.545285315521	0.454714684479
0.1277	110.2322	-57.330629	9	0.692855608069	0.307144391931
0.1048	110.2025	-57.250653	9	0.593005956343	0.406994043657
0.1317	110.1633	-57.125154	9	0.275627039552	0.724372960448
3.9728	112.8111	-56.861058	12	0.459022003381	0.540977996619
-1.0422	108.1988	-45.467605	21	0.861533185309	0.138466814691
3.0428	105.2888	-34.048569	19	1.0	0.0
-0.3771	108.7974	-31.461714	13	1.0	0.0
-0.3562	108.8	-31.418882	13	1.0	0.0
-5.6873	111.2425	-27.80725	25	1.0	0.0
7.9189	101.4767	-27.145417	5	0.570518410841	0.429481589159
3.5221	105.196	-27.060603	18	0.754602572069	0.245397427931
-0.6906	108.4098	-20.821248	20	1.0	0.0
-5.3135	110.1913	-12.890879	27	0.402596466565	0.597403533435
-5.3185	110.208	-12.772051	27	0.415357360928	0.584642639072
9.4633	117.0381	-12.704523	22	0.141157564696	0.858842435304
12.3983	101.4026	-6.65573	2	1.0	0.0
9.4271	117.3416	-6.062756	22	1.0	0.0
-5.9594	104.5022	-4.38902	3	0.922627666539	0.0773723334614
-6.171	104.5631	-3.868429	3	0.460200532066	0.539799467934
3.0801	105.3405	-3.783353	19	0.997941116708	0.00205888329196
7.1454	107.6999	-3.649768	15	0.335496855499	0.664503144501
-6.0505	104.5402	-3.511084	3	0.834299441573	0.165700558427
-6.1381	104.5647	-3.480064	3	0.542907735922	0.457092264078
-5.7413	110.7411	-3.134805	28	1.0	0.0
9.7595	100.9462	-1.932959	16	0.911480418624	0.0885195813764
0.0956	110.2194	-0.000122	9	0.595380827372	0.404619172628
-1.0411	108.2108	2.763019	21	0.963158202603	0.0368417973967
-1.0583	108.2272	3.294676	21	1.0	0.0
7.3122	114.4938	8.179685	7	1.0	0.0
7.3112	114.4785	10.058116	7	1.0	0.0
-5.1663	107.8839	10.467105	24	0.0744945736936	0.925505426306
-5.0943	107.9405	10.610525	24	0.0651646785199	0.93483532148
-5.7792	107.8623	10.905596	24	0.452903881968	0.547096118032
-5.8023	107.9037	10.922748	24	0.435002054681	0.564997945319
-6.0729	107.956	10.933274	24	0.225992318802	0.774007681198
-5.8209	107.9129	11.382049	24	0.420000985774	0.579999014226
7.3208	114.5044	11.983693	7	1.0	0.0
7.2932	114.4493	12.030733	7	0.763712758534	0.236287241466
12.6062	101.5514	13.138261	2	0.742276743672	0.257723256328
-5.4399	109.3649	18.28288	26	1.0	0.0
3.0487	105.3451	24.049883	19	1.0	0.0
-0.5874	104.1736	32.075523	6	0.146936167398	0.853063832602
10.043	117.276	33.111293	23	0.878352107174	0.121647892826
1.7015	102.5646	35.607657	6	1.0	0.0
9.434	117.4031	38.334789	22	0.641813141624	0.358186858376
9.4297	117.3763	38.437916	22	1.0	0.0
0.1287	110.2542	43.719369	9	1.0	0.0
0.1305	110.2659	43.79218	9	1.0	0.0
0.1181	110.2712	43.903436	9	0.976331883985	0.023668116015
9.8098	100.9567	49.062226	16	0.966183753372	0.0338162466284
9.8395	101.1476	49.482295	-1	0.0	0.303828782557
9.8581	101.0916	49.716293	16	0.364459678593	0.635540321407
-5.7186	110.7207	62.888206	28	0.63134964227	0.36865035773
-5.8665	107.8363	66.641644	24	0.986382112109	0.0136178878915
1.0624	102.8868	70.48817	6	1.0	0.0
3.1014	105.4987	75.550965	19	0.162691498272	0.837308501728
3.0752	105.393	75.625187	19	0.881566623554	0.118433376446
3.4654	105.1962	81.108663	18	0.536382446078	0.463617553922
-5.9837	104.3961	81.130071	3	0.293862535306	0.706137464694
3.5268	105.0837	81.243473	18	0.221574701356	0.778425298644
-5.9549	104.5394	81.298253	3	1.0	0.0
-5.9826	104.4892	81.517809	3	0.653246268082	0.346753731918
-4.4127	114.8375	90.426605	4	0.709514054478	0.290485945522
-5.3283	109.9156	91.519767	27	1.0	0.0
7.108	107.8466	93.513774	15	0.623759468916	0.376240531084
7.9576	101.3944	104.216246	5	0.847892877473	0.152107122527
3.0279	105.3192	104.59846	19	0.943934885484	0.0560651145159
9.4868	117.3051	110.089428	22	0.539102271877	0.460897728123
-5.7301	111.2453	116.298069	25	1.0	0.0
0.0911	101.9141	122.464823	6	0.246905792521	0.753094207479
10.1011	117.3206	123.575604	23	0.878352107174	0.121647892826
3.1078	105.3947	124.530907	19	0.763858632353	0.236141367647
7.895	101.4926	134.095772	5	0.371353399134	0.628646600866
-1.0379	108.1882	136.158011	21	0.704722675626	0.295277324374
-1.068	108.2379	136.188351	21	1.0	0.0
-1.0722	108.1409	136.21181	21	0.271843011974	0.728156988026
-6.0447	111.5005	137.200667	25	0.454549980821	0.545450019179
-6.0408	111.5132	137.289693	25	0.461314854476	0.538685145524
3.6183	105.3842	140.858103	18	0.0803333594839	0.919666640516
-5.2868	110.0089	142.989141	27	1.0	0.0
-5.8776	107.8597	160.718685	24	0.956341669215	0.0436583307847
-0.5106	108.4346	163.21811	-1	0.0	0.261925977198
-6.1294	108.3054	175.50884	24	0.0626334651222	0.937366534878
12.9633	118.6648	180.777203	-1	0.0	0.712681191068
3.0446	105.3052	189.252996	19	1.0	0.3499105534
3.0594	105.3137	189.338389	19	0.969926166548	0.0300738334521
3.0572	105.3512	189.456197	19	1.0	0.0
3.0332	105.2846	189.66656	19	1.0	0.0
3.0136	105.3459	189.814965	19	1.0	0.318191010998
7.145	107.8949	191.960701	15	0.445143926537	0.554856073463
7.1605	107.8209	192.058604	15	1.0	0.0
0.1426	110.2024	192.077146	9	0.575715419227	0.424284580773
0.1161	110.2421	192.122472	9	0.79763341236	0.20236658764
0.0768	110.221	192.162383	9	0.496473104616	0.503526895384
7.4185	109.9778	197.505729	-1	0.0	0.0131022761811
9.7726	100.935	200.120499	16	0.966183753372	0.0338162466284
9.7916	100.9841	200.125177	16	1.0	0.0
-5.7777	106.9019	201.028008	-1	0.0	0.170737407697
9.7787	101.0117	201.280129	16	1.0	0.0
9.8425	101.1934	201.332941	-1	0.0	0.501244746254
-5.2576	110.0282	202.117191	27	0.859363458306	0.140636541694
7.9449	101.3373	204.022825	5	0.268555151547	0.731444848453
-5.3974	109.4536	206.310634	26	1.0	0.0
3.5326	105.1692	207.825966	18	1.0	0.0
3.5333	105.1755	207.961278	18	1.0	0.0
3.0638	105.3557	212.350755	19	1.0	0.222116906261
-5.7492	111.2335	212.463241	25	1.0	0.0
-1.0606	108.2212	220.232559	21	0.9870506619	0.0129493381004
-1.0494	108.1761	220.349329	21	0.480098110924	0.519901889076
-0.9483	108.1246	221.576674	21	0.205227421159	0.794772578841
11.3322	118.6608	223.968888	-1	0.0	0.712681191068
10.0811	117.4626	227.413986	23	0.802422552638	0.197577447362
-5.5044	110.6248	230.890012	28	0.145755394879	0.854244605121
-5.5253	110.6219	230.989105	28	0.150727417567	0.849272582433
0.0694	110.2318	238.314269	9	0.461162201198	0.538837798802
9.6944	100.6646	245.522646	17	1.0	0.0
3.5187	105.1438	248.118267	18	0.619192771293	0.380807228707
1.5113	102.496	261.457225	6	1.0	0.0
3.0947	105.3993	262.422864	19	0.674759201037	0.325240798963
3.0384	105.3531	262.545272	19	1.0	0.0
3.1012	105.313	262.791624	19	0.563815121538	0.436184878462
-5.2875	109.9363	263.903383	27	1.0	0.133337875815
-5.3016	109.8802	263.956289	27	1.0	0.170258861266
-5.2753	109.8722	264.004499	27	0.870386915532	0.129613084468
-5.9566	107.8743	269.034373	24	0.762015541446	0.237984458554
-6.2092	100.5868	271.434901	0	1.0	0.0
6.1486	99.968	272.881247	1	1.0	0.0
12.4594	101.3574	279.946621	2	1.0	0.0
9.6999	100.6253	280.377074	17	1.0	0.0
10.008	117.3597	280.825195	23	0.91470565787	0.08529434213
10.0721	117.4623	281.045943	23	0.831563135387	0.168436864613
-5.2978	109.8894	282.899879	27	1.0	0.0
-5.3044	110.0211	283.880265	27	1.0	0.0
3.0258	105.2791	292.584086	19	1.0	0.165928395339
3.0269	105.2985	292.808703	19	1.0	0.267225804762
3.0439	105.2874	292.946211	19	1.0	0.0
-5.7535	111.5777	299.711885	25	0.372965329141	0.627034670859
-5.7399	111.3703	299.800986	25	1.0	0.0
7.129	107.8228	314.8303	15	0.961774653313	0.0382253466872
7.1678	107.7955	314.909361	15	1.0	0.0
7.1657	107.7901	314.958817	15	1.0	0.0
-5.8753	107.8134	315.296431	24	0.986382112109	0.0136178878915
-5.9134	107.8408	315.367414	24	1.0	0.0
9.7927	100.9136	315.950076	16	0.685475266514	0.314524733486
-4.4036	114.812	338.661945	4	0.709514054478	0.290485945522
-4.3994	114.7913	338.668406	4	0.595043657235	0.404956342765
-4.3962	114.7644	338.718297	4	0.39745917292	0.60254082708
10.0353	117.3328	339.66251	23	1.0	0.0
5.495	113.268	339.887975	11	0.229568683869	0.770431316131
3.516	105.1571	343.973349	18	0.80180581818	0.19819418182
-0.885	108.452	347.658409	20	1.0	0.0
-0.8964	108.4283	347.732459	20	1.0	0.0
5.1273	113.1121	365.620922	11	1.0	0.0
5.1458	113.1266	365.699857	11	1.0	0.0
5.1374	113.0981	365.856106	11	0.798479561633	0.201520438367
-6.1567	100.5768	371.872935	0	1.0	0.0
-6.2258	100.5654	371.941321	0	1.0	0.0
1.6246	102.6383	373.011916	6	1.0	0.0
-5.7129	106.8687	373.872695	-1	0.0	0.203342915512
3.7857	112.9455	374.92171	12	0.459022003381	0.540977996619
3.7528	112.9322	375.363575	12	0.459022003381	0.540977996619
-6.0377	111.4902	378.257812	25	0.461314854476	0.538685145524
-1.0471	108.2359	379.13504	21	1.0	0.0
-0.9391	108.1313	379.225235	21	0.211875896798	0.788124103202
-1.0739	108.2084	379.225313	21	0.963158202603	0.0368417973967
-1.1115	108.188	379.790235	21	0.480098110924	0.519901889076
-5.8295	107.866	383.691703	24	0.734142935067	0.265857064933
-5.9348	104.5235	390.565775	3	0.917304992812	0.082695007188
-5.7326	111.369	391.824288	25	1.0	0.0164341352259
3.5215	105.1846	392.731165	18	1.0	0.0
3.5338	105.1272	392.782061	18	0.490638663275	0.509361336725
9.7416	100.7661	397.150095	17	0.819113095629	0.180886904371
9.8024	100.8274	397.340215	16	0.32599030805	0.67400969195
0.0775	110.1888	397.987774	9	0.340993677383	0.659006322617
0.1249	110.1995	398.082381	9	0.593005956343	0.406994043657
-5.8735	107.804	401.573989	24	0.794073577005	0.205926422995
-5.8766	107.8102	401.627143	24	0.865228474208	0.134771525792
-5.8771	107.8497	401.670416	24	1.0	0.0
9.7664	101.0073	405.407243	16	1.0	0.0
9.7919	100.9811	405.966226	16	1.0	0.0
9.7662	100.977	406.086607	16	1.0	0.0
9.8074	101.0367	406.15941	16	0.86943996327	0.13056003673
9.8138	100.9039	406.485097	16	0.524994804213	0.475005195787
-5.4344	110.4698	406.642501	27	0.278875553493	0.721124446507
7.346	114.3969	422.21719	7	0.434125115813	0.565874884187
7.3295	114.3991	422.571953	7	0.437926883739	0.562073116261
7.3621	114.4607	422.616837	7	0.671551382939	0.328448617061
7.2954	114.4272	422.692256	7	0.588205801681	0.411794198319
4.1552	112.7006	424.901578	12	0.29810157215	0.70189842785
-5.7144	111.3549	427.195979	25	1.0	0.0
-5.9592	104.3422	432.419742	3	0.185518960432	0.814481039568
7.5125	98.7644	442.099066	1	1.0	0.0
9.414	117.3436	442.392334	22	1.0	0.0
9.4102	117.3565	442.465108	22	1.0	0.0
9.3896	117.3539	442.507472	22	1.0	0.0
9.4046	117.2823	442.56663	22	0.482231881838	0.517768118162
-4.5109	114.8993	442.689217	4	0.714801021533	0.285198978467
2.9878	105.318	442.835282	19	0.512811917453	0.487188082547
3.0405	105.288	442.839241	19	1.0	0.0
3.0544	105.3412	442.900834	19	1.0	0.0
-6.2029	112.5196	444.142325	-1	0.0	0.286078008282
9.9842	117.2981	444.906171	23	0.869058586367	0.130941413633
-5.768	111.3395	448.329397	25	1.0	0.0
-5.7216	111.2466	448.379931	25	1.0	0.0
-5.0075	109.611	450.138247	27	0.392736225335	0.607263774665
-5.0108	109.608	450.258623	27	0.384116110321	0.615883889679
-6.0436	111.4878	458.79817	25	0.452325506943	0.547674493057
-5.9367	107.8532	466.841695	24	0.985329587202	0.014670412798
-5.9408	107.8526	466.886332	24	0.995712724405	0.00428727559465
-5.8735	107.8438	467.025671	24	1.0	0.0
-5.8807	107.8256	467.102289	24	1.0	0.0
3.5444	105.1775	469.021888	18	1.0	0.0
3.4857	105.1935	469.257101	18	0.781298397992	0.218701602008
3.4483	105.2027	469.425782	18	0.398785923683	0.601214076317
5.1065	113.1235	473.258792	11	1.0	0.0
5.1347	113.1484	473.316229	11	1.0	0.0
7.525	98.8295	475.49053	1	1.0	0.0
-5.7599	111.1727	478.515029	25	0.807999743223	0.192000256777
-0.9484	107.9394	483.245127	-1	0.0	0.426580360467
1.6785	102.5769	486.391982	6	1.0	0.0
-6.1894	100.5799	490.299217	0	1.0	0.0
1.7147	102.1725	491.506563	6	0.662518726668	0.337481273332
-5.9344	110.9146	495.35686	28	0.152535171639	0.847464828361
0.1409	110.2058	500.068523	9	0.526886505703	0.473113494297
-5.2715	109.9234	501.248411	27	1.0	0.0
10.0896	117.3056	505.013506	23	1.0	0.0
-5.7139	106.8561	505.894769	-1	0.0	0.214056142391
-5.7071	106.8905	505.906064	-1	0.0	0.184315282299
1.1031	102.7269	517.544133	6	1.0	0.415045828795
-5.5245	110.1819	522.115506	27	0.415357360928	0.584642639072
-5.5368	110.1778	522.153854	27	0.38971985984	0.61028014016
-5.4895	110.1555	522.175231	27	0.418317003718	0.581682996282
9.8096	100.6074	528.439464	17	0.802218625827	0.197781374173
12.3579	101.4751	532.903845	2	1.0	0.0
-4.4856	114.7422	536.937754	4	0.245451606195	0.754548393805
6.18	99.9818	536.97823	1	1.0	0.0
-6.1848	112.519	540.82115	-1	0.0	0.285204369677
12.2389	101.5125	540.894713	2	1.0	0.0
12.2529	101.6268	541.042616	2	0.727368627274	0.272631372726
9.8113	100.9518	548.50019	16	0.941748082225	0.0582519177749
-5.9671	110.8943	548.742912	28	0.153308607888	0.846691392112
0.1198	110.1875	550.313151	9	0.515128355659	0.484871644341
-5.7372	111.2055	552.951235	25	1.0	0.0
3.5205	105.1683	557.511586	18	1.0	0.0
-5.321	109.9042	557.971042	27	1.0	0.0
-5.7311	111.3369	566.604484	25	1.0	0.0
-0.4163	108.7812	569.086382	13	0.658303525975	0.341696474025
-0.4083	108.7889	569.134369	13	0.845727489967	0.154272510033
10.0903	117.4851	569.691978	23	0.579298782673	0.420701217327
10.0228	117.3628	570.090948	23	1.0	0.0
11.1634	118.4903	572.276239	-1	0.0	0.728384389386
11.2563	118.5376	572.369544	-1	0.0	0.712681191068
-5.9868	104.4828	576.372142	3	0.565573351574	0.434426648426
-6.0985	104.4216	577.380265	3	0.281952218123	0.718047781877
3.1075	105.3466	588.760691	19	0.61585537786	0.38414462214
-5.3241	109.9273	588.839784	27	1.0	0.0
-5.3273	109.98	589.601767	27	1.0	0.0
-5.406	110.0582	590.534501	27	0.571447588673	0.428552411327
-5.3947	110.0547	590.67963	27	0.624600974608	0.375399025392
3.0254	105.2834	591.744577	19	1.0	0.0
3.0879	105.395	591.755329	19	0.881566623554	0.118433376446
6.6234	106.1107	594.267047	-1	0.0	0.746402175666
9.7549	100.7541	595.910605	17	0.928044716099	0.0719552839014
13.5544	118.557	597.80799	-1	0.0	0.783506492435
