10.4048	104.9822	0.000493	47	0.923420296181	0.0765797038187
6.3591	101.4594	-599.929198	35	0.209246671914	0.790753328086
6.3671	101.4598	-599.861119	35	0.212940080355	0.787059919645
11.129	104.4762	-599.491513	-1	0.0	0.641599291412
3.1703	103.0157	-599.097491	32	0.737012563696	0.262987436304
10.2588	104.8594	-597.273718	47	0.802557143749	0.197442856251
10.2838	104.851	-597.143274	47	0.956009618736	0.0439903812642
11.6337	104.4633	-594.144789	51	0.59175438033	0.40824561967
11.5899	104.5167	-593.891614	51	1.0	0.0
6.523	101.4018	-592.349245	35	0.512069602232	0.487930397768
4.9402	114.8788	-592.117704	4	1.0	0.0
14.9159	108.5593	-591.427956	40	1.0	0.0
2.4235	103.2711	-589.04081	22	0.317708011259	0.682291988741
5.576	115.4615	-588.904676	5	1.0	0.0
3.2903	103.2075	-588.583098	31	1.0	0.0
3.2902	103.2266	-588.552482	31	0.870276936693	0.129723063307
3.2724	103.1892	-588.506261	31	1.0	0.0
14.9545	108.5119	-585.594746	40	0.808286654372	0.191713345628
6.4833	101.4002	-585.418075	35	0.646196293876	0.353803706124
6.5255	101.2996	-585.368477	35	0.241374473554	0.758625526446
6.4905	101.3578	-585.284995	35	0.607214900677	0.392785099323
12.1162	105.4665	-585.109058	36	1.0	0.0
2.9692	99.1645	-581.672734	9	1.0	0.564508262148
12.2897	106.6091	-581.530621	45	1.0	0.0
5.9884	101.6567	-579.590324	-1	0.0	0.131510169413
12.305	106.0378	-579.369686	44	1.0	0.0
19.4096	110.2483	-577.368706	3	0.499533638583	0.500466361417
4.9623	105.6801	-576.897455	13	1.0	0.0
5.0054	105.6919	-576.842718	13	0.930908405354	0.0690915946465
4.9714	105.671	-576.791412	13	1.0	0.0
3.25	103.2835	-574.238763	31	0.506415386982	0.493584613018
18.4275	97.4958	-574.125139	-1	0.0	0.238258652106
10.3816	104.9162	-573.209744	47	0.690950429962	0.309049570038
10.2908	104.8536	-571.625341	47	1.0	0.0909831104058
6.507	101.3821	-571.072408	35	0.714053731414	0.285946268586
6.4737	101.3909	-571.003812	35	0.776584145434	0.223415854566
6.5176	101.4002	-570.904552	35	0.594584609251	0.405415390749
14.852	108.54	-570.124978	40	0.544317490205	0.455682509795
19.7156	109.7924	-569.493327	3	1.0	0.0
19.8728	109.9301	-569.493189	3	1.0	0.172869627216
19.7339	109.7547	-569.091492	3	1.0	0.300449097758
19.7165	109.7696	-569.019281	3	1.0	0.210508124278
3.1998	102.9608	-568.842816	32	0.932995238055	0.0670047619449
18.2306	98.4414	-568.683495	6	0.574859426023	0.425140573977
18.2602	98.4589	-568.65379	6	0.604496700918	0.395503299082
9.7407	103.3411	-566.750733	14	1.0	0.0
6.4207	101.4426	-564.014827	35	0.328237407309	0.671762592691
6.5013	101.404	-563.87867	35	0.646196293876	0.353803706124
15.7651	107.9823	-562.17232	43	0.249458861633	0.750541138367
3.0125	99.1884	-561.455682	9	1.0	0.0
3.0419	99.1908	-561.255151	9	1.0	0.0
14.6844	105.7152	-559.330803	19	1.0	0.0
14.6988	104.0177	-557.623145	27	1.0	0.268309961428
14.6767	104.0649	-557.434433	27	0.473364994151	0.526635005849
11.7622	104.616	-556.245489	50	1.0	0.0
6.5021	101.4144	-555.173183	35	0.625319760451	0.374680239549
16.5433	102.3434	-553.393459	15	1.0	0.0
11.5556	104.4989	-552.075636	51	0.723275649797	0.276724350203
11.5787	104.501	-551.96708	51	0.830698405525	0.169301594475
11.5573	104.5312	-551.731846	51	0.824678030324	0.175321969676
4.9966	114.8891	-550.540354	4	1.0	0.0
4.9901	114.8824	-550.031	4	1.0	0.0
14.8471	108.492	-549.490108	40	0.440425036869	0.559574963131
7.522	99.4545	-548.547702	16	0.717686358148	0.282313641852
5.5549	117.1514	-547.95813	1	1.0	0.0
13.9538	104.1795	-545.668915	27	0.0547074248934	0.945292575107
1.3217	116.7161	-543.902954	0	1.0	0.0
8.7003	105.0851	-543.627631	-1	0.0	0.0662442198195
8.8478	98.446	-538.114115	10	0.633147507816	0.366852492184
10.281	104.9264	-537.93582	47	1.0	0.435219753609
10.2905	104.7172	-537.847019	47	0.237962637274	0.762037362726
6.4317	101.5602	-535.60876	35	0.0871620341958	0.912837965804
6.2371	101.4549	-535.608656	35	0.110107751899	0.889892248101
6.4325	101.4391	-535.496315	35	0.387565407524	0.612434592476
9.2585	102.4623	-535.406014	14	0.110148189102	0.889851810898
3.0501	99.0329	-534.246783	9	1.0	0.216986112132
6.4265	101.422	-533.110131	35	0.557101215128	0.442898784872
10.3128	104.9238	-531.844257	47	1.0	0.517899061877
20.4743	99.6788	-531.459186	7	0.377989871162	0.622010128838
14.8586	108.5514	-530.756247	40	0.672786747338	0.327213252662
1.5609	101.4877	-529.543971	18	0.799743970209	0.200256029791
1.4287	101.6268	-529.297196	18	0.816411759997	0.183588240003
20.0281	110.3858	-528.070159	3	0.960596111877	0.0394038881227
3.9472	103.0567	-524.947236	23	1.0	0.0
4.0188	103.0529	-524.844601	23	1.0	0.419127646925
10.2844	104.858	-524.643523	47	1.0	0.0644120567429
3.4041	103.113	-522.103925	31	0.667995016104	0.332004983896
12.8509	106.5795	-521.09508	48	1.0	0.0
12.8055	106.5878	-520.989843	48	1.0	0.0
14.7339	104.0089	-519.948791	27	1.0	0.0
10.2864	104.9184	-516.65979	47	1.0	0.226437946927
5.032	102.043	-516.361047	-1	0.0	0.0426476651859
3.2027	102.9715	-516.085668	32	1.0	0.0
5.2295	101.8488	-516.050295	37	1.0	0.0
3.228	102.8869	-515.95346	32	1.0	0.0
3.1834	102.9413	-515.872871	32	1.0	0.0
14.655	103.9695	-513.922161	27	0.539089582536	0.460910417464
14.6343	104.134	-513.922124	27	0.190218714199	0.809781285801
3.2593	102.7295	-513.911695	32	0.958750894482	0.0412491055182
14.7037	103.9862	-513.86189	27	0.951891072098	0.0481089279022
14.712	104.0312	-513.744243	27	1.0	0.268309961428
14.71	104.0105	-513.674578	27	1.0	0.0
1.462	101.2657	-512.255434	18	0.40974278592	0.59025721408
3.0366	99.2284	-509.594219	9	1.0	0.529834302696
6.4536	101.3895	-506.920559	35	0.740410990561	0.259589009439
6.4766	101.4079	-506.821107	35	0.646196293876	0.353803706124
10.3632	99.3333	-505.611533	17	1.0	0.0
4.986	105.6993	-505.305327	13	1.0	0.0
4.9966	105.7318	-505.265154	13	0.625769395881	0.374230604119
9.7398	103.3588	-502.252933	14	1.0	0.0
20.3183	99.7376	-501.984609	7	1.0	0.0
4.9715	114.8933	-501.173789	4	1.0	0.0
19.823	110.238	-501.045235	3	1.0	0.0
12.3423	106.0244	-500.076424	44	1.0	0.0
5.6676	101.2392	-499.637313	25	1.0	0.0
5.7012	101.303	-499.566606	25	1.0	0.0
5.753	101.269	-499.514087	25	1.0	0.0
4.102	114.6082	-499.396103	2	0.64829085089	0.35170914911
4.1128	114.5588	-499.276801	2	1.0	0.0
4.0913	114.6706	-499.246647	2	0.269306482467	0.730693517533
4.1057	114.577	-499.220572	2	1.0	0.0
4.1355	114.5706	-499.181409	2	1.0	0.0
4.1047	114.5693	-499.128563	2	1.0	0.0
4.3763	105.6258	-498.296462	20	1.0	0.0
19.3133	109.4631	-496.456391	3	0.305949188572	0.694050811428
14.7422	103.9863	-494.949229	27	1.0	0.199406689409
12.2668	106.58	-493.995344	45	0.568384916598	0.431615083402
20.1028	99.6781	-492.161201	7	0.534417478246	0.465582521754
10.2881	104.8833	-490.760251	47	1.0	0.464739476531
3.0225	99.1536	-485.645632	9	1.0	0.482615711615
14.7091	103.8849	-484.759228	27	0.412592214404	0.587407785596
14.681	103.9703	-484.631812	27	0.617053938161	0.382946061839
14.6925	103.9374	-484.445094	27	0.633986877345	0.366013122655
11.0655	99.7023	-482.826252	-1	0.0	0.384791163914
9.2954	102.343	-482.806448	14	0.0906679812257	0.909332018774
9.6046	99.1562	-479.021585	17	1.0	0.0
6.4779	101.3775	-476.124743	35	1.0	0.0
3.0109	103.2284	-474.619675	-1	0.0	0.138408615081
19.8647	110.1716	-473.751349	3	1.0	0.0
10.2964	104.9073	-472.300142	47	1.0	0.191190717593
14.5056	108.4047	-468.761638	40	0.107794859523	0.892205140477
12.621	106.5441	-467.784735	49	0.224091558049	0.775908441951
5.3377	107.8734	-467.444697	12	1.0	0.0
4.9573	114.9373	-466.936554	4	0.575462180522	0.424537819478
10.3373	104.9892	-463.5312	47	0.839390444556	0.160609555444
10.3677	105.0156	-463.407656	47	0.854075113859	0.145924886141
10.3888	104.9692	-463.224136	47	1.0	0.0
3.2328	102.8835	-462.631537	32	1.0	0.0
12.9653	107.5085	-462.288186	28	0.517637159266	0.482362840734
10.4514	105.5886	-461.325264	39	1.0	0.0
14.5224	107.4548	-460.857281	-1	0.0	0.354565404034
12.3176	106.5838	-459.329295	45	0.652015236713	0.347984763287
10.3408	104.8517	-458.903498	47	1.0	0.0
20.0271	110.2739	-458.896106	3	1.0	0.287337389552
8.9628	98.4531	-458.56371	10	0.47879441007	0.52120558993
8.8705	98.3818	-458.512333	10	1.0	0.0
8.8646	98.3854	-458.486048	10	1.0	0.0
13.0385	107.4625	-455.389853	28	0.331374103844	0.668625896156
19.944	110.2239	-453.571177	3	1.0	0.0
9.5793	104.6277	-452.837798	41	0.814769833061	0.185230166939
2.8819	99.0226	-452.420428	9	0.638367159465	0.361632840535
0.7921	116.9069	-452.087513	0	0.0733003711877	0.926699628812
10.3277	104.8551	-451.926462	47	1.0	0.0
4.283	102.9655	-450.938547	23	1.0	0.0
11.5774	104.4362	-450.27267	51	0.601960713701	0.398039286299
6.6528	101.3018	-448.74276	35	0.267272105879	0.732727894121
5.3063	108.2742	-446.913608	12	1.0	0.0
3.0194	99.1492	-446.643131	9	1.0	0.493134688086
14.6456	105.7914	-446.614062	19	1.0	0.0
20.2554	100.3006	-443.638019	7	0.084416901869	0.915583098131
15.7458	107.5872	-442.853354	42	1.0	0.0
12.231	106.117	-441.566968	44	1.0	0.0
5.0151	101.6525	-439.578304	33	1.0	0.0
3.9265	103.0711	-436.933194	23	1.0	0.0
14.6942	103.966	-436.726151	27	0.839059283814	0.160940716186
14.6829	103.9391	-436.545506	27	0.659000234284	0.340999765716
14.6806	104.0417	-436.35883	27	0.778934297977	0.221065702023
14.7125	104.0316	-436.205424	27	1.0	0.268309961428
9.7373	103.3519	-433.943915	14	1.0	0.0
9.7563	103.2989	-433.848538	14	0.996471125044	0.00352887495633
10.3351	104.8524	-433.228804	47	1.0	0.0
5.0804	100.498	-431.112228	30	0.514849908958	0.485150091042
4.3251	101.2095	-431.08807	29	0.222589292338	0.777410707662
5.1922	100.6315	-430.275313	30	0.373692432608	0.626307567392
13.2389	106.2007	-425.835396	-1	0.0	0.269994957651
15.815	107.8731	-425.664734	43	0.124945093881	0.875054906119
6.5234	101.3544	-423.782002	35	0.607214900677	0.392785099323
4.2806	101.0675	-423.68503	29	0.576716060775	0.423283939225
6.5217	101.3514	-423.662649	35	0.605307554262	0.394692445738
16.2317	99.2211	-422.128954	-1	0.0	0.422674404047
10.7422	104.6531	-422.053377	46	0.552581911183	0.447418088817
4.2721	102.995	-420.740521	23	1.0	0.0
4.3285	102.9524	-420.705248	23	1.0	0.0
4.342	102.9611	-420.595246	23	1.0	0.0
10.2872	104.8826	-420.474645	47	1.0	0.493270901813
4.2846	103.0563	-420.391624	23	0.925095378488	0.0749046215121
4.3021	102.97	-419.854654	23	1.0	0.0
10.4056	104.9671	-418.114403	47	1.0	0.0
3.2382	102.8412	-418.050998	32	1.0	0.0
2.268	103.1782	-417.899303	22	0.513385081694	0.486614918306
2.3811	103.1075	-417.81046	22	0.296098550775	0.703901449225
3.3588	102.7531	-417.411858	32	0.828644073833	0.171355926167
19.7206	109.9902	-416.187967	3	1.0	0.303540482445
19.8841	110.0926	-415.906448	3	1.0	0.407021287335
14.7007	104.041	-413.138438	27	0.79900103849	0.20099896151
4.9873	105.69	-412.115466	13	1.0	0.0
4.9161	105.7126	-411.980894	13	0.529813166821	0.470186833179
4.9914	105.7034	-411.930093	13	0.909917236599	0.0900827634007
14.9326	108.5392	-411.08923	40	0.971303285932	0.0286967140681
11.6201	104.5257	-406.492209	51	0.960627980376	0.0393720196239
11.6088	104.5376	-406.156067	51	1.0	0.0
5.281	101.9292	-404.231797	37	0.298049251993	0.701950748007
6.5469	101.3433	-403.169658	35	0.421280726883	0.578719273117
1.6852	101.1499	-397.687213	18	0.253673969013	0.746326030987
1.197	110.7335	-396.937629	-1	0.0	0.255523557918
14.9178	108.5591	-394.476435	40	1.0	0.0
14.9148	108.5754	-394.455935	40	0.980829286954	0.0191707130459
10.3075	104.9029	-390.570576	47	1.0	0.0
14.5623	108.5231	-389.950136	40	0.148545644573	0.851454355427
14.9157	108.6628	-389.319047	40	0.265174995773	0.734825004227
4.154	103.0881	-387.701691	23	1.0	0.0
6.5292	109.4195	-387.372482	8	0.870620164872	0.129379835128
3.0369	99.1702	-385.6119	9	1.0	0.281255723464
3.1285	99.0543	-385.470992	9	0.885422043762	0.114577956238
3.247	102.801	-383.333408	32	1.0	0.0
3.2669	102.7602	-383.228915	32	1.0	0.0636589868494
14.737	103.9866	-382.713456	27	1.0	0.210912064037
5.6803	101.3478	-378.853018	25	1.0	0.0
5.6932	101.373	-378.804115	25	1.0	0.0
2.9963	99.1136	-376.711553	9	1.0	0.0
9.2697	102.4896	-376.361592	14	0.116664344382	0.883335655618
9.7826	103.2468	-376.034166	14	0.835706067442	0.164293932558
5.1229	100.5252	-374.167626	30	0.780379967823	0.219620032177
14.887	108.5592	-373.868214	40	1.0	0.0
10.497	105.5278	-373.268328	39	1.0	0.0
10.5493	105.5149	-373.086481	39	1.0	0.0
12.2897	106.6092	-370.618433	45	1.0	0.0
10.2689	105.0422	-370.105221	47	0.381653417471	0.618346582529
4.616	105.0262	-367.934678	-1	0.0	0.515168096625
1.4421	101.6711	-366.073725	18	0.584097863645	0.415902136355
4.3513	101.0973	-365.795062	29	0.67301261637	0.32698738363
3.1515	102.9265	-362.137224	32	0.826799948645	0.173200051355
14.6769	107.8367	-361.985423	-1	0.0	0.334441093515
3.2902	102.8845	-361.845707	32	1.0	0.0
13.0234	107.5185	-359.961444	28	1.0	0.147881929932
12.2562	106.6012	-359.180125	45	0.772242643688	0.227757356312
4.0394	114.565	-358.086338	2	0.765772287343	0.234227712657
4.0351	114.5202	-358.022383	2	0.461035885079	0.538964114921
4.0225	114.577	-357.961363	2	0.603118178891	0.396881821109
4.0228	114.549	-357.931837	2	0.65723773737	0.34276226263
2.2904	103.2651	-357.673027	22	0.431734041175	0.568265958825
3.2324	102.8367	-355.655308	32	1.0	0.0285208936589
3.181	102.9124	-355.166156	32	1.0	0.0
10.2799	104.9053	-355.074235	47	1.0	0.322191978296
14.9428	108.5577	-354.436194	40	1.0	0.0
11.5641	104.6223	-354.060569	50	0.71402477538	0.28597522462
10.3333	99.3151	-353.920063	17	1.0	0.0
3.5427	101.4621	-353.864673	-1	0.0	0.442735887745
11.5734	104.5373	-353.687613	51	1.0	0.0
11.7049	104.7158	-352.185492	50	0.805511767624	0.194488232376
11.7566	104.617	-352.14082	50	1.0	0.0
11.7271	104.6999	-352.082094	50	0.99773072398	0.00226927601981
1.2131	116.625	-351.988559	0	0.433454228006	0.566545771994
11.9237	104.493	-351.985978	-1	0.0	0.4519015523
1.2288	116.7466	-351.941197	0	0.726425734095	0.273574265905
6.3925	101.1011	-350.484687	34	0.669950880166	0.330049119834
6.3774	100.994	-350.38307	34	1.0	0.0
6.3952	101.0586	-350.301883	34	0.691237383918	0.308762616082
16.5611	102.364	-349.817415	15	0.818056464673	0.181943535327
3.0395	99.1901	-345.903917	9	1.0	0.0
6.498	101.2347	-345.494295	35	0.161427989614	0.838572010386
6.6027	101.309	-345.32104	35	0.341146694297	0.658853305703
11.6211	107.8898	-345.087904	28	0.0209792489555	0.979020751045
14.0977	104.2124	-343.505254	27	0.0697757480732	0.930224251927
13.0072	107.5675	-342.67964	28	1.0	0.0
2.5424	103.1923	-340.493217	22	0.23382544891	0.76617455109
16.2791	99.4084	-336.691919	-1	0.0	0.450014409993
6.4655	101.377	-336.612067	35	0.867294992794	0.132705007206
11.6256	104.4124	-336.561826	51	0.457752504449	0.542247495551
5.3422	108.1505	-336.384275	12	1.0	0.0
5.2185	108.1694	-336.308204	12	1.0	0.0
14.7166	103.9287	-333.751111	27	0.894157935222	0.105842064778
5.7612	101.929	-332.113849	38	0.940632300456	0.0593676995436
4.1687	103.0582	-331.650369	23	1.0	0.0
5.262	101.8421	-331.041147	37	1.0	0.0
5.2989	101.828	-330.581491	37	1.0	0.0
4.6334	100.9111	-330.338814	29	0.491567564776	0.508432435224
4.4271	105.6724	-330.148421	20	1.0	0.0
3.1747	102.8104	-329.331676	32	0.975301691903	0.0246983080971
4.963	105.6858	-328.141374	13	1.0	0.0
5.0132	105.7305	-327.954148	13	0.605133237992	0.394866762008
14.7413	103.9703	-325.750823	27	1.0	0.221030546366
10.3017	104.9024	-324.791258	47	1.0	0.0
10.2792	104.94	-324.713575	47	1.0	0.0116382271364
6.4175	100.9871	-322.884499	34	1.0	0.192565937443
6.3364	101.1051	-322.884467	34	0.907456918978	0.0925430810223
6.3143	101.0048	-322.626466	34	1.0	0.230518764022
12.6001	106.41	-319.365	49	0.865384640385	0.134615359615
12.6044	106.4147	-319.241791	49	1.0	0.0
4.1709	105.527	-318.92162	21	0.528875651638	0.471124348362
9.9042	103.2293	-317.086551	14	0.514412427095	0.485587572905
9.7473	103.4258	-317.086523	14	0.632182786367	0.367817213633
8.8557	98.393	-317.025493	10	1.0	0.0
8.8759	98.3374	-316.920633	10	0.78611159345	0.21388840655
10.8013	104.7213	-316.232266	46	1.0	0.0
3.2735	102.8687	-315.748881	32	1.0	0.0
11.5896	104.507	-315.611134	51	1.0	0.0
6.4917	101.3718	-311.311838	35	1.0	0.0
6.4753	101.368	-311.066862	35	1.0	0.0
6.4891	101.3709	-310.732419	35	1.0	0.0
14.9229	108.4949	-303.882892	40	0.540323419404	0.459676580596
2.2974	103.245	-303.551579	22	0.578056024241	0.421943975759
12.0657	106.7294	-301.102691	45	0.288980273814	0.711019726186
12.0988	106.7015	-300.973008	45	0.288980273814	0.711019726186
4.03	102.8265	-300.347627	23	0.447265185428	0.552734814572
3.7889	103.0775	-300.347551	23	0.658850559998	0.341149440002
6.3119	101.0653	-298.602018	34	1.0	0.0
6.269	101.0581	-298.565499	34	1.0	0.15038678599
6.3148	101.0544	-298.482727	34	1.0	0.0
5.0584	101.5789	-297.972431	33	1.0	0.0
14.7301	103.9977	-296.899494	27	1.0	0.0
10.2897	104.8963	-296.526284	47	1.0	0.250856593906
10.2822	104.9127	-296.41552	47	1.0	0.226437946927
10.2871	104.9223	-296.251598	47	1.0	0.315637155267
10.3853	105.6966	-295.733907	39	0.499288257533	0.500711742467
6.4431	101.3806	-292.693736	35	0.577068971066	0.422931028934
6.4495	101.356	-292.575635	35	0.456293179111	0.543706820889
6.4401	101.4129	-292.269958	35	0.539125995348	0.460874004652
3.0756	102.8824	-287.798306	32	0.571570375459	0.428429624541
13.4181	106.4674	-284.886521	-1	0.0	0.176064907247
14.6058	104.0788	-283.575256	27	0.292907218537	0.707092781463
3.0347	99.1543	-280.898377	9	1.0	0.565738049803
3.2046	98.9601	-280.86563	9	0.50717389128	0.49282610872
3.0277	99.0839	-280.841812	9	1.0	0.0
3.112	99.0608	-280.820449	9	1.0	0.321393457693
3.07	99.1069	-280.775082	9	1.0	0.0
6.6017	101.2515	-280.087698	35	0.187205990066	0.812794009934
1.3829	101.4732	-276.484606	18	1.0	0.0
13.0019	107.5853	-276.443602	28	1.0	0.0796653163024
13.016	107.5763	-276.345751	28	1.0	0.0
6.3797	101.0539	-275.259694	34	0.815804044973	0.184195955027
6.4639	100.9489	-275.161384	34	0.573999224012	0.426000775988
14.721	103.9494	-271.374106	27	0.871214591961	0.128785408039
3.9165	103.0723	-270.961829	23	1.0	0.0
19.915	110.2601	-270.336522	3	1.0	0.0
6.5625	101.314	-268.723509	35	0.341146694297	0.658853305703
20.2602	100.3359	-268.267942	7	0.0803569848124	0.919643015188
10.7189	104.7152	-267.419196	46	0.772327601623	0.227672398377
16.7436	102.231	-266.296799	15	0.985117828471	0.0148821715295
8.1274	99.7385	-264.203033	16	0.690774745226	0.309225254774
5.2054	100.6792	-263.7968	30	0.316348571562	0.683651428438
4.1962	105.4922	-259.722316	21	0.741117994452	0.258882005548
1.4483	116.7248	-259.159816	0	0.243921558577	0.756078441423
5.1151	100.578	-257.604895	30	0.708482083086	0.291517916914
20.3276	99.7371	-257.013366	7	1.0	0.0
6.5375	101.3194	-256.240574	35	0.421280726883	0.578719273117
6.5387	101.3416	-256.128483	35	0.462165892846	0.537834107154
5.8778	101.8582	-255.493279	38	0.372157894919	0.627842105081
9.6962	99.14	-253.156619	17	1.0	0.0
13.0782	107.5303	-253.133175	28	0.576508191494	0.423491808506
13.0548	107.5807	-252.627786	28	0.556819542783	0.443180457217
10.2838	104.9581	-252.561863	47	1.0	0.0
10.3145	104.898	-252.50208	47	1.0	0.0
8.8399	98.4256	-251.568884	10	0.833990914461	0.166009085539
8.8776	98.3482	-251.512849	10	1.0	0.0
4.1879	103.1715	-251.311795	23	0.551364222062	0.448635777938
4.1476	103.0791	-251.253998	23	1.0	0.0
4.1647	103.0776	-251.156733	23	1.0	0.0
12.8593	106.6127	-248.38392	48	1.0	0.0
3.2562	102.901	-247.85031	32	1.0	0.0
4.5051	100.9693	-241.980521	29	0.882800314667	0.117199685333
12.0936	106.7573	-239.749797	45	0.250214605929	0.749785394071
3.2406	102.8237	-239.280957	32	1.0	0.0
3.222	102.783	-239.104051	32	1.0	0.0
3.167	102.8731	-239.000185	32	0.973628496615	0.0263715033845
5.7445	102.0127	-238.395643	38	0.331315770607	0.668684229393
13.0405	107.5145	-236.494012	28	1.0	0.0
8.3085	99.0653	-235.915058	16	1.0	0.0
10.3037	104.9023	-235.535677	47	1.0	0.0
4.9698	105.7477	-235.506169	13	0.465656593643	0.534343406357
5.0018	105.621	-235.163513	13	0.297023422425	0.702976577575
4.9506	105.7834	-235.163478	13	0.2827194241	0.7172805759
6.3877	100.9314	-233.980264	34	0.675967869216	0.324032130784
6.3111	100.9521	-233.906884	34	0.651173804221	0.348826195779
6.3315	101.0945	-233.826486	34	0.907456918978	0.0925430810223
6.3184	100.9739	-233.677222	34	0.919738597781	0.0802614022193
3.969	103.0609	-233.067414	23	1.0	0.0
15.8358	107.9973	-230.296166	43	0.293636339197	0.706363660803
15.8017	108.0877	-230.244038	43	1.0	0.0
15.808	108.0837	-230.175492	43	1.0	0.0
15.8062	108.0856	-229.939551	43	1.0	0.0
3.1106	99.1022	-228.432572	9	1.0	0.0958954431138
2.9871	99.2086	-228.31598	9	1.0	0.375174707924
2.9906	99.202	-228.127985	9	1.0	0.146264156344
2.2676	103.2795	-227.928791	22	0.477395525367	0.522604474633
3.1434	102.985	-226.621616	32	1.0	0.0
3.1883	102.9968	-226.53017	32	1.0	0.0
11.8833	103.8218	-225.614697	-1	0.0	0.0220948412813
6.4847	101.3789	-225.071611	35	1.0	0.0
6.4463	101.503	-222.76861	35	0.165894020946	0.834105979054
4.9423	114.872	-222.114191	4	1.0	0.0
12.2718	106.1886	-222.099232	44	1.0	0.0
12.2237	106.0224	-221.967712	44	1.0	0.0
9.5544	104.651	-221.879877	41	0.814769833061	0.185230166939
6.6269	101.2928	-221.764557	35	0.265030146634	0.734969853366
11.6123	104.5273	-221.441378	51	1.0	0.0
14.9809	108.5901	-221.361494	40	0.560388496386	0.439611503614
11.6245	104.4587	-221.213234	51	0.601960713701	0.398039286299
14.776	107.7147	-220.357885	-1	0.0	0.229806535415
14.6296	107.9406	-220.357859	-1	0.0	0.242942627091
15.0928	108.5164	-218.267731	40	0.348654080062	0.651345919938
14.7392	104.0028	-217.736646	27	1.0	0.0
14.7687	103.9476	-217.67948	27	1.0	0.0
14.7507	103.9289	-217.477444	27	1.0	0.0
12.1732	105.4417	-216.961713	36	1.0	0.0
4.1773	114.618	-211.108855	2	0.431182334513	0.568817665487
10.3382	104.8617	-211.083676	47	1.0	0.0
10.3407	104.8011	-210.935939	47	0.678709749693	0.321290250307
19.8238	99.0931	-209.565098	7	0.0732839931808	0.926716006819
15.7812	103.4368	-209.510535	24	1.0	0.0
15.7941	103.4361	-209.370723	24	0.815790596394	0.184209403606
20.2437	99.6515	-209.083223	7	0.534417478246	0.465582521754
10.3089	104.9197	-202.927638	47	1.0	0.394136881139
15.7991	108.1542	-200.695595	43	1.0	0.0
16.7114	102.3029	-194.595475	15	1.0	0.0
3.9334	103.0775	-193.036484	23	1.0	0.0
20.0702	99.7097	-192.15387	7	0.437317175006	0.562682824994
14.7404	103.8272	-190.67016	27	0.219266721441	0.780733278559
11.8224	106.5913	-190.270562	-1	0.0	0.106699031451
9.9579	105.2031	-188.5256	-1	0.0	0.0833424110513
3.1339	102.9952	-187.464696	32	0.829822078866	0.170177921134
11.4783	107.7905	-187.130483	-1	0.0	0.0403462952875
13.0159	107.5455	-186.924276	28	1.0	0.0
13.0054	107.5738	-186.759028	28	1.0	0.0
13.0319	107.4966	-186.373802	28	1.0	0.383628397324
5.2065	107.9673	-181.844696	12	1.0	0.0
13.9941	104.2668	-181.051387	27	0.0660436923309	0.933956307669
4.3677	105.6538	-179.371676	20	1.0	0.0
4.415	105.6319	-179.313505	20	1.0	0.0
9.5895	104.7022	-178.565454	41	1.0	0.0
4.9978	101.6922	-178.193662	33	0.844280496526	0.155719503474
15.4709	104.2728	-177.637402	26	1.0	0.0
5.773	101.9677	-175.177204	38	0.681532108967	0.318467891033
6.6625	101.3399	-173.732393	35	0.203716643712	0.796283356288
2.2687	103.324	-172.134764	22	0.264599378251	0.735400621749
6.3932	101.0998	-170.951516	34	0.691237383918	0.308762616082
6.434	100.9962	-170.906038	34	0.997390665589	0.00260933441057
6.3849	100.992	-170.867904	34	1.0	0.0
10.7835	104.7459	-163.829275	46	0.963317152659	0.0366828473414
12.9141	107.5139	-162.546612	28	0.274371951213	0.725628048787
20.2931	99.8068	-161.847017	7	0.590854699374	0.409145300626
20.2499	99.7272	-161.724624	7	1.0	0.0
15.7548	107.614	-161.003719	42	1.0	0.0
5.3311	107.8537	-160.419224	12	1.0	0.0
10.2791	104.9862	-159.977469	47	0.768900515827	0.231099484173
3.9451	103.1647	-159.840062	23	0.517179702581	0.482820297419
9.5697	104.7012	-158.925053	41	1.0	0.0
4.215	105.5109	-158.239748	21	1.0	0.0
16.7699	102.2454	-154.81699	15	0.936471075865	0.063528924135
3.0564	99.2286	-154.784222	9	1.0	0.596012070332
10.2981	104.9695	-152.46214	47	1.0	0.0656412540565
10.9351	105.071	-151.187147	-1	0.0	0.116059494371
4.4336	101.0053	-150.395256	29	1.0	0.0
14.9916	108.4952	-150.357264	40	0.497784505143	0.502215494857
4.4507	101.0867	-150.305669	29	0.611675303733	0.388324696267
14.7665	103.9015	-150.130251	27	0.733594175777	0.266405824223
5.1775	100.5365	-149.411821	30	0.685823455635	0.314176544365
5.0014	100.743	-149.411771	30	0.286926755391	0.713073244609
5.0348	100.71	-149.273208	30	0.477890665555	0.522109334445
13.0226	107.6103	-148.77696	28	1.0	0.0
20.0902	99.6663	-147.364031	7	0.512124757847	0.487875242153
4.7852	115.1231	-147.311646	4	0.143841743633	0.856158256367
3.2802	102.7674	-146.234508	32	1.0	0.0918889392931
10.326	104.826	-145.7939	47	0.809897776945	0.190102223055
8.5875	99.3604	-144.725002	16	1.0	0.0
1.2202	116.842	-144.517968	0	0.195641008119	0.804358991881
15.1233	108.734	-142.518408	40	0.131510257783	0.868489742217
4.3752	101.0416	-139.557207	29	0.820918326598	0.179081673402
13.042	107.5167	-132.116613	28	1.0	0.0
3.2365	103.18	-131.017877	31	1.0	0.0
15.7972	108.1715	-130.958428	43	0.738229012856	0.261770987144
3.2642	103.1487	-130.927135	31	1.0	0.0
3.2786	103.1553	-130.81303	31	1.0	0.0
9.5771	104.64	-130.296227	41	0.814769833061	0.185230166939
12.1029	106.6319	-130.058012	45	0.205841616791	0.794158383209
10.2625	104.9344	-128.052692	47	1.0	0.0171473844039
10.388	105.0262	-127.713025	47	0.5845265906	0.4154734094
10.3856	105.0105	-127.643455	47	0.910097835744	0.0899021642556
10.3674	105.0618	-127.513418	47	0.416105937886	0.583894062114
4.2825	103.0049	-126.144152	23	1.0	0.223672185124
19.7697	110.2455	-126.121168	3	1.0	0.110159175556
18.4827	97.5527	-125.634892	-1	0.0	0.190051350746
20.0463	99.6607	-124.082529	7	0.403163532519	0.596836467481
15.5541	104.2732	-124.012815	26	1.0	0.0
13.02	107.5353	-123.568636	28	1.0	0.0
13.0071	107.5649	-123.458685	28	1.0	0.0
13.1041	107.4713	-123.26216	28	0.261872104763	0.738127895237
12.8353	106.6071	-121.814017	48	1.0	0.0
12.836	106.6245	-121.741975	48	1.0	0.0
2.3481	103.1885	-121.397882	22	1.0	0.0
2.363	103.2209	-121.281865	22	0.711827835547	0.288172164453
2.3245	103.2086	-121.229752	22	1.0	0.0
5.0571	100.6734	-116.309428	30	0.627645724425	0.372354275575
13.0214	107.5448	-116.253745	28	1.0	0.0433412328368
14.6578	105.8738	-115.579204	19	0.727622490859	0.272377509141
14.6925	105.7587	-115.349149	19	1.0	0.0
20.2806	99.6367	-115.269988	7	0.431619486549	0.568380513451
6.4398	101.2558	-113.02341	35	0.213972781738	0.786027218262
6.434	101.2928	-112.665332	35	0.220496384422	0.779503615578
4.4395	100.9774	-112.569488	29	0.972574626731	0.0274253732695
3.0026	99.2122	-112.171247	9	1.0	0.348927469196
3.0303	103.0765	-109.288955	32	0.322449668735	0.677550331265
5.7364	97.932	-107.673208	-1	0.0	0.084479404843
1.3574	101.4827	-107.437605	18	1.0	0.0
1.0631	116.305	-106.149387	0	0.0659958240862	0.934004175914
1.2734	116.6648	-106.149212	0	0.77904030886	0.22095969114
1.4049	116.5439	-105.996237	0	0.211927889266	0.788072110734
3.2972	102.7707	-104.394653	32	1.0	0.232005475171
3.2783	102.7299	-103.558738	32	1.0	0.256456855721
3.29	102.7069	-103.484044	32	1.0	0.256456855721
10.3015	104.8914	-102.1378	47	1.0	0.253369786733
10.277	104.9135	-102.051714	47	1.0	0.226437946927
6.2637	101.0326	-100.195361	34	0.859826807257	0.140173192743
6.2867	101.0526	-100.118818	34	1.0	0.0
6.2734	101.0896	-100.02818	34	0.916598369317	0.0834016306833
6.315	100.9989	-99.955827	34	1.0	0.167536582251
6.3134	101.1257	-99.889214	34	0.608864602415	0.391135397585
6.1451	101.0686	-99.827133	34	0.419650160788	0.580349839212
12.946	107.7939	-99.792335	28	0.0918200100991	0.908179989901
6.2028	101.02	-99.724499	34	0.526537784698	0.473462215302
5.2969	101.7938	-99.07833	37	0.651694661496	0.348305338504
5.855	101.9106	-98.867529	38	0.505395644321	0.494604355679
10.7871	104.7173	-96.604344	46	1.0	0.0
10.8272	104.6727	-96.504354	46	0.581245308093	0.418754691907
7.3649	99.3879	-96.436559	16	0.657517231942	0.342482768058
14.7797	103.9322	-95.083413	27	1.0	0.0
12.3036	108.1845	-94.987527	28	0.0221947326968	0.977805267303
14.695	104.0003	-94.602394	27	0.98973891455	0.0102610854504
3.0314	99.1944	-94.456037	9	1.0	0.0
3.0176	99.1887	-94.200016	9	1.0	0.0
3.0631	99.1093	-93.806099	9	1.0	0.0
3.0027	99.2033	-93.600306	9	1.0	0.0492443643783
4.0604	114.62	-92.109461	2	0.477746762244	0.522253237756
11.6337	104.4991	-84.845383	51	0.821500938578	0.178499061422
6.6011	101.3874	-81.163355	35	0.233645349714	0.766354650286
13.0252	107.5214	-79.108616	28	1.0	0.296858175623
15.7617	108.202	-78.525394	43	0.425510398928	0.574489601072
19.7523	109.8734	-76.579174	3	1.0	0.0
6.3411	101.038	-76.168903	34	1.0	0.369995536841
2.3127	103.2469	-75.519375	22	0.587120643634	0.412879356366
16.0189	103.2595	-75.03169	24	0.112567545658	0.887432454342
12.2373	106.5736	-74.777416	45	0.385009108864	0.614990891136
12.1102	106.6967	-74.463736	45	0.288980273814	0.711019726186
13.0065	107.5224	-73.994856	28	1.0	0.353475760471
4.5129	105.5613	-73.77645	-1	0.0	0.327619544125
4.4218	105.6534	-73.776373	20	1.0	0.0
4.4061	105.5755	-73.711263	-1	0.0	0.117175886453
4.6201	100.8647	-72.682449	29	0.452100471861	0.547899528139
9.6201	103.4704	-72.357209	14	0.374563836001	0.625436163999
9.7571	103.3325	-72.357149	14	1.0	0.0
9.8355	103.238	-72.229626	14	0.694146536627	0.305853463373
14.8061	103.8993	-71.561626	27	0.509510336104	0.490489663896
6.154	112.7162	-71.277735	-1	0.0	0.0746128562887
6.2396	112.8731	-71.277671	-1	0.0	0.0223701652249
6.5675	101.3793	-70.490603	35	0.323313742524	0.676686257476
3.2377	102.8772	-67.877507	32	1.0	0.0
3.3266	102.7427	-67.208937	32	1.0	0.275288238691
13.0447	107.4952	-66.400099	28	0.804618066869	0.195381933131
4.6738	107.5126	-65.459578	12	0.397812628783	0.602187371217
4.5699	100.8978	-59.266185	29	0.531397959849	0.468602040151
4.4119	101.0764	-59.266129	29	0.799427028259	0.200572971741
1.4485	110.6147	-58.588498	-1	0.0	0.211860936685
4.9406	105.6838	-56.264307	13	0.849994587201	0.150005412799
1.7233	99.6383	-54.151398	9	0.0877123140541	0.912287685946
4.3821	101.0589	-49.770041	29	1.0	0.0
12.9757	107.4872	-49.546693	28	0.444200872714	0.555799127286
13.0341	107.5866	-49.475141	28	0.796463962353	0.203536037647
12.9923	107.5563	-49.376496	28	1.0	0.0118628507719
10.3304	104.9411	-48.483428	47	1.0	0.012839062929
5.7594	101.9002	-46.851755	38	1.0	0.0
4.2888	103.0102	-46.715627	23	1.0	0.322185281154
5.0632	100.612	-42.687984	30	1.0	0.0806341778044
5.0066	100.6289	-42.597527	30	1.0	0.0
13.4525	104.3855	-41.726416	27	0.0547074248934	0.945292575107
13.029	107.5337	-37.364965	28	1.0	0.12784494648
13.0588	107.5591	-36.858583	28	0.640228361756	0.359771638244
6.4411	101.3901	-35.002397	35	0.624847941353	0.375152058647
2.4948	103.1046	-33.387413	22	0.23382544891	0.76617455109
2.3958	103.2197	-33.28214	22	0.540862584152	0.459137415848
2.4951	103.1315	-33.119688	22	0.291660330841	0.708339669159
10.3335	104.8502	-32.026203	47	1.0	0.0
10.2683	104.9183	-31.950202	47	1.0	0.326832867917
14.739	103.9917	-31.662511	27	1.0	0.0
3.0001	99.1028	-26.720816	9	1.0	0.0
6.2931	101.0659	-26.494142	34	1.0	0.0
6.3214	100.94	-26.459445	34	0.826959772478	0.173040227522
6.367	100.9824	-26.372583	34	1.0	0.0410859174578
6.3103	101.0543	-26.28493	34	1.0	0.0
8.3904	99.0686	-25.186741	16	1.0	0.0
5.8388	101.836	-24.442422	38	0.382577481481	0.617422518519
5.7282	101.9953	-24.442385	38	0.418066021274	0.581933978726
15.488	104.1586	-22.009022	26	1.0	0.0
15.8142	108.1465	-20.379673	43	1.0	0.0
4.948	114.9171	-20.031034	4	0.848999084259	0.151000915741
13.0142	107.4984	-19.655703	28	0.873311375806	0.126688624194
13.0051	107.5263	-19.309849	28	1.0	0.377479825724
19.8324	99.0596	-19.054765	7	0.0694566460417	0.930543353958
10.4885	105.5307	-18.148293	39	1.0	0.0
10.5122	105.5478	-18.027987	39	1.0	0.0
3.2242	102.8087	-13.626078	32	1.0	0.0923484461375
3.1759	102.7791	-12.864794	32	0.97182107371	0.0281789262897
20.2913	99.7352	-12.354377	7	1.0	0.0
12.9903	107.5579	-12.181143	28	1.0	0.0412120732281
12.2018	106.7028	-10.950155	45	0.288980273814	0.711019726186
15.8084	108.0628	-9.674093	43	0.732776450171	0.267223549829
14.551	108.6658	-9.063857	40	0.125464653091	0.874535346909
4.5729	100.8554	-8.385598	29	0.491567564776	0.508432435224
4.4491	100.9694	-8.385552	29	1.0	0.0
10.2839	104.9616	-8.357695	47	1.0	0.0
10.3043	104.8963	-8.274077	47	1.0	0.0
4.4529	100.9456	-7.695548	29	0.882800314667	0.117199685333
5.5791	117.1693	-3.442136	1	1.0	0.0
19.9265	110.2567	-2.292	3	1.0	0.0
10.4048	104.9822	0.000493	47	0.923420296181	0.0765797038187
12.9966	107.5104	0.046761	28	0.860069844758	0.139930155242
6.6315	101.2873	3.728807	35	0.264469607809	0.735530392191
13.0245	107.5112	3.840711	28	1.0	0.180840315229
6.646	101.3485	4.185459	35	0.227548164314	0.772451835686
9.5728	104.7263	5.27428	41	0.697010563596	0.302989436404
9.5834	104.6605	5.330452	41	0.676153337772	0.323846662228
9.5825	104.6268	5.369666	41	0.814769833061	0.185230166939
9.4723	104.6808	5.56933	41	0.434023960431	0.565976039569
10.792	104.6696	8.326983	46	0.91277492378	0.0872250762199
10.7814	104.6989	8.459878	46	0.998298826787	0.0017011732128
16.7836	102.2352	9.130999	15	0.854371259388	0.145628740612
4.2594	105.4935	10.50236	21	0.697854965193	0.302145034807
13.0082	107.5606	11.944301	28	1.0	0.0
12.9991	107.5244	12.018178	28	1.0	0.353475760471
12.9739	107.5829	12.109572	28	0.642353989789	0.357646010211
12.7212	106.7066	12.148715	48	0.388033507318	0.611966492682
12.6995	106.736	12.260035	-1	0.0	0.168643023012
19.3554	99.976	15.368581	7	0.0876996117287	0.912300388271
2.3175	103.2016	15.857704	22	1.0	0.0
2.3369	103.1921	15.914168	22	1.0	0.0
2.359	103.1784	15.978868	22	0.682361443333	0.317638556667
1.8052	99.6584	17.418672	9	0.0923756448019	0.907624355198
5.743	101.9309	19.779417	38	1.0	0.0
10.9888	106.5512	21.037405	-1	0.0	0.0673556944617
5.0217	101.6357	21.698881	33	1.0	0.0
20.278	99.7513	21.948149	7	1.0	0.0
15.5336	104.2549	22.301885	26	1.0	0.0
12.1281	106.6912	23.993656	45	0.288980273814	0.711019726186
5.0367	100.6291	24.526353	30	1.0	0.0
5.0553	100.5861	24.66886	30	1.0	0.0
3.8426	102.9025	27.398959	23	0.40464681441	0.59535318559
6.3543	101.0103	28.478499	34	1.0	0.0
6.4753	100.7903	29.601265	34	0.363477185133	0.636522814867
1.3278	116.732	29.678453	0	0.86493720796	0.13506279204
6.4273	100.8733	29.958329	34	0.773518679954	0.226481320046
13.0006	107.5658	32.05973	28	1.0	0.0
13.0053	107.5603	32.128172	28	1.0	0.0
6.5931	101.3809	32.286312	35	0.244780272552	0.755219727448
4.0991	114.5531	33.469816	2	1.0	0.0
6.2597	106.5153	33.934578	-1	0.0	0.505428485138
3.8544	97.5996	35.54117	9	0.0450985964749	0.954901403525
2.7192	99.4098	35.838295	9	0.25145101863	0.74854898137
20.2504	99.6483	38.304881	7	0.506117810818	0.493882189182
10.3571	104.751	41.14073	47	0.41727325663	0.58272674337
1.5476	116.4749	42.796173	0	0.110051318856	0.889948681144
1.2088	116.5899	42.796399	0	0.451079513989	0.548920486011
13.0437	107.5171	43.439296	28	1.0	0.0212342425689
1.2828	116.949	48.6931	0	0.10347777098	0.89652222902
10.2988	104.8772	54.380688	47	1.0	0.464739476531
5.7386	101.962	56.18695	38	0.776600444324	0.223399555676
5.7425	101.9186	56.278267	38	1.0	0.0
3.1069	99.1455	56.726249	9	1.0	0.125246297618
4.1992	105.5645	58.58684	21	0.522882828586	0.477117171414
4.2153	105.4943	58.695697	21	1.0	0.0
19.4049	99.8868	61.635206	7	0.103779314783	0.896220685217
14.7476	103.9621	62.429027	27	1.0	0.293734556071
18.4432	98.9244	62.487891	6	0.36575006039	0.63424993961
14.781	103.9865	62.49953	27	0.812616169258	0.187383830742
14.7579	103.9517	62.564538	27	1.0	0.01191217803
13.7442	104.5862	62.696819	27	0.0516456464634	0.948354353537
14.7363	104.0277	62.709974	27	0.963014006489	0.0369859935114
14.7458	103.9238	62.837235	27	1.0	0.0319835959273
13.0135	107.5995	63.600243	28	1.0	0.0
13.0131	107.5545	63.659261	28	1.0	0.0
13.0066	107.5385	64.156929	28	1.0	0.0
8.3232	99.0412	68.827295	16	1.0	0.0
6.4901	109.3644	72.001465	8	0.622974271265	0.377025728735
6.5142	109.3404	72.081127	8	0.497294426083	0.502705573917
10.9771	104.9897	72.759744	-1	0.0	0.165859428353
11.5836	104.4522	74.198	51	0.601960713701	0.398039286299
4.5182	100.911	74.412599	29	0.531397959849	0.468602040151
4.3802	101.1158	74.412638	29	0.547745745981	0.452254254019
10.403	104.8054	77.637996	47	0.678709749693	0.321290250307
10.3132	104.9409	77.836665	47	1.0	0.0
13.0334	107.514	79.769316	28	1.0	0.0
3.0495	103.0983	81.857824	31	0.445960160139	0.554039839861
5.5537	115.8327	82.086132	5	1.0	0.0
12.2988	106.6053	83.190016	45	1.0	0.0
12.2608	106.6518	83.26152	45	0.379848411641	0.620151588359
4.9684	100.6212	83.365851	30	1.0	0.0148165867831
4.2237	105.5038	87.554332	21	1.0	0.0
5.2352	101.1082	90.914356	-1	0.0	0.254619181604
19.7975	99.0688	94.862198	7	0.0700515676815	0.929948432319
11.7114	104.6561	94.885409	50	1.0	0.0
1.243	116.7939	96.828602	0	0.374017662656	0.625982337344
12.9725	107.5256	97.760386	28	0.648914728496	0.351085271504
13.0262	107.5429	97.803644	28	1.0	0.0
13.0143	107.5966	97.869672	28	1.0	0.0
1.4418	101.5161	104.274743	18	1.0	0.0
14.7842	103.9068	105.215514	27	0.711506987946	0.288493012054
5.0415	100.5763	106.335782	30	1.0	0.0
4.9214	100.6552	106.422294	30	0.412992462858	0.587007537142
14.4488	108.5795	109.575498	40	0.108017965881	0.891982034119
13.0244	107.5608	111.349059	28	1.0	0.0
13.0529	107.4368	111.60623	28	0.193950662505	0.806049337495
13.0369	107.5345	111.719521	28	1.0	0.0917833630214
10.3218	104.8807	115.093015	47	1.0	0.530897862245
4.1847	103.0262	115.69311	23	1.0	0.309684168137
15.8386	108.3594	116.720558	43	0.123537066105	0.876462933895
13.003	107.6023	117.885432	28	1.0	0.0
12.9573	107.6817	118.372858	28	0.177717072739	0.822282927261
14.9904	108.5379	121.786361	40	0.672499317012	0.327500682988
4.2442	105.4994	122.115609	21	1.0	0.0
15.7965	103.4857	122.575119	24	0.634120254157	0.365879745843
15.755	103.4793	122.704158	24	0.955814092812	0.0441859071877
13.1074	108.4665	126.653229	28	0.0221947326968	0.977805267303
3.0232	99.024	126.914848	9	1.0	0.198065122271
3.1253	98.9196	127.241607	9	0.66237606755	0.33762393245
3.0013	98.9767	127.316109	9	1.0	0.0
15.0064	108.5553	127.670934	40	0.568696261945	0.431303738055
18.4378	98.7355	128.794174	6	0.574049890921	0.425950109079
4.7165	107.4234	129.246525	-1	0.0	0.0933499220985
6.6479	109.2851	129.863929	8	0.341853070088	0.658146929912
6.489	109.3517	130.018166	8	0.515151416381	0.484848583619
6.4177	100.8557	130.779735	34	0.563216893743	0.436783106257
6.3609	100.8888	130.880024	34	0.651438796297	0.348561203703
11.7014	104.6663	133.340062	50	1.0	0.0
10.3245	104.9244	133.365138	47	1.0	0.0211396306859
4.4604	100.9807	134.437293	29	1.0	0.0
11.8542	104.762	136.860787	-1	0.0	0.0713271864035
16.6134	102.2519	137.901236	15	0.985117828471	0.0148821715295
16.6062	102.2803	138.054979	15	1.0	0.0
15.522	104.2826	138.081135	26	1.0	0.0
16.6245	102.2416	138.646566	15	0.936471075865	0.063528924135
13.01	107.517	140.107222	28	1.0	0.353475760471
13.0288	107.5062	140.292485	28	1.0	0.264011593946
11.876	104.7338	142.721007	-1	0.0	0.00557193789528
4.3125	102.9516	142.748177	23	1.0	0.0
5.3416	101.827	143.318933	37	0.725854301076	0.274145698924
9.6102	99.1447	148.922668	17	1.0	0.0
1.2629	116.7706	151.476935	0	0.487931103202	0.512068896798
8.3458	99.2118	152.987141	16	1.0	0.0
2.3733	103.1714	154.194646	22	0.516566612621	0.483433387379
13.0017	107.5451	154.471151	28	1.0	0.0988865879907
2.7252	99.4266	157.459812	9	0.243084197805	0.756915802195
2.7037	99.4098	157.506856	9	0.242912003501	0.757087996499
4.1972	105.5623	160.251029	21	0.494013784134	0.505986215866
20.4902	110.2815	161.035754	3	0.453862460144	0.546137539856
13.1772	107.3243	162.453687	28	0.0730633965662	0.926936603434
13.0041	107.5744	162.453755	28	1.0	0.0
1.2553	116.5656	164.48894	0	0.33545047806	0.66454952194
12.9893	107.5008	164.897358	28	0.742715886968	0.257284113032
13.027	107.5233	164.942435	28	1.0	0.39188061193
5.7172	101.9071	165.468099	38	1.0	0.0
11.6984	104.6425	167.800104	50	1.0	0.0
10.9685	105.1113	171.628751	-1	0.0	0.18918044768
14.7894	108.4922	173.493776	40	0.307048900616	0.692951099384
11.5485	104.4604	176.333975	51	0.601960713701	0.398039286299
11.5596	104.5618	176.539838	51	0.534275826223	0.465724173777
2.2995	103.2161	178.615038	22	0.734676211578	0.265323788422
19.5348	99.9744	179.247411	7	0.102275648789	0.897724351211
18.7836	98.434	179.444674	6	1.0	0.0
13.0058	107.6149	180.023761	28	0.895313094375	0.104686905625
6.5349	101.2526	180.309812	35	0.213972781738	0.786027218262
3.2787	103.1247	182.14827	31	0.822243459376	0.177756540624
3.0644	104.7379	182.338709	-1	0.0	0.740574111505
5.0426	100.6927	182.45824	30	0.481756228529	0.518243771471
13.8245	104.7464	185.788787	-1	0.0	0.00440669257109
6.2587	107.6392	189.231573	11	0.757971091814	0.242028908186
0.9094	99.0775	190.231187	9	0.0505073455873	0.949492654413
4.238	105.5621	192.660976	21	0.514906820715	0.485093179285
15.8022	108.1472	193.678601	43	1.0	0.0
15.7678	103.538	193.972214	24	0.32212566497	0.67787433503
13.0441	107.7275	194.045311	28	0.153805514427	0.846194485573
13.0116	107.5424	194.118415	28	1.0	0.0
13.0327	107.5086	194.256662	28	1.0	0.0
10.3403	104.9449	198.941293	47	0.985048973347	0.0149510266528
3.2635	98.6259	199.404455	9	0.159485386254	0.840514613746
13.8461	104.2403	199.451513	27	0.0697757480732	0.930224251927
12.1701	105.4277	199.797552	36	1.0	0.0
5.3289	108.1607	205.817528	12	1.0	0.0
13.0459	107.5093	207.10335	28	1.0	0.217551114298
9.6576	102.9043	209.290728	14	0.153893271691	0.846106728309
9.5191	102.9072	209.290782	14	0.145719306899	0.854280693101
14.4377	104.4177	210.958825	27	0.0604160365529	0.939583963447
18.4251	98.9013	211.779659	6	0.385630179726	0.614369820274
12.1324	108.3611	212.250329	28	0.0219989651927	0.978001034807
5.1468	101.0819	213.664858	-1	0.0	0.0157483625391
15.6302	103.18	217.281473	24	0.109767043942	0.890232956058
5.3224	101.784	222.733724	37	0.592676933834	0.407323066166
5.2471	101.8599	222.733757	37	0.904894520964	0.0951054790358
13.0058	107.5708	223.349691	28	1.0	0.0
10.7914	104.7898	226.708526	46	0.544315817513	0.455684182487
10.7791	104.7428	226.787566	46	1.0	0.0
10.7959	104.839	226.824513	46	0.278560607097	0.721439392903
16.6164	102.3359	230.495642	15	1.0	0.0
9.6488	99.046	231.80405	17	0.969879509287	0.0301204907132
2.3253	103.211	236.979213	22	1.0	0.0
2.8654	99.1343	239.41859	9	0.635737606688	0.364262393312
12.9963	107.5236	242.021071	28	1.0	0.378066583085
13.0098	107.5586	242.090923	28	1.0	0.0
13.0249	107.5568	242.285685	28	1.0	0.0
12.661	106.431	243.261696	49	0.828513433384	0.171486566616
12.6433	106.3961	243.377717	49	1.0	0.0
1.5627	116.5585	243.682291	0	0.124266637517	0.875733362483
1.2694	116.7283	243.697897	0	1.0	0.0
15.7831	103.4072	244.534498	24	0.538191409629	0.461808590371
15.7878	103.363	244.621153	24	0.312256770861	0.687743229139
14.7565	105.7797	244.651067	19	1.0	0.0
4.1871	105.5468	247.552962	21	0.53960318073	0.46039681927
4.242	105.526	247.654739	21	0.699281463452	0.300718536548
6.3793	107.546	248.332327	11	0.430522321987	0.569477678013
1.4122	101.5964	248.858271	18	1.0	0.0
3.4177	103.0502	249.730822	-1	0.0	0.0658293200192
2.9234	98.9452	249.829134	9	0.95969353004	0.0403064699603
5.0685	100.5548	250.268937	30	1.0	0.0
5.062	100.6569	250.352367	30	0.706226425052	0.293773574948
5.0254	100.6094	250.570692	30	1.0	0.0
4.4288	101.009	250.704196	29	0.972574626731	0.0274253732695
2.5772	102.8122	250.773616	-1	0.0	0.212875124449
5.1317	100.5419	251.107904	30	0.780379967823	0.219620032177
6.3996	101.3091	257.010197	35	0.192894619462	0.807105380538
6.4373	101.4044	257.086994	35	0.580468710373	0.419531289627
18.7934	98.4459	257.448387	6	1.0	0.0
12.1624	105.3513	258.848644	36	1.0	0.0
12.3046	106.6683	259.427395	45	0.287468789979	0.712531210021
1.3355	101.4774	259.671908	18	0.97102894368	0.0289710563199
8.8489	98.5436	259.896133	10	0.257197434303	0.742802565697
15.8605	108.0864	261.787688	43	0.932280951064	0.0677190489356
14.7925	103.9546	262.619646	27	0.867046241122	0.132953758878
14.7884	103.9965	262.764868	27	0.698197762461	0.301802237539
14.7594	104.0526	263.090562	27	0.557685153614	0.442314846386
6.3324	100.8215	264.054194	34	0.363477185133	0.636522814867
6.2393	107.6062	266.720776	11	1.0	0.0
1.2656	116.5662	266.81522	0	0.327286707819	0.672713292181
5.3185	115.6117	267.346884	5	1.0	0.0
5.3336	115.7929	267.346979	5	1.0	0.0
1.4257	101.3355	268.10143	18	0.599114676292	0.400885323708
14.5984	104.237	268.719763	27	0.102583156777	0.897416843223
6.4828	100.9917	268.930868	34	0.57833979886	0.42166020114
13.2235	108.5517	277.980413	28	0.0189780779249	0.981021922075
2.9559	98.9505	279.66125	9	1.0	0.0586877387114
15.8096	103.4673	280.756044	24	0.739421212299	0.260578787701
5.4446	116.9864	281.946048	1	0.647123307802	0.352876692198
5.7651	101.8782	282.938263	38	0.720598640343	0.279401359657
4.7381	100.2343	283.678232	-1	0.0	0.118931183032
6.3479	100.9087	284.96286	34	0.826959772478	0.173040227522
3.425	102.5844	286.502893	-1	0.0	0.0764275647859
9.5574	104.6963	289.959363	41	1.0	0.0
9.5709	104.6699	290.109873	41	0.814769833061	0.185230166939
6.2583	107.6809	290.299452	11	0.40808821347	0.59191178653
6.2553	107.6056	290.514597	11	1.0	0.0
11.9192	104.7	290.596642	-1	0.0	0.156104524111
11.9772	103.6408	290.618642	-1	0.0	0.0503103386885
15.1744	108.5604	295.207692	40	0.217223264632	0.782776735368
1.2729	116.6706	296.666953	0	0.911426504608	0.0885734953921
5.0395	100.6326	297.786405	30	1.0	0.00690232472101
19.7162	109.8456	298.101442	3	1.0	0.0
19.762	109.8774	298.125898	3	1.0	0.0
19.7726	109.8738	298.178177	3	1.0	0.0
14.6465	104.1377	303.801825	27	0.185833041882	0.814166958118
4.803	100.5148	305.527736	30	0.203840835888	0.796159164112
15.737	103.4562	311.069447	24	0.959296294943	0.040703705057
15.7568	103.4543	311.175727	24	1.0	0.0
15.7503	103.4544	311.308342	24	1.0	0.0
7.3334	99.4393	313.695497	-1	0.0	0.0127063479207
5.5635	117.0615	314.075924	1	1.0	0.0
13.0093	107.6746	316.753411	28	0.240903156649	0.759096843351
13.0626	107.8478	316.753484	28	0.0647602267513	0.935239773249
13.0288	107.5726	316.865699	28	0.940857504758	0.0591424952416
5.273	100.9305	317.615443	-1	0.0	0.0955616098031
9.557	103.087	318.345757	14	0.259117282062	0.740882717938
12.6339	106.3769	319.102948	49	0.67703594381	0.32296405619
12.9862	107.5933	319.82477	28	0.911010916962	0.088989083038
4.1984	105.6001	319.889294	21	0.347305744639	0.652694255361
12.1353	105.344	321.020573	36	1.0	0.0
5.7494	101.9048	322.348011	38	1.0	0.0
12.4357	97.5185	322.691851	-1	0.0	0.257786292407
5.0914	100.5687	322.797586	30	1.0	0.0
9.5158	104.6759	323.523067	41	0.701581451369	0.298418548631
8.6519	101.8359	325.899132	14	0.0476010308251	0.952398969175
6.5477	109.4769	326.565402	8	1.0	0.0
6.5416	109.4609	326.888171	8	1.0	0.0
4.0234	103.05	327.231315	23	1.0	0.457188111758
18.8047	98.4376	331.818323	6	1.0	0.0
19.8094	99.0813	332.228991	7	0.0716572773634	0.928342722637
10.3601	104.9905	333.122199	47	1.0	0.0
3.4978	102.5363	333.13967	-1	0.0	0.37308346769
20.0101	110.0796	336.740207	3	0.905203472363	0.0947965276373
3.2774	102.8297	339.332321	32	1.0	0.294340565594
4.1874	114.5457	339.979196	2	0.529995778996	0.470004221004
3.2459	102.7859	340.173463	32	1.0	0.0749162888843
6.3557	101.0034	340.217272	34	1.0	0.0
6.2386	101.071	340.3969	34	0.936966829886	0.063033170114
2.9985	98.9549	340.556846	9	1.0	0.0
3.0053	99.0252	340.647831	9	1.0	0.165060103165
11.2595	105.9912	342.704408	-1	0.0	0.204321478655
5.2781	101.8395	343.359603	37	1.0	0.0
5.4041	101.7751	343.603328	37	0.430639426002	0.569360573998
13.0688	107.5494	343.894554	28	0.576508191494	0.423491808506
5.8004	117.1781	348.123424	1	1.0	0.0
1.2252	116.5995	349.926819	0	0.451079513989	0.548920486011
1.2682	116.7328	350.009109	0	1.0	0.0
5.3512	108.2271	352.224662	12	1.0	0.0
6.2724	107.5562	353.037875	11	0.773029809276	0.226970190724
14.7335	104.0143	353.581533	27	1.0	0.0492255422106
17.0158	101.9367	355.638357	15	0.194004788391	0.805995211609
16.6616	102.3301	355.638363	15	1.0	0.0
5.1154	101.5672	355.842941	33	1.0	0.0
9.7676	103.3071	361.814169	14	1.0	0.0
13.0473	107.5097	363.662118	28	1.0	0.201297635021
13.0505	107.5223	363.736024	28	1.0	0.296322612234
13.0409	107.5186	363.82303	28	1.0	0.0
13.0572	107.5145	364.127142	28	1.0	0.259988259252
3.1188	98.9353	368.677641	9	0.74652281489	0.25347718511
6.5222	100.8311	369.431912	34	0.490774837336	0.509225162664
6.4875	100.881	369.890754	34	0.53896682063	0.46103317937
4.3658	101.045	373.305562	29	0.799427028259	0.200572971741
13.0313	107.5897	374.521936	28	0.847551618762	0.152448381238
5.5035	116.9464	375.318802	1	0.558051298597	0.441948701403
6.5157	109.4442	377.601007	8	1.0	0.0
6.5411	109.3772	377.725228	8	0.853213083977	0.146786916023
6.6506	109.3147	378.168584	8	0.407963331363	0.592036668637
6.5378	109.4585	378.258463	8	1.0	0.0
5.0012	101.4543	379.250859	33	0.587960492283	0.412039507717
8.5568	99.4547	379.627004	16	0.875723512061	0.124276487939
1.2955	116.718	380.739069	0	1.0	0.0
14.9276	108.5624	380.761335	40	1.0	0.0
1.2709	116.7323	381.161052	0	0.980124701336	0.0198752986638
6.4323	101.289	382.515369	35	0.213438817013	0.786561182987
10.7848	104.6713	385.281985	46	0.975189324567	0.0248106754328
1.3053	101.5694	386.887491	18	1.0	0.0
10.761	104.7415	387.593643	46	1.0	0.0
15.7298	107.522	387.63597	42	1.0	0.0
11.9048	104.7405	389.977494	-1	0.0	0.167221446655
15.7717	103.6921	391.002741	24	0.111851381526	0.888148618474
15.7741	103.4952	391.078081	24	0.568870322716	0.431129677284
12.8223	97.7399	393.13399	-1	0.0	0.0040269205341
3.3248	102.6939	394.133086	32	1.0	0.256456855721
15.8292	108.1076	395.4888	43	1.0	0.0
15.8148	108.1356	395.558452	43	1.0	0.0
15.8327	108.122	395.742041	43	1.0	0.0
15.8406	108.1044	395.878306	43	1.0	0.0
3.0406	98.8841	397.09552	9	0.610694355769	0.389305644231
12.8592	106.5615	400.769664	48	0.891542752592	0.108457247408
4.194	102.9666	402.405163	23	0.995465952909	0.00453404709091
4.2177	102.9842	402.456835	23	1.0	0.223672185124
3.1687	102.9002	403.10059	32	1.0	0.103790814327
6.2498	107.5943	403.27214	11	1.0	0.0
6.259	107.5001	403.380283	11	0.394376483505	0.605623516495
6.2636	107.578	403.453569	11	1.0	0.0
14.7381	105.7953	405.488966	19	1.0	0.0
13.0413	107.6146	408.066236	28	0.708227962279	0.291772037721
13.0305	107.654	408.456366	28	0.344471778274	0.655528221726
13.0321	107.5032	408.556802	28	1.0	0.326100402944
4.2285	105.6876	408.690438	-1	0.0	0.283778044445
4.2386	105.4674	408.756055	21	0.569935345581	0.430064654419
4.5183	97.6005	409.393168	9	0.0400381324176	0.959961867582
4.5072	97.5829	409.589928	9	0.039636743816	0.960363256184
10.3478	105.0224	409.684685	47	0.667213362424	0.332786637576
14.8045	104.0173	419.40577	27	0.493569056804	0.506430943196
3.0485	99.3127	419.62781	9	0.443280495535	0.556719504465
3.153	99.1324	420.025258	9	0.951036854025	0.0489631459749
1.0248	116.2948	428.109054	0	0.062267430641	0.937732569359
1.2969	116.7213	428.242505	0	1.0	0.0
1.2522	116.6382	428.295255	0	0.645676218506	0.354323781494
1.2562	116.7137	428.366867	0	0.924443453564	0.0755565464357
1.249	116.7486	428.426155	0	0.813792513203	0.186207486797
5.142	100.5027	428.588033	30	0.685823455635	0.314176544365
12.3193	106.6012	429.533815	45	1.0	0.0
13.0121	107.6089	432.8173	28	1.0	0.0
5.3354	101.8095	434.176029	37	0.992227266134	0.00777273386587
12.1491	105.6625	434.566925	36	0.394837195092	0.605162804908
4.8904	114.8926	435.675495	4	0.790317605141	0.209682394859
4.9829	101.4737	437.270189	33	0.662100164547	0.337899835453
20.2466	100.3366	438.03764	7	0.0802847688712	0.919715231129
6.3327	101.4122	440.200561	35	0.192866833909	0.807133166091
1.2619	116.7066	440.270676	0	0.910520235806	0.0894797641936
13.1145	107.5203	440.672743	28	0.322922754451	0.677077245549
13.0374	107.6596	440.773707	28	0.291878359054	0.708121640946
15.7014	107.6654	442.605978	42	1.0	0.0
4.8098	115.302	449.528315	4	0.0822522454294	0.917747754571
10.3991	104.8206	450.323012	47	0.610700318601	0.389299681399
5.1261	100.5195	452.192287	30	0.780379967823	0.219620032177
14.7681	103.9379	452.696207	27	1.0	0.0
14.7592	103.9351	453.141371	27	1.0	0.0
15.8796	107.6181	454.622567	42	1.0	0.0
18.8317	98.5145	455.955672	6	1.0	0.0
18.8826	98.3422	455.955674	6	1.0	0.0
6.5029	109.4581	456.27443	8	1.0	0.0
3.2029	102.8365	457.081606	32	1.0	0.227514318861
3.5968	102.3016	457.183265	-1	0.0	0.428245182687
3.2522	102.7804	457.269774	32	1.0	0.0
3.219	102.7651	457.332981	32	1.0	0.0749162888843
3.3984	102.6689	457.452466	32	0.523721779364	0.476278220636
6.4865	101.3844	458.31083	35	0.971001731919	0.0289982680815
10.3172	104.8919	458.596407	47	1.0	0.270622388004
5.7156	101.8455	460.496137	38	0.439921662037	0.560078337963
5.0092	101.6227	460.700699	33	1.0	0.0
1.2421	116.6838	460.747307	0	0.911426504608	0.0885734953921
1.2599	116.6907	460.834317	0	0.886488651686	0.113511348314
10.2986	104.9512	461.259529	47	1.0	0.0
20.2203	110.4495	462.503321	3	0.54187635771	0.45812364229
13.0745	107.6414	463.799322	28	0.357585985685	0.642414014315
10.3833	104.9782	464.021545	47	1.0	0.0
4.4081	101.0074	464.235939	29	0.920052637594	0.0799473624058
4.4103	101.0342	464.659814	29	1.0	0.0
5.2712	101.8337	468.904866	37	1.0	0.0
12.6559	106.4075	469.991225	49	1.0	0.0
5.8096	117.1912	472.058836	1	0.941711880938	0.0582881190622
2.884	99.2094	474.696078	9	0.80535497651	0.19464502349
2.4177	98.6839	476.869209	9	0.126914090575	0.873085909425
4.9921	100.6005	477.331727	30	1.0	0.0
12.6439	106.4326	477.458597	49	1.0	0.0
4.994	100.6004	477.87099	30	1.0	0.0148165867831
13.0377	107.4566	478.209532	28	0.29292423768	0.70707576232
6.4025	100.9057	478.357313	34	0.820530036947	0.179469963053
6.3676	101.0008	478.767658	34	1.0	0.0
15.744	103.4558	479.271784	24	1.0	0.0
13.0265	107.6211	479.513137	28	0.796061582127	0.203938417873
14.8769	108.6816	485.54336	40	0.200196771233	0.799803228767
15.2172	108.5445	485.692187	40	0.18079218494	0.81920781506
9.6396	104.7992	486.380113	41	0.213252947065	0.786747052935
9.6538	104.637	486.437086	41	0.519975568369	0.480024431631
9.6335	104.6873	486.543753	41	0.631124595575	0.368875404425
10.3504	104.9068	487.749745	47	1.0	0.0712404250058
10.3068	104.8723	487.946721	47	1.0	0.520366098065
10.334	104.8962	488.261637	47	1.0	0.53646515107
14.6767	106.8868	489.733722	-1	0.0	0.0382558577329
4.2279	105.515	496.136154	21	1.0	0.0
4.249	105.6523	496.136181	20	0.768342592563	0.231657407437
5.7387	108.2036	498.706365	12	0.856158139634	0.143841860366
2.9877	98.9871	502.002711	9	1.0	0.0
2.9978	98.9716	502.104927	9	1.0	0.0
3.0515	99.016	502.375777	9	1.0	0.0722770438405
13.0971	108.4876	505.361456	28	0.0221947326968	0.977805267303
13.0085	107.5563	506.105591	28	1.0	0.0
12.9902	107.5814	506.353034	28	1.0	0.0404944255685
15.7711	103.4388	506.615139	24	1.0	0.0
5.0289	100.5529	506.742386	30	0.745931716143	0.254068283857
11.6659	107.9058	506.950091	28	0.0219989651927	0.978001034807
10.7822	104.7161	509.651224	46	1.0	0.0
14.7713	103.9692	510.405227	27	0.993989361109	0.00601063889105
12.2825	106.6592	512.130221	45	0.341663684144	0.658336315856
4.7056	115.3431	512.719904	-1	0.0	0.0415146313345
1.2771	116.6717	516.878924	0	0.886488651686	0.113511348314
1.2166	116.7221	516.930437	0	0.673543798011	0.326456201989
1.2577	116.6654	517.053494	0	0.911426504608	0.0885734953921
10.364	104.9025	517.252853	47	0.848585937713	0.151414062287
10.3822	104.7951	517.302788	47	0.806130269872	0.193869730128
13.0584	107.6126	518.498191	28	0.472187368288	0.527812631712
15.6863	103.257	525.944195	24	0.150374662776	0.849625337224
15.625	103.3844	525.944203	24	0.255062349714	0.744937650286
3.7349	114.7244	526.114419	2	0.11615818278	0.88384181722
5.7639	117.2051	527.660892	1	1.0	0.0
8.9033	98.3847	527.816555	10	1.0	0.0
9.6009	104.6936	530.695272	41	1.0	0.0
9.5739	104.6052	530.74995	41	0.637868845963	0.362131154037
14.9748	108.5942	536.581991	40	0.530032930385	0.469967069615
14.9429	108.5375	536.698969	40	0.864482385537	0.135517614463
10.2997	104.9605	536.760943	47	1.0	0.0
6.1368	101.5765	538.002282	-1	0.0	0.0773149724237
6.1819	101.5526	538.111366	35	0.0795472270511	0.920452772949
5.7244	101.8774	539.397494	38	0.899135960638	0.100864039362
13.01	107.5958	541.23267	28	1.0	0.0150889204439
6.4574	101.4189	541.968482	35	0.580468710373	0.419531289627
13.0529	107.5357	543.731429	28	0.807503008841	0.192496991159
3.2695	102.6854	546.346365	32	0.781713775526	0.218286224474
1.2435	116.5108	549.137991	0	0.211927889266	0.788072110734
3.1542	98.6346	549.94267	9	0.168629023052	0.831370976948
3.2083	98.6168	550.380993	9	0.157448502742	0.842551497258
12.6825	106.4134	552.186541	49	1.0	0.0
6.3125	107.609	554.15564	11	0.776708274596	0.223291725404
6.2932	107.6608	554.234345	11	0.52631139581	0.47368860419
4.1038	102.9289	555.937477	23	0.557216721821	0.442783278179
4.1113	103.0813	555.937477	23	1.0	0.0
4.0847	102.9959	556.157041	23	0.820369364168	0.179630635832
4.0171	102.8412	556.406672	23	0.505972963622	0.494027036378
4.0113	102.8388	556.453552	23	0.510467217773	0.489532782227
10.3515	104.8029	560.301783	47	0.809897776945	0.190102223055
10.3647	104.9513	560.364112	47	1.0	0.0271910723188
14.7659	103.9104	560.598021	27	0.90277606953	0.0972239304699
3.0255	98.9833	562.602399	9	1.0	0.0
11.8077	106.6041	562.642419	-1	0.0	0.0999784104579
5.2924	101.8805	563.679693	37	0.583600208945	0.416399791055
12.3014	106.6076	565.689123	45	1.0	0.0
3.3434	102.7146	568.746321	32	1.0	0.256456855721
3.332	102.7088	568.990122	32	1.0	0.0386116452704
6.6571	101.1364	569.806236	34	0.206842345732	0.793157654268
11.8439	106.5725	570.294853	-1	0.0	0.127018756374
6.2793	107.5416	570.522528	11	0.717025505242	0.282974494758
6.2356	107.5784	570.604367	11	1.0	0.0
10.3432	104.9727	571.447025	47	1.0	0.000551288766389
5.0342	100.5638	575.188796	30	1.0	0.0
6.4341	101.348	579.003602	35	0.311786853729	0.688213146271
13.0406	107.5495	579.631075	28	0.854257181701	0.145742818299
1.259	116.6948	580.035214	0	0.924443453564	0.0755565464357
1.2995	116.621	580.118978	0	0.426062082557	0.573937917443
1.2857	116.863	580.119108	0	0.198592513869	0.801407486131
1.3093	116.7152	580.16501	0	0.964029693618	0.0359703063823
1.2907	116.6427	580.220504	0	0.658784631921	0.341215368079
10.3658	104.9696	583.182662	47	1.0	0.0
19.9251	110.1602	584.551595	3	1.0	0.137423073152
14.8682	108.63	585.104287	40	0.323160435753	0.676839564247
6.5513	100.7773	585.347879	34	0.262484776784	0.737515223216
14.9281	108.5159	587.421384	40	0.907566164116	0.0924338358841
5.3197	115.5982	591.039552	5	1.0	0.0
4.9697	100.6135	593.06165	30	1.0	0.0
2.7061	99.3907	595.154406	9	0.255456372976	0.744543627024
5.2379	107.8727	595.506373	12	1.0	0.0
5.3435	107.8962	595.506376	12	1.0	0.0
12.2792	106.6489	596.549706	45	0.427572699304	0.572427300696
9.5773	104.6945	596.922202	41	1.0	0.0
9.4355	104.8079	596.929173	41	0.17415754469	0.82584245531
9.5511	104.6131	596.929187	41	0.74177587432	0.25822412568
