7.3335	260.6994	-4.5e-05	10	1.0	0.442533987281
6.4257	263.8173	-585.286142	14	1.0	0.0587177281706
4.6013	269.5503	-571.321975	6	1.0	0.0
7.2533	262.8446	-568.303415	16	1.0	0.29855943957
7.0461	262.9975	-568.30326	16	1.0	0.0705414792724
7.064	262.9381	-568.257004	16	1.0	0.102523403006
7.1836	262.8219	-567.769982	16	1.0	0.0
19.3584	265.7344	-567.424253	3	0.596298526185	0.403701473815
8.0499	270.8661	-563.5292	5	0.409821413806	0.590178586194
6.1764	267.8083	-563.492494	9	0.120529659873	0.879470340127
8.942	266.1993	-563.49222	7	0.232612096886	0.767387903114
6.7935	262.1831	-561.665607	15	0.401660372501	0.598339627499
6.8797	262.3216	-561.665591	15	0.159751352768	0.840248647232
8.0251	271.0529	-560.829432	5	1.0	0.30373173406
8.0252	271.1447	-560.698246	5	0.953637920805	0.0463620791952
9.5202	266.9163	-556.075031	7	0.130564373172	0.869435626828
11.197	251.664	-553.136487	0	0.382449512245	0.617550487755
7.1368	261.0383	-547.700037	10	1.0	0.514530285857
7.0916	260.9686	-547.590688	10	1.0	0.0
6.4275	264.2887	-539.371152	13	1.0	0.0
6.3859	264.2429	-539.36814	13	1.0	0.0
6.4109	264.2687	-539.131169	13	1.0	0.0
6.5426	264.3127	-539.131155	13	0.802646146203	0.197353853797
6.458	264.0667	-538.927999	14	0.308246837309	0.691753162691
5.831	266.1963	-523.473528	11	1.0	0.0
5.8261	266.2058	-523.454228	11	1.0	0.0554374078016
5.6883	266.4144	-523.243089	11	0.547883042272	0.452116957728
5.6864	266.452	-522.886017	11	0.38130227126	0.61869772874
7.0488	263.0386	-518.045822	16	1.0	0.339066557095
7.0576	263.0235	-517.969395	16	1.0	0.229258270839
7.1961	260.9057	-515.684085	10	1.0	0.074312189532
5.9219	267.1728	-504.353579	9	1.0	0.0
11.0034	251.5573	-495.790976	0	1.0	0.0
11.0428	251.5556	-495.754058	0	1.0	0.0
11.015	251.4036	-495.754055	0	1.0	0.0
10.9783	251.5412	-495.679428	0	1.0	0.0
10.9841	251.5258	-495.627804	0	1.0	0.0
4.6926	251.4798	-495.274663	1	1.0	0.0
7.1184	261.0161	-491.347711	10	1.0	0.321378704636
7.2138	260.8671	-491.315404	10	1.0	0.0
7.2597	260.7788	-491.238598	10	1.0	0.572668278098
6.3127	263.786	-488.564089	14	1.0	0.0
6.3207	263.8057	-488.434596	14	1.0	0.0
7.0719	262.9897	-483.085245	16	1.0	0.0705414792724
19.1949	265.7176	-475.578821	3	1.0	0.0
19.2212	265.7463	-475.282602	3	1.0	0.0
7.34	260.7744	-473.355476	10	1.0	0.572668278098
9.7499	262.1466	-473.050372	8	1.0	0.208189381988
9.7344	262.1314	-473.024872	8	1.0	0.0
9.7107	262.0794	-472.898666	8	0.827226858936	0.172773141064
7.4318	260.7978	-472.633709	10	0.827514383939	0.172485616061
6.1004	267.5703	-472.39039	9	0.206128832487	0.793871167513
6.168	267.6922	-472.390301	9	0.14964795978	0.85035204022
7.271	262.7438	-455.959579	16	0.78822574445	0.21177425555
7.2264	262.8424	-455.948781	16	1.0	0.0
7.3925	260.8365	-452.337548	10	0.539251915171	0.460748084829
9.4665	266.9715	-445.657973	7	0.124071534007	0.875928465993
9.445	266.8137	-445.377066	7	0.143286946447	0.856713053553
8.0277	271.1358	-445.301801	5	1.0	0.0995084661888
7.9507	271.0264	-445.266932	5	1.0	0.228201270862
9.6746	262.1402	-440.358774	8	1.0	0.364273008551
9.6957	262.1915	-439.707895	8	1.0	0.0
9.6265	262.098	-439.636169	8	0.537293140963	0.462706859037
9.6844	262.2051	-439.572819	8	0.651592081748	0.348407918252
5.6739	266.3777	-427.824559	11	0.673902400664	0.326097599336
5.6899	266.2741	-427.61076	11	1.0	0.0
5.7475	266.154	-427.02603	11	0.941685391801	0.0583146081994
5.8409	266.1019	-426.998395	11	0.408805956379	0.591194043621
7.0639	263.0046	-426.232827	16	1.0	0.0705414792724
7.2809	263.0787	-426.232793	16	0.559995021952	0.440004978048
7.0705	263.0625	-426.120199	16	1.0	0.540420553596
7.1635	263.0551	-426.120189	16	1.0	0.539179907633
7.1181	262.9963	-425.509517	16	1.0	0.0
7.119	263.0036	-425.390598	16	1.0	0.00936448886062
7.0942	262.9885	-425.255258	16	1.0	0.0
7.1745	263.0922	-425.118339	16	0.80981810987	0.19018189013
7.3503	262.7144	-425.097764	16	0.78822574445	0.21177425555
7.3914	260.6692	-418.439466	10	1.0	0.273874256914
7.4645	260.7672	-418.439452	10	0.684173578434	0.315826421566
7.3572	260.5301	-418.35022	10	0.603358340622	0.396641659378
11.0628	251.5967	-412.846676	0	1.0	0.167276433032
11.0542	251.6064	-411.959596	0	0.882873025072	0.117126974928
18.6634	265.0287	-410.801354	2	1.0	0.0
18.6076	265.0215	-410.69081	2	1.0	0.0
6.438	265.7634	-409.869127	-1	0.0	0.227328621498
9.6619	262.0968	-408.903391	8	0.827226858936	0.172773141064
5.9141	267.2315	-402.877894	9	1.0	0.0
9.7856	262.1409	-401.522853	8	0.91410817282	0.0858918271798
9.7602	262.0162	-401.495367	8	0.504415045111	0.495584954889
9.9353	261.9704	-401.488452	8	0.188645577592	0.811354422408
9.7317	262.1751	-401.488338	8	1.0	0.0
9.7293	262.1271	-401.453056	8	1.0	0.0
7.1214	261.0888	-396.989826	10	0.578199245186	0.421800754814
5.7488	266.3019	-392.992335	11	1.0	0.363845411099
5.7433	266.3646	-392.882871	11	0.956247318993	0.0437526810069
5.8104	266.1888	-392.851243	11	1.0	0.0
5.709	266.3131	-392.823962	11	1.0	0.260881062596
5.7046	266.2324	-392.700084	11	1.0	0.162357329417
5.7286	266.2337	-392.409767	11	1.0	0.109865591228
7.0928	262.9403	-386.476091	16	1.0	0.0
7.12	262.9802	-386.380432	16	1.0	0.0173625315494
7.1272	262.9155	-386.280052	16	1.0	0.234644741637
7.084	262.939	-386.029815	16	1.0	0.0
7.1511	262.8567	-385.822767	16	1.0	0.297816386366
9.7076	262.1235	-373.292211	8	1.0	0.0
5.7395	265.7095	-371.815502	12	1.0	0.0
19.7073	265.4521	-356.59453	3	0.132255124583	0.867744875417
5.2656	256.817	-356.529355	4	1.0	0.0
5.25	256.9024	-356.529333	4	1.0	0.0
10.8183	251.5419	-341.917005	0	0.535760401903	0.464239598097
7.0457	263.0007	-341.822486	16	1.0	0.16506087682
7.0856	263.0589	-341.708186	16	1.0	0.448121384786
7.1192	262.9389	-341.656646	16	1.0	0.0611679954108
7.0375	263.0002	-341.656576	16	1.0	0.103305775242
7.0505	262.9229	-341.634462	16	1.0	0.132613032294
5.6976	266.2424	-332.309941	11	1.0	0.0
5.7562	266.3235	-332.28771	11	1.0	0.0
5.9281	266.3517	-332.287686	11	0.458857120358	0.541142879642
5.7806	266.3703	-332.206467	11	0.742484721796	0.257515278204
5.7461	266.3451	-332.069478	11	1.0	0.291094533814
9.7053	265.8191	-316.755225	7	1.0	0.0
7.356	260.7365	-316.45779	10	1.0	0.550919927294
7.1666	263.0201	-304.929763	16	1.0	0.422506686285
7.0823	260.9938	-304.436821	10	1.0	0.310368137464
7.203	260.8871	-304.398297	10	1.0	0.0
9.6626	262.2828	-303.176327	8	0.256589043206	0.743410956794
9.7055	262.1342	-303.159257	8	1.0	0.0
9.6991	262.1309	-303.089856	8	1.0	0.0315857785027
5.7914	266.184	-288.098635	11	1.0	0.0
5.7614	266.2457	-288.063507	11	1.0	0.175362074971
7.0181	260.9311	-284.035996	10	1.0	0.502270596907
7.5069	260.6737	-279.93265	10	0.625631447315	0.374368552685
7.3775	260.6525	-279.882308	10	1.0	0.347805275455
7.4333	262.7517	-279.432655	16	0.55015373542	0.44984626458
7.1335	262.9898	-279.384299	16	1.0	0.0
7.1172	262.9871	-279.337646	16	1.0	0.0
6.8901	262.8944	-279.271358	16	0.625582784932	0.374417215068
7.0872	262.8247	-276.700971	16	1.0	0.0450193938451
8.7773	262.6113	-276.70074	8	0.0439695925969	0.956030407403
18.633	264.9979	-272.265727	2	1.0	0.0
4.6642	251.7719	-267.89448	1	1.0	0.0
5.6485	266.2151	-251.58018	11	1.0	0.338907405042
5.7367	266.1735	-251.39314	11	1.0	0.234603766986
7.1094	260.9816	-251.265499	10	1.0	0.0
7.1172	260.9326	-251.187493	10	1.0	0.196431431732
11.0091	251.5375	-250.138501	0	1.0	0.0
8.7475	270.8618	-242.33649	5	0.11867751078	0.88132248922
8.0694	271.1391	-242.335961	5	0.888650692278	0.111349307722
20.2292	271.0537	-237.949374	-1	0.0	0.111499031591
9.6121	265.6225	-232.314722	7	0.849296772121	0.150703227879
9.8022	265.7617	-232.314674	7	1.0	0.0
7.3446	260.6734	-224.161287	10	1.0	0.0
7.3315	260.6774	-224.050516	10	1.0	0.0733206031132
7.3091	260.6528	-224.002364	10	1.0	0.0122832276441
7.3442	260.6305	-223.86982	10	1.0	0.444006511362
7.2614	260.5871	-223.817072	10	0.613304289269	0.386695710731
7.3032	260.654	-223.663438	10	1.0	0.0
7.284	260.7787	-221.635695	10	0.82285627991	0.17714372009
7.1153	260.9613	-221.635574	10	1.0	0.0
7.1303	260.9897	-221.518697	10	1.0	0.278598425435
19.2641	265.76	-216.172671	3	0.799684203771	0.200315796229
5.6539	266.3215	-202.245181	11	0.860889428423	0.139110571577
5.7256	266.2834	-202.216488	11	1.0	0.110077020099
5.7646	266.3526	-202.200204	11	1.0	0.213607922685
5.7388	266.328	-202.195417	11	1.0	0.159041332709
5.7304	266.2698	-202.127738	11	1.0	0.135486157114
5.7869	266.2427	-201.656688	11	1.0	0.309016843053
7.0797	260.9551	-195.328096	10	1.0	0.0
7.0564	260.9282	-195.257931	10	1.0	0.186774941885
7.069	260.9317	-195.213527	10	1.0	0.186774941885
7.0798	262.9189	-191.71831	16	1.0	0.0
7.076	262.9674	-191.697577	16	1.0	0.145853847275
7.2701	262.7927	-191.388422	16	0.924625582929	0.0753744170709
18.7119	265.0251	-186.759193	2	1.0	0.0
18.6863	265.0382	-186.580459	2	1.0	0.0
10.9588	251.4159	-168.331087	0	1.0	0.0456252717618
6.4734	263.628	-162.509563	14	1.0	0.0
7.9543	270.979	-156.60898	5	1.0	0.00470744399089
7.9338	271.1182	-156.608895	5	1.0	0.0
19.2276	265.6864	-154.811858	3	1.0	0.0
19.2314	265.7079	-154.75512	3	1.0	0.0
19.2371	265.7209	-154.699881	3	1.0	0.0
5.7431	266.3116	-154.5526	11	1.0	0.0
7.1734	260.8559	-150.277026	10	1.0	0.0
7.0424	260.9298	-150.146803	10	1.0	0.306902677136
7.2132	261.0308	-150.146803	10	0.858207773738	0.141792226262
7.3428	260.7353	-147.683788	10	1.0	0.519374987071
6.9628	262.0799	-139.446103	15	0.377310366108	0.622689633892
10.9101	251.5087	-137.050954	0	0.892371475577	0.107628524423
5.6654	265.6731	-135.135334	12	1.0	0.0
5.6361	265.6625	-135.061773	12	1.0	0.0
5.7602	265.742	-135.061743	12	1.0	0.0
5.6667	265.6	-135.000922	12	0.891078892362	0.108921107638
5.8419	266.4209	-128.859885	11	0.467573046654	0.532426953346
7.1138	263.0177	-123.386264	16	1.0	0.223522668995
9.6799	262.0906	-122.649425	8	0.832346131868	0.167653868132
9.7458	262.0549	-122.615818	8	0.635649390221	0.364350609779
9.764	262.1158	-122.612578	8	1.0	0.288973147638
7.353	260.6603	-113.634401	10	1.0	0.140506044888
7.3106	260.6704	-113.609525	10	1.0	0.0
4.5147	269.5681	-100.378805	6	1.0	0.0
4.6512	251.4783	-100.065775	1	1.0	0.0
7.0119	262.9698	-77.878333	16	1.0	0.0
9.8403	262.4574	-73.710068	8	0.0916763933512	0.908323606649
9.6862	262.1205	-73.660407	8	1.0	0.268906334985
9.7112	262.1721	-73.634123	8	1.0	0.0
9.7254	262.1906	-73.591493	8	1.0	0.0
7.2736	260.5834	-70.642152	10	0.631521107357	0.368478892643
7.3088	260.6643	-70.632243	10	1.0	0.0
7.4327	260.5666	-70.578347	10	0.550669850605	0.449330149395
7.2971	260.6657	-70.055102	10	1.0	0.0
7.1144	260.9464	-70.037106	10	1.0	0.0
7.0887	260.914	-69.978228	10	1.0	0.306902677136
6.6529	261.3222	-69.938746	10	0.111189196368	0.888810803632
10.9904	251.4777	-67.276763	0	1.0	0.175247095927
6.3627	264.1972	-55.698807	13	1.0	0.0
7.1388	263.0141	-48.541327	16	1.0	0.0675435381509
7.0697	262.8072	-48.465406	16	1.0	0.226743823517
6.797	262.1039	-42.798793	15	1.0	0.0
6.7836	262.127	-42.22927	15	0.950525354902	0.0494746450978
6.942	261.9305	-42.193955	15	0.225020187052	0.774979812948
6.795	262.1162	-42.154544	15	1.0	0.0
8.065	256.6585	-32.983648	4	1.0	0.0
5.7032	266.318	-31.915778	11	1.0	0.339063084021
5.8853	266.3531	-31.915756	11	0.633485488481	0.366514511519
5.7463	266.3148	-31.890948	11	1.0	0.0
5.7068	266.2826	-31.826461	11	1.0	0.0
5.7288	266.3114	-31.73804	11	1.0	0.0
5.728	266.2539	-31.680082	11	1.0	0.109865591228
5.8456	266.3184	-31.680048	11	0.700887876089	0.299112123911
5.8112	266.1869	-31.491607	11	1.0	0.0
6.3753	263.8034	-17.774706	14	1.0	0.0
6.3588	263.7631	-17.7269	14	1.0	0.110226091558
6.478	263.6129	-17.687458	14	1.0	0.0
6.3785	263.8204	-17.533854	14	1.0	0.0
6.3323	263.7466	-17.325923	14	1.0	0.114910861553
8.1878	271.1538	-17.055739	5	0.435908135376	0.564091864624
8.0132	271.0959	-16.82151	5	1.0	0.159397799396
4.6393	251.5023	-16.429035	1	1.0	0.0
7.2152	261.0307	-3.648063	10	0.842442370432	0.157557629568
7.0772	260.9656	-3.561582	10	1.0	0.14296727034
7.3335	260.6994	-4.5e-05	10	1.0	0.442533987281
7.9515	260.2019	0.404333	10	0.0930771739483	0.906922826052
18.6707	264.9721	2.83271	2	0.963047752938	0.0369522470617
18.9288	265.0593	2.83288	2	0.342494813509	0.657505186491
7.0333	262.9663	8.870641	16	1.0	0.0
6.9643	262.8837	8.896946	16	0.918391107958	0.0816088920421
7.0166	262.975	8.992586	16	1.0	0.0
7.0506	262.9803	8.997886	16	1.0	0.173077482715
9.723	262.0621	12.20831	8	0.696838842314	0.303161157686
9.755	262.1715	12.208342	8	1.0	0.0
9.707	262.1602	12.249481	8	0.975424928769	0.0245750712308
9.2915	262.4826	12.249764	8	0.0860254479433	0.913974552057
5.7805	265.6087	13.414812	12	1.0	0.0
7.1684	260.8331	23.502773	10	1.0	0.269666202208
4.6098	269.5382	30.178558	6	1.0	0.0
11.1591	251.5839	31.490957	0	0.621553699013	0.378446300987
7.0775	262.954	32.196024	16	1.0	0.0126419124771
7.1719	262.8424	32.226324	16	1.0	0.0
7.1039	262.7961	32.271802	16	1.0	0.0
7.1095	262.918	32.368732	16	1.0	0.0
6.3268	263.9055	47.807277	14	0.537690965185	0.462309034815
7.1386	260.9798	50.204767	10	1.0	0.254513141673
7.1195	260.9448	50.317488	10	1.0	0.13374672407
8.1316	271.0024	57.683682	5	0.738242062546	0.261757937454
7.3765	260.7081	61.653709	10	1.0	0.457384520733
7.1162	262.8372	72.719192	16	1.0	0.00254032951114
5.8774	267.1663	78.396555	9	0.98452442673	0.0154755732697
5.8562	267.1923	78.408543	9	1.0	0.0
5.8316	267.233	78.449853	9	1.0	0.0
5.9581	267.3333	78.449887	9	0.576696224124	0.423303775876
6.4781	263.649	82.45706	14	1.0	0.0
6.4305	263.7932	94.353758	14	1.0	0.0744870204678
9.6818	265.7758	96.474789	7	1.0	0.0
8.2478	256.701	103.283284	4	1.0	0.0
7.1072	262.9671	105.620295	16	1.0	0.130728973177
7.1495	263.0658	105.668687	16	1.0	0.545032835725
7.2088	262.9914	105.680773	16	1.0	0.491174641297
7.0647	262.8873	105.786204	16	1.0	0.456264040531
7.1702	262.7142	105.88125	16	0.65509596481	0.34490403519
7.0488	262.8205	105.953928	16	1.0	0.247707509018
7.2431	262.8498	105.976671	16	1.0	0.222760536592
7.242	262.8044	106.171909	16	1.0	0.246875965696
7.8849	271.1264	107.782473	5	1.0	0.0
6.795	262.093	108.827341	15	1.0	0.0
6.7499	262.0525	108.861415	15	0.705852101168	0.294147898832
6.2127	262.4934	108.861847	-1	0.0	0.0115130517633
6.8373	261.9585	109.334616	15	0.323060853951	0.676939146049
9.6921	262.1654	119.860629	8	0.956653216298	0.0433467837021
6.3404	264.1564	121.639973	13	1.0	0.0
7.896	271.0915	134.05148	5	1.0	0.0
19.2385	265.7736	136.458564	3	0.724700820569	0.275299179431
19.1975	265.6455	136.486842	3	0.608643361981	0.391356638019
7.4067	260.7003	153.295242	10	1.0	0.0134324379913
7.932	271.1893	154.762645	5	0.709047685602	0.290952314398
7.2188	262.8277	156.919091	16	1.0	0.0
5.7987	265.8208	161.003745	12	0.577495190804	0.422504809196
19.7277	270.8617	166.654354	-1	0.0	0.0762121107259
8.042	270.9497	169.077232	5	1.0	0.271695766373
7.1412	260.8095	175.228337	10	1.0	0.280618038145
7.1228	261.0427	179.915228	10	0.911051839084	0.0889481609159
6.4733	263.6396	183.267536	14	1.0	0.0
9.7753	261.9843	186.871349	8	0.318812897593	0.681187102407
9.7491	262.1046	186.871388	8	0.899886551316	0.100113448684
9.7479	262.1316	186.905278	8	1.0	0.0
5.7736	266.2069	191.729926	11	1.0	0.114059226846
5.7089	266.2878	192.373239	11	1.0	0.0
5.8064	266.1378	192.69963	11	0.749160773678	0.250839226322
7.0792	262.9208	196.316064	16	1.0	0.0
7.2418	263.0004	196.338648	16	1.0	0.574458507671
7.0745	263.0334	196.362057	16	1.0	0.303939621728
7.3354	262.6965	196.384475	16	0.61077314298	0.38922685702
7.8783	271.1136	211.28087	5	1.0	0.0
6.4538	263.6033	225.643754	14	1.0	0.0399924236026
6.3974	263.7056	225.760681	14	1.0	0.114910861553
9.6467	265.6784	233.023633	7	1.0	0.0
6.746	262.0792	234.963525	15	1.0	0.0
7.0772	262.1488	234.963551	15	0.223098109163	0.776901890837
6.7937	262.1015	235.003732	15	1.0	0.0
7.0167	262.9351	239.173162	16	1.0	0.437507680543
7.1697	262.7943	239.226532	16	1.0	0.139822810712
7.0812	262.9614	239.25631	16	1.0	0.17003497285
7.0113	262.933	239.284536	16	1.0	0.48230082822
6.9758	262.888	239.31524	16	1.0	0.583713997206
7.0321	262.9673	239.366382	16	1.0	0.0
7.1521	262.7826	239.393457	16	1.0	0.0688049375944
7.3561	260.6633	245.755092	10	1.0	0.071857632538
7.4137	260.508	245.805448	10	0.415369968618	0.584630031382
5.8353	266.2563	253.523337	11	0.691581297279	0.308418702721
8.0051	270.9596	255.677449	5	1.0	0.0
18.6817	264.9647	256.200571	2	0.852303968817	0.147696031183
4.6347	251.5067	257.648958	1	1.0	0.0
7.1917	260.8763	263.908285	10	1.0	0.0
6.6677	262.4968	276.686849	15	0.159751352768	0.840248647232
7.0969	262.9302	289.710444	16	1.0	0.0
7.1279	262.9954	289.8069	16	1.0	0.0
7.2359	262.9995	289.806911	16	1.0	0.551736863771
7.1831	262.9737	289.820279	16	1.0	0.484847898977
7.1411	262.7645	289.83962	16	1.0	0.225076780115
7.1211	262.8993	289.845473	16	1.0	0.396921618981
7.2721	262.7458	289.884445	16	0.770016340448	0.229983659552
5.8264	267.2679	294.946954	9	0.888553702282	0.111446297718
5.868	267.2357	294.999278	9	1.0	0.0
9.7293	262.0522	297.047701	8	0.637551783429	0.362448216571
9.7296	262.3105	297.04778	8	0.208182795456	0.791817204544
8.0101	270.9917	308.752983	5	1.0	0.0
6.4935	263.6404	314.219386	14	1.0	0.0
6.4735	263.6019	314.317763	14	1.0	0.0424516208223
7.4075	260.7494	314.697669	10	1.0	0.0356154343335
19.1844	265.6234	323.992597	3	0.465108469292	0.534891530708
19.0371	265.6914	323.992598	3	0.424101415181	0.575898584819
7.9719	271.1232	335.320955	5	1.0	0.0
6.3484	263.8179	336.185472	14	1.0	0.0
6.5222	263.7089	336.271746	14	0.840738175689	0.159261824311
10.9843	251.4039	337.626284	0	1.0	0.0669815312858
11.0464	251.4352	337.692736	0	1.0	0.0
11.025	251.4608	337.721156	0	1.0	0.0
7.1997	260.793	340.733303	10	1.0	0.0
7.9954	271.0344	356.755248	5	1.0	0.0263323945705
7.7727	260.6546	365.772601	10	0.225761369345	0.774238630655
4.632	269.4999	373.072919	6	1.0	0.0
6.564	262.7263	373.43244	16	0.192206558436	0.807793441564
6.6254	262.6088	373.683195	15	0.159751352768	0.840248647232
6.5771	262.5482	373.748054	15	0.159751352768	0.840248647232
9.6331	262.0153	379.343219	8	0.359918434115	0.640081565885
7.992	271.0995	383.056421	5	1.0	0.0995084661888
6.9568	262.0402	385.932987	15	0.337612622351	0.662387377649
7.8972	271.0574	395.450055	5	0.8410827425	0.1589172575
6.3874	263.7159	416.1351	14	1.0	0.114910861553
6.402	263.9221	416.135171	14	0.498846306495	0.501153693505
8.1315	263.5071	416.135326	-1	0.0	0.058254285495
6.4715	263.7026	416.159123	14	1.0	0.166865586136
9.6502	265.7194	419.702334	7	1.0	0.0
6.3954	263.7578	421.99582	14	1.0	0.130198588274
7.9942	270.9747	424.050146	5	1.0	0.0
8.0139	270.9913	424.293352	5	1.0	0.0
4.6371	269.0546	425.480057	6	0.181600426243	0.818399573757
5.786	266.1914	440.953011	11	1.0	0.0
7.2026	260.8536	442.271473	10	1.0	0.0
7.2282	260.8799	442.320129	10	1.0	0.085679998042
7.1831	260.7902	442.357597	10	1.0	0.0
7.1829	260.7932	442.440084	10	1.0	0.0
7.1698	260.785	442.487431	10	1.0	0.0
5.6684	266.2438	445.112331	11	1.0	0.0
5.6711	266.2588	445.164776	11	1.0	0.0
5.6779	266.2826	445.202224	11	1.0	0.104283783292
19.4464	265.3183	446.138854	3	0.124511810863	0.875488189137
19.4598	265.3761	446.179685	3	0.144906488291	0.855093511709
8.0035	270.9608	447.422718	5	1.0	0.0
11.0143	251.4382	448.45959	0	1.0	0.0
7.1035	262.9835	452.88648	16	1.0	0.0281379056006
7.1575	262.9404	452.919512	16	1.0	0.442572861232
7.0566	262.8998	453.035086	16	1.0	0.239338927458
7.1426	262.8128	453.455092	16	1.0	0.0
7.3872	262.4143	453.541788	-1	0.0	0.217432116094
7.3344	262.2811	453.568455	-1	0.0	0.144337020399
6.9998	262.8942	475.99176	16	1.0	0.456264040531
7.0127	262.9732	475.993213	16	1.0	0.0
7.8414	271.2051	476.543523	5	0.562473598791	0.437526401209
7.9284	271.1399	477.301932	5	1.0	0.0
7.7032	271.2521	477.60253	5	0.295320797146	0.704679202854
6.4292	262.6287	490.102984	15	0.159751352768	0.840248647232
5.664	266.2462	497.640201	11	1.0	0.0
5.6573	266.2654	497.688344	11	1.0	0.104283783292
5.7161	266.2321	497.732274	11	1.0	0.0326820117333
5.6501	266.2383	497.752968	11	1.0	0.0581637813971
5.7932	266.2951	497.752998	11	1.0	0.355779853128
5.7392	266.1485	498.227258	11	0.79443375534	0.20556624466
8.2666	256.7473	509.665377	4	1.0	0.0
7.0819	262.7709	509.775313	16	1.0	0.235818740028
6.7721	262.0484	509.861083	15	0.922712162084	0.0772878379163
6.7602	262.0565	509.985436	15	0.809482832728	0.190517167272
9.7565	262.1366	511.499471	8	1.0	0.0222615098342
3.2755	270.8804	523.253553	-1	0.0	0.0156757755478
3.0945	270.9438	523.282086	-1	0.0	0.0766949555574
3.2218	270.8693	523.449159	-1	0.0	0.0172732103786
7.9609	271.0179	523.995493	5	1.0	0.113453232508
8.0197	271.0039	524.321026	5	1.0	0.0248370834677
7.5477	260.7288	534.605621	10	0.560368990835	0.439631009165
7.3222	260.599	534.60563	10	0.791653163594	0.208346836406
6.8336	262.031	543.474317	15	0.522620731115	0.477379268885
4.5929	269.5048	552.119332	6	1.0	0.0
6.3847	263.6977	552.228238	14	1.0	0.166865586136
5.7442	266.3255	552.327224	11	1.0	0.0
5.9126	266.3723	552.327257	11	0.551860019041	0.448139980959
7.1181	260.884	553.931206	10	1.0	0.0510976207901
11.0746	251.4243	555.357691	0	1.0	0.0464575979275
11.0282	251.4258	555.467782	0	1.0	0.0
7.8349	271.1805	556.458812	5	0.738229363752	0.261770636248
7.1614	260.7966	581.489212	10	1.0	0.0
7.1272	260.7578	581.562377	10	1.0	0.0412830565663
6.6057	260.4547	581.605569	10	0.110313064879	0.889686935121
7.0963	260.7928	581.738739	10	1.0	0.0312181043195
7.1138	260.7946	581.866871	10	1.0	0.341347904525
8.0507	271.0483	588.20013	5	0.897476312618	0.102523687382
6.4335	263.7161	588.658982	14	1.0	0.114910861553
7.6093	260.8035	596.970002	10	0.375883958062	0.624116041938
