29.5618	271.3639	-3.1e-05	7	0.962171225644	0.0378287743562
31.8908	280.0651	-597.322903	15	1.0	0.0
31.9018	280.0426	-597.29763	15	0.78580677812	0.21419322188
31.9417	280.0996	-597.231963	15	1.0	0.0
31.9214	280.0083	-597.126165	15	0.514531724365	0.485468275635
31.8937	280.0122	-597.084869	15	0.589074561546	0.410925438454
29.8181	273.8601	-596.971058	4	0.638222196323	0.361777803677
31.8751	280.0864	-596.837727	15	0.893759817912	0.106240182088
29.8292	273.8878	-596.350351	4	0.765669921527	0.234330078473
28.8802	269.7993	-594.951543	14	0.616716815863	0.383283184137
28.9147	269.7701	-594.807542	14	0.48390086515	0.51609913485
29.0234	269.7754	-594.768007	14	0.178687301941	0.821312698059
28.9137	269.7811	-594.67821	14	0.517200770646	0.482799229354
28.8648	269.774	-594.498991	14	1.0	0.0
28.928	269.7649	-594.37265	14	0.404138360048	0.595861639952
20.7251	262.6453	-591.627245	2	0.641742276479	0.358257723521
20.676	262.6296	-591.574025	2	0.46697734976	0.53302265024
20.5833	262.7285	-591.573975	2	0.121243500553	0.878756499447
30.1173	272.9462	-587.475911	5	1.0	0.0
28.8244	269.8339	-585.226738	14	0.385609361676	0.614390638324
20.7203	262.6354	-578.924935	2	0.621088278542	0.378911721458
30.1906	273.338	-578.905065	-1	0.0	0.078809468572
30.1571	273.3918	-578.456855	4	0.0405052661485	0.959494733851
20.9274	262.8697	-576.928021	2	0.0577260371208	0.942273962879
29.804	273.9518	-575.726522	4	1.0	0.0
29.8913	273.9251	-575.659785	4	0.348015606565	0.651984393435
29.9828	273.9367	-575.60347	4	0.194560401527	0.805439598473
29.9785	273.9682	-575.486499	4	0.161343101149	0.838656898851
29.7882	273.948	-575.396533	4	1.0	0.0331680907831
29.7817	273.9479	-575.32611	4	1.0	0.0
29.8183	274.0578	-575.191024	4	0.58123566451	0.41876433549
29.7647	273.8521	-572.708469	4	1.0	0.0278460532923
29.7749	273.8657	-572.64249	4	1.0	0.0
29.7515	273.8289	-572.360751	4	0.429993903025	0.570006096975
29.7379	273.8199	-572.306555	4	0.46008218266	0.53991781734
20.6841	262.5409	-571.985752	2	0.827436446856	0.172563553144
21.7554	277.6135	-570.177287	9	0.258894428014	0.741105571986
21.7945	277.5866	-570.174265	9	0.202687607719	0.797312392281
28.8914	269.7628	-569.530689	14	0.899835446547	0.100164553453
28.8705	269.7337	-569.361073	14	0.656077940499	0.343922059501
31.9044	280.067	-568.037076	15	1.0	0.0
31.842	279.9653	-567.989572	15	0.255285192893	0.744714807107
31.9325	280.069	-567.73486	15	1.0	0.209278012612
31.9042	280.1965	-567.617514	15	0.323745541661	0.676254458339
20.7107	262.6686	-566.762773	2	0.382064811091	0.617935188909
20.7467	262.687	-566.584337	2	0.420112590047	0.579887409953
16.0733	271.0773	-565.605844	3	0.96817628791	0.0318237120896
15.6899	265.9424	-553.806838	0	0.527848313665	0.472151686335
32.0451	280.391	-553.626613	16	1.0	0.0
32.0195	280.3376	-553.33778	16	0.419368846484	0.580631153516
29.8384	273.9538	-552.883626	4	1.0	0.0277862892258
29.8053	273.9681	-552.6642	4	1.0	0.136160504684
29.884	274.0997	-552.471296	4	0.16444412082	0.83555587918
29.7919	274.027	-552.305502	4	1.0	0.0
29.8298	274.0273	-552.180716	4	0.792205102952	0.207794897048
20.6473	262.6092	-548.225546	2	0.439655145164	0.560344854836
20.6699	262.6258	-548.159685	2	0.416843832029	0.583156167971
28.9149	268.962	-545.512856	10	0.547890716491	0.452109283509
28.8014	269.4944	-545.503564	21	0.939157645099	0.0608423549008
20.7424	262.5593	-542.560693	2	1.0	0.0272510881528
20.7144	262.5406	-542.491961	2	1.0	0.0
29.7941	273.8477	-541.374658	4	0.645556479366	0.354443520634
29.7829	273.9	-541.310164	4	1.0	0.0
29.8355	273.8751	-541.288325	4	0.688474721213	0.311525278787
29.8157	273.8765	-540.711125	4	0.942467295109	0.0575327048911
29.7552	273.9116	-535.094278	4	1.0	0.00508350835897
29.7913	274.0397	-534.930238	4	0.908739152004	0.0912608479961
20.7095	262.6011	-534.05937	2	0.766964107038	0.233035892962
28.7211	269.7699	-534.052803	14	0.201016899329	0.798983100671
20.7228	262.6517	-534.002311	2	0.566072267449	0.433927732551
20.7014	262.6088	-533.86558	2	0.52765787736	0.47234212264
20.7254	262.6988	-533.721604	2	0.28892659817	0.71107340183
29.0789	268.8785	-525.290779	10	1.0	0.0
29.0026	268.9002	-524.692677	10	1.0	0.0
29.7283	273.9247	-520.877848	4	0.735268079599	0.264731920401
29.759	273.8826	-520.703098	4	1.0	0.0
29.7631	273.8293	-520.630104	4	0.46008218266	0.53991781734
32.4075	280.1507	-520.539992	13	1.0	0.0
32.4321	280.1382	-520.466534	13	1.0	0.199364705194
20.7221	262.5467	-514.85105	2	1.0	0.0496736485313
29.819	273.964	-505.567841	4	1.0	0.180470494552
29.93	273.9726	-505.507734	4	0.249743874939	0.750256125061
29.8226	273.9453	-505.438012	4	1.0	0.112396076776
32.4142	280.1694	-505.379839	13	1.0	0.134615234382
29.8006	273.98	-505.361538	4	1.0	0.0
29.8057	274.0153	-505.290425	4	1.0	0.0934551858308
29.8449	273.9852	-505.195709	4	0.906272782835	0.0937272171648
30.1385	272.9463	-503.78087	5	1.0	0.190525754543
30.0623	272.9594	-503.716653	5	1.0	0.175776341313
30.0798	272.9995	-503.641629	5	1.0	0.0
30.0901	272.9623	-503.630313	5	1.0	0.0
30.0923	272.9982	-503.475179	5	1.0	0.0
30.0882	273.0012	-503.320224	5	1.0	0.0
29.5688	271.4001	-499.663667	7	0.967540572911	0.032459427089
29.6233	271.3446	-499.592646	7	0.983051148038	0.016948851962
29.6686	271.3871	-499.462075	7	0.587718879362	0.412281120638
28.8112	269.416	-495.685364	19	0.384249367193	0.615750632807
20.7628	262.707	-495.543233	2	0.282871709055	0.717128290945
29.8244	273.9113	-481.426814	4	1.0	0.136819074392
30.0808	272.923	-479.103641	5	0.714953334096	0.285046665904
30.075	272.8969	-479.040591	5	0.435646815978	0.564353184022
29.82	273.9736	-478.689449	4	0.910545327543	0.089454672457
29.7747	273.9326	-478.393599	4	1.0	0.0
29.8386	273.9474	-478.297652	4	1.0	0.0223749772279
29.7877	273.9272	-478.235017	4	1.0	0.0
24.8474	281.3416	-475.060606	-1	0.0	0.0350580419879
24.795	281.2985	-474.958156	-1	0.0	0.00976236677984
29.8056	273.906	-472.279677	4	1.0	0.0
32.4173	280.1504	-469.004019	13	1.0	0.0
32.3991	280.1536	-468.91728	13	1.0	0.0
29.7486	274.0552	-466.534957	4	0.409710886337	0.590289113663
20.7101	262.5447	-466.283752	2	1.0	0.0
29.7568	274.1458	-466.192918	4	0.162275062191	0.837724937809
20.8059	262.5683	-466.033459	2	0.649478699851	0.350521300149
20.7603	262.615	-463.843059	2	0.766029476989	0.233970523011
32.8767	281.0013	-454.651199	17	1.0	0.0
32.9412	280.9757	-454.587189	17	0.973842964659	0.0261570353413
32.9415	280.998	-454.54138	17	1.0	0.0
28.8668	269.7839	-449.769222	14	0.817313740706	0.182686259294
28.8449	269.7971	-449.700574	14	0.863416312073	0.136583687927
28.7651	269.8648	-449.60009	14	0.218401048212	0.781598951788
21.777	277.6562	-447.063925	9	0.451715146291	0.548284853709
32.5369	280.1442	-438.718381	13	0.38290361439	0.61709638561
32.4389	280.1688	-438.650085	13	1.0	0.134615234382
32.4542	280.1602	-438.58668	13	1.0	0.323974909226
29.8021	273.891	-438.491298	4	1.0	0.0204968607277
29.829	273.8321	-438.368084	4	0.608230941536	0.391769058464
30.1333	272.9546	-434.865459	5	1.0	0.0
30.0404	272.8826	-434.797715	5	0.299270716019	0.700729283981
30.0734	272.9472	-434.759839	5	1.0	0.0239917832643
30.0697	272.9402	-434.730254	5	1.0	0.156647025483
29.8544	273.9746	-431.766983	4	0.784339694976	0.215660305024
29.8324	273.9995	-431.669146	4	0.716044549088	0.283955450912
29.8124	273.9445	-431.558987	4	1.0	0.0523408796169
29.8437	273.9518	-431.29676	4	1.0	0.00089360262944
29.4952	272.2202	-430.902229	6	0.882812110429	0.117187889571
29.4898	272.2278	-430.643176	6	1.0	0.493711383222
29.439	272.2304	-430.539844	6	1.0	0.422439829909
20.6862	262.5918	-423.556951	2	0.494062482241	0.505937517759
20.6709	262.5201	-423.49591	2	0.448979254799	0.551020745201
20.7722	262.6284	-423.353914	2	0.766029476989	0.233970523011
20.7438	262.6183	-422.866174	2	0.747818612431	0.252181387569
20.7428	262.6198	-422.686708	2	0.757885035436	0.242114964564
32.4094	280.1027	-418.370123	13	0.905296272088	0.0947037279115
29.046	268.8646	-413.405343	10	1.0	0.0
29.0578	268.9006	-413.363693	10	1.0	0.0
29.1393	268.8664	-413.245727	10	1.0	0.0
20.7496	262.57	-413.014871	2	1.0	0.0
29.6094	271.4046	-409.107085	7	0.946074391789	0.0539256082114
29.5662	271.4682	-409.076522	7	0.611687539979	0.388312460021
29.7868	274.0101	-407.570425	4	1.0	0.0
29.7978	273.9089	-407.474856	4	1.0	0.0
29.8086	273.94	-406.80396	4	1.0	0.0131711261384
29.8363	273.9882	-397.420167	4	0.906272782835	0.0937272171648
29.8573	273.9689	-397.016433	4	0.697725258634	0.302274741366
29.8086	274.0301	-396.725311	4	1.0	0.130336186206
32.014	280.385	-391.460702	16	1.0	0.0
20.7691	262.5811	-389.356967	2	0.864681535533	0.135318464467
20.7483	262.6189	-389.326166	2	0.766029476989	0.233970523011
20.7628	262.6054	-389.301026	2	0.766029476989	0.233970523011
20.7253	262.543	-388.917457	2	1.0	0.0
20.6819	262.4931	-388.747676	2	0.438554910248	0.561445089752
28.8199	269.39	-382.609797	-1	0.0	0.220633776973
28.7929	269.4378	-382.562132	20	1.0	0.0
20.7165	262.6004	-382.469816	2	0.650106879759	0.349893120241
32.3907	280.1619	-373.644382	13	1.0	0.142873650668
32.4174	280.1411	-373.599894	13	1.0	0.0
28.867	269.7578	-370.186146	14	1.0	0.0
28.8494	269.7815	-369.557547	14	0.895036240331	0.104963759669
30.0749	272.9534	-369.342588	5	1.0	0.00626698590437
28.7204	269.8633	-369.331841	14	0.161005156524	0.838994843476
30.0741	272.9683	-369.294292	5	1.0	0.0
30.0978	272.9502	-369.236467	5	1.0	0.0
28.8594	269.7873	-369.18592	14	1.0	0.0
30.1019	272.9507	-369.184088	5	1.0	0.0
20.7561	262.6369	-368.820029	2	0.645416529926	0.354583470074
31.9445	280.0857	-366.574911	15	1.0	0.331191821389
29.6148	271.4921	-364.172396	7	0.611687539979	0.388312460021
29.8119	273.8406	-363.170208	4	0.529835988594	0.470164011406
29.7997	273.91	-363.070358	4	1.0	0.0
29.7836	273.8628	-363.004864	4	1.0	0.0
32.9039	281.0096	-362.520098	17	1.0	0.0
32.9549	280.9969	-362.311614	17	0.917476021411	0.082523978589
32.864	280.9829	-362.186752	17	1.0	0.0
20.7696	262.6263	-359.217939	2	0.766029476989	0.233970523011
32.4375	280.1217	-347.120436	13	1.0	0.404538897305
32.441	280.1028	-347.022581	13	0.649123476934	0.350876523066
29.8003	273.949	-344.603407	4	1.0	0.179159923437
20.643	262.5848	-332.050015	2	0.309301423955	0.690698576045
29.7773	273.9687	-331.29297	4	1.0	0.0110162289928
29.8601	273.985	-331.231979	4	0.745820324903	0.254179675097
20.7986	262.6608	-330.924832	2	0.360320409917	0.639679590083
29.8057	273.9076	-330.000293	4	1.0	0.0279893024552
28.7563	269.3167	-325.247417	19	1.0	0.0
28.7744	269.3329	-324.928502	19	1.0	0.290276953759
20.7084	262.5163	-323.710299	2	0.694398759086	0.305601240914
29.808	273.874	-317.253386	4	0.907483480046	0.0925165199536
29.8971	273.8948	-316.990649	4	0.267560443341	0.732439556659
32.4368	280.1215	-314.649683	13	1.0	0.403444453848
32.0191	280.3675	-314.110552	16	0.596932786386	0.403067213614
15.6291	265.8822	-313.216256	0	0.587694914162	0.412305085838
30.1269	272.9112	-311.04334	5	0.49602804955	0.50397195045
30.0717	272.9795	-310.927406	5	0.950609967067	0.0493900329331
30.0852	273.0085	-310.822409	5	1.0	0.0
30.0868	273.0439	-310.74646	5	0.496198882135	0.503801117865
29.1446	269.3275	-309.321884	-1	0.0	0.538336166685
29.7896	273.8996	-303.277011	4	1.0	0.058182624083
29.7303	273.9086	-302.871916	4	1.0	0.122916968713
20.9691	263.1926	-293.393902	1	1.0	0.0
20.9071	263.1741	-293.34526	1	0.499045700503	0.500954299497
29.7746	273.9654	-291.471069	4	1.0	0.0
32.397	280.1265	-291.136364	13	0.934686520526	0.0653134794736
28.8404	269.7544	-287.233613	14	0.800657291191	0.199342708809
28.839	269.8187	-286.484521	14	0.652737090615	0.347262909385
28.7778	269.4598	-283.414344	20	1.0	0.0
28.7932	269.4602	-282.631969	20	1.0	0.0
28.7773	269.4601	-282.487457	20	1.0	0.0
20.7342	262.5307	-275.662103	2	0.90429138349	0.0957086165097
20.7417	262.5565	-275.627809	2	1.0	0.471398620295
20.7457	262.5689	-275.467304	2	1.0	0.0
20.7107	262.5434	-275.298036	2	1.0	0.0
29.8134	274.0446	-274.979722	4	0.841396898764	0.158603101236
29.8055	273.9912	-274.91751	4	1.0	0.0607038565352
29.8061	274.0475	-274.83211	4	0.908739152004	0.0912608479961
29.8134	274.0366	-274.777403	4	1.0	0.0871467938701
29.8032	274.0093	-274.321469	4	1.0	0.0
28.7694	269.3318	-274.09517	19	1.0	0.25026431354
29.802	274.0317	-273.868649	4	1.0	0.0871467938701
29.7474	273.9444	-266.989386	4	1.0	0.107772034276
29.8689	273.9524	-258.822706	4	0.722675109695	0.277324890305
28.7569	269.5961	-257.319119	21	1.0	0.0
32.0184	280.3893	-256.491447	16	1.0	0.0
32.0497	280.403	-256.457656	16	1.0	0.00639310904459
18.7735	274.5727	-254.544713	-1	0.0	0.132776710601
20.7743	262.5991	-252.50599	2	0.81605735082	0.18394264918
20.7614	262.5899	-252.41558	2	0.81605735082	0.18394264918
20.7177	262.5405	-252.387527	2	1.0	0.0
20.7335	262.5941	-252.347891	2	0.769478548299	0.230521451701
30.1235	272.9579	-247.448502	5	1.0	0.0661967616236
30.0777	272.9372	-247.389509	5	1.0	0.0600052893078
29.7787	273.8902	-246.681106	4	1.0	0.00896518429186
31.9015	280.0603	-243.664807	15	1.0	0.0
31.9266	280.0929	-243.278211	15	1.0	0.217197123793
29.0141	270.7969	-241.343162	-1	0.0	0.153582294527
15.6202	265.7706	-235.348915	0	1.0	0.0
20.7697	262.665	-233.521492	2	0.420112590047	0.579887409953
29.1073	268.9228	-226.396862	10	1.0	0.0
32.035	280.4132	-225.662859	16	1.0	0.400643862339
32.0195	280.3942	-225.62173	16	1.0	0.0
32.0669	280.4153	-225.572305	16	0.78330056905	0.21669943095
32.0206	280.5129	-225.530101	16	0.319771528592	0.680228471408
32.0324	280.4567	-225.434348	16	0.838450440439	0.161549559561
29.844	273.8903	-223.29024	4	0.657877198101	0.342122801899
29.7864	273.912	-223.149099	4	1.0	0.0890392072883
28.8272	269.771	-208.219404	14	0.748719186213	0.251280813787
28.819	269.7286	-208.142636	14	0.457506586526	0.542493413474
28.8891	269.7386	-208.039267	14	0.645486462418	0.354513537582
28.842	269.8031	-207.573488	14	0.863416312073	0.136583687927
29.4331	272.1302	-206.863493	6	1.0	0.131656196805
29.7768	273.9046	-206.519411	4	1.0	0.180818229677
29.414	272.0981	-206.429915	6	1.0	0.352780916136
29.3793	272.1326	-206.253719	6	1.0	0.291267768207
20.8045	262.5971	-205.92278	2	0.732916914381	0.267083085619
20.7956	262.5971	-205.839664	2	0.78256083261	0.21743916739
20.8004	262.5977	-205.754931	2	0.797292701241	0.202707298759
29.5995	271.3699	-198.746416	7	1.0	0.0
29.5393	271.4163	-198.573899	7	0.958776071766	0.0412239282343
29.5364	271.4282	-198.562266	7	0.768116335701	0.231883664299
29.7378	271.3454	-198.562136	7	0.341614616967	0.658385383033
29.5364	271.414	-198.4449	7	0.967540572911	0.032459427089
29.5556	271.4334	-198.364207	7	0.992205018002	0.00779498199775
28.7537	269.005	-195.426828	10	0.315404027165	0.684595972835
20.8057	262.69	-195.399121	2	0.376322008713	0.623677991287
28.7205	269.5406	-194.987152	21	0.946901096955	0.0530989030449
29.7802	273.8852	-194.469797	4	1.0	0.024431367044
29.749	273.8786	-194.334618	4	1.0	0.0
29.7449	273.9076	-194.228912	4	1.0	0.0
29.7468	273.9063	-194.200013	4	1.0	0.0
29.7473	273.9025	-194.172346	4	1.0	0.0
29.7687	273.9239	-194.024141	4	1.0	0.0861742926308
30.0214	273.769	-193.786524	4	0.106983204779	0.893016795221
32.0566	280.3478	-192.674683	16	0.42943745408	0.57056254592
32.0741	280.2791	-192.399303	16	0.229543509468	0.770456490532
32.0446	280.3393	-192.341969	16	0.39587303329	0.60412696671
20.7003	262.5415	-186.789688	2	1.0	0.274062821883
32.4258	280.1937	-185.779239	13	1.0	0.200227265347
32.4287	280.1984	-185.731139	13	1.0	0.200227265347
32.4203	280.1822	-185.665652	13	1.0	0.200227265347
29.9567	273.6531	-185.161518	4	0.120137821959	0.879862178041
29.9294	273.6892	-184.945248	4	0.120137821959	0.879862178041
30.0973	272.9406	-181.244488	5	1.0	0.0
30.0791	272.9791	-180.789204	5	1.0	0.228673778377
20.9567	263.2331	-179.956516	1	0.961247779753	0.038752220247
16.0922	271.0325	-178.320832	3	1.0	0.0
16.1304	271.0346	-178.258543	3	0.906075908168	0.0939240918325
16.0991	271.0276	-178.089273	3	1.0	0.0
28.7773	269.31	-176.497693	19	0.922325784244	0.0776742157557
28.8173	269.3368	-176.453075	-1	0.0	0.00771370220282
28.7457	269.3378	-176.392034	19	0.924481960335	0.0755180396646
28.7863	269.3234	-176.297642	19	0.882270600225	0.117729399775
30.4387	280.8246	-174.406134	-1	0.0	0.377900875132
29.7508	273.9748	-172.852211	4	0.961598356477	0.0384016435234
15.6508	265.7801	-170.155583	0	1.0	0.0
32.5853	280.3259	-167.661908	12	0.41064001339	0.58935998661
29.8005	273.9487	-167.127352	4	1.0	0.0331680907831
20.8058	262.4648	-166.390772	2	0.220900339389	0.779099660611
29.7774	274.0822	-155.116842	4	0.393403088097	0.606596911903
29.7747	274.0423	-155.015522	4	0.704328489549	0.295671510451
28.9215	269.5534	-153.399407	-1	0.0	0.541968982917
28.8717	269.7545	-153.218482	14	0.976782930481	0.0232170695194
28.8244	269.7746	-153.141317	14	0.628783569384	0.371216430616
29.7445	273.8873	-148.930508	4	1.0	0.0892051438136
29.7598	273.9241	-148.188656	4	1.0	0.0
15.6326	265.869	-140.506135	0	0.585076930839	0.414923069161
29.5064	272.0918	-137.750192	6	0.90828463669	0.0917153633102
29.4693	272.0942	-137.624216	6	1.0	0.313571457383
20.982	263.2354	-133.042805	1	0.95436916157	0.0456308384301
20.9169	263.1624	-132.98314	1	0.531441704487	0.468558295513
28.8204	269.5345	-130.85584	21	0.977749349913	0.0222506500873
28.7941	269.5756	-130.729551	21	1.0	0.0466743697678
28.8262	269.4574	-130.686811	-1	0.0	0.029671113378
28.7967	269.5431	-130.633626	21	1.0	0.0903105883908
31.9535	280.0994	-127.713638	15	1.0	0.0
31.9524	280.1123	-127.543804	15	1.0	0.208944440265
31.908	280.1148	-127.464289	15	1.0	0.0458694912379
29.7605	273.8621	-114.254301	4	1.0	0.015351555635
29.772	273.9463	-114.228245	4	1.0	0.0838001467665
29.7321	273.8885	-113.447783	4	1.0	0.0188723123074
15.6389	265.8587	-107.261802	0	0.587694914162	0.412305085838
28.7391	269.4031	-105.160551	-1	0.0	0.0177188354913
28.7464	269.3846	-105.021274	19	0.528157044862	0.471842955138
28.8604	269.7676	-100.505369	14	1.0	0.0
28.853	269.8155	-100.460718	14	0.626400379117	0.373599620883
30.1328	272.9626	-100.416791	5	0.940617510902	0.0593824890984
28.8689	269.8617	-99.932046	14	0.230065979108	0.769934020892
28.7886	270.2547	-96.167617	-1	0.0	0.422864581101
16.0606	270.9231	-95.439508	3	0.791968820787	0.208031179213
16.0496	270.9354	-95.370572	3	0.989861701683	0.0101382983173
29.831	273.9626	-94.741121	4	1.0	0.00348304856292
29.8018	273.9208	-94.661804	4	1.0	0.0315329435735
32.0565	280.434	-91.273985	16	0.94680411494	0.0531958850599
28.386	269.1582	-88.941838	-1	0.0	0.0276237940568
28.5179	268.932	-88.941824	-1	0.0	0.05019495134
28.777	269.5861	-86.718856	21	1.0	0.0
28.775	269.5833	-86.610813	21	1.0	0.0
32.0831	280.1203	-83.768763	15	0.234009706663	0.765990293337
31.9649	280.1059	-83.680674	15	1.0	0.22964356773
31.9215	280.218	-83.570677	15	0.24216544105	0.75783455895
31.9427	280.1041	-83.570669	15	1.0	0.0
31.9306	280.1093	-83.456703	15	1.0	0.201170656031
31.764	280.1397	-83.287147	15	0.318354334072	0.681645665928
29.7752	273.9135	-80.170622	4	1.0	0.0622774480514
20.7485	262.5728	-78.864174	2	1.0	0.0
20.7485	262.5844	-78.786653	2	1.0	0.0
20.7532	262.6383	-78.413823	2	0.719443955325	0.280556044675
29.7922	274.0224	-78.106958	4	1.0	0.0
29.7808	274.0166	-78.081887	4	0.966385280493	0.0336147195067
29.793	274.0243	-78.020371	4	1.0	0.0
29.8052	273.9946	-77.583904	4	1.0	0.283285501645
32.4454	280.1693	-71.935685	13	1.0	0.266636252182
32.4539	280.1917	-71.871037	13	0.996292952836	0.00370704716362
32.4033	280.1973	-71.709906	13	1.0	0.343793394376
32.3979	280.1769	-71.654722	13	1.0	0.343793394376
20.9756	263.2339	-71.391471	1	0.998293204169	0.0017067958313
29.7771	273.9447	-60.466816	4	1.0	0.0
29.8257	273.9126	-60.392999	4	1.0	0.114594000386
29.7662	273.9089	-60.354628	4	1.0	0.0417859120271
29.7806	273.9127	-60.317537	4	1.0	0.080426278051
29.8137	273.8991	-60.235561	4	1.0	0.132006142362
20.658	262.5408	-59.440341	2	0.527008328022	0.472991671978
32.9956	281.1299	-57.405496	-1	0.0	0.395173878627
32.9726	281.1196	-57.299745	-1	0.0	0.29072891384
28.7133	269.2829	-56.684263	19	0.482999635385	0.517000364615
29.4645	272.1526	-53.650165	6	1.0	0.0838319659815
29.4355	272.1597	-53.578418	6	1.0	0.0
32.068	280.5853	-53.572291	-1	0.0	0.0185367061854
32.0378	280.4322	-53.434577	16	1.0	0.0
29.4032	272.1888	-53.132027	6	1.0	0.337120856699
20.7647	262.5595	-53.048487	2	0.900361279475	0.0996387205254
31.9151	280.0643	-44.747495	15	1.0	0.0
31.878	280.0796	-44.664865	15	0.905764025719	0.0942359742812
29.8424	273.9872	-42.09564	4	0.906272782835	0.0937272171648
29.851	274.0127	-42.042446	4	0.617828565589	0.382171434411
29.7996	274.02	-41.903995	4	1.0	0.0
29.7982	273.9731	-41.863942	4	1.0	0.296675102921
32.8071	280.9168	-40.081731	18	0.208198598949	0.791801401051
29.7775	273.806	-36.39764	4	0.301246696078	0.698753303922
20.7338	262.4302	-36.150074	2	0.209461246459	0.790538753541
32.0289	280.4383	-33.148371	16	1.0	0.186365642922
32.0256	280.4276	-33.073722	16	1.0	0.0
20.7826	262.6198	-26.234688	2	0.667283499116	0.332716500884
20.7602	262.5753	-26.084379	2	1.0	0.0
32.4599	280.2208	-25.163256	13	1.0	0.281449566332
28.8137	269.5287	-22.627333	21	1.0	0.0
28.7644	269.5517	-22.561954	21	1.0	0.0336577787163
28.763	269.5662	-22.465522	21	1.0	0.213533275479
28.7563	269.5349	-22.293542	21	1.0	0.0
28.8064	270.3011	-22.204368	-1	0.0	0.484661588613
20.9759	263.1906	-17.278665	1	1.0	0.0
20.9704	263.2178	-17.131242	1	0.998293204169	0.0017067958313
20.958	263.1804	-17.063264	1	1.0	0.0
28.7609	269.3177	-15.291474	19	1.0	0.0
28.7548	269.3502	-15.22319	19	0.626744226224	0.373255773776
28.7594	269.3295	-15.171792	19	1.0	0.121752676122
28.7662	269.3209	-15.120879	19	1.0	0.0
28.7217	269.3375	-15.098255	19	1.0	0.0
28.7576	269.3374	-15.041059	19	1.0	0.217332501758
31.9444	280.1015	-14.46131	15	1.0	0.0
31.9109	280.066	-14.418451	15	1.0	0.0
31.9186	280.0435	-14.368943	15	0.789904140353	0.210095859647
23.728	279.5007	-7.677763	8	1.0	0.0
29.8078	273.9282	-6.886936	4	1.0	0.0670501186403
29.8308	273.8225	-6.841542	4	0.497259616972	0.502740383028
29.6977	274.0531	-6.831817	4	0.212444431644	0.787555568356
29.7806	273.9891	-6.80011	4	1.0	0.0133107747252
29.7837	273.9617	-6.758878	4	1.0	0.0370709748675
29.48	272.1197	-6.68001	6	1.0	0.240247331314
29.7844	274.0024	-6.674553	4	1.0	0.0
29.4372	272.2047	-6.31812	6	1.0	0.422439829909
32.5854	280.4006	-5.12353	12	0.365412993225	0.634587006775
20.7197	262.5565	-2.210021	2	1.0	0.0677903062634
20.72	262.5575	-2.16858	2	1.0	0.175004410192
29.7556	273.9178	-0.3935	4	1.0	0.0
29.5618	271.3639	-3.1e-05	7	0.962171225644	0.0378287743562
29.7605	273.9328	0.353324	4	1.0	0.0367766348563
32.1411	280.3717	2.150696	16	0.258149835942	0.741850164058
32.0198	280.4238	2.26094	16	1.0	0.0
32.0123	280.4137	2.323935	16	1.0	0.317091275392
32.0147	280.3755	2.428719	16	0.842718444388	0.157281555612
32.1258	280.4058	2.428792	16	0.35447498856	0.64552501144
31.92	280.103	7.393496	15	1.0	0.0174537056026
20.7114	262.5514	9.213852	2	1.0	0.0677903062634
29.7281	273.9108	9.883455	4	0.899330463986	0.100669536014
29.7982	273.985	18.025546	4	1.0	0.0
28.7689	269.5908	18.751934	21	1.0	0.0
28.827	269.6153	18.87128	-1	0.0	0.20055461656
28.7517	269.3204	22.503087	19	1.0	0.0
29.0169	270.8814	23.68184	-1	0.0	0.127801659571
29.8058	273.9004	29.145847	4	1.0	0.0129794756734
29.8023	273.8899	29.180497	4	1.0	0.0391136842774
29.7576	273.9087	29.743195	4	1.0	0.0
29.7526	273.9233	29.989136	4	1.0	0.0
32.4218	280.1544	31.504142	13	1.0	0.0
29.4291	271.9428	39.25727	6	1.0	0.0627841888255
32.0149	280.422	39.281923	16	1.0	0.0
29.4088	272.0253	39.318234	6	1.0	0.446385693458
32.0058	280.4282	39.363874	16	1.0	0.160476991328
31.9854	279.896	43.872786	-1	0.0	0.347864271458
31.9453	280.1005	43.872855	15	1.0	0.0
31.907	280.1059	43.912351	15	1.0	0.0826430459942
31.9066	280.0883	44.222045	15	1.0	0.437591400117
28.7033	269.3417	44.472329	19	1.0	0.0
28.739	269.3159	44.508787	19	1.0	0.243444234934
28.7288	269.3479	44.588728	19	0.843484559401	0.156515440599
29.8544	273.9599	46.024301	4	1.0	0.0167608260987
29.7861	273.9426	46.05295	4	1.0	0.0
29.8041	273.9319	46.076224	4	1.0	0.0577879840784
29.8477	273.9542	46.120705	4	1.0	0.0890651803994
29.7922	273.9869	46.190872	4	1.0	0.0
29.7973	273.9859	46.248668	4	1.0	0.0
29.8248	273.9848	46.321865	4	0.906272782835	0.0937272171648
29.8268	273.9513	46.382999	4	1.0	0.0277862892258
29.8259	273.966	46.46311	4	1.0	0.0133191060377
29.7921	274.0079	46.761014	4	1.0	0.0
29.4261	272.162	51.886844	6	1.0	0.0
29.4383	272.122	52.063659	6	1.0	0.100418569891
29.4036	272.1361	52.402868	6	1.0	0.0355161967488
20.7205	262.5528	56.950306	2	1.0	0.0496736485313
20.7257	262.5315	57.032818	2	1.0	0.384793008061
28.7948	269.6151	60.273721	-1	0.0	0.0437550912243
28.7556	269.5362	60.647602	21	1.0	0.0
29.8125	273.9272	60.973841	4	1.0	0.0711201483084
29.7635	273.9302	61.012873	4	1.0	0.0
29.7842	273.8986	61.090917	4	1.0	0.0661251326306
29.7354	273.8995	61.158668	4	1.0	0.0411552266747
29.7607	273.8835	61.422974	4	1.0	0.00756038698303
29.8107	273.9555	61.425777	4	1.0	0.0
23.6774	279.5493	64.30778	8	1.0	0.0
30.0432	273.0688	64.963979	5	0.401030068547	0.598969931453
30.0776	273.1656	65.466077	5	0.144240091739	0.855759908261
20.977	263.2046	66.141377	1	1.0	0.0
20.9888	263.2187	66.422132	1	0.95436916157	0.0456308384301
32.0164	280.4237	74.51375	16	1.0	0.0
31.9985	280.3966	74.561294	16	0.875064294986	0.124935705014
28.6989	269.3409	75.043017	19	0.941688801191	0.0583111988086
29.8155	273.9527	75.539744	4	1.0	0.135430561741
29.7925	273.9974	75.574196	4	1.0	0.0472792735484
20.7262	262.4982	80.320322	2	0.722157745178	0.277842254822
20.7364	262.5291	80.655911	2	0.797808259803	0.202191740197
32.8672	280.976	82.282601	17	0.973842964659	0.0261570353413
29.8161	273.912	89.664806	4	1.0	0.0752135924379
29.857	273.931	89.684589	4	0.473991914929	0.526008085071
29.8222	273.9201	89.706869	4	1.0	0.0711201483084
29.8754	273.7389	90.71837	4	0.120137821959	0.879862178041
29.7992	273.9136	90.718404	4	1.0	0.0651720658213
29.8017	273.8597	90.955307	4	0.822138316684	0.177861683316
28.7113	269.341	99.941625	19	1.0	0.0
29.7377	273.8837	100.749928	4	1.0	0.0
29.7584	273.8519	100.940525	4	1.0	0.00550430742743
29.7749	273.8751	101.268883	4	1.0	0.00654317587802
33.3132	281.9275	101.884147	11	1.0	0.0
28.7485	269.5461	105.643569	21	1.0	0.0
28.7799	269.5398	105.792367	21	1.0	0.0
28.7442	269.5447	105.853362	21	1.0	0.0
28.788	269.5247	106.028394	21	1.0	0.0
32.0793	280.4343	106.81722	16	0.648892740006	0.351107259994
32.0292	280.3946	106.835561	16	1.0	0.0
15.7391	265.7734	107.396405	0	0.749754202233	0.250245797767
29.9062	273.9058	112.743936	4	0.268993036944	0.731006963056
29.7736	274.0004	112.803818	4	0.875135810111	0.124864189889
32.8358	280.7849	113.639534	18	0.405628807974	0.594371192026
30.0567	273.0257	116.760131	5	0.78147609189	0.21852390811
30.0625	272.9972	116.779825	5	1.0	0.24362208814
30.0423	273.0058	116.832869	5	0.814380807878	0.185619192122
29.5107	272.1515	119.334394	6	1.0	0.428604766937
20.7095	262.5699	120.420619	2	0.65932037153	0.34067962847
29.0557	271.1176	130.815374	7	0.0589291878097	0.94107081219
29.1522	269.3198	131.023856	-1	0.0	0.550026593687
29.1661	269.3267	131.064792	-1	0.0	0.566813536078
33.2758	281.9279	131.389265	11	1.0	0.0
28.7156	269.3206	132.916942	19	0.733324697003	0.266675302997
28.7254	269.3259	132.98469	19	1.0	0.0
29.8066	273.9496	137.820034	4	1.0	0.0351628442666
29.8503	274.0178	137.85683	4	0.692948588128	0.307051411872
29.7968	273.9231	137.941252	4	1.0	0.0
29.8034	273.8851	138.547851	4	1.0	0.239717369322
32.4281	280.2471	139.369808	13	1.0	0.0516542077811
32.5546	280.3749	141.762421	12	0.680733625769	0.319266374231
32.8037	280.8109	141.853223	18	0.761697343598	0.238302656402
32.7746	280.8059	141.902086	18	0.561057026091	0.438942973909
28.8386	269.7648	143.125743	14	1.0	0.0
28.8689	269.7595	143.190067	14	1.0	0.0
28.8618	269.7243	143.246071	14	0.558179037692	0.441820962308
28.8652	269.7489	143.308982	14	0.898812204458	0.101187795542
28.8289	269.7986	143.366834	14	0.657666076366	0.342333923634
32.0228	280.4324	146.444666	16	1.0	0.0
31.9936	280.4205	146.508822	16	1.0	0.359823783699
32.0758	280.4559	146.539049	16	0.64156847658	0.35843152342
29.8185	273.9064	147.617759	4	1.0	0.0782865281632
29.7975	273.964	147.677939	4	1.0	0.156114703559
29.8087	273.9617	147.737129	4	1.0	0.0831295935492
31.9958	280.2892	147.801414	16	0.275868265697	0.724131734303
16.0213	270.9833	151.356969	3	0.989861701683	0.0101382983173
29.5953	271.4329	151.583001	7	0.919683548175	0.0803164518253
29.6576	271.4857	151.746606	7	0.485032486503	0.514967513497
31.9159	280.1141	154.310118	15	1.0	0.201170656031
31.9039	280.2178	154.366914	15	0.234630293807	0.765369706193
31.9269	280.1034	154.448155	15	1.0	0.168373334601
31.978	280.1258	154.500421	15	0.603414026565	0.396585973435
31.8798	280.0327	154.679922	15	0.595947156752	0.404052843248
20.7691	262.5541	161.136127	2	0.784880856732	0.215119143268
20.7251	262.5147	161.396388	2	1.0	0.410743811991
32.5035	280.2152	167.685514	13	0.664758835846	0.335241164154
29.7114	273.8059	167.942845	4	0.277177861082	0.722822138918
29.7051	273.8312	168.268097	4	0.375603058243	0.624396941757
32.8444	280.8573	171.148495	18	0.848238052689	0.151761947311
32.8197	280.8513	171.194478	18	0.986793074067	0.0132069259334
15.6354	265.9271	172.865508	0	0.587694914162	0.412305085838
32.8139	280.8131	175.223917	18	0.720225569016	0.279774430984
32.8295	280.8152	175.258177	18	0.570606589884	0.429393410116
32.7786	280.7922	175.286391	18	0.573488194054	0.426511805946
29.7612	273.9521	176.740537	4	1.0	0.0135942257356
29.7764	273.9314	176.82539	4	1.0	0.0
32.001	280.4524	181.469825	16	0.735566407124	0.264433592876
31.8932	280.1075	182.427036	15	1.0	0.0
29.8181	273.8866	185.379453	4	1.0	0.0183320843342
30.1086	272.9754	189.355804	5	1.0	0.228673778377
30.0975	273.0076	189.409424	5	1.0	0.0
28.7909	269.5466	189.512554	21	0.968756691759	0.0312433082405
30.125	272.9854	189.588195	5	0.752843775751	0.247156224249
29.7967	274.0447	190.627978	4	0.908739152004	0.0912608479961
29.7432	273.9848	190.71165	4	0.753335151461	0.246664848539
29.8829	273.9659	190.800037	4	0.56521498164	0.43478501836
29.8646	273.9483	191.004078	4	0.808004779161	0.191995220839
33.2861	281.8439	191.039139	11	0.488622694119	0.511377305881
33.3315	281.881	191.085203	11	0.861888021682	0.138111978318
32.0365	280.4365	193.338128	16	1.0	0.193997179737
32.0245	280.4522	193.428205	16	1.0	0.374216170013
21.8279	277.7342	194.83668	9	1.0	0.0
21.8596	277.8089	194.884478	9	0.223429108855	0.776570891145
21.8548	277.7498	194.91078	9	0.55872948185	0.44127051815
31.8365	280.0725	197.688134	15	0.712203799075	0.287796200925
31.8386	280.079	197.737441	15	0.889870829918	0.110129170082
29.5856	271.4648	202.41325	7	0.71685382324	0.28314617676
29.5868	271.424	202.507961	7	0.992205018002	0.00779498199775
29.6379	271.4572	202.584282	7	0.70026349892	0.29973650108
32.8388	280.86	202.995444	18	0.954088483147	0.0459115168535
32.9289	280.8185	203.028192	18	0.214786449258	0.785213550742
33.7061	279.3245	203.028617	-1	0.0	0.452445256248
32.8187	280.852	203.054517	18	0.954088483147	0.0459115168535
32.7965	280.8291	203.089679	18	0.908889409949	0.091110590051
29.7953	273.8803	204.480401	4	1.0	0.024431367044
29.7552	273.8558	205.288644	4	1.0	0.218265398339
29.7575	273.8973	205.320362	4	1.0	0.0292023943276
29.7325	273.8733	205.390077	4	0.964727014062	0.035272985938
29.7772	273.8644	205.536514	4	1.0	0.0
29.8328	273.8234	205.606319	4	0.500260403705	0.499739596295
32.4953	280.3741	208.131837	12	1.0	0.0
29.7416	273.8534	213.65138	4	0.754452936574	0.245547063426
29.7469	273.9489	213.737672	4	1.0	0.0199927457159
29.8172	273.8367	214.158033	4	0.608230941536	0.391769058464
29.8245	273.8674	214.527969	4	0.907483480046	0.0925165199536
29.813	273.9595	214.648918	4	1.0	0.0
32.4317	280.2212	215.716284	13	1.0	0.0936496104421
20.7131	262.5544	216.986441	2	1.0	0.0496736485313
20.6863	262.5544	217.120873	2	0.799337346012	0.200662653988
31.8968	280.0968	219.30676	15	1.0	0.0925930747545
29.4643	272.0452	221.546585	6	0.914337600142	0.085662399858
29.4346	272.0599	221.669835	6	1.0	0.446385693458
29.4305	272.0464	221.757399	6	1.0	0.446385693458
29.4484	272.116	222.28628	6	1.0	0.117478448452
28.7208	269.3656	222.90467	19	0.528157044862	0.471842955138
16.1071	270.9497	228.496747	3	0.89502997733	0.10497002267
28.7495	269.6159	230.789097	-1	0.0	0.00880401210126
28.7792	269.5818	230.84963	21	1.0	0.0
31.9593	280.1465	231.643125	15	0.468458717603	0.531541282397
31.8979	280.1063	231.831372	15	1.0	0.0
32.0344	280.4513	237.139231	16	1.0	0.404142476023
29.5761	271.3896	238.590943	7	0.942812443348	0.057187556652
32.9636	281.0959	245.122895	-1	0.0	0.122414278863
21.0377	262.5973	248.09319	2	0.108541807974	0.891458192026
15.6268	265.7728	256.509183	0	1.0	0.0
30.03	273.0099	263.380081	5	0.774956060171	0.225043939829
32.8288	280.8417	263.421547	18	0.870346660161	0.129653339839
32.7867	280.8325	263.479522	18	1.0	0.0
32.7854	280.8462	263.541268	18	1.0	0.0
30.0303	273.0486	263.60727	5	0.532703740097	0.467296259903
32.8427	280.8538	263.691789	18	0.953778443585	0.0462215564147
30.0325	273.0433	263.921327	5	0.633810447615	0.366189552385
29.7681	273.9604	266.720629	4	1.0	0.0
29.777	273.9253	266.789679	4	1.0	0.0
29.7896	273.935	266.845448	4	1.0	0.0310426055397
29.7776	273.9834	266.881001	4	0.903564362261	0.0964356377385
33.3402	281.9424	271.205134	11	1.0	0.0
28.7582	269.3158	273.044141	19	1.0	0.0
29.6399	271.3701	273.296722	7	0.913175611532	0.0868243884681
29.6105	271.4292	273.580356	7	0.91419971096	0.0858002890397
23.7616	279.6381	274.23961	8	0.969955619957	0.030044380043
28.4489	269.1135	278.643705	-1	0.0	0.619897637117
21.7718	277.6673	278.780206	9	0.487693683578	0.512306316422
21.8236	277.7156	278.930774	9	1.0	0.0
32.0597	280.4782	280.242578	16	0.479145348897	0.520854651103
32.0175	280.6082	280.295228	-1	0.0	0.285436920073
32.1033	280.5026	280.335278	16	0.319771528592	0.680228471408
28.8439	269.7088	281.281944	14	0.468090393671	0.531909606329
28.8527	269.7004	281.353928	14	0.392133795808	0.607866204192
32.4987	280.1834	283.600638	13	0.651387618332	0.348612381668
32.4505	280.1574	283.866569	13	1.0	0.214870546909
30.05	273.6444	285.606141	4	0.0837545308029	0.916245469197
15.6409	265.7295	286.731182	0	1.0	0.0
20.968	263.1763	287.077824	1	1.0	0.0
20.962	263.2318	287.129713	1	0.998293204169	0.0017067958313
20.9472	263.1807	287.185887	1	0.892231067947	0.107768932053
29.7348	273.8787	288.029476	4	1.0	0.102742303266
29.7858	273.8576	288.091134	4	1.0	0.00619803700443
29.7373	273.9114	288.182641	4	1.0	0.0434908214731
29.7279	273.8694	288.26568	4	0.688684809453	0.311315190547
29.4592	272.151	288.974269	6	1.0	0.0
29.3824	272.1573	289.084271	6	1.0	0.113832978927
28.781	269.5142	292.565212	21	1.0	0.0
28.7993	269.4957	292.589399	21	0.989430299835	0.0105697001651
21.0216	262.6663	296.646203	2	0.101196902721	0.898803097279
32.5192	280.3901	297.673694	12	0.719990799614	0.280009200386
31.8498	280.1425	298.299286	15	0.798710881165	0.201289118835
31.8781	280.1066	298.381623	15	1.0	0.151433772698
31.8306	280.0886	298.565725	15	0.889870829918	0.110129170082
31.8777	280.1303	298.709645	15	1.0	0.385031851819
20.7448	262.4912	298.789055	2	0.659541706136	0.340458293864
20.7384	262.505	298.829218	2	0.991409268367	0.00859073163273
20.7931	262.5734	298.895945	2	0.67398827688	0.32601172312
20.6911	262.4636	299.028983	2	0.299394229637	0.700605770363
20.7289	262.5214	299.155723	2	1.0	0.384793008061
20.7403	262.5143	299.297471	2	0.832396387872	0.167603612128
20.7305	262.5456	299.353275	2	1.0	0.29725203477
29.8147	274.0084	303.03209	4	1.0	0.0934551858308
29.7479	273.9798	303.080783	4	0.777745728271	0.222254271729
29.7602	274.0118	303.119657	4	0.681044458512	0.318955541488
28.7518	269.2998	310.458735	19	0.735718398618	0.264281601382
28.7069	269.3373	310.610376	19	1.0	0.0
32.8717	281.0441	313.134849	17	1.0	0.0
31.8524	280.1106	314.636822	15	1.0	0.453359802031
31.8925	280.1308	314.73367	15	1.0	0.281739571987
32.8026	280.8393	316.952128	18	1.0	0.0
33.3061	281.9054	318.423387	11	1.0	0.0
33.2953	281.9227	318.517588	11	1.0	0.0
29.7873	273.9231	321.909065	4	1.0	0.0
29.7562	273.9197	322.012836	4	1.0	0.0
29.7412	273.9217	322.049724	4	1.0	0.0540077141709
29.7604	273.975	322.17722	4	0.958781652911	0.0412183470894
29.6353	271.3946	328.169014	7	0.699651383066	0.300348616934
29.6303	271.4468	328.567925	7	0.71685382324	0.28314617676
30.0853	272.9811	328.692659	5	1.0	0.0797462970481
30.0337	273.0156	328.773951	5	0.708099656095	0.291900343905
32.7793	280.781	329.440178	18	0.405628807974	0.594371192026
31.9964	280.4855	330.670541	16	0.445461298744	0.554538701256
29.7537	273.9028	335.209609	4	1.0	0.0
29.7703	273.8717	335.289986	4	1.0	0.0380455087004
29.7511	273.9187	335.35359	4	1.0	0.0
29.7531	273.8995	335.463738	4	1.0	0.0493667054066
29.7641	273.8592	335.527268	4	1.0	0.218265398339
29.7784	273.8714	335.628811	4	1.0	0.0
29.7475	273.8927	335.904237	4	1.0	0.0411552266747
28.8104	269.5213	343.068943	21	1.0	0.0
28.8264	269.4135	343.068991	-1	0.0	0.129860654466
28.7863	269.6091	343.106539	21	0.909851893941	0.0901481060591
28.8063	269.5156	343.239979	21	1.0	0.0
29.8	274.0096	347.954991	4	1.0	0.0
29.826	274.0137	348.174696	4	0.75805105253	0.24194894747
28.7128	269.2985	351.091198	19	0.571016612227	0.428983387773
29.8024	273.9572	353.954279	4	1.0	0.0
29.7506	273.9461	354.03456	4	1.0	0.0199927457159
29.7834	273.9412	354.124878	4	1.0	0.0
29.7697	273.9354	354.46991	4	1.0	0.0
20.7166	262.4822	356.074029	2	0.538438268863	0.461561731137
20.6356	262.4082	356.122674	2	0.134770058208	0.865229941792
20.7213	262.5042	356.177651	2	0.856056349872	0.143943650128
29.3769	271.944	359.047389	6	1.0	0.0
32.8069	281.0035	359.363386	17	0.804258865048	0.195741134952
31.8501	280.068	361.557034	15	0.769036384847	0.230963615153
21.8163	277.6983	363.525112	9	1.0	0.0
29.444	272.1547	363.853357	6	1.0	0.0
29.4193	272.157	363.903153	6	1.0	0.0
29.4327	272.2562	363.960173	6	0.870077165048	0.129922834952
29.3901	272.1567	364.020289	6	1.0	0.00273898667492
31.9253	279.997	364.19466	15	0.388533542677	0.611466457323
32.8018	280.8469	372.566957	18	1.0	0.0
32.7936	280.8141	372.608879	18	0.908889409949	0.091110590051
33.3593	281.9492	376.136502	11	0.760481614518	0.239518385482
29.785	273.9394	376.845784	4	1.0	0.0
29.7922	273.9037	377.132298	4	1.0	0.0
29.831	273.9043	377.204231	4	0.934162229223	0.0658377707774
29.8019	273.9863	377.415785	4	1.0	0.0
29.8966	273.807	377.558054	4	0.192575974992	0.807424025008
29.8392	273.6534	377.588655	4	0.119397965525	0.880602034475
29.8734	273.7203	378.050727	4	0.120137821959	0.879862178041
29.7515	273.9535	383.488901	4	1.0	0.024881171819
29.7578	273.9613	383.584409	4	1.0	0.024881171819
29.7702	273.9984	383.656624	4	0.949111358373	0.0508886416274
29.7717	274.0281	383.725696	4	0.800731725571	0.199268274429
29.7545	273.9668	383.949867	4	1.0	0.0549102779398
29.7542	273.9928	384.134076	4	0.77687260791	0.22312739209
28.7225	269.3142	392.610942	19	0.760130019557	0.239869980443
28.6974	269.3709	392.6626	19	0.430396700595	0.569603299405
28.7093	269.3742	392.697743	19	0.443133620429	0.556866379571
31.8547	280.12	393.315103	15	0.94510315569	0.0548968443101
31.8893	280.1088	393.372869	15	1.0	0.0
29.6343	271.3617	398.738909	7	1.0	0.0
29.9293	271.1586	398.896178	7	0.0901786538273	0.909821346173
29.5769	271.3856	398.896197	7	1.0	0.0
29.7745	273.8786	398.948407	4	1.0	0.0674075095733
29.5849	271.3506	399.003281	7	1.0	0.0
29.7819	273.8665	399.333735	4	1.0	0.0
29.7878	273.8829	399.439825	4	1.0	0.217301409936
15.9998	271.0793	400.929059	3	0.723717137358	0.276282862642
16.0056	271.0335	400.99961	3	1.0	0.0
16.0179	271.0002	401.423492	3	1.0	0.0
29.8028	273.9386	407.784618	4	1.0	0.0577879840784
29.7716	273.956	408.500501	4	1.0	0.0
32.4337	280.2323	415.32336	13	1.0	0.0
32.4698	280.2466	415.400572	13	1.0	0.0
32.4907	280.2831	415.668151	13	0.530670736823	0.469329263177
20.9879	262.657	415.921677	2	0.117736210791	0.882263789209
21.0509	262.6316	416.138906	2	0.0933005876708	0.906699412329
31.8936	280.1469	428.953593	15	0.951004990579	0.0489950094207
31.8987	280.1406	428.993785	15	1.0	0.385031851819
31.8741	280.1354	429.037765	15	1.0	0.356957185186
31.8778	280.1208	429.076943	15	1.0	0.281739571987
29.7508	273.8788	431.157306	4	1.0	0.0
29.7188	273.858	431.289757	4	0.498004341633	0.501995658367
21.8029	277.7076	441.357067	9	1.0	0.0
21.8074	277.7327	441.423096	9	0.844123464117	0.155876535883
29.7628	273.9631	445.993267	4	1.0	0.0
29.8473	274.0213	446.027773	4	0.727600778099	0.272399221901
29.7945	274.0244	446.06734	4	1.0	0.0
29.7947	273.9633	446.13475	4	1.0	0.0510211169292
15.6867	265.6647	446.692576	0	0.416000696606	0.583999303394
29.1618	269.3656	447.362146	-1	0.0	0.560913349177
20.8319	262.5803	454.648982	2	0.535119996729	0.464880003271
15.6541	265.7481	456.648503	0	1.0	0.0
30.1621	273.1406	459.819151	5	0.147131591154	0.852868408846
28.7666	269.5042	463.805565	21	0.958027074792	0.0419729252078
30.4753	280.9076	469.526732	-1	0.0	0.379182870129
30.4605	280.8672	469.568963	-1	0.0	0.376812265295
32.5285	280.3472	474.591557	12	0.732522081748	0.267477918252
32.5232	280.3549	474.956909	12	1.0	0.0
28.8482	270.2703	476.405524	-1	0.0	0.44411319945
31.8227	280.0972	481.416872	15	0.822476812971	0.177523187029
32.4959	280.2382	483.640322	13	0.905830044434	0.0941699555659
28.772	269.3918	485.82199	19	0.411626228493	0.588373771507
28.7212	269.4021	485.888487	19	0.411626228493	0.588373771507
20.7903	262.5534	486.038925	2	0.594754051773	0.405245948227
29.7953	274.0921	486.356807	4	0.318188250685	0.681811749315
29.7844	274.0597	486.403786	4	0.601169832522	0.398830167478
29.7702	274.122	486.463835	4	0.262385128448	0.737614871552
29.7702	274.0776	486.544348	4	0.449125575314	0.550874424686
29.8262	274.0922	487.717085	4	0.302725247153	0.697274752847
32.027	280.5158	487.929699	16	0.339920880287	0.660079119713
29.7677	274.1398	488.016422	4	0.18142868266	0.81857131734
29.6182	271.3476	491.062275	7	1.0	0.0
29.6163	271.3316	491.149341	7	0.786964744993	0.213035255007
29.5766	271.3488	491.250239	7	0.904331182298	0.095668817702
32.4381	280.2375	495.99282	13	1.0	0.0
31.8412	280.0993	496.767291	15	0.889870829918	0.110129170082
16.0329	271.0119	499.613245	3	1.0	0.0
29.7728	273.9833	500.737659	4	0.894283441369	0.105716558631
20.9134	262.4901	503.95193	2	0.132274485706	0.867725514294
29.4286	271.9611	504.373903	6	1.0	0.0
29.4289	271.9597	504.430358	6	1.0	0.0
29.3488	271.9871	504.503365	6	1.0	0.0892879953225
29.3583	272.0248	504.597772	6	1.0	0.51060875616
29.3554	271.98	504.677213	6	1.0	0.0882836807557
29.4005	271.976	504.736158	6	1.0	0.0
29.3981	271.9765	504.841114	6	1.0	0.0
29.3622	272.0454	504.954155	6	1.0	0.501253821452
21.8317	277.7147	507.664005	9	1.0	0.0
29.7823	271.1627	510.143233	7	0.116032757163	0.883967242837
29.7159	271.1837	510.268837	7	0.138866719301	0.861133280699
29.7549	273.8784	510.840562	4	1.0	0.0
16.0817	270.8567	515.018087	3	0.536168821452	0.463831178548
29.7562	273.943	523.603772	4	1.0	0.121100469206
32.504	280.3617	524.889811	12	1.0	0.0
32.6027	280.351	524.987443	12	0.453562093327	0.546437906673
32.4538	280.252	526.522066	13	1.0	0.0516542077811
28.761	269.4473	526.554289	20	1.0	0.0
28.8018	269.5102	526.633076	21	1.0	0.0
32.4801	280.2561	526.652181	13	1.0	0.241107401903
20.8073	262.5832	529.938384	2	0.797292701241	0.202707298759
29.8034	273.9373	535.502709	4	1.0	0.0794512383696
29.782	273.9362	535.68729	4	1.0	0.0
29.7886	273.9262	536.305231	4	1.0	0.0
33.2923	281.2405	537.194638	-1	0.0	0.782970376305
33.2558	281.9494	539.464091	11	0.80755436223	0.19244563777
32.4516	280.2454	540.722422	13	1.0	0.0
32.4458	280.2191	540.760613	13	1.0	0.199819709443
32.4551	280.2455	540.796456	13	1.0	0.0
28.7256	269.2822	546.414312	19	0.585508166889	0.414491833111
28.7512	269.2826	546.492901	19	0.585508166889	0.414491833111
28.7579	269.2892	546.743952	19	0.537292756905	0.462707243095
29.5715	271.4948	550.264754	7	0.446846737881	0.553153262119
32.7979	280.8365	551.556647	18	1.0	0.0
32.9183	280.9226	551.966616	18	0.200785652677	0.799214347323
15.6199	265.701	555.769339	0	0.665655250463	0.334344749537
16.024	270.9137	558.92034	3	0.781628184626	0.218371815374
21.8036	277.6915	560.932439	9	0.76852114601	0.23147885399
31.8201	280.129	561.959163	15	0.568901703759	0.431098296241
31.9474	280.337	563.932105	16	0.286181660909	0.713818339091
20.8497	262.5529	564.400608	2	0.334208523685	0.665791476315
32.837	281.076	565.68904	-1	0.0	0.116526459989
32.8366	281.0538	565.858584	17	0.743786765359	0.256213234641
24.8417	278.7156	566.362694	8	1.0	0.0
24.8887	278.7285	566.466876	8	1.0	0.0
30.5464	280.993	570.300119	-1	0.0	0.373974259185
29.576	271.4022	572.136513	7	1.0	0.0
29.8448	273.9624	572.349052	4	1.0	0.10280235639
29.8042	273.9615	572.371386	4	1.0	0.0
29.7934	274.0558	572.421163	4	0.908739152004	0.0912608479961
29.7711	273.9507	572.489634	4	1.0	0.0
29.7725	273.9636	573.124205	4	1.0	0.0
28.7843	269.487	580.111985	21	0.795037677178	0.204962322822
32.5144	280.3578	582.50712	12	1.0	0.0
32.4975	280.37	582.58389	12	1.0	0.0
24.8549	278.7007	584.381499	8	1.0	0.0
20.8083	262.5249	584.477022	2	0.314882317515	0.685117682485
29.8109	274.0322	596.03137	4	0.879492106763	0.120507893237
29.7853	274.0559	596.096045	4	0.717579394214	0.282420605786
31.8919	280.1091	599.315815	15	1.0	0.0
31.9043	280.107	599.597637	15	1.0	0.0
