20.3796	106.5508	-5e-05	10	1.0	0.0547021020209
13.5961	109.893	-592.532877	1	1.0	0.140753017696
13.5599	109.8716	-592.369523	1	0.544639159973	0.455360840027
13.573	109.9008	-592.310446	1	0.878668759662	0.121331240338
13.5876	109.9098	-592.144266	1	0.929491656978	0.0705083430222
20.4159	106.6002	-580.358148	10	0.650063062413	0.349936937587
13.5787	109.894	-568.441616	1	1.0	0.131764084857
13.5857	109.9112	-568.101605	1	0.913344863742	0.0866551362585
20.9339	105.4988	-555.652986	7	0.75080975532	0.24919024468
20.9393	105.5866	-555.541736	7	0.408296745279	0.591703254721
10.6668	103.0583	-538.989681	3	1.0	0.353693717968
13.594	109.822	-536.967235	1	0.957662649639	0.0423373503611
13.6068	109.8802	-536.844086	1	1.0	0.0304868646648
13.6051	109.9207	-536.714087	1	1.0	0.053091662849
20.9359	105.5073	-518.898136	7	0.582212656364	0.417787343636
20.992	105.6023	-518.723721	7	0.329799478	0.670200522
10.5817	103.1228	-514.95906	3	1.0	0.354475806806
20.4016	106.5316	-514.906827	10	1.0	0.0547021020209
20.4837	105.9595	-511.874006	9	1.0	0.0
13.6174	109.9017	-506.90094	1	1.0	0.0
13.6227	109.9065	-506.741913	1	1.0	0.0
13.5979	109.9307	-506.498348	1	1.0	0.372306000206
13.0052	103.979	-488.366555	2	1.0	0.0
13.6038	109.9286	-479.194333	1	1.0	0.192384958759
13.5299	109.7798	-478.101728	1	0.19611108019	0.80388891981
20.7309	110.9582	-471.618759	5	0.919752051008	0.080247948992
20.7743	111.0023	-471.435144	5	0.452684483431	0.547315516569
20.7514	110.9146	-471.414365	5	1.0	0.0
13.6078	109.8443	-470.220042	1	1.0	0.179322949759
10.2481	104.5059	-454.557466	3	0.0295354692662	0.970464530734
20.415	106.5644	-450.195662	10	1.0	0.0
20.4378	106.5775	-449.990635	10	1.0	0.0
20.4329	106.5753	-449.922138	10	1.0	0.0
20.4873	106.2221	-447.537287	-1	0.0	0.00528040609569
20.9489	105.5291	-440.834754	7	0.500479979984	0.499520020016
20.9539	105.4895	-440.778774	7	1.0	0.0
13.6191	109.9073	-432.946153	1	1.0	0.0
13.6107	109.9048	-418.44741	1	1.0	0.0
13.5557	109.9732	-418.213209	1	0.21581888561	0.78418111439
13.5981	109.9205	-418.05903	1	1.0	0.114530052798
13.5773	109.9231	-410.944739	1	0.789852796388	0.210147203612
20.8633	107.9944	-405.486144	6	1.0	0.0
20.8706	108.2288	-405.338172	6	0.136127771021	0.863872228979
20.6854	105.317	-398.636221	8	0.919736929252	0.0802630707482
20.9738	105.5016	-398.278177	7	0.838043506066	0.161956493934
20.9465	105.4817	-398.208425	7	0.854340579429	0.145659420571
20.9551	105.4896	-398.061238	7	1.0	0.0
14.6009	110.2516	-394.271232	1	0.0205268352444	0.979473164756
13.5994	109.8703	-388.023271	1	1.0	0.124336964093
13.6074	109.8622	-387.950271	1	1.0	0.116977154362
13.628	109.9362	-387.435825	1	0.842931180407	0.157068819593
20.7557	110.9381	-385.984018	5	0.936237544704	0.0637624552958
13.6325	109.9482	-368.906363	1	0.842931180407	0.157068819593
26.9205	100.8928	-350.34093	0	1.0	0.0
13.6096	109.8729	-349.479568	1	1.0	0.238530648061
13.5925	109.8488	-349.409982	1	1.0	0.256735217038
13.6015	109.8791	-349.337895	1	1.0	0.0
13.5729	109.9017	-349.302374	1	0.929491656978	0.0705083430222
13.6024	109.8739	-349.266658	1	1.0	0.124336964093
13.5961	109.8683	-349.216075	1	1.0	0.124336964093
13.5872	109.8789	-348.961405	1	1.0	0.0576639096639
20.4161	106.4992	-336.536747	10	1.0	0.0
20.4676	106.435	-336.293987	10	0.333337209866	0.666662790134
20.759	110.9721	-333.005785	5	0.662615661932	0.337384338068
13.5955	109.8808	-332.617132	1	1.0	0.0
13.6037	109.8521	-332.505356	1	1.0	0.0119737154485
20.8787	105.6674	-331.016569	7	0.124610107469	0.875389892531
20.9178	105.6582	-330.744883	7	0.155281153156	0.844718846844
20.8462	107.9979	-322.651067	6	1.0	0.0
20.8542	108.1854	-322.649759	6	0.173300324979	0.826699675021
12.9866	103.9861	-316.528077	2	1.0	0.0
13.595	109.8857	-307.644495	1	1.0	0.0
20.7824	110.9602	-303.970939	5	0.619553588202	0.380446411798
13.62	109.8677	-302.057581	1	1.0	0.0
13.6173	109.8361	-290.651184	1	1.0	0.220520039994
13.6141	109.8305	-290.406358	1	1.0	0.220520039994
20.8664	105.5722	-288.381804	7	0.238692153363	0.761307846637
20.9001	105.5129	-287.910147	7	0.46413979798	0.53586020202
20.7207	106.2952	-286.578065	10	0.119818185095	0.880181814905
20.2681	106.664	-286.334985	10	0.18631590339	0.81368409661
20.8602	108.0495	-281.170373	6	0.656856758966	0.343143241034
20.8547	108.0086	-281.102817	6	1.0	0.0
20.7145	105.3766	-278.831532	8	0.878474052567	0.121525947433
13.5912	109.9433	-275.640734	1	0.509458207095	0.490541792905
10.6638	103.1538	-252.011011	3	1.0	0.0
10.6232	103.1081	-251.824204	3	1.0	0.198704755857
11.2288	102.7777	-251.236657	3	0.0904603361028	0.909539663897
20.3834	106.5681	-251.114225	10	0.874282722925	0.125717277075
13.6442	109.9107	-250.288487	1	0.87066329708	0.12933670292
13.6231	109.87	-249.906052	1	1.0	0.0
20.7355	110.9338	-247.743356	5	1.0	0.0
20.7361	111.0046	-247.445889	5	0.443772193406	0.556227806594
13.6156	110.0854	-235.941346	1	0.145876072766	0.854123927234
14.6295	110.2691	-228.922198	1	0.0197146045184	0.980285395482
14.6126	110.251	-228.850964	1	0.0203143820619	0.979685617938
13.5947	109.8243	-219.361562	1	0.876715411405	0.123284588595
13.6181	109.9217	-219.32812	1	1.0	0.186295332833
13.6385	109.9587	-208.921676	1	0.482039063194	0.517960936806
13.6125	109.9132	-208.273325	1	1.0	0.0499780510133
13.6456	109.9432	-205.162365	1	0.90009710211	0.0999028978903
18.9066	104.6599	-201.445125	-1	0.0	0.394583155292
20.4203	106.5258	-199.645359	10	1.0	0.0
20.4355	106.5518	-199.602755	10	1.0	0.0
20.45	106.5833	-199.591705	10	0.937354634911	0.0626453650887
13.6455	109.8346	-193.625348	1	1.0	0.166594905818
13.6677	109.92	-193.286226	1	0.87066329708	0.12933670292
26.747	100.9643	-189.685308	0	1.0	0.0
26.7475	100.8747	-189.68526	0	1.0	0.0
26.7663	100.968	-189.662797	0	1.0	0.0
26.7633	100.959	-189.641995	0	1.0	0.0
20.8492	107.9882	-185.769909	6	1.0	0.0
20.8758	108.0654	-185.699817	6	0.46513051893	0.53486948107
20.8908	108.0312	-185.625076	6	0.766864585171	0.233135414829
20.9823	105.4915	-170.615084	7	0.961403176867	0.038596823133
20.9901	105.4892	-170.129652	7	0.702377293748	0.297622706252
20.7576	110.9034	-170.039748	5	1.0	0.0
20.711	110.9211	-170.009254	5	1.0	0.0
20.7343	110.9161	-169.976744	5	1.0	0.0
13.6202	109.8915	-150.950441	1	1.0	0.277649338321
13.6137	109.8466	-150.778059	1	1.0	0.131521787585
13.633	109.9083	-150.667903	1	1.0	0.113185354896
13.6215	109.8941	-150.459941	1	0.995486442526	0.00451355747382
13.5716	109.8425	-150.095313	1	0.549963250227	0.450036749773
20.7526	105.3192	-141.624712	8	0.846900067666	0.153099932334
13.6386	109.8655	-137.034399	1	1.0	0.0
10.6515	103.1593	-135.723214	3	1.0	0.0
10.6346	103.045	-134.737217	3	1.0	0.393805995001
10.6745	103.0266	-133.658159	3	1.0	0.0396323272107
13.626	109.8848	-130.400375	1	1.0	0.223562744795
13.7116	110.0449	-130.293404	1	0.146709467621	0.853290532379
20.3551	106.5559	-128.645267	10	0.703815288434	0.296184711566
20.4192	106.4953	-128.599497	10	1.0	0.0
20.3795	106.4901	-128.297836	10	0.894829335539	0.105170664461
20.4976	106.3503	-122.324608	10	0.177488012978	0.822511987022
13.6442	109.8506	-120.488846	1	1.0	0.0351981296647
13.6351	109.9374	-120.451346	1	0.906892754978	0.0931072450219
13.6708	109.8747	-120.208582	1	1.0	0.143907380136
13.6624	109.8774	-120.186969	1	1.0	0.0
13.6527	109.8791	-120.143689	1	1.0	0.0174955854089
13.6601	109.8736	-119.995966	1	1.0	0.0624479133394
13.6236	109.8504	-107.593284	1	1.0	0.0
13.6217	109.8551	-107.56398	1	1.0	0.0
13.6093	109.9237	-107.512992	1	1.0	0.0499780510133
13.6626	109.8831	-102.74775	1	1.0	0.0
20.7229	105.382	-101.669247	8	0.990854162748	0.00914583725242
20.97	105.5062	-96.501029	7	0.64742466581	0.35257533419
20.9775	105.5033	-96.473824	7	0.704021562028	0.295978437972
20.9452	105.5577	-96.450263	7	0.473725480019	0.526274519981
21.0076	105.6297	-96.407945	7	0.190530955701	0.809469044299
20.5749	111.0988	-86.642806	4	0.344628243042	0.655371756958
20.6056	111.1116	-86.608479	4	0.264144222037	0.735855777963
12.9549	104.1161	-85.494226	2	0.337856391577	0.662143608423
13.3168	103.57	-85.473254	2	0.118720436492	0.881279563508
12.8934	103.8932	-85.472985	2	0.497052974087	0.502947025913
20.7109	110.9407	-85.184015	5	0.936237544704	0.0637624552958
13.6348	109.8759	-85.063331	1	1.0	0.117142801736
13.5909	109.8698	-83.549126	1	1.0	0.212853009744
13.6139	109.8253	-82.507334	1	1.0	0.263180874357
13.6197	109.9077	-80.380757	1	1.0	0.0
13.657	109.8821	-72.865498	1	1.0	0.0
10.4131	103.0443	-69.864336	3	0.299652408512	0.700347591488
20.7375	105.3086	-67.405316	8	1.0	0.0
13.6355	109.8163	-65.35297	1	0.988181944841	0.0118180551586
13.5925	109.8892	-65.277165	1	1.0	0.200560159369
20.633	107.3305	-63.568488	6	0.0469877346461	0.953012265354
20.6419	107.3562	-63.51185	6	0.0492131337959	0.950786866204
20.6386	107.3206	-63.486563	6	0.0463008119592	0.953699188041
14.6264	110.2173	-63.175761	1	0.0205582787213	0.979441721279
13.651	109.9221	-52.556712	1	0.853860436195	0.146139563805
13.6082	110.1402	-52.422576	1	0.0831846141105	0.91681538589
10.2989	104.5784	-50.430925	-1	0.0	0.0414469569836
20.7267	105.3647	-42.983714	8	0.990854162748	0.00914583725242
20.7285	105.4001	-42.888596	8	0.821774582868	0.178225417132
20.7082	105.3034	-42.841655	8	1.0	0.0
20.4225	106.5093	-35.920004	10	1.0	0.0
20.968	105.4703	-35.447834	7	0.657314057328	0.342685942672
20.9637	105.4901	-35.404879	7	1.0	0.0
20.9263	105.5466	-35.34171	7	0.500479979984	0.499520020016
13.6192	109.8586	-28.216284	1	1.0	0.0
13.6133	109.8813	-27.63979	1	1.0	0.122486355985
13.6033	109.8848	-27.385993	1	1.0	0.0
13.5751	109.9245	-27.259068	1	0.716527395666	0.283472604334
20.7025	105.3473	-26.307215	8	1.0	0.0
20.7448	110.8917	-23.64556	5	0.973568373342	0.0264316266579
13.6102	109.9141	-11.853522	1	1.0	0.0984595100132
13.6535	109.8578	-3.577051	1	1.0	0.00708381057802
13.6453	109.8642	-3.559912	1	1.0	0.0
13.6551	109.8517	-3.512621	1	1.0	0.0312005888634
20.3796	106.5508	-5e-05	10	1.0	0.0547021020209
20.729	105.3957	5.617265	8	0.990854162748	0.00914583725242
13.6416	109.8442	9.890851	1	1.0	0.173224346556
13.5872	109.8706	10.006964	1	1.0	0.103602777253
20.8754	108.0112	14.303259	6	1.0	0.0
20.8522	107.9436	14.344228	6	0.41428426613	0.58571573387
13.6276	109.8067	16.227628	1	0.988181944841	0.0118180551586
13.6757	109.8541	24.628484	1	0.96909850871	0.0309014912902
13.665	109.9115	24.75709	1	0.87066329708	0.12933670292
20.7199	105.4029	25.050072	8	0.684385094025	0.315614905975
13.6666	109.8762	37.111698	1	1.0	0.0
20.3869	106.5133	37.568384	10	1.0	0.0226050025379
20.4251	106.4993	37.623366	10	1.0	0.0
13.6428	109.8649	48.405505	1	1.0	0.0
13.6496	109.8525	48.615828	1	1.0	0.00708381057802
20.4739	111.0979	61.540079	4	0.664439895573	0.335560104427
12.9482	103.9643	62.905444	2	1.0	0.0
20.7027	105.3359	69.136722	8	1.0	0.0
13.6259	109.8564	69.574891	1	1.0	0.0
13.6394	110.1045	69.700716	1	0.121102217044	0.878897782956
13.6466	109.8953	70.213774	1	0.769150335608	0.230849664392
13.6165	109.8705	70.308315	1	1.0	0.0
13.6813	110.0222	79.033697	1	0.16911212737	0.83088787263
13.6422	109.8692	84.449489	1	1.0	0.0
13.7176	109.9642	84.551969	1	0.244474925537	0.755525074463
20.719	105.3308	92.273586	8	1.0	0.0885858044382
20.9779	105.5436	93.225603	7	0.383201802637	0.616798197363
20.9692	105.4624	93.290261	7	0.466905196663	0.533094803337
20.9174	105.5324	93.325957	7	0.493158498426	0.506841501574
20.9391	105.5146	93.33391	7	0.573931389256	0.426068610744
20.9486	105.561	93.397476	7	0.454561948008	0.545438051992
20.9962	105.4694	93.534011	7	0.530791263901	0.469208736099
13.6441	109.8701	93.873041	1	1.0	0.0
13.6166	109.9312	93.978126	1	1.0	0.328178322912
13.6216	109.9187	94.281993	1	1.0	0.140913603336
13.6433	109.8589	94.50822	1	1.0	0.00708381057802
13.6078	109.8445	96.18819	1	1.0	0.170393215685
13.6181	109.8651	105.778812	1	1.0	0.0
13.6492	109.8706	111.073662	1	1.0	0.0624479133394
20.4278	111.1974	114.05799	4	0.526275317577	0.473724682423
20.4296	111.1924	114.249909	4	0.59825208801	0.40174791199
13.6613	109.8803	115.632631	1	1.0	0.0
13.5994	109.9133	120.314835	1	1.0	0.0862195193907
13.6325	109.852	121.132042	1	1.0	0.0388284460102
13.6044	109.9182	121.196645	1	1.0	0.0499780510133
13.6415	109.893	121.330423	1	0.900642329189	0.0993576708106
20.6984	105.2893	123.661512	8	1.0	0.0
20.7454	105.38	123.744367	8	0.990854162748	0.00914583725242
20.4675	106.5456	126.204637	10	0.726609353903	0.273390646097
20.4317	106.4857	126.272648	10	0.965610117774	0.0343898822264
20.451	106.5314	126.407697	10	0.883069361977	0.116930638023
20.4322	106.5608	127.665765	10	1.0	0.0
10.6628	103.3914	130.104374	3	0.307234229225	0.692765770775
10.6493	103.1605	130.267962	3	1.0	0.0
13.5997	109.8581	131.205722	1	1.0	0.259188864449
12.9134	103.9243	133.93422	2	0.71070675012	0.28929324988
13.7206	109.8083	133.94299	1	0.476149281016	0.523850718984
12.9472	104.1183	134.301006	2	0.333108250781	0.666891749219
13.6735	109.9187	134.317974	1	0.87066329708	0.12933670292
13.7182	111.5097	134.81297	1	0.00751691929628	0.992483080704
13.6569	109.8451	138.072343	1	1.0	0.045194479812
13.6574	109.8281	144.990265	1	1.0	0.078964583164
13.6259	109.8656	154.044604	1	1.0	0.0
13.625	109.8587	154.335846	1	1.0	0.0251346803717
20.9887	105.6066	161.975915	7	0.321150899692	0.678849100308
20.9283	105.5862	162.024161	7	0.387992033715	0.612007966285
13.6475	109.8289	162.608156	1	1.0	0.0652077467027
13.6572	110.0181	162.701987	1	0.17201652177	0.82798347823
13.6887	109.8839	172.72454	1	0.765813895976	0.234186104024
20.7111	105.3029	173.249369	8	1.0	0.0
13.6798	109.8257	174.314051	1	0.881496410044	0.118503589956
13.6113	109.8333	178.789301	1	1.0	0.220520039994
13.6637	109.8852	188.429021	1	1.0	0.0291395786878
13.6605	109.8609	188.686074	1	1.0	0.0214023067403
13.6503	109.8659	195.402605	1	1.0	0.0
13.6745	109.8442	195.491847	1	1.0	0.249653624447
13.6179	109.8536	195.901191	1	1.0	0.0
20.4653	111.0353	199.521522	4	0.31597158006	0.68402841994
20.4592	111.1769	199.964759	4	0.853365795252	0.146634204748
20.4136	111.1594	200.260665	4	0.785129220862	0.214870779138
13.6607	109.836	202.615262	1	1.0	0.063326069028
13.6863	109.9186	206.352877	1	0.758554561436	0.241445438564
13.5783	109.841	206.505333	1	0.661387974831	0.338612025169
20.7233	105.349	209.564017	8	1.0	0.0
13.5884	109.9007	210.462584	1	1.0	0.131764084857
13.7009	109.7618	210.907971	1	0.283149896017	0.716850103983
13.6447	109.8585	211.346203	1	1.0	0.0171602100977
13.6358	109.8687	213.491312	1	1.0	0.0
10.6177	103.1692	218.196919	3	1.0	0.0
10.6101	103.163	218.451516	3	1.0	0.0348472981889
13.712	109.9155	220.253039	1	0.437069857048	0.562930142952
13.6587	109.8461	222.034298	1	1.0	0.118482293479
13.6687	109.9078	222.145951	1	0.796469573968	0.203530426032
20.6912	105.2638	230.266674	8	0.605163206202	0.394836793798
13.6359	109.9181	236.212175	1	1.0	0.349227172581
13.6818	109.8284	237.490874	1	0.820387536493	0.179612463507
13.6807	109.8621	237.549596	1	0.984705745122	0.0152942548784
13.6619	109.8438	238.155064	1	1.0	0.0488181194511
13.6232	109.8037	238.354068	1	0.730622429981	0.269377570019
20.4406	111.1691	242.452379	4	1.0	0.0
10.6252	103.1288	245.134887	3	1.0	0.242047750567
13.6245	109.8338	257.592021	1	1.0	0.263180874357
10.2444	104.4841	258.050787	3	0.0300528443014	0.969947155699
10.6147	103.2809	263.678812	3	1.0	0.0785423447842
20.5518	106.2235	266.240145	9	0.456034850238	0.543965149762
20.3949	106.5422	267.994438	10	0.982346731913	0.0176532680867
13.5838	109.8244	268.678415	1	0.664100705021	0.335899294979
20.7509	105.3023	270.43876	8	1.0	0.0246565195245
20.6912	105.2705	270.456197	8	0.720296735414	0.279703264586
20.7249	105.2864	270.511071	8	1.0	0.0868975907026
20.727	105.2868	270.617088	8	0.994602726551	0.00539727344914
13.6746	109.9661	288.348642	1	0.376947839276	0.623052160724
13.5297	109.3474	294.575265	1	0.0238144262791	0.976185573721
20.709	105.3135	301.748542	8	1.0	0.0
20.7224	105.339	301.944856	8	1.0	0.0
10.6549	103.0517	312.728314	3	1.0	0.385042509081
10.6713	103.1052	312.759646	3	1.0	0.0
10.6724	103.0886	312.793848	3	1.0	0.131203053497
10.646	103.0204	313.002425	3	0.920528309305	0.0794716906948
10.6749	103.1089	313.400386	3	1.0	0.183398076237
20.6153	106.004	326.921856	9	1.0	0.0
20.611	105.9357	327.19275	9	1.0	0.0
12.9542	103.9603	329.707104	2	1.0	0.0
10.6925	103.1508	344.065694	3	1.0	0.140840388144
13.5817	109.8145	350.803365	1	0.86815099609	0.13184900391
20.9383	105.4953	353.471361	7	1.0	0.0
20.9698	105.5714	353.514225	7	0.473725480019	0.526274519981
20.9671	105.5852	353.546254	7	0.473725480019	0.526274519981
13.6696	109.8648	356.965471	1	1.0	0.0560522662925
13.6604	109.864	357.095186	1	1.0	0.0
10.6017	103.2226	357.830768	3	1.0	0.0
20.9737	105.4834	373.511214	7	0.907790346192	0.0922096538083
13.6845	109.7972	380.512777	1	0.719757077552	0.280242922448
20.7324	105.2903	380.914129	8	1.0	0.0282002782777
13.7056	109.8723	386.064291	1	0.533197874265	0.466802125735
10.5994	103.2042	390.108756	3	1.0	0.153183240409
10.6095	103.1228	390.192961	3	1.0	0.0
20.5003	111.1864	401.018657	4	0.533900815272	0.466099184728
20.4297	111.1461	401.538766	4	1.0	0.0
20.9656	107.8752	403.265287	6	0.194756149506	0.805243850494
10.6308	103.1219	405.965535	3	1.0	0.0
13.6196	109.883	410.149666	1	1.0	0.125150267274
13.6759	109.8223	412.250266	1	1.0	0.225475822865
20.6627	105.3324	418.129314	8	0.697074712652	0.302925287348
20.6963	105.3396	418.361905	8	1.0	0.0
13.6643	109.8919	429.088277	1	0.996293438721	0.00370656127893
10.5893	103.2796	432.883185	3	1.0	0.0
10.6285	103.219	433.133088	3	1.0	0.163422120262
13.0472	103.9715	433.793075	2	1.0	0.0
20.6592	107.3287	438.5319	6	0.047194950248	0.952805049752
13.6557	109.9366	441.539731	1	0.70085193339	0.29914806661
20.4302	111.156	443.863631	4	1.0	0.0
13.6742	109.8829	444.216989	1	1.0	0.011339021488
13.553	109.2955	446.740801	1	0.0212570033085	0.978742996691
20.4704	111.0998	457.042336	4	0.727217834662	0.272782165338
13.6254	109.8025	458.056111	1	0.698615324938	0.301384675062
13.6474	109.8189	458.097884	1	1.0	0.255810605579
13.6401	109.8246	458.126982	1	1.0	0.22193094207
13.6252	109.7972	458.488998	1	0.536769870071	0.463230129929
13.5988	109.8957	464.709094	1	1.0	0.269780579397
20.7673	110.8434	467.048444	5	0.453213326528	0.546786673472
20.4114	110.7989	467.131338	-1	0.0	0.366355941751
20.7798	110.885	467.764035	5	0.875260235365	0.124739764635
10.5947	103.2502	477.727233	3	1.0	0.0
10.5951	103.28	477.758025	3	1.0	0.0
10.599	103.216	477.818293	3	1.0	0.130405791407
10.5799	103.2717	477.818331	3	1.0	0.0
10.6844	103.146	478.787689	3	1.0	0.102704762847
10.6572	103.1027	478.841652	3	1.0	0.0
10.6609	103.0704	479.069711	3	1.0	0.131203053497
10.6757	103.2997	479.430352	3	0.644390910446	0.355609089554
13.6449	109.8474	480.090047	1	1.0	0.0342335411153
13.6647	109.8631	480.79709	1	1.0	0.0494538763803
20.4597	111.1382	481.083236	4	1.0	0.0
13.6813	109.9595	484.563616	1	0.419527878378	0.580472121622
13.5941	109.883	489.409751	1	1.0	0.0
13.6546	109.8181	495.954732	1	1.0	0.263379525147
20.9511	105.4898	496.029911	7	1.0	0.0
13.6849	109.7902	512.380182	1	0.700670083498	0.299329916502
20.4656	111.048	513.715501	4	0.393309381975	0.606690618025
13.6826	109.8141	515.57595	1	0.720259928227	0.279740071773
13.638	109.8662	522.080067	1	1.0	0.0
20.451	111.1221	524.21261	4	0.829628452104	0.170371547896
18.0531	113.8683	525.829194	-1	0.0	0.20542105107
13.5801	109.3529	525.978101	1	0.024079797418	0.975920202582
20.7625	105.31	526.481337	8	0.711965787189	0.288034212811
20.788	105.3879	526.64339	8	0.513007460941	0.486992539059
20.6313	106.0156	527.075885	9	1.0	0.0
20.6444	105.9631	527.547206	9	1.0	0.0
20.7632	110.8608	540.972285	5	0.695646966893	0.304353033107
20.7615	110.8791	541.114621	5	0.92497788397	0.0750221160299
10.4709	103.0906	545.647477	3	0.455977323875	0.544022676125
10.6621	103.1175	545.666264	3	1.0	0.0
10.6435	103.0811	546.263195	3	1.0	0.353693717968
13.704	109.7931	547.809816	1	0.591019110738	0.408980889262
20.4642	111.0952	550.918916	4	0.677602645747	0.322397354253
13.5816	109.8054	551.204167	1	0.513316417195	0.486683582805
17.7429	103.8831	553.058741	-1	0.0	0.674199346715
17.7493	103.9216	553.286684	-1	0.0	0.669780287096
21.0527	110.3764	555.704172	-1	0.0	0.758361309331
13.6833	109.8085	561.955668	1	0.719757077552	0.280242922448
20.4557	111.1408	565.68481	4	1.0	0.0
10.6117	103.1633	570.713804	3	1.0	0.0
13.6699	109.8314	575.348982	1	1.0	0.063326069028
13.6944	109.7854	580.107876	1	0.478703632832	0.521296367168
18.0437	114.0038	582.45101	-1	0.0	0.237458817817
21.0494	105.5021	584.090962	7	0.276492418309	0.723507581691
21.0488	105.4952	584.192786	7	0.278872643346	0.721127356654
20.4622	111.1609	586.546975	4	1.0	0.0
13.6623	109.7992	587.734621	1	0.566224320031	0.433775679969
20.4378	111.1218	589.079109	4	0.826282753709	0.173717246291
13.6504	109.8352	595.961508	1	1.0	0.0652077467027
