23.1174	109.9826	-0.000167	2	0.978603865398	0.0213961346025
21.181	104.0488	-597.327694	9	1.0	0.240022127259
10.6396	114.8799	-596.154223	-1	0.0	0.325513486951
10.4254	115.2279	-588.460961	22	0.635046394529	0.364953605471
22.8185	95.9118	-588.007982	1	0.235663505679	0.764336494321
11.0814	115.0516	-575.501459	16	1.0	0.0
11.0381	115.0706	-575.410026	16	0.645834778143	0.354165221857
22.9963	95.9128	-572.393121	1	1.0	0.0
23.7341	104.4231	-572.144263	8	1.0	0.0
23.7383	104.4085	-572.092925	8	0.917678319427	0.0823216805731
23.7403	104.3082	-572.088375	8	0.388330092871	0.611669907129
21.2398	104.0343	-568.861356	9	1.0	0.0
21.1812	103.8244	-568.702121	9	1.0	0.0
21.1786	103.8229	-568.654378	9	1.0	0.0
21.1805	103.8369	-568.555633	9	1.0	0.0
10.8915	115.2267	-556.857482	10	0.996695473102	0.00330452689826
10.8929	115.246	-556.820851	10	1.0	0.0
23.1727	103.7389	-549.25573	-1	0.0	0.0221859929189
22.9447	103.7164	-543.136434	18	0.678617087443	0.321382912557
22.9187	103.4673	-543.040024	18	0.232941693426	0.767058306574
22.5589	103.5692	-537.345002	-1	0.0	0.5144653297
14.6963	106.7407	-524.545953	6	1.0	0.0
22.5577	104.5751	-524.339971	12	0.962518221607	0.0374817783926
10.358	115.2493	-521.6171	22	0.458448717764	0.541551282236
15.6067	106.3284	-517.879621	4	0.348891900275	0.651108099725
22.2608	98.5879	-515.657501	0	0.92644114583	0.0735588541698
22.3486	98.6601	-515.414011	0	1.0	0.0
22.2576	97.4595	-510.709376	0	0.0879914163166	0.912008583683
21.7492	105.4651	-503.133423	11	0.203922613014	0.796077386986
22.8337	105.3286	-500.490169	-1	0.0	0.0193221993351
23.149	109.9155	-497.535912	2	0.962876151294	0.0371238487055
23.1615	110.0398	-497.467437	2	1.0	0.0
22.3647	105.8189	-495.968496	15	1.0	0.0
11.0968	115.1491	-492.06833	16	0.715451628693	0.284548371307
11.1037	114.9699	-491.819418	16	0.21205958047	0.78794041953
22.8712	103.5555	-490.069885	18	0.589729890228	0.410270109772
22.8748	103.6143	-489.992345	18	1.0	0.332147925965
22.9025	103.5879	-489.571504	18	0.923015386419	0.0769846135812
22.2074	105.4207	-487.446795	13	0.503191280752	0.496808719248
22.1846	105.3657	-487.395258	13	1.0	0.0
22.9761	95.8625	-483.943225	1	0.415189268755	0.584810731245
22.9727	95.832	-483.89039	1	0.305701997166	0.694298002834
22.0872	103.9156	-483.086963	-1	0.0	0.0505727401883
22.167	103.5921	-479.992505	21	1.0	0.0
22.1235	103.6194	-479.957997	21	0.52096180755	0.47903819245
21.1613	103.846	-477.569804	9	1.0	0.0
23.7192	104.515	-477.508874	8	0.662589967439	0.337410032561
10.4735	115.2317	-473.26903	22	0.432615936367	0.567384063633
22.323	103.5386	-469.635519	20	1.0	0.0
10.3811	114.3377	-464.838923	-1	0.0	0.641062717667
10.4629	115.1808	-459.006225	-1	0.0	0.100640873004
22.6224	106.0865	-456.120429	-1	0.0	0.235411657112
10.3913	115.251	-455.916346	22	0.478915090573	0.521084909427
10.7197	114.7449	-454.686281	19	0.631840080155	0.368159919845
10.4851	114.8768	-453.050326	23	0.467707376342	0.532292623658
10.4167	115.1133	-447.024441	22	0.280929073579	0.719070926421
11.1005	115.0616	-433.941825	16	1.0	0.0
23.7004	104.4412	-427.441868	8	1.0	0.0
15.9129	106.3313	-424.887182	4	1.0	0.0
15.9291	106.3236	-424.574092	4	1.0	0.0
22.9544	95.7534	-421.625515	1	0.286349961938	0.713650038062
22.932	95.9395	-421.494148	1	0.510662482348	0.489337517652
22.33	98.6302	-419.517991	0	1.0	0.0
22.3612	98.6787	-419.395815	0	1.0	0.0
10.8488	115.2403	-413.562497	10	1.0	0.0
10.9357	115.0039	-411.985661	16	0.290185819339	0.709814180661
10.933	114.9612	-411.874482	16	0.290185819339	0.709814180661
22.9617	104.1686	-409.609585	-1	0.0	0.261644173756
10.5283	114.8924	-408.344874	-1	0.0	0.0573754987053
10.3499	115.2174	-404.024146	22	0.781766420024	0.218233579976
22.1772	103.5884	-398.233634	21	1.0	0.0
22.1562	103.6081	-398.128315	21	0.850982305456	0.149017694544
23.9664	95.9434	-387.321803	1	0.0377476156931	0.962252384307
21.1695	103.8615	-387.265158	9	1.0	0.0
21.2151	103.7954	-387.197958	9	1.0	0.244697479071
10.6759	114.9432	-384.369302	16	0.202080089585	0.797919910415
10.7331	114.7685	-383.494215	19	1.0	0.0
11.0403	115.0594	-382.056579	16	0.91537703047	0.08462296953
11.0368	115.044	-381.77585	16	0.688508254819	0.311491745181
22.2005	105.3727	-363.488769	13	1.0	0.0
10.5551	115.237	-354.674975	-1	0.0	0.36725293506
22.3513	105.7761	-353.592488	15	1.0	0.0
22.9082	95.9278	-351.213791	1	0.483117077228	0.516882922772
21.7093	105.3173	-349.085254	11	1.0	0.0
21.7221	105.373	-348.677405	11	1.0	0.340435195858
22.842	103.6167	-347.917843	18	1.0	0.332147925965
23.8027	103.3061	-345.165997	-1	0.0	0.245311195102
11.0576	115.051	-330.764624	16	1.0	0.0
10.2922	115.0355	-327.513914	-1	0.0	0.0136106711984
21.2648	104.0249	-327.464887	9	1.0	0.0
21.2485	104.035	-327.379805	9	1.0	0.0
21.234	104.0338	-327.339172	9	1.0	0.0
21.2545	103.9503	-327.159809	9	1.0	0.0996710358767
23.697	104.4632	-324.083034	8	1.0	0.0
22.235	105.3683	-323.08227	13	1.0	0.0
22.1638	103.6022	-319.511139	21	1.0	0.0
22.1511	103.5854	-319.463646	21	1.0	0.0
22.1863	103.589	-319.435049	21	1.0	0.0
22.2267	103.7017	-319.336124	-1	0.0	0.411095498642
10.4977	114.8432	-318.284021	-1	0.0	0.349680826772
22.4636	103.3306	-318.187678	17	0.861707706816	0.138292293184
22.4613	103.3361	-318.141258	17	0.91100037209	0.0889996279099
22.4714	103.3408	-317.793299	17	1.0	0.0
22.3572	98.6816	-317.642125	0	1.0	0.0
22.9787	95.9348	-316.883996	1	0.79602818077	0.20397181923
21.0954	103.7446	-309.253505	9	0.581244391749	0.418755608251
23.1492	109.9443	-303.914716	2	1.0	0.0
23.1523	109.9815	-303.842464	2	1.0	0.0
10.981	114.946	-296.783023	16	0.227623546543	0.772376453457
22.8375	95.871	-292.368797	1	0.31283276088	0.68716723912
15.8057	106.2397	-285.632992	4	0.576051929317	0.423948070683
11.0957	115.0691	-278.720801	16	1.0	0.0
23.0025	95.7193	-274.2413	1	0.23709101407	0.76290898593
10.8097	114.8574	-273.525955	19	0.879783514223	0.120216485777
10.4202	114.9347	-272.375004	23	1.0	0.0315889699914
10.4306	114.9056	-272.236659	23	1.0	0.180951995676
22.8865	103.6567	-270.070702	18	0.997246812358	0.00275318764212
22.9553	103.7065	-269.313372	18	0.545670736197	0.454329263803
10.4044	115.224	-263.646548	22	0.635046394529	0.364953605471
10.3899	115.2325	-262.89758	22	0.635046394529	0.364953605471
23.7881	104.6914	-262.462001	8	0.27380632851	0.72619367149
11.3409	114.7235	-253.86314	7	0.211568447714	0.788431552286
12.3539	115.0459	-252.973495	-1	0.0	0.786970274287
22.405	105.3909	-252.944848	13	0.281832547604	0.718167452396
14.7034	106.8169	-248.50836	6	1.0	0.0
14.7246	106.8036	-248.445947	6	1.0	0.0
14.7502	106.7864	-248.250276	6	1.0	0.0
10.2935	115.0788	-246.796178	-1	0.0	0.209956418792
21.7531	105.3	-243.411469	11	0.697946468943	0.302053531057
21.7738	105.4352	-243.380781	11	0.287592136258	0.712407863742
21.7406	105.3062	-243.357675	11	1.0	0.171569542066
21.7227	105.3379	-243.285766	11	1.0	0.0
21.7235	105.3169	-243.197211	11	1.0	0.0
21.7544	105.3876	-242.816442	11	0.507483409582	0.492516590418
22.4825	103.5518	-237.721285	-1	0.0	0.252616850299
22.4719	103.5361	-237.652518	-1	0.0	0.158892694432
22.3858	103.3145	-231.099957	17	0.197234590419	0.802765409581
23.0855	113.4973	-230.011079	3	0.15738281712	0.84261718288
23.6519	104.4258	-224.236583	8	1.0	0.0
10.3707	115.2261	-221.966351	22	0.781766420024	0.218233579976
21.707	105.2877	-221.431777	11	0.816326349955	0.183673650045
22.3199	105.7306	-220.523989	15	1.0	0.0
22.375	105.7207	-220.494156	15	1.0	0.0
22.3404	105.7719	-220.445741	15	1.0	0.0
14.2131	107.0321	-212.969609	5	1.0	0.0
11.0822	115.0643	-212.636597	16	0.987694129562	0.0123058704378
10.2953	115.1283	-210.211348	22	0.544506002828	0.455493997172
10.4424	115.0775	-194.094257	22	0.280929073579	0.719070926421
23.004	95.9694	-192.351526	1	0.747311871872	0.252688128128
11.0558	115.1013	-191.451864	16	1.0	0.0
11.0572	115.0262	-191.074193	16	0.469778059646	0.530221940354
21.7352	105.309	-186.704751	11	1.0	0.036767496238
21.7096	105.3312	-186.665228	11	1.0	0.0
21.7226	105.3159	-186.619451	11	1.0	0.0
23.7863	104.4555	-184.134106	8	1.0	0.0
23.2935	110.0347	-182.107605	2	0.753823114812	0.246176885188
22.1461	103.5692	-175.916069	21	0.658386193284	0.341613806716
10.3093	115.1903	-174.650714	22	0.487466361355	0.512533638645
22.9998	104.7025	-168.794051	12	1.0	0.0
22.2632	104.3651	-166.102811	12	0.782476238792	0.217523761208
11.061	115.1569	-160.793064	16	0.692064298093	0.307935701907
11.0562	115.1071	-160.618362	16	1.0	0.0
11.0865	115.2425	-160.302828	-1	0.0	0.219967837189
10.9917	115.1359	-160.188839	16	0.408107406486	0.591892593514
22.4821	103.2852	-158.216216	17	0.224756920541	0.775243079459
11.3554	114.6492	-156.675296	7	0.406598165256	0.593401834744
15.1246	106.1301	-146.528836	4	0.118751045475	0.881248954525
22.337	103.5255	-145.904072	20	1.0	0.0
10.3328	115.1579	-142.115475	22	1.0	0.0
10.5574	115.1485	-140.660637	-1	0.0	0.0300154371855
21.6713	105.3887	-137.573544	11	0.51220652009	0.48779347991
22.6412	104.6859	-136.431632	12	1.0	0.0
22.6705	106.0435	-132.214016	-1	0.0	0.16103829328
10.4648	114.9244	-131.612626	23	1.0	0.161351019289
10.4304	114.866	-131.577589	-1	0.0	0.0130057557069
10.4593	114.9095	-131.541815	23	1.0	0.180951995676
10.4554	114.9377	-131.481712	23	1.0	0.0603786964112
10.4581	114.9322	-131.438404	23	1.0	0.0
11.0553	115.1366	-105.620071	16	1.0	0.370309594284
11.0655	115.117	-105.4476	16	1.0	0.169240544903
11.0644	115.1146	-104.82395	16	1.0	0.0
11.0589	115.1298	-104.713576	16	1.0	0.119184648913
14.2316	107.0192	-102.139408	5	1.0	0.0
23.0048	95.9995	-96.920188	1	0.428348164754	0.571651835246
23.644	104.3879	-90.095898	8	0.801822259364	0.198177740636
21.6509	105.2413	-88.508	11	0.341445660409	0.658554339591
23.7444	104.6848	-83.473657	8	0.289852441738	0.710147558262
11.3138	114.5704	-80.883554	7	1.0	0.0
11.1064	114.9908	-76.784891	16	0.269213487397	0.730786512603
11.06	115.1063	-76.246829	16	1.0	0.0
11.0644	115.1279	-76.028597	16	1.0	0.0
21.163	103.916	-75.629311	9	1.0	0.371412294539
11.1096	115.0435	-70.422779	16	0.566595857474	0.433404142526
11.2555	98.3786	-68.851468	-1	0.0	0.258361916416
11.2408	98.4612	-68.738219	-1	0.0	0.26095317389
11.1221	98.1738	-68.738145	-1	0.0	0.264002564582
24.0651	95.942	-67.929554	1	0.0340801175552	0.965919882445
10.3549	115.1278	-61.670454	22	0.391398997196	0.608601002804
22.2411	105.2868	-59.951094	13	0.476113710066	0.523886289934
22.2623	105.232	-59.819128	13	0.271861808643	0.728138191357
22.2555	105.3902	-59.742084	13	0.772942590223	0.227057409777
22.2771	105.3822	-59.622396	13	0.627785446046	0.372214553954
22.2276	97.6667	-57.458405	0	0.107750629626	0.892249370374
22.8638	95.8151	-56.276242	1	0.325633711863	0.674366288137
22.9652	95.9074	-55.408732	1	0.686264515681	0.313735484319
21.3321	104.0055	-53.767162	9	1.0	0.0996710358767
21.7196	105.3212	-53.567366	11	1.0	0.0886577741273
21.7881	105.4215	-53.510621	11	0.303128605879	0.696871394121
21.706	105.367	-53.412819	11	1.0	0.262785257863
10.4696	115.1625	-50.692529	-1	0.0	0.258563785707
10.4347	115.2362	-50.615077	22	0.610611310829	0.389388689171
10.4275	115.2129	-50.541947	22	0.453926157974	0.546073842026
10.4417	115.1813	-50.359179	22	0.326683009367	0.673316990633
10.4337	115.2395	-50.260133	22	0.635046394529	0.364953605471
10.4226	115.2353	-49.991769	22	0.635046394529	0.364953605471
10.3674	115.1714	-45.439612	22	0.785489219404	0.214510780596
22.2368	104.2132	-40.761734	-1	0.0	0.146779841811
22.4447	103.1839	-40.735228	17	0.101144331285	0.898855668715
10.7592	115.2523	-37.595834	10	1.0	0.0
22.049	97.5631	-35.141105	0	0.096217716873	0.903782283127
21.7147	105.3554	-29.750245	11	1.0	0.144853538837
11.3082	114.5972	-29.396426	7	1.0	0.0
10.3531	115.2331	-28.979804	22	0.653044526216	0.346955473784
22.1824	105.3695	-19.410676	13	1.0	0.0
11.0768	115.1256	-17.480516	16	1.0	0.143695338537
11.0454	115.1524	-17.401303	16	0.600746907164	0.399253092836
11.0653	115.1206	-17.272576	16	1.0	0.0
22.5039	105.1981	-14.730781	13	0.18143047592	0.81856952408
10.7172	114.78	-12.013018	19	0.96403976522	0.0359602347796
10.7153	114.7838	-11.93836	19	0.966783347765	0.033216652235
22.2511	105.2523	-10.286362	13	0.346219546057	0.653780453943
22.1533	103.5194	-0.424755	-1	0.0	0.138345543632
23.1174	109.9826	-0.000167	2	0.978603865398	0.0213961346025
23.1302	109.8449	0.462934	2	0.486389805996	0.513610194004
11.3503	114.0929	3.589025	-1	0.0	0.722748391313
22.3098	104.1187	5.113691	-1	0.0	0.367527626977
22.2586	104.3277	5.754059	-1	0.0	0.108340888894
11.0949	115.1431	10.458841	16	0.781144638578	0.218855361422
11.078	115.1271	10.785187	16	1.0	0.148641333099
11.0513	115.1231	10.826811	16	1.0	0.0914708697676
11.071	115.1457	11.526982	16	1.0	0.370309594284
22.9773	95.934	12.850119	1	0.797582957396	0.202417042604
22.8346	95.7445	12.850158	1	0.280994454459	0.719005545541
22.9974	95.9277	12.928073	1	1.0	0.0
10.3361	115.1984	25.591184	22	0.742488781647	0.257511218353
11.0557	115.0564	27.815891	16	0.907293521609	0.0927064783906
10.4813	114.9366	31.636724	23	0.958799161705	0.0412008382951
10.5037	115.0035	31.677393	23	0.440252408016	0.559747591984
22.3957	103.19	37.642205	17	0.098501249154	0.901498750846
22.4893	103.3385	37.783557	17	1.0	0.0
10.3419	115.131	45.156986	22	0.511165579087	0.488834420913
23.0009	95.9452	52.40913	1	1.0	0.0
22.8609	95.6999	52.409191	1	0.254864330751	0.745135669249
23.0502	95.9675	52.451958	1	0.574869127984	0.425130872016
10.4535	115.2509	54.385175	22	0.483587189276	0.516412810724
21.5149	105.0263	57.712541	-1	0.0	0.198751217386
22.8484	103.6864	59.78538	18	1.0	0.00160693972715
10.4257	115.0222	63.653583	-1	0.0	0.0040771639289
21.6678	105.2861	69.077706	11	0.747256149043	0.252743850957
21.7147	105.3588	69.138928	11	1.0	0.0
21.6857	105.2339	69.246768	11	0.297772205138	0.702227794862
21.7175	105.3634	69.305245	11	1.0	0.0
21.716	105.3107	69.398325	11	1.0	0.0
22.2222	105.3624	70.556946	13	1.0	0.0
22.2273	105.3282	70.558822	13	0.633566106923	0.366433893077
23.7942	104.4689	71.994971	8	0.847848861683	0.152151138317
11.0771	115.0948	85.436122	16	1.0	0.184888736394
22.491	103.309	85.699563	17	0.43035623341	0.56964376659
22.4065	105.8282	91.147408	15	0.908575943712	0.0914240562881
22.7275	105.7534	93.035741	14	1.0	0.0
22.7056	105.7512	93.304994	14	1.0	0.0
15.9114	106.2681	96.405096	4	0.841483103083	0.158516896917
23.0064	95.9556	98.877384	1	1.0	0.0
22.8453	95.8111	98.877409	1	0.31283276088	0.68716723912
23.1215	95.9883	99.138721	1	0.266589688874	0.733410311126
21.6952	105.277	99.921611	11	0.816326349955	0.183673650045
22.1809	105.3794	101.484518	13	0.950131825978	0.0498681740219
10.4107	114.932	104.447199	23	1.0	0.0
10.3931	114.9304	104.704254	23	0.82722781362	0.17277218638
22.6346	106.0877	106.218789	-1	0.0	0.245676167508
22.6542	106.0769	106.220548	-1	0.0	0.232721674393
10.7341	114.8386	119.615187	19	1.0	0.0
21.2709	103.9566	120.529255	9	1.0	0.105336923571
21.2554	103.9162	120.614499	9	1.0	0.186668887971
11.0686	115.1017	132.378364	16	1.0	0.0
11.2824	114.9006	132.698887	-1	0.0	0.156596295738
23.0849	113.5751	133.239855	3	0.539784695186	0.460215304814
10.3951	115.2491	134.317891	22	0.544975765886	0.455024234114
22.4817	103.3382	134.953462	17	1.0	0.0
22.9216	103.6934	136.084581	18	0.788978083671	0.211021916329
10.4194	114.9723	136.63765	23	0.946185856967	0.0538141430334
21.5202	105.0834	140.947977	11	0.0733915463333	0.926608453667
22.4831	103.3086	143.039968	17	0.43357624708	0.56642375292
22.4824	103.3372	143.227126	17	1.0	0.0
22.4836	103.3327	143.570659	17	1.0	0.0
10.314	115.1615	147.073592	22	1.0	0.0
21.6785	105.2963	148.53165	11	0.742489560045	0.257510439955
21.7553	105.3544	148.554901	11	0.72280505218	0.27719494782
23.0935	113.6056	150.22329	3	0.968133946948	0.0318660530523
22.3054	103.5526	151.922947	20	1.0	0.0
23.1027	113.5819	157.04187	3	0.936068200335	0.0639317996653
23.1192	113.5895	157.112276	3	1.0	0.0
23.142	113.5985	157.181236	3	0.821932504726	0.178067495274
11.0963	114.9492	166.442256	-1	0.0	0.116949024944
10.4434	114.984	172.417318	23	1.0	0.241474108103
10.4237	114.9527	172.506138	23	0.936132121689	0.0638678783113
10.4336	114.9704	172.595215	23	1.0	0.0
23.247	110.0818	176.133135	2	0.591777349136	0.408222650864
15.7349	106.0423	178.653888	4	0.187155867017	0.812844132983
11.152	115.2133	179.811998	16	0.202522246427	0.797477753573
21.5093	104.094	189.468454	9	0.404040033954	0.595959966046
10.4488	114.9389	192.411876	23	1.0	0.0
10.4486	114.9709	192.438161	23	1.0	0.0
10.4279	114.9382	192.445397	23	1.0	0.0
10.4426	115.1059	194.457261	-1	0.0	0.154623523893
10.3615	115.1829	194.854225	22	0.900654968502	0.0993450314978
23.1207	113.6207	199.516521	3	0.640530613258	0.359469386742
10.4725	114.9159	201.479464	23	0.885266056194	0.114733943806
10.4491	114.9023	201.54223	23	0.894440470409	0.105559529591
10.4293	114.9014	202.207876	23	0.926209424061	0.0737905759387
14.3554	107.0409	204.090298	5	1.0	0.0
23.1109	113.5955	204.636798	3	1.0	0.0
12.1732	115.0491	205.210516	-1	0.0	0.750789129646
22.9323	104.0764	208.194029	-1	0.0	0.168904593892
10.4194	115.0896	209.020285	-1	0.0	0.0414519583205
11.0676	115.0965	210.088771	16	1.0	0.184086019112
23.2987	106.0743	215.306185	-1	0.0	0.408156489307
10.6304	114.6912	215.825111	-1	0.0	0.0353686444045
23.0346	95.9294	215.950539	1	0.777820109672	0.222179890328
21.7201	105.3625	216.113183	11	1.0	0.0
10.4383	114.9698	219.200527	23	1.0	0.0
11.0878	115.2395	222.088799	-1	0.0	0.192527805951
11.0531	115.0768	227.333404	16	0.704936742083	0.295063257917
22.479	103.3576	227.713969	17	0.510166990794	0.489833009206
22.4584	103.2279	227.802233	17	0.136562023565	0.863437976435
22.4604	103.3044	228.690036	17	0.397919730988	0.602080269012
10.4669	114.9944	231.55882	23	0.632894279784	0.367105720216
10.7369	114.8225	236.476331	19	0.936377463524	0.0636225364757
10.7419	114.817	236.587294	19	1.0	0.0
22.8366	103.716	239.318842	18	1.0	0.0
21.1736	103.9931	239.589342	9	1.0	0.339542037199
11.095	115.0895	243.131686	16	0.908822261946	0.091177738054
21.7135	105.3678	244.002672	11	1.0	0.0
10.6136	114.89	248.475083	-1	0.0	0.150004379265
10.6081	114.8647	248.486788	-1	0.0	0.349680826772
10.7569	115.2468	250.932169	10	1.0	0.0
22.5803	105.334	251.459278	13	0.188029995454	0.811970004546
22.5707	105.3121	251.532573	13	0.186358343459	0.813641656541
10.8787	114.7401	251.598173	-1	0.0	0.115910525275
11.0803	114.6662	251.708293	-1	0.0	0.269180140898
10.7622	114.8245	264.879469	19	1.0	0.0
22.8347	103.6381	267.487519	18	1.0	0.0
10.3473	115.2048	272.632504	22	0.900654968502	0.0993450314978
10.356	115.1942	272.654028	22	0.900654968502	0.0993450314978
22.9147	95.786	272.944887	1	0.346327656253	0.653672343747
10.3522	115.2261	273.092032	22	0.745323808039	0.254676191961
11.1092	115.1532	278.926669	16	0.571492913358	0.428507086642
21.7131	105.3353	286.135297	11	1.0	0.0
21.6701	105.3925	286.164829	11	0.465035425978	0.534964574022
21.6835	105.4095	286.206557	11	0.359360784518	0.640639215482
21.3283	103.8932	291.480383	9	0.917402925124	0.082597074876
23.8351	104.5724	294.231874	8	0.412066687263	0.587933312737
22.8267	103.7224	296.17791	18	1.0	0.0
10.7657	114.8659	305.440801	19	0.822435459689	0.177564540311
10.4232	114.9144	305.696564	23	0.894440470409	0.105559529591
10.4529	114.9641	305.730416	23	1.0	0.0
10.4417	114.9414	305.78752	23	1.0	0.0
10.4535	114.9606	305.858971	23	1.0	0.0
10.4823	115.0643	305.925349	-1	0.0	0.154623523893
10.4515	114.9566	306.306373	23	1.0	0.180552259895
10.9423	115.0526	310.477689	16	0.290185819339	0.709814180661
10.9282	115.0162	310.587282	16	0.257669011515	0.742330988485
10.3408	115.1697	310.807388	22	1.0	0.0
23.0997	113.5885	313.709124	3	0.983855569843	0.0161444301574
23.1174	113.6077	313.777042	3	1.0	0.0
23.0861	113.5458	313.854276	3	0.309114359035	0.690885640965
23.0773	113.5503	313.943348	3	0.334097447675	0.665902552325
22.9696	95.897	320.026808	1	0.626822085314	0.373177914686
22.9529	95.6641	320.026842	1	0.210528085677	0.789471914323
22.8696	103.7031	321.526491	18	1.0	0.0
22.9534	103.5408	321.618881	18	0.419613191301	0.580386808699
21.213	104.0034	329.329647	9	1.0	0.0
10.3438	115.17	331.991327	22	1.0	0.0
10.3496	115.2016	332.024289	22	0.900654968502	0.0993450314978
22.242	105.2947	336.297944	13	0.418759787023	0.581240212977
10.3958	114.3243	339.506698	-1	0.0	0.650603536169
10.4036	114.3711	339.785945	-1	0.0	0.603809022428
10.3959	114.346	339.880485	-1	0.0	0.630904116332
21.2548	103.8463	344.308916	9	1.0	0.166275699766
21.2742	103.9091	344.358527	9	1.0	0.223601217004
21.7169	105.3588	344.891535	11	1.0	0.0
21.7136	105.273	344.930745	11	0.566369865295	0.433630134705
21.7226	105.3371	344.997964	11	1.0	0.0
21.696	105.2946	345.177395	11	0.816326349955	0.183673650045
22.8352	103.6554	352.337531	18	1.0	0.12555617744
22.6215	104.7285	352.542846	12	1.0	0.0
15.8521	106.3455	375.602837	4	1.0	0.0
15.828	106.3247	375.607017	4	1.0	0.0
15.8576	106.2516	375.654811	4	0.72759512378	0.27240487622
15.8331	106.3679	375.709511	4	0.829468288634	0.170531711366
15.8255	106.2518	375.759517	4	0.706346626079	0.293653373921
15.8568	106.3143	375.92247	4	1.0	0.0
15.8827	106.385	376.553581	4	0.691722663101	0.308277336899
23.0982	113.6332	377.960155	3	0.48328966163	0.51671033837
22.8091	103.6248	382.381786	18	1.0	0.319280627174
11.275	114.543	385.214912	7	0.565167429155	0.434832570845
22.7462	105.7601	386.272644	14	1.0	0.0
23.7524	104.6257	389.042437	8	0.44020226134	0.55979773866
22.4064	105.4473	391.479024	13	0.240684878574	0.759315121426
23.1491	95.4964	400.215829	1	0.0718576035257	0.928142396474
23.231	95.8816	400.215907	1	0.154113770174	0.845886229826
23.0187	95.9026	401.15194	1	0.680519341454	0.319480658546
22.9292	95.8397	401.630335	1	0.34947315495	0.65052684505
10.3548	115.2118	409.403986	22	0.745323808039	0.254676191961
22.8421	103.6914	422.860089	18	1.0	0.0
21.7307	105.3072	425.461096	11	1.0	0.0
21.3016	103.9811	427.170305	9	1.0	0.0996710358767
22.8354	103.6367	427.543563	18	1.0	0.0
22.7751	103.6639	427.809142	18	1.0	0.416000891404
10.9523	114.9913	432.04934	16	0.290185819339	0.709814180661
10.9748	115.0913	432.077169	16	0.334235101785	0.665764898215
23.1176	113.6084	434.513321	3	1.0	0.0
22.9062	103.7584	435.049499	18	0.560440663489	0.439559336511
10.3325	115.1267	436.972677	22	0.544506002828	0.455493997172
10.8295	114.8268	438.496885	19	0.949813205323	0.0501867946772
10.8465	114.7422	438.58375	-1	0.0	0.0184231814067
11.0873	115.0914	443.129623	16	1.0	0.236318318919
22.7907	103.6664	443.300319	18	1.0	0.268271766008
23.1564	104.1368	443.879213	-1	0.0	0.00719841314207
22.8557	103.6088	447.268191	18	1.0	0.332147925965
22.8775	103.6021	447.349578	18	1.0	0.333214014285
21.3376	104.1062	448.677139	9	0.65625636873	0.34374363127
21.2627	103.8382	448.790513	9	1.0	0.209824972286
21.186	103.8669	448.790538	9	1.0	0.109421697412
22.2065	103.6461	451.544577	21	0.341499579054	0.658500420946
11.0887	115.1166	457.51973	16	1.0	0.314431779898
14.3422	107.008	458.394748	5	1.0	0.0
14.3487	107.0232	458.396375	5	1.0	0.0
22.8463	103.6411	464.218558	18	1.0	0.0
22.8545	103.6447	469.370825	18	1.0	0.0
22.8419	103.7026	469.488839	18	1.0	0.0
22.6963	105.5355	470.404337	13	0.125212587593	0.874787412407
11.3025	114.6093	470.451076	7	0.685361210751	0.314638789249
22.7448	105.6834	470.462118	14	1.0	0.0
11.2858	114.5636	470.536989	7	1.0	0.0
10.8114	114.9561	470.58602	16	0.202080089585	0.797919910415
11.3001	114.6509	470.649132	7	0.431037614145	0.568962385855
11.3054	114.5799	470.688222	7	1.0	0.0
11.3036	114.5884	470.763111	7	1.0	0.0
22.1582	103.8908	471.364923	-1	0.0	0.367527626977
22.7944	103.6326	474.850621	18	1.0	0.414234725423
23.2421	109.9895	476.40878	2	1.0	0.0
10.426	114.9225	476.564257	23	1.0	0.210696693125
10.4726	114.9744	477.611472	23	0.904774080758	0.0952259192425
22.9651	95.7384	481.455759	1	0.27469519827	0.72530480173
23.0216	95.9387	481.510586	1	1.0	0.0
23.0146	95.9144	481.618139	1	1.0	0.0
23.003	95.959	481.655479	1	0.829486908382	0.170513091618
10.3134	115.1166	483.205646	22	0.524007633262	0.475992366738
10.3419	114.9808	483.255049	-1	0.0	0.221305431967
10.34	115.1733	483.328636	22	1.0	0.0
10.2544	115.0796	483.748622	-1	0.0	0.262206266818
10.3287	115.1762	485.069844	22	1.0	0.0
15.9586	106.3083	485.953582	4	0.856696062894	0.143303937106
23.1119	113.6786	495.247031	3	0.188798228333	0.811201771667
22.2301	103.4456	495.265775	-1	0.0	0.458842056058
22.4666	98.7363	495.791371	0	1.0	0.0
10.79	114.7926	496.743648	19	1.0	0.0
10.8352	114.9534	496.769835	-1	0.0	0.00651572345157
10.8556	114.9556	496.801995	16	0.23322451234	0.76677548766
10.8193	114.8126	496.848911	19	0.950498329318	0.0495016706824
22.8172	103.7349	498.3382	18	0.745902894671	0.254097105329
23.1478	113.5983	503.735845	3	0.695073535622	0.304926464378
21.6794	97.3609	505.457212	0	0.0782425136454	0.921757486355
10.3062	115.1632	508.384181	22	0.801286989076	0.198713010924
10.6155	114.936	510.209975	-1	0.0	0.371277504077
10.752	115.2495	511.746252	10	1.0	0.0
22.7747	103.6506	514.350059	18	1.0	0.374838454348
22.452	104.6766	518.278468	12	1.0	0.0
22.3494	103.5608	521.371854	20	1.0	0.0
22.2996	103.5795	521.400428	20	1.0	0.0
23.1122	113.6003	521.825549	3	1.0	0.0
10.3786	115.188	528.052215	22	0.566086306039	0.433913693961
23.0057	104.6439	530.592098	12	0.887321179976	0.112678820024
22.66	104.7824	535.095634	12	1.0	0.0
21.748	105.374	537.531472	11	0.809156090899	0.190843909101
22.3236	103.1348	539.446454	-1	0.0	0.0994979694265
22.8313	103.6457	545.61901	18	1.0	0.0
22.8491	110.4497	545.986485	2	0.13615197775	0.86384802225
10.3308	115.1585	550.952857	22	1.0	0.0
10.3254	115.1624	551.037136	22	1.0	0.0
22.8112	103.653	551.412576	18	1.0	0.248386549826
22.7835	103.6828	551.463016	18	0.966000399284	0.0339996007155
22.8024	103.6339	551.739829	18	1.0	0.27759273495
10.3011	115.1281	552.153368	22	0.544506002828	0.455493997172
10.3461	115.1788	559.739592	22	1.0	0.0
10.3735	114.9025	562.119512	23	0.539823188976	0.460176811024
10.4149	115.0203	562.168628	23	0.409234972464	0.590765027536
10.4369	115.0435	562.181798	22	0.280929073579	0.719070926421
10.5702	115.0138	565.653753	-1	0.0	0.0606490204493
22.4369	95.2755	572.38137	1	0.0363428934537	0.963657106546
22.7699	103.8259	572.824629	18	0.274909937438	0.725090062562
11.1094	115.0681	573.429635	16	0.826043160128	0.173956839872
14.6764	106.7549	574.251423	6	1.0	0.0
22.4794	98.7609	574.73647	0	0.807150864301	0.192849135699
21.7073	105.3401	579.627143	11	1.0	0.0
10.3629	114.9699	580.845647	23	0.444954870308	0.555045129692
21.2909	103.978	587.973088	9	1.0	0.0996710358767
21.34	103.9848	588.039507	9	1.0	0.207685818607
22.8158	103.6548	589.490808	18	1.0	0.268271766008
22.6774	105.7488	589.932934	14	1.0	0.0
10.3178	115.1619	593.987805	22	1.0	0.0
10.319	115.1869	594.06572	22	0.669823182771	0.330176817229
22.8542	103.6103	594.165458	18	1.0	0.332147925965
10.3	115.1438	594.206963	22	0.544506002828	0.455493997172
11.091	115.0825	596.294868	16	1.0	0.0
23.2478	109.9497	598.593827	2	1.0	0.0
