21.1294	296.5997	-6e-05	6	0.667071937128	0.332928062872
25.3509	297.7327	-582.453032	2	1.0	0.0
25.3717	297.7349	-582.375495	2	1.0	0.0421801196552
21.7049	295.3958	-577.558873	4	0.143589623522	0.856410376478
25.2959	297.8371	-572.135553	2	1.0	0.0
25.1111	297.4981	-572.086579	2	0.154272537188	0.845727462812
25.2639	297.7904	-572.046886	2	1.0	0.0628846897879
24.138	297.9569	-554.824402	7	0.24693723412	0.75306276588
25.2746	297.7724	-544.961713	2	1.0	0.0435167836752
25.3253	297.8103	-544.902537	2	0.836683212182	0.163316787818
25.3113	297.7689	-544.835291	2	1.0	0.28518678629
25.3119	297.778	-544.686856	2	1.0	0.0
20.8967	292.507	-541.180242	-1	0.0	0.170371421618
21.1303	296.536	-527.959575	6	0.515015104243	0.484984895757
21.1561	296.6087	-527.628336	6	0.744684577505	0.255315422495
25.2857	297.6064	-526.459278	2	0.624995780866	0.375004219134
25.317	297.7843	-524.629602	2	1.0	0.0
25.3386	297.7549	-524.586245	2	1.0	0.376747960901
25.2993	297.8409	-524.492111	2	1.0	0.0
25.2855	297.7699	-524.418644	2	1.0	0.384749464144
25.3155	297.7799	-524.36553	2	1.0	0.0
25.3103	297.7812	-524.314845	2	1.0	0.0
21.6384	295.1778	-519.792871	4	0.16632742685	0.83367257315
21.6612	295.2818	-519.704855	4	0.222986236818	0.777013763182
20.5565	294.8865	-516.997723	-1	0.0	0.245623327351
18.2529	290.7231	-510.524563	-1	0.0	0.183180371333
18.4519	290.7437	-510.524548	-1	0.0	0.170371421618
18.4375	290.6922	-510.401204	-1	0.0	0.170371421618
24.0387	298.1664	-505.122036	-1	0.0	0.21053584523
24.0257	297.9965	-503.724896	7	0.766981690796	0.233018309204
25.2872	297.8316	-499.02476	2	1.0	0.0
25.2254	297.7942	-498.970859	2	0.715260169394	0.284739830606
25.255	297.7588	-498.930845	2	0.834761687186	0.165238312814
25.2419	297.8087	-498.633957	2	0.720235784876	0.279764215124
25.2959	297.7747	-478.101722	2	1.0	0.143909993686
25.2937	297.7469	-477.554507	2	1.0	0.00929184952638
21.7413	295.3237	-472.574762	4	0.305743978393	0.694256021607
26.3302	296.2943	-471.672346	1	0.158819498672	0.841180501328
25.3561	297.7562	-460.717919	2	1.0	0.0579709628955
22.0663	296.2069	-447.456093	10	0.103781793111	0.896218206889
25.3049	297.7989	-447.066265	2	1.0	0.0730725422884
25.2668	297.7771	-447.015888	2	1.0	0.459164661492
24.0276	297.98	-444.701123	7	0.833769476258	0.166230523742
24.1477	297.9532	-444.701073	7	0.215141152531	0.784858847469
21.9619	296.2887	-435.490448	10	1.0	0.0
21.9586	296.2918	-435.296949	10	1.0	0.0
21.9282	296.194	-435.219612	10	0.0979930271865	0.902006972813
21.9564	296.2954	-435.196938	10	1.0	0.0
21.9582	296.3086	-435.151495	10	0.525812782002	0.474187217998
24.0517	298.4288	-432.990164	3	0.464669338833	0.535330661167
21.3199	296.5777	-416.731938	6	0.147624532167	0.852375467833
21.1299	296.5838	-416.708404	6	0.667071937128	0.332928062872
24.0923	298.3914	-415.309646	3	0.78079427185	0.21920572815
25.2823	297.7912	-405.502584	2	1.0	0.466772194871
24.0011	297.9856	-387.13429	7	0.81012324107	0.18987675893
24.1442	298.4188	-383.703296	3	0.792774939829	0.207225060171
21.0946	296.4974	-370.147521	6	0.261742649445	0.738257350555
21.6722	295.337	-367.339677	4	0.213273012203	0.786726987797
25.302	297.8605	-356.253689	2	0.680579078831	0.319420921169
21.9948	296.0046	-353.729212	9	1.0	0.0
26.2581	296.1198	-349.667572	1	0.395631884209	0.604368115791
23.9528	298.0627	-326.242496	-1	0.0	0.0928127833787
24.3398	297.8806	-325.28158	8	1.0	0.0
24.3788	297.9203	-325.224289	8	0.824190669317	0.175809330683
24.3711	297.8957	-325.185918	8	1.0	0.0
20.6641	294.897	-324.715199	-1	0.0	0.174285646634
25.3202	297.7551	-320.094411	2	1.0	0.376747960901
21.9564	296.2992	-319.81563	10	1.0	0.0
21.9462	296.3274	-319.783296	10	0.456936171478	0.543063828522
21.9678	296.2809	-319.711627	10	0.7627632888	0.2372367112
21.9544	296.2726	-319.643451	10	0.488795263499	0.511204736501
21.9536	296.2908	-319.544978	10	1.0	0.0
18.3097	290.3281	-304.64275	-1	0.0	0.280074206262
21.7176	295.2328	-302.144689	4	0.596387541652	0.403612458348
21.7523	295.2439	-301.802523	4	0.848423547641	0.151576452359
24.3429	298.0235	-298.317416	5	1.0	0.0
23.991	297.9722	-291.925177	7	0.904133529177	0.0958664708226
24.0851	297.9788	-291.925127	7	0.549347063152	0.450652936848
24.0484	297.9658	-291.75759	7	0.574722824432	0.425277175568
25.3038	297.751	-282.554986	2	1.0	0.0530252940708
25.3024	297.7808	-282.497134	2	1.0	0.0
25.3345	297.7668	-282.346565	2	1.0	0.376747960901
24.0008	298.0162	-264.380075	7	0.651806813604	0.348193186396
22.0104	295.9879	-264.051796	9	1.0	0.0
21.9698	296.0452	-263.922618	9	0.377255655769	0.622744344231
24.1305	298.3358	-244.952248	3	0.664881938245	0.335118061755
25.2582	297.8104	-243.461529	2	0.840389259122	0.159610740878
25.3106	297.8191	-243.390466	2	1.0	0.0
21.7435	295.2442	-228.756673	4	0.818476778419	0.181523221581
21.9815	295.2249	-228.756601	4	0.132826710195	0.867173289805
21.758	295.2213	-228.070824	4	1.0	0.0
25.2952	297.5677	-224.291494	2	0.523406290953	0.476593709047
21.5069	297.2432	-217.945747	-1	0.0	0.259237642951
25.5219	297.6122	-202.735624	2	0.264493756987	0.735506243013
21.1767	296.5976	-181.35153	6	1.0	0.0
21.173	296.5993	-181.086716	6	1.0	0.0
25.3486	297.6038	-165.687016	2	0.892450836416	0.107549163584
23.9741	297.9873	-161.056127	7	0.56986496796	0.43013503204
24.022	298.015	-161.040635	7	0.696307892992	0.303692107008
24.0282	297.9967	-161.017698	7	0.794293579731	0.205706420269
23.9898	297.9565	-160.96131	7	0.589768752088	0.410231247912
24.2463	297.9413	-159.721016	8	0.541074579186	0.458925420814
21.9561	296.3884	-156.385834	10	0.15820184317	0.84179815683
25.321	297.6453	-155.034894	2	1.0	0.122248855266
21.6099	295.3151	-153.105662	4	0.144145642539	0.855854357461
21.6476	294.1209	-150.116981	-1	0.0	0.491871329544
25.3392	297.763	-122.862333	2	1.0	0.376747960901
25.3485	297.7895	-122.777173	2	0.991415869671	0.00858413032924
21.9213	295.8737	-107.966374	9	0.146566228342	0.853433771658
21.9465	296.0075	-107.966357	9	0.603390632947	0.396609367053
21.9999	295.994	-107.854874	9	1.0	0.0
21.9856	295.9991	-107.754973	9	1.0	0.0
24.1742	298.4347	-101.491976	3	0.564939713779	0.435060286221
24.1702	298.3887	-101.436662	3	0.940280119668	0.059719880332
24.1599	298.3484	-100.974227	3	1.0	0.0
21.1444	296.5775	-100.782613	6	0.649660061433	0.350339938567
21.1408	296.584	-100.666492	6	0.667071937128	0.332928062872
26.3474	296.0821	-100.039608	1	0.870968544947	0.129031455053
26.3444	296.0434	-99.951015	1	0.870968544947	0.129031455053
21.8147	295.1867	-92.165047	4	0.358522184663	0.641477815337
21.8512	295.2448	-91.784554	4	0.358030858906	0.641969141094
25.2926	297.486	-90.633458	2	0.228297869048	0.771702130952
25.3606	297.7274	-90.422817	2	1.0	0.0
25.3066	297.5162	-90.230039	2	0.349675456307	0.650324543693
25.3267	297.7276	-63.840035	2	1.0	0.0502222162489
23.9759	298.3243	-63.491605	3	0.302032809478	0.697967190522
21.8274	295.176	-60.814779	4	0.344214728128	0.655785271872
25.3101	297.8371	-34.848602	2	1.0	0.0
21.7745	295.2512	-29.830876	4	0.739677617521	0.260322382479
22.4666	295.7788	-29.830616	-1	0.0	0.533431331149
24.1405	298.3972	-23.993042	3	1.0	0.0
24.1263	298.3559	-23.682737	3	1.0	0.0
25.4319	297.7695	-8.460641	2	0.606557389207	0.393442610793
25.395	297.6854	-8.388319	2	1.0	0.0594065545291
23.9962	298.0011	-5.201264	7	0.683149626479	0.316850373521
21.1294	296.5997	-6e-05	6	0.667071937128	0.332928062872
21.7368	295.2148	1.623948	4	0.65964462324	0.34035537676
26.3773	296.0076	10.982822	1	1.0	0.0
26.3968	296.0039	11.0383	1	1.0	0.0
25.3651	297.5807	22.867276	2	0.701717644897	0.298282355103
25.3409	297.5356	22.921315	2	0.43473054094	0.56526945906
25.3425	297.5712	22.962833	2	0.75549978621	0.24450021379
21.1378	296.6051	37.315244	6	0.566907886152	0.433092113848
21.1838	296.5862	37.329366	6	0.938655981521	0.0613440184791
25.3463	297.663	41.643001	2	1.0	0.0
25.3126	297.739	42.179784	2	1.0	0.0502222162489
25.3081	297.7022	61.013383	2	1.0	0.122860591847
25.3519	297.7141	61.132277	2	1.0	0.0
21.1402	296.5758	65.481375	6	0.667071937128	0.332928062872
21.1295	296.5241	65.556745	6	0.369913667912	0.630086332088
21.0375	296.4919	65.585787	6	0.169623910616	0.830376089384
21.1641	296.5483	65.634046	6	0.515015104243	0.484984895757
24.0828	298.128	80.134283	-1	0.0	0.00378613395628
24.0649	297.9708	80.134317	7	0.574722824432	0.425277175568
24.0602	297.9921	80.22289	7	0.549347063152	0.450652936848
24.0473	297.9623	80.231282	7	0.531068111364	0.468931888636
24.1033	297.9733	80.899637	7	0.416941758627	0.583058241373
24.351	297.873	81.673045	8	1.0	0.0
24.3536	297.8966	81.702827	8	1.0	0.0
24.4359	297.8835	81.71415	8	0.627706522027	0.372293477973
25.3574	297.7799	85.403148	2	1.0	0.0867284388113
25.3711	297.7718	85.522061	2	1.0	0.037219568525
21.1313	296.5559	90.806364	6	0.551128473108	0.448871526892
24.1616	298.3797	93.131854	3	1.0	0.0
26.3645	296.0586	101.882055	1	0.80484900141	0.19515099859
26.3442	295.992	101.939206	1	1.0	0.0
22.0423	296.3329	110.379763	10	0.287121974364	0.712878025636
25.3546	297.6733	113.661239	2	1.0	0.0
21.8002	295.1413	120.144745	4	0.24085033642	0.75914966358
21.7495	295.2287	120.73996	4	0.848423547641	0.151576452359
21.7769	295.3143	121.025048	4	0.213273012203	0.786726987797
21.9578	295.9941	138.315925	9	0.823620235267	0.176379764733
22.113	295.9839	138.315968	9	0.279022764865	0.720977235135
21.9552	295.9336	138.36479	9	0.287493421351	0.712506578649
22.0016	295.9987	138.435255	9	1.0	0.0
25.3154	297.5901	139.871259	2	0.847641596821	0.152358403179
25.3379	297.6523	139.924221	2	1.0	0.0
25.5111	297.582	139.924302	2	0.249125530233	0.750874469767
24.0172	298.0295	140.276233	7	0.399768653775	0.600231346225
25.3414	297.6174	140.405944	2	1.0	0.062710441069
26.3914	296.0537	157.782777	1	0.721647528798	0.278352471202
21.1686	296.594	170.882546	6	1.0	0.0
21.1768	296.6082	170.937102	6	1.0	0.0
21.1507	296.6418	170.991851	6	0.275514332389	0.724485667611
21.7877	295.1947	173.356409	4	0.456426808322	0.543573191678
25.3524	297.8067	173.421406	2	0.779338180122	0.220661819878
21.2419	295.9586	173.544557	-1	0.0	0.609483881265
25.3408	297.6838	197.614063	2	1.0	0.0
25.3203	297.6449	197.657705	2	1.0	0.135645314579
25.3265	297.7129	197.73439	2	1.0	0.0125947010295
25.4706	297.668	197.734456	2	0.451493177349	0.548506822651
25.3773	297.6702	197.790314	2	1.0	0.0190779026536
25.3572	297.6366	197.887599	2	1.0	0.0
25.3192	297.595	198.132963	2	0.800465154211	0.199534845789
26.5674	296.0657	239.325166	1	0.29539780454	0.70460219546
26.3723	296.1003	239.355885	1	0.70597964208	0.29402035792
21.7305	294.9878	242.256091	4	0.0659683151424	0.934031684858
21.8193	295.1768	242.256122	4	0.350772106098	0.649227893902
25.3392	297.7122	244.467753	2	1.0	0.0247041697847
25.3005	297.6837	244.513233	2	1.0	0.122995555652
25.2994	297.7336	244.554462	2	1.0	0.121140482779
25.311	297.6606	244.602261	2	1.0	0.0233258332084
25.4081	297.6871	244.60232	2	0.91212827543	0.0878717245705
25.3112	297.6833	244.660113	2	1.0	0.128189676882
25.3115	297.6842	244.716513	2	1.0	0.0959441701799
25.3224	297.6988	244.770011	2	1.0	0.0
24.0663	297.9872	255.116909	7	0.467491164425	0.532508835575
21.1793	296.5902	255.184953	6	1.0	0.0
24.0151	297.996	255.216389	7	0.906787869285	0.0932121307147
24.016	297.9834	255.245689	7	1.0	0.0
24.0101	297.9719	255.329363	7	1.0	0.0
24.012	297.9735	255.351943	7	1.0	0.0
24.0189	297.9583	255.506188	7	0.651593686179	0.348406313821
24.2569	297.924	256.41211	-1	0.0	0.0723474218632
24.3185	297.9354	256.596299	8	0.748358032935	0.251641967065
21.7925	295.2366	297.46694	4	0.739677617521	0.260322382479
21.7648	295.2274	297.499492	4	1.0	0.0
21.7751	295.2159	297.545078	4	1.0	0.0
21.7591	295.2436	297.599502	4	0.848423547641	0.151576452359
21.9139	295.234	297.599539	4	0.200095113908	0.799904886092
21.7884	295.2257	297.656668	4	1.0	0.0
21.7556	295.2235	298.144131	4	1.0	0.0
21.7936	295.2332	298.239675	4	0.782906599454	0.217093400546
25.3419	297.6824	303.120055	2	1.0	0.0
25.3552	297.6928	303.161353	2	1.0	0.0
25.3087	297.6963	303.407137	2	1.0	0.0
24.0054	297.9925	304.51122	7	0.969111821878	0.0308881781223
23.9258	297.9307	305.477234	7	0.191039723835	0.808960276165
25.3867	297.7847	305.507295	2	0.703982407508	0.296017592492
21.9755	296.3365	326.013775	10	0.498515109827	0.501484890173
22.0456	296.3204	326.013808	10	0.301409871242	0.698590128758
22.0007	296.3088	326.062228	10	0.406016189496	0.593983810504
21.9988	296.3223	326.084582	10	0.498515109827	0.501484890173
21.5753	296.153	326.582699	-1	0.0	0.388846268643
21.1698	296.5612	330.766953	6	0.531067319138	0.468932680862
21.1834	296.5785	330.877233	6	0.600897647284	0.399102352716
25.4171	297.7422	344.621428	2	0.591352854081	0.408647145919
26.3511	296.006	348.508263	1	1.0	0.0
25.3595	297.7216	359.518082	2	1.0	0.0
25.3432	297.6954	359.604879	2	1.0	0.0
25.3052	297.7184	359.87633	2	1.0	0.122860591847
25.3411	297.6706	360.031392	2	1.0	0.0
25.3452	297.6999	360.122933	2	1.0	0.0
24.1713	298.358	363.569102	3	1.0	0.0
24.009	297.9362	384.87199	7	0.312449003972	0.687550996028
23.9633	297.9667	384.982402	7	0.475046712098	0.524953287902
24.0047	298.0099	385.019523	7	0.696307892992	0.303692107008
24.002	297.9727	385.324598	7	1.0	0.0
24.2675	297.9326	385.98347	-1	0.0	0.0673514820895
24.3904	297.8919	386.476715	8	1.0	0.0
21.7887	295.2929	411.095041	4	0.305743978393	0.694256021607
21.7854	295.3317	411.291819	4	0.211861426446	0.788138573554
25.365	297.6766	411.877529	2	1.0	0.0
25.3525	297.8359	411.916557	2	0.700412385991	0.299587614009
21.9841	296.3306	413.846435	10	0.511411732928	0.488588267072
21.9876	296.3181	413.86953	10	0.511411732928	0.488588267072
21.9666	296.3304	413.891	10	0.511411732928	0.488588267072
20.6894	294.476	437.73646	-1	0.0	0.353255325532
21.7572	295.2523	445.182824	4	0.848423547641	0.151576452359
21.7959	295.2242	445.384091	4	0.929862164399	0.070137835601
25.3709	297.6294	450.533762	2	1.0	0.0
21.1976	296.5344	462.797877	6	0.312309645864	0.687690354136
24.2972	298.1474	464.379921	5	1.0	0.0
25.3344	297.6208	472.685814	2	1.0	0.0608856604898
25.3804	297.6393	472.745717	2	1.0	0.0
25.3465	297.6267	472.800745	2	1.0	0.0
21.14	296.5603	474.589162	6	0.649660061433	0.350339938567
29.4647	292.047	499.66965	0	1.0	0.0
29.614	292.0318	499.66974	0	1.0	0.0
29.5551	292.0235	499.707274	0	1.0	0.0
29.4636	292.0014	499.762582	0	0.985468168853	0.0145318311469
25.3869	297.8238	505.154301	2	0.523217687053	0.476782312947
23.9748	298.2133	510.644167	-1	0.0	0.106820878988
24.0416	298.007	510.644245	7	0.579691774388	0.420308225612
24.0097	297.9744	511.187638	7	1.0	0.0
24.0378	297.9433	511.244416	7	0.450223866065	0.549776133935
30.8908	294.3541	511.546158	0	1.0	0.0
30.9352	294.3489	511.609455	0	1.0	0.0
25.2882	297.643	524.840273	2	0.718585452222	0.281414547778
25.383	297.6847	524.890589	2	1.0	0.0
25.3399	297.6739	524.958914	2	1.0	0.0
21.1254	296.5289	525.965181	6	0.397088563041	0.602911436959
21.1825	296.5202	526.025047	6	0.354425514664	0.645574485336
21.2719	296.5234	526.025075	6	0.179252367241	0.820747632759
21.1834	296.6048	526.07054	6	0.841753197608	0.158246802392
25.4459	297.739	533.863167	2	0.422396428624	0.577603571376
21.9469	296.3505	541.762769	10	0.334492141559	0.665507858441
21.9883	296.2865	541.814941	10	0.492321122602	0.507678877398
26.3222	296.1063	550.341738	1	0.633928904311	0.366071095689
26.3923	295.9813	550.391695	1	1.0	0.0
24.26	298.1166	555.453438	5	1.0	0.0
24.2842	298.148	555.695581	5	1.0	0.0
25.3843	297.6393	556.093634	2	1.0	0.0
25.3979	297.6479	556.15856	2	0.860246621193	0.139753378807
25.4006	297.6904	564.876414	2	1.0	0.110521904252
25.4081	297.6297	579.957158	2	1.0	0.00313792023407
25.3819	297.6224	580.015547	2	1.0	0.10105530827
24.3216	298.2486	585.324583	3	0.234709358707	0.765290641293
24.3091	298.1868	585.629947	5	1.0	0.0
25.3617	297.7258	596.742649	2	1.0	0.0
25.3676	297.6863	599.665279	2	1.0	0.0312005835044
25.3311	297.6587	599.724361	2	1.0	0.0
