6.5255	14.1779	-0.000102	25	0.969751909113	0.0302480908866
7.4878	6.163	-599.020907	1	1.0	0.160317184503
9.8878	22.1528	-598.964652	46	1.0	0.0
9.4993	25.0132	-598.669519	-1	0.0	0.0143942138604
7.9956	21.4561	-598.348867	42	0.191800358334	0.808199641666
7.911	21.4016	-598.342731	42	0.286902128056	0.713097871944
6.6978	11.6487	-594.427133	17	1.0	0.0
6.5216	11.602	-594.367744	17	0.277564798452	0.722435201548
6.6873	11.7203	-594.367699	17	0.317307132073	0.682692867927
6.7471	11.6403	-594.341321	17	1.0	0.0
6.6689	11.6992	-594.229725	17	0.415722855981	0.584277144019
7.7715	21.6021	-593.30104	-1	0.0	0.0189669849694
6.5012	14.2204	-592.255059	25	0.587809257103	0.412190742897
8.2266	7.1932	-588.776718	30	1.0	0.0
8.4896	20.6459	-585.946641	44	1.0	0.0
7.3648	23.6927	-585.377287	-1	0.0	0.355406269804
7.4027	23.6981	-585.300092	-1	0.0	0.361429620657
8.8189	14.568	-582.285288	-1	0.0	0.163323757599
5.5965	9.0022	-577.350628	0	0.11008211202	0.88991788798
6.702	14.6169	-577.257308	14	1.0	0.0
6.9378	21.249	-575.67104	32	0.523544584062	0.476455415938
-1.9271	22.4737	-574.629745	2	0.135469741284	0.864530258716
8.2631	20.7667	-571.06209	43	0.946174920213	0.0538250797871
1.8294	15.124	-569.742427	3	0.162612133953	0.837387866047
2.5904	20.6962	-569.067821	-1	0.0	0.189426723781
6.475	13.8638	-568.639526	24	1.0	0.0
6.4997	13.8843	-568.587846	24	1.0	0.0
9.3518	22.0573	-568.164731	45	1.0	0.0
6.2208	11.4021	-560.220598	18	0.619025905872	0.380974094128
7.816	17.3625	-557.010245	7	1.0	0.0
6.5057	14.2176	-554.740371	25	0.618574615426	0.381425384574
8.0335	21.2399	-554.543889	42	0.740154955672	0.259845044328
6.0605	22.6764	-554.138967	-1	0.0	0.0744895857974
5.9855	15.3928	-552.943123	-1	0.0	0.159974882083
6.339	12.7813	-549.560506	-1	0.0	0.356145136196
3.2133	15.398	-549.460047	3	0.709439094778	0.290560905222
3.0498	15.3616	-549.422086	3	1.0	0.0
3.0666	15.3449	-549.37714	3	1.0	0.0
8.5068	20.6365	-549.184075	44	1.0	0.0
8.8359	21.6536	-549.147794	41	0.365776262351	0.634223737649
8.7872	21.6654	-548.468708	41	0.250118249162	0.749881750838
6.8815	12.6917	-543.134097	12	1.0	0.0
7.6875	22.6892	-541.930178	31	1.0	0.0
7.6212	12.4593	-539.29256	-1	0.0	0.323944882022
7.5629	12.5572	-538.575217	28	1.0	0.0
7.3827	12.4045	-538.513862	29	0.931400373031	0.0685996269692
7.1531	22.8578	-535.96678	31	1.0	0.204313665138
8.1415	14.1919	-532.391242	21	0.872651135359	0.127348864641
8.1746	14.1649	-532.240412	21	1.0	0.0
7.7213	6.137	-530.815627	1	1.0	0.0
6.5187	14.1915	-530.292969	25	0.969751909113	0.0302480908866
8.5677	20.6477	-529.383475	44	0.558425970504	0.441574029496
8.0338	7.0525	-528.772466	37	0.872409198781	0.127590801219
7.4027	5.9257	-523.827648	1	1.0	0.0
-1.6254	14.3816	-517.969108	-1	0.0	0.421226633582
7.7886	17.3435	-516.548558	7	1.0	0.0
9.9152	21.7976	-514.229035	-1	0.0	0.588699099534
7.3112	22.7523	-514.026589	31	1.0	0.0
7.3417	12.4898	-509.681039	29	0.572572047585	0.427427952415
2.1997	20.1765	-506.160591	34	1.0	0.0
2.1968	20.1831	-505.930092	34	1.0	0.0
2.287	20.1549	-505.930085	34	1.0	0.0
7.6958	6.1235	-505.784266	1	1.0	0.0965856710671
7.8485	6.2154	-504.813626	1	1.0	0.0
-1.7473	22.4354	-504.399786	2	0.146097601743	0.853902398257
7.7579	12.8727	-501.979178	-1	0.0	0.473939802484
8.3641	20.797	-501.690633	43	1.0	0.0
8.4381	20.789	-501.641962	43	0.615159634534	0.384840365466
6.4134	14.3467	-501.108453	-1	0.0	0.261920875083
0.7376	20.557	-496.437024	35	1.0	0.0
6.1027	22.9177	-493.647785	-1	0.0	0.0232661509283
6.1262	22.9179	-493.485741	-1	0.0	0.464676999798
6.0388	22.6655	-492.189768	-1	0.0	0.040124983451
8.1631	14.234	-490.589683	21	1.0	0.0
9.1781	20.7594	-490.49817	-1	0.0	0.0442141701111
7.337	12.4493	-488.56026	29	0.950863579297	0.0491364207026
6.0972	17.7321	-488.210862	7	0.11217892686	0.88782107314
10.2571	18.5618	-481.737178	9	1.0	0.0
8.2642	21.3324	-480.245582	42	0.215725141696	0.784274858304
4.5884	15.5405	-478.346169	3	0.142261557752	0.857738442248
7.9223	7.0516	-471.365789	37	1.0	0.0
7.3973	22.8323	-470.366174	31	1.0	0.339524320023
-0.1718	20.0056	-469.908466	-1	0.0	0.385351763431
-0.16	20.0144	-469.78409	-1	0.0	0.375014703608
7.634	6.064	-468.736089	1	1.0	0.237944857988
8.1612	22.0221	-468.73228	33	1.0	0.0
9.0026	21.7309	-468.507862	41	0.242140882329	0.757859117671
6.3285	11.3621	-467.906589	18	0.319861267776	0.680138732224
4.7852	6.1739	-466.925974	-1	0.0	0.155406960518
9.3271	23.8096	-457.657933	15	0.74181625193	0.25818374807
6.6965	14.5859	-455.59972	14	1.0	0.0
6.6921	14.6083	-455.531644	14	1.0	0.0
8.2944	7.1724	-453.431366	30	1.0	0.0
7.4584	21.0841	-453.173823	-1	0.0	0.0062763341894
8.7904	20.6879	-450.782358	44	0.187767913639	0.812232086361
5.966	6.7895	-450.316745	5	1.0	0.0
7.3103	12.5738	-448.55376	-1	0.0	0.429601270192
6.4597	11.6156	-446.702378	-1	0.0	0.0198329102109
6.6681	11.6116	-446.509241	17	0.655043094441	0.344956905559
6.5063	14.1963	-445.049768	25	0.803339754147	0.196660245853
8.2239	7.1591	-444.976473	30	1.0	0.0
0.7945	20.5413	-443.898861	35	1.0	0.0
5.5676	8.4156	-443.210814	0	0.951429818494	0.0485701815063
5.6375	8.359	-442.870861	0	1.0	0.0
9.7049	22.131	-441.567253	46	1.0	0.0
8.1759	14.2368	-436.095412	21	1.0	0.0
8.1619	14.2735	-435.792329	21	0.866506700533	0.133493299467
-1.4263	12.8208	-433.9723	-1	0.0	0.0846249640821
8.7531	14.975	-432.880945	13	1.0	0.0
7.264	22.7198	-432.417118	31	1.0	0.150183121224
7.3294	22.7875	-432.237617	31	1.0	0.0
-0.0559	13.4049	-430.823245	11	0.772501490661	0.227498509339
5.4901	24.1644	-429.5764	19	1.0	0.0
8.0148	14.3931	-428.21978	21	0.204135797695	0.795864202305
7.3717	12.4685	-427.939154	29	1.0	0.0
7.3862	12.4343	-427.876738	29	0.931400373031	0.0685996269692
5.5801	21.7839	-424.15046	38	1.0	0.0
5.3006	21.836	-424.124136	38	0.480855515549	0.519144484451
8.8743	21.6684	-423.034761	41	0.459740775145	0.540259224855
8.8874	21.67	-422.830434	41	0.520520582846	0.479479417154
6.4958	13.9099	-421.152713	24	1.0	0.0
8.4426	14.1458	-407.085864	21	0.236888207571	0.763111792429
8.105	22.1707	-398.17766	33	1.0	0.0
8.2066	22.1922	-398.137039	33	1.0	0.0
8.055	22.0924	-398.062051	33	1.0	0.0
8.0649	22.1195	-397.882054	33	1.0	0.0
-0.3205	12.3186	-396.420898	26	1.0	0.0
-0.1672	12.332	-396.233871	26	1.0	0.0
9.3368	22.0766	-393.982381	45	0.923629781426	0.0763702185739
9.3449	22.0864	-393.807947	45	1.0	0.0
0.4409	13.9384	-393.463651	11	1.0	0.0
5.76	6.7199	-392.208468	5	1.0	0.0
7.4178	6.0003	-392.179236	1	1.0	0.0
-0.0958	12.7762	-387.718734	-1	0.0	0.282706352576
7.3517	12.4895	-387.141805	29	0.592508108785	0.407491891215
6.2117	11.4714	-386.993655	18	1.0	0.0
6.2097	11.444	-386.823492	18	1.0	0.0
8.8336	21.6165	-386.465152	41	0.269242796293	0.730757203707
8.5102	20.6342	-386.452582	44	1.0	0.0
8.8937	20.725	-386.391237	-1	0.0	0.185939657507
8.5195	20.6266	-386.323337	44	0.699163359638	0.300836640362
8.8679	21.6138	-386.237851	41	0.374040854301	0.625959145699
6.1864	21.989	-385.364476	39	0.124227588384	0.875772411616
6.2365	22.3284	-385.364271	39	0.650318855259	0.349681144741
6.2569	22.2845	-385.296429	39	0.721496400165	0.278503599835
8.2892	6.9806	-380.846791	-1	0.0	0.242116885419
9.9342	11.5489	-379.933799	-1	0.0	0.110509737067
4.2806	6.2644	-376.234169	-1	0.0	0.289335920116
6.9034	21.2802	-375.360344	32	0.750081410749	0.249918589251
9.8721	21.7427	-374.352012	-1	0.0	0.00542943834912
10.0146	21.7872	-374.262118	-1	0.0	0.0985033728429
8.9255	21.6939	-363.169208	41	0.529385125491	0.470614874509
8.9326	21.6553	-363.104876	41	0.433558219569	0.566441780431
8.9358	21.6783	-363.0667	41	0.437012053379	0.562987946621
8.8882	21.6943	-362.959937	41	1.0	0.0
3.0338	20.3934	-361.65632	34	0.260074974733	0.739925025267
7.7872	7.1355	-358.949157	36	1.0	0.0
-1.9352	22.3822	-358.603636	2	0.245874986044	0.754125013956
8.6872	14.9155	-358.548827	13	1.0	0.0
6.7018	11.6281	-358.489534	17	1.0	0.0
6.698	11.6379	-358.235124	17	1.0	0.0
9.0079	7.6785	-357.216535	10	0.727901573984	0.272098426016
9.3513	22.1155	-357.144235	45	0.631424077836	0.368575922164
6.4337	13.8943	-355.287145	24	1.0	0.0
-2.0766	19.313	-354.301902	6	0.235980239772	0.764019760228
8.0179	18.5921	-344.882668	16	0.214601866817	0.785398133183
6.7492	7.1342	-341.5201	-1	0.0	0.0539126286989
7.6593	22.6705	-340.161753	31	1.0	0.0
0.0676	12.3525	-338.870726	26	0.967188656792	0.0328113432084
2.5271	15.3125	-336.851564	3	0.373799151848	0.626200848152
8.8792	21.6927	-336.675383	41	1.0	0.0
8.5643	20.5496	-333.780963	44	0.221818663832	0.778181336168
8.5069	14.4743	-332.384031	21	0.176692749304	0.823307250696
7.6662	12.595	-331.181732	-1	0.0	0.374380507673
7.6478	7.0646	-329.290469	-1	0.0	0.0254825985569
0.8234	20.5902	-325.088777	35	0.789126401712	0.210873598288
8.9571	7.5591	-322.523691	10	1.0	0.0
8.0175	7.0635	-318.509902	37	0.895027806464	0.104972193536
9.0762	21.7487	-318.020962	41	0.141078655193	0.858921344807
-2.0266	19.2055	-316.199574	6	1.0	0.0
7.9576	21.3229	-310.93091	42	0.82064818631	0.17935181369
7.7609	21.1052	-308.848759	42	0.305656255823	0.694343744177
7.9016	21.2088	-299.967933	42	1.0	0.0
8.3607	7.6577	-298.889569	10	0.442582350989	0.557417649011
8.3128	7.653	-298.249578	10	0.475620047471	0.524379952529
8.2874	7.6241	-298.239268	10	0.56445441786	0.43554558214
9.323	22.0917	-298.033688	45	0.789966839425	0.210033160575
5.8338	6.693	-295.595832	5	1.0	0.0
6.5491	6.9837	-291.388461	-1	0.0	0.0666952209024
0.5519	20.8021	-290.362278	35	0.196719217947	0.803280782053
4.6331	14.7311	-287.565443	4	1.0	0.0
4.6722	14.7212	-287.476021	4	1.0	0.0
4.6725	14.6712	-287.434591	4	1.0	0.0
4.6538	14.7077	-287.319646	4	1.0	0.0
8.9661	7.467	-284.701933	10	1.0	0.0
7.1356	7.225	-280.185909	-1	0.0	0.446076468556
8.8868	21.6892	-278.138145	41	1.0	0.0
6.6203	14.284	-277.271475	25	0.152656333833	0.847343666167
6.5833	14.2877	-277.179587	25	0.148372715493	0.851627284507
0.7753	20.5357	-276.050971	35	1.0	0.0
0.5754	20.8228	-274.660814	35	0.187318461097	0.812681538903
6.8545	12.6689	-272.534019	12	1.0	0.0
9.1422	21.0263	-272.481249	40	0.690913787666	0.309086212334
8.6808	20.6982	-266.874544	44	0.259650004572	0.740349995428
6.7831	21.2624	-265.120971	32	0.580164944641	0.419835055359
3.0371	15.2074	-264.106977	3	0.735402057041	0.264597942959
3.0741	15.2476	-263.831405	3	1.0	0.0
9.3478	23.8439	-263.04062	15	1.0	0.0
6.5033	14.1825	-263.003369	25	0.969751909113	0.0302480908866
7.3262	12.496	-258.937611	29	0.431991092964	0.568008907036
-0.297	12.389	-257.288538	26	1.0	0.0
9.0832	21.6476	-254.147778	41	0.134541332019	0.865458667981
8.5447	20.5693	-254.094934	44	0.313213472528	0.686786527472
-2.0465	19.1794	-251.698716	6	0.972752393789	0.0272476062105
3.337	15.6486	-251.303312	3	0.305888402006	0.694111597994
6.2085	22.2681	-250.939942	39	1.0	0.0
6.2102	22.262	-250.890346	39	1.0	0.0
5.9322	14.9967	-245.735211	4	0.128801859615	0.871198140385
0.2477	11.9405	-244.840233	27	0.516394004263	0.483605995737
7.704	20.9816	-242.626059	42	0.195963719911	0.804036280089
7.5475	21.0337	-242.153611	42	0.164127640786	0.835872359214
9.3926	22.0617	-241.861681	45	0.916014304878	0.0839856951222
9.5353	22.1354	-241.731032	45	0.304229403845	0.695770596155
9.474	22.1223	-241.598938	45	0.395609927379	0.604390072621
8.9556	14.8533	-241.505651	13	0.658354658076	0.341645341924
-1.6044	20.6538	-239.79964	-1	0.0	0.600776326978
8.9501	21.7	-239.386653	41	0.437012053379	0.562987946621
8.899	21.7239	-239.176233	41	0.33206942815	0.66793057185
0.3454	14.0229	-238.785384	11	1.0	0.0
7.7099	7.9254	-232.858501	-1	0.0	0.511428376614
8.4029	20.6117	-230.427631	44	0.451210533871	0.548789466129
7.703	7.1172	-230.081019	36	1.0	0.0
8.7804	25.1095	-229.651832	23	1.0	0.0
7.3999	12.4746	-227.377611	29	0.579911530617	0.420088469383
7.7084	7.1007	-226.79114	36	1.0	0.0
8.1944	14.2832	-224.842537	21	0.68425795165	0.31574204835
8.1501	14.2927	-224.024826	21	0.564214019864	0.435785980136
6.5069	14.1791	-222.28052	25	0.937442081707	0.0625579182931
6.5251	14.182	-222.028013	25	0.969751909113	0.0302480908866
6.5987	5.9614	-218.820535	1	0.304917634218	0.695082365782
7.3513	6.1273	-217.12613	1	0.80950210894	0.19049789106
3.0182	11.3438	-212.476665	-1	0.0	0.070452709175
9.7702	22.1398	-212.456118	46	1.0	0.0
5.8605	12.75	-206.931434	-1	0.0	0.647396115427
7.3531	12.4634	-206.809288	29	0.910181325701	0.0898186742994
0.7212	20.4464	-205.230176	35	0.606420757625	0.393579242375
7.5106	16.5878	-203.863764	7	0.118246864999	0.881753135001
2.0782	20.0677	-203.32787	34	0.783053362765	0.216946637235
9.1272	24.4969	-202.571205	22	0.831377121368	0.168622878632
9.2814	23.7965	-201.066579	15	0.582613612585	0.417386387415
7.9605	21.2961	-200.718229	42	1.0	0.0
5.6428	23.8383	-198.89453	19	1.0	0.0
5.4626	24.1472	-197.367738	19	1.0	0.0
5.1787	20.4855	-187.72334	-1	0.0	0.539854435193
7.39	12.4178	-187.062025	29	0.931400373031	0.0685996269692
7.3658	12.4542	-186.995621	29	1.0	0.0
7.3341	12.4475	-186.900943	29	0.873410774795	0.126589225205
6.7118	11.6323	-185.6912	17	1.0	0.0
6.6498	11.7182	-185.640232	17	0.31233971339	0.68766028661
8.9674	7.6608	-180.641178	10	0.837955072955	0.162044927045
8.9022	7.5498	-180.641177	10	1.0	0.0
9.331	22.0134	-175.821254	45	1.0	0.0
8.2708	20.7648	-175.457911	43	0.978902143533	0.0210978564672
8.327	20.7955	-175.375986	43	1.0	0.0
8.2976	20.7763	-175.243132	43	1.0	0.0
1.36	20.0129	-168.300516	34	0.26847791265	0.73152208735
9.3628	23.8426	-163.622328	15	1.0	0.0
8.4751	20.6118	-163.36168	44	0.765082311638	0.234917688362
8.6832	20.6526	-163.36159	44	0.361222293728	0.638777706272
7.9466	7.3063	-162.756916	-1	0.0	0.407575084658
2.1581	20.1249	-159.51287	34	1.0	0.0
2.169	20.0865	-159.196762	34	1.0	0.0
5.6512	8.421	-159.109248	0	1.0	0.0
7.3406	17.5069	-157.286472	7	0.39740734028	0.60259265972
6.4793	14.191	-152.205345	25	0.59072425212	0.40927574788
6.5709	14.1849	-152.136691	25	0.490324117572	0.509675882428
8.2839	7.1468	-151.918283	30	1.0	0.0
-2.0637	19.2007	-149.51977	6	1.0	0.0
-2.042	19.2214	-149.453199	6	1.0	0.0
7.6158	14.4546	-146.071109	20	1.0	0.0
9.1468	22.0734	-140.315827	-1	0.0	0.0410572910476
8.4582	20.5753	-126.684267	44	0.427332017768	0.572667982232
8.3955	14.3066	-121.926242	21	0.273266186216	0.726733813784
6.5765	14.1548	-121.539499	25	0.577278859834	0.422721140166
4.6651	14.7411	-115.386489	4	1.0	0.0
3.5131	20.5798	-113.896031	-1	0.0	0.358819520775
7.766	17.4279	-113.165018	7	1.0	0.0
-1.9373	22.2643	-102.029802	2	1.0	0.0
7.3668	12.447	-99.001072	29	1.0	0.0
9.3318	21.9909	-98.685455	45	0.61505905456	0.38494094544
7.3685	12.4439	-98.473153	29	1.0	0.0
-1.5392	14.416	-96.601545	-1	0.0	0.408077165828
9.4051	23.81	-96.113062	15	0.50004695854	0.49995304146
6.8861	12.7391	-95.0667	12	1.0	0.0
7.3632	22.8132	-94.566023	31	1.0	0.240676230605
8.8542	14.951	-92.315263	13	1.0	0.0
7.3763	6.2256	-92.168837	1	0.646754779755	0.353245220245
5.6428	23.8045	-90.677642	19	1.0	0.0
6.0914	22.2859	-90.198358	39	0.869455618586	0.130544381414
6.1469	22.3319	-90.024628	39	0.719579510785	0.280420489215
7.8559	7.1511	-89.886863	-1	0.0	0.0718393258261
7.8677	7.1245	-89.845831	36	1.0	0.0
8.4786	20.6099	-89.690235	44	0.686167366242	0.313832633758
8.4903	20.6496	-89.664472	44	0.940922375275	0.0590776247249
7.9155	7.0398	-89.362676	37	1.0	0.0
8.159	21.3131	-87.692998	42	0.326662764814	0.673337235186
7.9982	21.2829	-87.262789	42	1.0	0.0
-2.1246	19.2169	-86.907453	6	0.46658370579	0.53341629421
8.7987	14.9606	-86.675916	13	1.0	0.0
7.8666	6.1703	-82.390689	1	1.0	0.0
7.5219	12.5469	-79.037981	28	1.0	0.0
7.4198	5.956	-77.881138	1	1.0	0.0
-0.975	11.7178	-77.856252	8	1.0	0.0
0.0376	12.3352	-77.311883	26	1.0	0.0
8.8632	22.0027	-75.653002	-1	0.0	0.577639743978
7.9066	6.2353	-74.508242	1	1.0	0.0
8.7247	21.6347	-71.63179	41	0.197450448396	0.802549551604
6.9711	21.3078	-71.257726	32	0.883340989399	0.116659010601
6.7226	14.5856	-67.85574	14	1.0	0.0
0.7213	20.4917	-66.851972	35	1.0	0.0
8.5018	14.3878	-65.545376	21	0.169017663219	0.830982336781
7.9109	21.294	-64.658546	42	0.945960860896	0.0540391391035
7.5218	22.6273	-64.435318	31	0.866449672011	0.133550327989
9.5473	21.7424	-59.118303	41	0.041909619694	0.958090380306
8.6683	14.8563	-56.180416	13	0.55266762638	0.44733237362
6.3816	11.5552	-55.73391	-1	0.0	0.14091391603
7.9906	21.2718	-47.486292	42	0.956484547153	0.0435154528468
3.0278	15.2605	-46.631066	3	1.0	0.0
2.9768	15.371	-46.631014	3	0.837331308163	0.162668691837
7.7438	17.4676	-46.57308	7	0.817294026471	0.182705973529
7.3389	22.748	-45.412646	31	1.0	0.0
9.3333	24.6371	-43.917628	22	1.0	0.0
9.31	24.6545	-43.869051	22	1.0	0.0
10.263	20.9037	-42.689649	-1	0.0	0.153711565328
9.7959	22.1482	-42.645085	46	1.0	0.0
9.8125	22.1423	-42.561852	46	1.0	0.0
5.7636	6.7603	-41.761963	5	1.0	0.0
8.4962	20.647	-39.521252	44	1.0	0.0
8.5977	20.6224	-39.502528	44	0.558425970504	0.441574029496
8.6424	20.6421	-39.431882	44	0.549439334232	0.450560665768
9.3429	23.8593	-37.24719	15	0.785122600314	0.214877399686
9.345	23.8555	-37.169244	15	0.886391076816	0.113608923184
5.5848	8.9705	-30.726667	0	0.116458348009	0.883541651991
6.0625	11.2995	-26.214216	-1	0.0	0.303954263441
8.3138	20.811	-22.293829	43	1.0	0.0
7.0869	22.8421	-19.987174	31	1.0	0.491007638624
7.2278	22.8325	-19.987127	31	1.0	0.0509461279335
8.8716	21.6986	-19.874507	41	0.822894905125	0.177105094875
8.7823	14.8841	-18.605988	13	0.945466440299	0.0545335597014
7.368	12.3949	-17.237673	29	0.707485747813	0.292514252187
8.4563	21.3315	-16.907929	42	0.174398812207	0.825601187793
9.2591	22.1138	-16.277859	45	0.544943450797	0.455056549203
9.3651	22.0346	-16.187676	45	1.0	0.0
8.7033	25.0398	-16.181214	23	1.0	0.0
8.858	25.0898	-16.181133	23	1.0	0.0
5.1772	20.4216	-9.812204	-1	0.0	0.544624520805
5.0912	20.4657	-9.749753	-1	0.0	0.516258409116
4.7537	6.2534	-6.51753	-1	0.0	0.0994474505973
7.9334	6.1999	-1.131395	1	1.0	0.0
8.204	14.2119	-0.142629	21	1.0	0.0
7.7972	14.1962	-0.086038	21	0.182089880196	0.817910119804
6.5255	14.1779	-0.000102	25	0.969751909113	0.0302480908866
8.2065	14.2092	0.091749	21	1.0	0.0
6.5252	14.1631	5.231513	25	1.0	0.0
-0.2347	19.9007	5.367784	-1	0.0	0.468374376535
8.7029	7.3244	8.469858	10	0.447927590462	0.552072409538
7.2195	12.3853	10.920566	-1	0.0	0.176279085513
8.3351	20.7715	12.334759	43	1.0	0.0
9.8502	22.0834	16.322982	46	1.0	0.0
7.4531	5.918	16.673112	1	1.0	0.0
6.8848	21.2723	18.789112	32	0.624914275768	0.375085724232
6.9208	21.2992	18.935604	32	1.0	0.0
8.8594	14.9448	19.227476	13	1.0	0.0
-1.9385	22.2805	23.222329	2	1.0	0.0
9.2959	23.8016	30.195866	15	0.642511819207	0.357488180793
8.1154	21.29	35.481637	42	0.470775872821	0.529224127179
7.5849	19.6041	36.153371	16	0.0949240151075	0.905075984893
7.3856	12.3857	37.067958	29	0.913028244828	0.0869717551723
8.8503	21.0278	38.90797	40	1.0	0.0
8.9643	20.9912	38.908006	40	1.0	0.0
8.0458	6.9882	40.836625	37	0.686311128453	0.313688871547
8.1967	14.1504	42.356105	21	0.890669842306	0.109330157694
7.4852	16.445	42.68554	7	0.0997125556524	0.900287444348
7.3817	12.4544	44.226614	29	1.0	0.0
6.3809	11.5291	44.633622	17	0.254612701097	0.745387298903
8.9071	21.7578	44.845433	41	0.163058708898	0.836941291102
8.4746	20.634	47.262152	44	1.0	0.0
8.2664	7.1636	52.721388	30	1.0	0.0
8.9767	21.6867	53.205312	41	0.333965849224	0.666034150776
-0.0407	13.5528	54.778019	11	1.0	0.0
9.0352	14.938	56.447576	13	0.560195091705	0.439804908295
5.8676	13.8935	62.838468	-1	0.0	0.211909428819
6.9636	21.2725	66.969718	32	0.631746468356	0.368253531644
-2.04	19.1832	67.451731	6	1.0	0.0
8.7808	21.6236	67.548419	41	0.251827924082	0.748172075918
7.8676	17.3641	67.937158	7	1.0	0.0
4.4384	6.0815	68.002868	-1	0.0	0.327517319859
7.7809	17.3373	68.030122	7	1.0	0.0
9.8974	11.6823	68.635019	-1	0.0	0.0582323945916
6.1489	22.3145	69.855083	39	0.799602309508	0.200397690492
10.183	18.514	69.914776	9	1.0	0.0
10.0267	18.4583	69.984886	9	1.0	0.0
10.3108	18.4689	70.143349	9	1.0	0.0
10.246	18.4605	70.480383	9	1.0	0.0
3.1563	15.2575	72.279328	3	1.0	0.0
7.8177	18.8681	73.121169	16	0.970490678215	0.0295093217845
6.8634	21.286	79.261144	32	0.915397999457	0.0846020005433
9.2675	24.562	79.419212	22	1.0	0.0
8.8783	21.6649	80.004549	41	0.435639685872	0.564360314128
8.9194	21.6197	80.086618	41	0.374040854301	0.625959145699
8.6023	20.6487	82.981652	44	0.656385243731	0.343614756269
9.1994	21.0918	84.71808	40	0.447537945083	0.552462054917
6.1469	22.261	87.670662	39	1.0	0.0
-1.5483	19.0905	90.410285	6	0.0882913726743	0.911708627326
7.691	21.2463	90.424538	42	0.255910185928	0.744089814072
7.2262	22.8681	90.490554	31	1.0	0.119464298209
8.6549	21.341	90.931436	-1	0.0	0.134806231758
-0.2443	12.3186	91.385884	26	1.0	0.0
4.7546	14.8042	93.551861	4	0.642528799422	0.357471200578
6.3493	6.9908	96.039266	5	0.505504518826	0.494495481174
5.6006	21.8276	97.230261	38	1.0	0.0
8.9033	7.7618	98.698632	10	0.434633032633	0.565366967367
7.6252	12.5513	100.198669	28	1.0	0.0
6.0872	22.3939	103.443306	39	0.381474376977	0.618525623023
8.1843	7.4781	105.391986	10	0.442582350989	0.557417649011
6.6111	5.9701	108.17754	1	0.311702952264	0.688297047736
6.8992	5.8297	108.382033	1	0.446940195429	0.553059804571
2.3504	20.2538	113.446961	34	0.878229895623	0.121770104377
8.7377	21.6421	114.382786	41	0.241877975412	0.758122024588
7.9083	14.2068	114.630538	21	0.260440436623	0.739559563377
8.1919	14.2621	114.687003	21	1.0	0.0
8.2085	14.235	114.789946	21	1.0	0.0
9.0823	7.532	118.549781	10	0.748372563723	0.251627436277
5.7744	21.614	119.096608	38	0.331041435537	0.668958564463
8.5643	20.6374	120.728407	44	0.656385243731	0.343614756269
6.8204	21.2564	121.012167	32	0.752300740811	0.247699259189
6.3287	14.1672	122.139649	25	0.186994666819	0.813005333181
5.6894	23.8486	123.5345	19	1.0	0.0
9.3221	23.8368	123.613593	15	1.0	0.0
6.3362	13.9827	124.00806	24	0.900919671654	0.0990803283456
6.3504	13.9522	124.083369	24	1.0	0.0
5.1419	22.561	124.93727	-1	0.0	0.450232854765
6.8545	12.7721	125.433827	12	0.926393844364	0.073606155636
5.5667	8.9727	127.0232	0	0.115772706749	0.884227293251
0.3747	12.6039	127.153499	-1	0.0	0.0258891920173
6.1433	22.2468	128.580734	39	0.946467563087	0.0535324369128
6.4027	22.2269	128.580794	39	0.306828892054	0.693171107946
6.2094	22.2555	128.703593	39	0.946467563087	0.0535324369128
0.9386	20.5475	129.430017	35	0.584516135382	0.415483864618
8.9461	20.9947	131.133409	40	1.0	0.0
6.5408	14.2208	132.902508	25	0.52322998549	0.47677001451
0.4673	11.9868	133.884102	27	0.681548237966	0.318451762034
7.4052	12.3636	134.105386	29	0.710788619315	0.289211380685
5.0482	20.3614	134.643529	-1	0.0	0.516645484622
-1.3124	23.4745	137.848051	-1	0.0	0.0137582827827
6.985	12.6535	139.065455	12	1.0	0.0
8.4317	7.511	146.957833	10	0.56445441786	0.43554558214
8.8924	21.6662	149.87714	41	0.520520582846	0.479479417154
7.9278	21.2625	151.226973	42	0.988844295045	0.0111557049548
5.6395	8.3943	158.771115	0	1.0	0.0
-1.9296	22.27	160.208625	2	1.0	0.0
8.7897	7.5224	162.100096	10	0.962693589078	0.0373064109222
9.3403	22.0387	167.22325	45	1.0	0.0
9.442	22.0414	167.252513	45	0.572036044183	0.427963955817
9.3154	22.0192	167.431003	45	1.0	0.0
1.6745	20.3279	170.139396	34	0.308975109888	0.691024890112
1.5128	20.3614	170.291746	34	0.252890155484	0.747109844516
6.9225	21.3133	170.690819	32	1.0	0.0
8.9324	20.9861	171.933324	40	1.0	0.0
-2.0417	18.9267	174.168479	6	0.0889284656217	0.911071534378
8.4758	20.6293	174.294158	44	0.940871290622	0.0591287093776
8.4575	20.6314	174.326486	44	0.765082311638	0.234917688362
8.4155	20.6288	174.432598	44	0.543061514433	0.456938485567
8.9538	21.7143	176.841311	41	0.335922174636	0.664077825364
7.9104	21.2581	179.19331	42	0.889058444698	0.110941555302
8.0772	17.4115	182.040295	7	0.568518330965	0.431481669035
5.8139	21.6401	182.811646	38	0.35372428621	0.64627571379
7.971	21.2239	183.0716	42	0.872699115384	0.127300884616
6.7767	14.5564	184.874116	14	0.491133672256	0.508866327744
6.8894	14.6374	185.0495	14	0.318570777125	0.681429222875
6.6929	14.5915	185.129349	14	1.0	0.0
7.4901	7.1394	185.889634	-1	0.0	0.0935219812107
9.5148	24.6357	185.916999	22	1.0	0.0
7.8372	18.8963	188.858148	16	1.0	0.0
7.9762	18.8969	188.893082	16	0.971224543772	0.0287754562278
7.1794	7.1774	207.329512	-1	0.0	0.372788736212
6.5529	14.188	208.60863	25	0.667105475212	0.332894524788
7.2886	22.7199	208.9172	31	1.0	0.0
7.2946	22.9107	208.9173	31	1.0	0.489107018136
9.4123	23.802	210.378972	15	0.445014520387	0.554985479613
9.2996	23.8319	210.463559	15	0.74181625193	0.25818374807
9.6911	22.0284	210.650052	-1	0.0	0.00537309430542
0.7673	20.5024	213.60508	35	1.0	0.0
0.7192	20.4779	213.882394	35	0.880710401625	0.119289598375
6.9828	21.2998	221.052387	32	0.645191594868	0.354808405132
1.7153	11.1954	222.724693	-1	0.0	0.370310013042
9.2553	24.4801	223.724815	22	0.897809513048	0.102190486952
0.4487	12.0378	227.986925	27	1.0	0.0
6.2338	6.7718	228.538275	5	0.551070620585	0.448929379415
8.9315	21.6353	231.097344	41	0.486828678198	0.513171321802
7.3904	12.4055	231.230576	29	0.931400373031	0.0685996269692
9.0557	21.7177	231.250023	41	0.197597928439	0.802402071561
7.3304	12.4058	231.328619	29	0.47814264663	0.52185735337
9.0266	21.6474	232.428687	41	0.201416346873	0.798583653127
7.9129	21.2928	240.243061	42	0.988844295045	0.0111557049548
7.0773	21.3415	243.169432	32	0.27416170195	0.72583829805
7.937	6.2655	243.730638	1	1.0	0.00257223061363
-0.3436	14.0147	244.031102	11	0.935231594012	0.0647684059878
-1.0117	11.733	244.581928	8	1.0	0.0
8.4844	20.5991	246.265535	44	0.545372884879	0.454627115121
3.1805	20.0008	248.631258	-1	0.0	0.206375401328
6.7581	14.2794	251.110362	-1	0.0	0.0662082168312
6.5194	14.1683	251.320019	25	1.0	0.0
6.5225	14.2251	251.91376	25	0.515018558497	0.484981441503
8.6623	14.5616	253.629607	-1	0.0	0.268825140805
7.2636	22.8456	253.751713	31	1.0	0.204313665138
8.9799	20.9982	255.790916	40	1.0	0.0
6.9365	12.6735	258.238342	12	1.0	0.0
9.303	23.7637	260.243396	15	0.51235238597	0.48764761403
6.8875	14.3563	260.976053	-1	0.0	0.521342018518
6.8505	21.2479	262.379511	32	0.572572254922	0.427427745078
6.376	14.0424	262.781097	24	0.609878814815	0.390121185185
-1.8008	22.0589	263.555074	2	0.161576051432	0.838423948568
5.6675	21.8464	263.626957	38	1.0	0.0
7.3798	12.4267	265.112785	29	0.735939345411	0.264060654589
-0.1651	18.467	266.421236	-1	0.0	0.0465496114989
8.8521	7.5551	268.238083	10	1.0	0.0
5.691	8.457	269.475986	0	0.919702204776	0.0802977952242
0.5913	12.1208	271.215864	27	0.665081372978	0.334918627022
0.3377	12.0906	271.305715	27	1.0	0.0
6.9511	21.3014	271.421111	32	1.0	0.0
7.9099	21.1672	272.104793	42	0.738338745497	0.261661254503
6.5	13.8444	272.798051	24	0.865888955752	0.134111044248
7.9482	7.0258	272.954447	37	1.0	0.0
7.9435	7.0197	273.126798	37	1.0	0.0
9.2996	23.7513	279.901028	15	0.42281638739	0.57718361261
6.4452	14.1451	280.374781	25	0.254450153893	0.745549846107
6.5385	14.1616	281.253539	25	1.0	0.0
6.5146	14.2027	281.452339	25	0.618574615426	0.381425384574
6.541	14.1661	281.587613	25	1.0	0.0
6.5548	14.1518	281.666471	25	0.916827359821	0.0831726401788
-0.9738	11.6044	284.888838	8	0.592969477114	0.407030522886
7.7982	14.2526	286.579236	21	0.177724367366	0.822275632634
8.1587	14.1524	286.579382	21	1.0	0.0
7.4016	22.7158	287.471162	31	1.0	0.222845749697
0.4143	13.7955	295.63021	11	1.0	0.0
7.9139	21.1833	297.897937	42	1.0	0.0
7.8901	21.1823	297.975625	42	0.892534041575	0.107465958425
7.9642	21.3012	298.112588	42	1.0	0.0
7.5528	12.5104	304.536845	28	1.0	0.0
6.8683	21.3041	305.22663	32	0.69476748173	0.30523251827
6.7904	21.273	305.296501	32	0.752300740811	0.247699259189
7.4046	12.4098	309.38934	29	0.92499777356	0.0750022264396
8.4623	20.6693	310.719909	44	0.459451487177	0.540548512823
8.3557	20.5285	310.794677	44	0.190226464803	0.809773535197
8.3739	20.5043	310.868562	44	0.154811113677	0.845188886323
8.4295	20.611	311.035152	44	0.663226548894	0.336773451106
6.2291	11.4596	317.606126	18	1.0	0.0
4.995	22.4076	320.355964	-1	0.0	0.0413643694692
0.4251	12.0972	321.091257	27	1.0	0.0
7.8984	21.1048	321.155455	42	0.405046688307	0.594953311693
6.8182	19.4643	322.575464	16	0.0887864589913	0.911213541009
9.4511	23.8306	323.397182	15	0.421115810142	0.578884189858
7.4149	12.3939	329.934375	29	0.913028244828	0.0869717551723
7.3299	12.3028	331.706204	-1	0.0	0.116964058794
9.3749	24.6415	331.857304	22	1.0	0.0
6.6575	6.9269	335.702912	-1	0.0	0.0628586476647
6.0595	11.2937	339.815809	-1	0.0	0.321838094057
6.3383	14.1393	340.396256	25	0.216536302605	0.783463697395
7.5793	14.459	340.91921	20	1.0	0.0
6.9571	21.3102	343.441129	32	1.0	0.0
6.3644	13.9764	351.547324	24	0.934010173908	0.0659898260924
6.2009	22.3751	351.997729	39	0.540308288378	0.459691711622
6.8167	21.2602	361.793809	32	0.752300740811	0.247699259189
8.9177	21.6283	363.886604	41	0.370657313896	0.629342686104
8.6332	21.9736	369.069343	33	0.61760884499	0.38239115501
7.9647	21.263	369.357077	42	1.0	0.0
-2.0336	19.196	369.983061	6	1.0	0.0
-1.7903	22.0325	370.134967	2	0.159928043053	0.840071956947
-1.7841	22.0536	370.439905	2	0.155219790619	0.844780209381
9.6403	22.0542	376.629563	46	1.0	0.0
9.3501	23.8291	378.89068	15	1.0	0.0
9.3158	23.8245	378.988897	15	1.0	0.0
8.1472	14.1768	379.738983	21	1.0	0.0
8.1532	14.1912	380.032143	21	1.0	0.0
8.1624	7.0076	383.857226	37	0.561466822258	0.438533177742
8.8213	7.5135	384.656412	10	1.0	0.0
9.1076	21.7209	387.854997	41	0.134541332019	0.865458667981
6.8986	21.3611	389.537226	32	0.342233351412	0.657766648588
7.3638	12.3563	393.773084	29	0.566227316277	0.433772683723
-1.8684	22.2263	394.234357	2	0.517171173653	0.482828826347
-1.9271	22.2535	394.448442	2	1.0	0.0
7.1996	12.4089	395.436404	-1	0.0	0.224710626144
8.0	7.0518	395.599691	37	1.0	0.0
7.5167	7.2304	397.405069	-1	0.0	0.240225554307
0.3819	12.0728	400.475596	27	1.0	0.0
0.4383	12.1063	400.475607	27	1.0	0.0
0.3829	12.6638	401.345634	-1	0.0	0.177638101357
7.9292	21.2285	401.500586	42	1.0	0.0
7.9346	21.2086	401.609914	42	1.0	0.0
8.1584	17.5662	401.682681	7	0.376448439622	0.623551560378
-0.2253	19.9016	401.770612	-1	0.0	0.465598683376
9.0331	14.3401	403.078573	-1	0.0	0.0155998970668
8.8862	21.6937	407.161077	41	1.0	0.0
6.2865	14.1637	413.605989	25	0.142878283406	0.857121716594
6.5441	14.1579	413.606036	25	1.0	0.0
6.649	14.1719	413.728895	25	0.278027671715	0.721972328285
6.6351	14.1936	414.34217	25	0.252020642114	0.747979357886
5.6192	8.4065	416.580045	0	1.0	0.0
7.3699	22.7207	422.25195	31	1.0	0.0
7.4188	12.3619	424.157919	29	0.546884306762	0.453115693238
7.3802	12.3698	424.32054	29	0.913028244828	0.0869717551723
-1.3991	12.7252	424.509953	-1	0.0	0.0219498039777
-1.9254	20.3542	426.520619	-1	0.0	0.59226514227
-2.0211	19.2406	428.432657	6	0.519004369756	0.480995630244
7.7242	17.4904	431.197152	7	0.668308901087	0.331691098913
6.1316	22.2953	435.953978	39	0.925136903733	0.0748630962669
6.0956	22.2792	436.002917	39	1.0	0.0
6.1029	22.2612	436.095461	39	1.0	0.0
7.9999	6.8874	436.242373	-1	0.0	0.214167706157
5.6206	8.354	437.237017	0	0.929473580381	0.0705264196194
6.9547	21.2613	439.495539	32	0.506556230114	0.493443769886
-0.9796	11.6677	442.24302	8	1.0	0.0
7.5462	14.627	445.832944	20	1.0	0.0
8.8808	21.6132	446.291012	41	0.374040854301	0.625959145699
8.9215	21.6552	446.636202	41	0.486828678198	0.513171321802
2.5354	20.3153	449.954379	34	0.447920686208	0.552079313792
1.7458	11.2143	450.169969	-1	0.0	0.367246338127
9.3178	23.8964	451.031256	15	0.333848938097	0.666151061903
9.5093	23.8272	451.031278	15	0.257310467449	0.742689532551
-2.0668	18.942	452.768645	6	0.093909536127	0.906090463873
8.9216	21.6581	456.658582	41	0.475879893927	0.524120106073
6.1133	11.8995	456.993436	-1	0.0	0.70093168953
5.6032	21.8489	461.2349	38	1.0	0.0
-1.9311	20.3119	461.598642	-1	0.0	0.587178988559
7.8441	18.8985	461.623326	16	1.0	0.0
7.9486	18.9062	461.65428	16	1.0	0.0
7.9269	18.9116	461.668879	16	1.0	0.0
8.1069	20.9223	461.68608	-1	0.0	0.286961497355
7.8221	18.9362	461.720612	16	1.0	0.0
8.144	20.9127	461.770605	-1	0.0	0.194398479978
6.534	14.1294	462.758643	25	0.352867709967	0.647132290033
8.4918	19.0088	464.417763	16	0.197515142345	0.802484857655
6.8369	21.2798	464.670934	32	0.752300740811	0.247699259189
6.4603	13.9395	465.606345	24	1.0	0.0
6.5677	14.1618	466.432189	25	0.830499153954	0.169500846046
6.1345	22.3322	470.004504	39	0.63611373552	0.36388626448
7.9713	21.2408	471.329357	42	1.0	0.0
8.8389	21.6956	471.673619	41	0.40007581493	0.59992418507
7.4009	12.3231	474.956462	29	0.381475660246	0.618524339754
7.3721	12.3293	475.027395	29	0.40559989512	0.59440010488
7.3646	12.371	475.393013	29	0.710788619315	0.289211380685
7.6519	22.76	475.613534	31	1.0	0.0
7.5726	14.465	477.584887	20	1.0	0.0
-0.9695	11.7079	479.9169	8	1.0	0.0
9.2088	24.4621	483.325084	22	0.781333022768	0.218666977232
8.0345	7.101	483.37794	37	0.589638212066	0.410361787934
9.883	22.0455	483.722172	-1	0.0	0.0583811720692
9.7738	22.0227	483.882538	46	1.0	0.0
6.0876	17.6955	484.926135	7	0.112835148261	0.887164851739
7.4393	5.9047	488.156559	1	1.0	0.0
7.0812	21.3529	488.889344	32	0.24684272645	0.75315727355
6.9302	21.3126	488.990228	32	1.0	0.0
7.5807	12.5054	489.209492	28	1.0	0.0
7.4134	7.0799	491.132881	-1	0.0	0.062443684237
7.5493	7.1178	491.132919	36	1.0	0.0
7.5469	7.1334	491.185067	-1	0.0	0.0254825985569
7.5164	14.6307	492.4864	20	1.0	0.0
8.9916	20.9219	497.487838	40	0.942587989759	0.0574120102413
2.0784	20.0081	498.360279	34	0.545205957648	0.454794042352
5.7513	21.8971	501.424944	38	0.670681870748	0.329318129252
8.9642	7.4234	506.808702	10	0.682541520533	0.317458479467
4.8562	14.9598	508.302512	4	0.273643206021	0.726356793979
8.8973	21.6967	508.700307	41	1.0	0.0
6.8849	21.3033	511.849855	32	0.915397999457	0.0846020005433
8.929	20.9238	512.82801	40	1.0	0.0
6.3666	13.9495	513.283526	24	1.0	0.0
0.4273	12.0036	513.667088	27	0.818369939833	0.181630060167
6.2349	11.454	514.890494	18	1.0	0.0
6.2724	11.3908	514.928664	18	0.52432304761	0.47567695239
6.2013	11.4394	514.982688	18	1.0	0.0
-1.807	22.0093	515.023868	2	0.161576051432	0.838423948568
-1.8663	21.8642	515.24415	2	0.139761407554	0.860238592446
4.9356	22.6686	517.47462	-1	0.0	0.0432064091777
7.5796	22.7235	517.597167	31	1.0	0.0
8.7895	14.8993	520.610332	13	1.0	0.0
5.8736	6.7604	522.846964	5	1.0	0.0
-2.0023	19.1888	527.298499	6	0.972752393789	0.0272476062105
8.1639	14.1557	527.84436	21	1.0	0.0
7.2698	22.8215	528.406323	31	1.0	0.0509461279335
8.6214	24.9257	528.512038	23	1.0	0.0
8.9337	24.973	528.512183	23	1.0	0.0
8.6134	7.3964	531.444026	10	0.56445441786	0.43554558214
8.6191	20.638	534.034751	44	0.59434104298	0.40565895702
8.3598	20.4482	534.198829	-1	0.0	0.169038789805
8.8895	21.5897	535.425866	41	0.256487146569	0.743512853431
6.8682	21.3087	539.075138	32	0.67370966868	0.32629033132
6.8484	21.3573	539.151144	32	0.327510875808	0.672489124192
-0.9923	11.6775	540.985524	8	1.0	0.0
7.5314	16.4528	543.191733	7	0.100974368564	0.899025631436
9.3202	23.7694	544.489361	15	0.565821805182	0.434178194818
7.4034	12.381	547.594076	29	0.887984276429	0.112015723571
7.6493	22.7801	549.005703	31	0.969999298657	0.0300007013428
7.6398	17.5072	549.868987	7	0.60211149045	0.39788850955
7.9746	21.1706	551.184077	42	0.697937638802	0.302062361198
7.903	21.09	551.320752	42	0.349499705678	0.650500294322
0.538	13.8003	551.816096	11	1.0	0.0
8.8111	21.6602	555.168004	41	0.291138400182	0.708861599818
8.854	7.6477	562.713507	10	0.880922006803	0.119077993197
4.6126	11.7308	562.755711	-1	0.0	0.216560512006
-2.0533	19.232	571.780481	6	0.736679246098	0.263320753902
9.6936	22.0054	575.971747	-1	0.0	0.0669565709066
6.244	17.6449	576.522084	7	0.126660846712	0.873339153288
-1.9283	22.2597	577.977294	2	1.0	0.0
7.5223	12.4822	581.593975	28	0.845151964949	0.154848035051
8.1382	14.0533	581.626867	21	0.313742457854	0.686257542146
8.2682	14.1245	581.649244	21	0.520788959661	0.479211040339
5.6116	21.8074	583.877415	38	1.0	0.0
9.2632	23.7151	586.12785	15	0.238083301787	0.761916698213
7.5983	22.7024	586.327964	31	1.0	0.0
8.188	6.9935	589.73696	-1	0.0	0.145357516951
5.6906	8.4375	593.298671	0	1.0	0.0
8.0591	20.8061	597.162568	43	0.344750713561	0.655249286439
6.3666	14.1553	597.719955	25	0.254450153893	0.745549846107
6.0937	22.2466	598.325215	39	0.997058045842	0.00294195415803
-0.0721	12.7734	599.145556	-1	0.0	0.283521463499
