-20.3041	128.0046	0.000118	18	1.0	0.0759052649592
-22.3928	128.3369	-597.667935	11	0.657782415767	0.342217584233
-20.9901	128.3168	-597.562224	-1	0.0	0.00189351531223
-25.8453	122.1237	-596.748504	5	1.0	0.0
-25.8199	121.9921	-596.581634	5	0.505693538067	0.494306461933
-26.3349	122.6344	-592.198768	4	1.0	0.0
-21.9291	129.1412	-592.041907	20	0.728440451991	0.271559548009
-20.3102	127.9433	-591.583244	18	1.0	0.432270960377
-20.566	128.349	-588.768298	-1	0.0	0.395426547228
-21.5049	128.978	-587.804192	-1	0.0	0.0704836474437
-21.0453	128.2144	-586.433561	21	1.0	0.0
-24.1397	126.5959	-585.228609	6	1.0	0.0503072034963
-19.8076	130.7052	-584.959854	-1	0.0	0.27420544143
-21.4247	128.6744	-579.991536	-1	0.0	0.177323426404
-21.3279	128.5482	-579.958626	25	1.0	0.0
-21.5366	128.2367	-579.908816	-1	0.0	0.0987931914491
-20.4206	127.8753	-579.398054	18	0.8712930223	0.1287069777
-20.343	127.9666	-579.398043	18	1.0	0.423020103247
-21.2657	128.8693	-579.175189	-1	0.0	0.258387093801
-20.3236	127.8928	-579.10043	18	1.0	0.0
-20.8451	128.2981	-579.069599	23	0.943939811188	0.0560601888124
-18.3905	126.9108	-579.030801	1	1.0	0.0
-25.0097	126.4109	-578.479391	6	0.273437691053	0.726562308947
-22.0529	129.1946	-573.655911	20	1.0	0.0
-21.0245	128.187	-571.695497	21	1.0	0.0
-16.0852	126.9673	-571.548695	9	1.0	0.584125187534
-21.1929	128.9951	-571.334042	-1	0.0	0.241691930937
-21.5394	129.0312	-568.23982	-1	0.0	0.0361961017538
-21.0536	128.425	-568.202962	23	0.559199236928	0.440800763072
-21.026	128.4303	-567.804609	23	0.534507024042	0.465492975958
-16.1724	126.922	-560.986133	9	0.764271294051	0.235728705949
-16.0926	126.9512	-560.907113	9	1.0	0.0
-22.3557	127.4068	-551.239527	13	1.0	0.0
-21.3759	128.4638	-547.886133	-1	0.0	0.0579405699824
-20.1527	127.6446	-542.054915	-1	0.0	0.137058985352
-22.1104	125.9212	-540.788159	15	1.0	0.0
-22.0899	125.9008	-540.708112	15	0.898127114238	0.101872885762
-22.1491	125.7879	-540.556486	-1	0.0	0.373493769455
-22.0909	125.9479	-540.464844	15	0.938979383947	0.061020616053
-25.7258	122.1746	-536.311129	5	0.831278899473	0.168721100527
-20.8367	129.6657	-535.860403	-1	0.0	0.207117482035
-20.0556	127.4502	-532.126594	16	1.0	0.0
-20.1236	127.4612	-532.08618	16	0.983391600443	0.0166083995565
-21.6614	128.7963	-531.479277	-1	0.0	0.0201197749367
-21.7992	128.6234	-531.479272	-1	0.0	0.124461400101
-21.6822	128.8106	-531.257322	-1	0.0	0.0518660229947
-20.2958	127.9008	-530.766806	18	0.922552755513	0.0774472444874
-20.5285	128.3225	-529.592994	-1	0.0	0.177586051012
-21.978	125.9801	-528.175115	15	0.302577554261	0.697422445739
-16.1973	126.9008	-523.502879	9	0.702440181573	0.297559818427
-16.096	126.907	-523.378051	9	0.448756527602	0.551243472398
-22.1346	125.9157	-521.939917	15	0.828049463871	0.171950536129
-22.4917	125.8759	-515.255594	14	1.0	0.0
-22.4522	125.855	-515.211136	14	1.0	0.0
-16.4329	126.6976	-511.981975	-1	0.0	0.262774627732
-21.1626	128.6237	-510.949416	-1	0.0	0.258326210499
-21.3762	128.3346	-510.72685	-1	0.0	0.234961886276
-25.8381	122.0644	-507.359288	5	0.882516361874	0.117483638126
-25.78	122.002	-507.130818	5	0.565690197559	0.434309802441
-16.2089	125.7607	-506.433036	-1	0.0	0.887451370868
-15.249	126.8869	-506.432708	-1	0.0	0.752585715989
-22.2534	126.0628	-504.474857	15	0.353452578952	0.646547421048
-22.6507	127.9397	-501.79331	12	0.824286326006	0.175713673994
-23.8767	129.3714	-497.60141	7	0.224213263489	0.775786736511
-20.8346	128.2985	-496.351717	23	0.921516913274	0.0784830867264
-20.7373	128.28	-496.277028	23	0.779572914844	0.220427085156
-16.4015	127.1019	-493.545762	-1	0.0	0.514755984672
-20.5079	127.7464	-491.4657	18	0.387149413593	0.612850586407
-20.229	127.957	-490.986544	18	0.785283333313	0.214716666687
-19.543	126.897	-490.669233	-1	0.0	0.311629601529
-23.6776	130.5569	-490.516148	-1	0.0	0.00376293473233
-21.0698	128.1734	-488.047299	21	1.0	0.0
-21.0009	128.3572	-487.935631	23	0.625500472496	0.374499527504
-26.4044	124.2552	-487.066716	2	0.468518418222	0.531481581778
-22.4434	126.8924	-486.593365	10	0.204179910093	0.795820089907
-22.5858	126.5749	-486.593359	-1	0.0	0.187688797712
-26.5148	122.4313	-483.323506	4	0.544474705127	0.455525294873
-26.3586	122.6501	-483.260851	4	1.0	0.0
-20.9668	128.2003	-483.139545	21	1.0	0.0
-22.5599	126.0112	-483.105379	-1	0.0	0.171356263111
-21.2938	127.4535	-483.024826	-1	0.0	0.137287106417
-21.0297	128.1838	-483.024769	21	1.0	0.0
-21.2628	128.3007	-481.373189	-1	0.0	0.152760765311
-23.5596	127.7898	-480.601225	-1	0.0	0.034417738299
-18.3235	126.8461	-474.541509	1	0.509542224137	0.490457775863
-20.3497	127.9885	-473.135055	18	1.0	0.370208126783
-22.1233	125.9303	-471.247823	15	1.0	0.0
-19.2723	127.9185	-470.963278	-1	0.0	0.298668284067
-20.1281	127.4214	-470.868839	16	1.0	0.0
-19.9971	127.3334	-470.794366	16	0.429370745371	0.570629254629
-22.0846	125.9535	-464.340605	15	0.837781947364	0.162218052636
-22.1833	126.4575	-463.794203	10	0.207254177162	0.792745822838
-22.0839	126.7761	-463.708739	10	1.0	0.0
-22.1669	126.6902	-463.619203	10	0.38513176497	0.61486823503
-20.275	127.9028	-463.419899	18	0.793507819218	0.206492180782
-20.2575	127.9874	-460.022356	18	1.0	0.231184929303
-22.8249	128.0716	-459.47534	12	1.0	0.0
-25.6917	122.4694	-453.694846	5	0.22095065558	0.77904934442
-25.8019	123.0828	-451.275094	3	0.281254235945	0.718745764055
-23.8449	126.5924	-449.996651	6	1.0	0.0
-22.0503	129.0979	-449.415644	20	0.557670552513	0.442329447487
-24.5717	122.5583	-447.502156	-1	0.0	0.0838721659883
-24.8017	122.7095	-447.502151	-1	0.0	0.0240613299497
-21.5976	129.0078	-447.438055	-1	0.0	0.0131100675541
-20.8977	128.239	-447.20203	-1	0.0	0.0678292409469
-20.9983	128.4542	-446.951232	23	0.605238434604	0.394761565396
-23.9749	126.567	-442.406711	6	1.0	0.0
-7.796	137.6849	-442.272753	0	0.803586703339	0.196413296661
-20.3354	127.8761	-439.79773	18	1.0	0.0
-20.8756	128.3713	-437.936902	23	1.0	0.0
-23.8426	126.574	-436.061693	6	1.0	0.262862652795
-23.8031	129.3053	-433.667843	7	0.214804212555	0.785195787445
-22.0531	126.7295	-432.527484	10	0.744271553393	0.255728446607
-24.7753	121.6893	-431.675544	-1	0.0	0.223142196067
-20.765	127.9466	-430.90412	-1	0.0	0.140466094251
-20.7982	128.3683	-430.864633	23	1.0	0.0
-22.6502	128.6338	-427.009714	-1	0.0	0.0728194661968
-15.7861	126.0243	-425.790362	-1	0.0	0.820974398952
-16.1337	126.9851	-425.174207	9	1.0	0.0
-21.2476	128.6994	-424.796531	26	1.0	0.0
-16.121	126.956	-424.744721	9	1.0	0.0
-20.1305	127.3761	-424.242588	16	0.678410230481	0.321589769519
-20.6706	128.4722	-422.683219	-1	0.0	0.190256492179
-20.7128	128.5948	-422.683192	-1	0.0	0.223629962744
-20.6314	128.5374	-422.64281	-1	0.0	0.223629962744
-22.0875	125.9189	-421.685374	15	1.0	0.0
-24.1953	126.6056	-413.471646	6	1.0	0.264224456399
-24.1816	126.4235	-413.223087	6	0.913035953761	0.0869640462394
-22.7644	127.9687	-403.338795	12	0.936935382983	0.0630646170167
-20.2764	127.9419	-402.824894	18	0.975206258202	0.0247937417985
-22.0889	125.9208	-400.631366	15	1.0	0.0
-16.2304	126.7871	-399.180713	9	0.366387625258	0.633612374742
-20.801	128.2858	-398.121584	23	1.0	0.0
-20.7938	128.2689	-398.047365	23	0.791894352984	0.208105647016
-20.3971	127.7359	-397.505604	18	0.315567009573	0.684432990427
-20.31	127.9692	-397.407641	18	1.0	0.29357253543
-20.4139	127.7585	-397.354258	18	0.369666049857	0.630333950143
-20.3283	128.0079	-396.285138	18	1.0	0.0
-20.8383	128.3487	-395.424665	23	1.0	0.0
-20.7539	128.2903	-391.650841	23	0.996245248302	0.00375475169773
-21.1815	128.4064	-391.592342	22	1.0	0.0
-20.0827	127.2841	-386.156342	16	0.297817209288	0.702182790712
-20.1082	127.4205	-386.156316	16	1.0	0.0
-20.587	128.4455	-381.743068	-1	0.0	0.18788528743
-22.223	126.0567	-381.404647	15	0.318433254635	0.681566745365
-22.415	126.8601	-379.13823	10	0.215282474639	0.784717525361
-22.0937	125.9291	-376.018143	15	1.0	0.0
-22.0723	125.7852	-375.981542	-1	0.0	0.419873786154
-16.4592	127.1882	-375.385877	-1	0.0	0.565797293359
-21.1098	128.2511	-375.076973	-1	0.0	0.247537759334
-20.3611	127.8233	-374.922124	18	0.442281830124	0.557718169876
-22.0887	126.742	-372.44582	10	0.841884733269	0.158115266731
-22.6472	127.017	-371.962296	-1	0.0	0.186194613487
-20.8288	128.3669	-371.487457	23	1.0	0.0
-20.3176	127.9266	-364.193261	18	1.0	0.0540185752879
-23.9428	126.517	-359.590222	6	1.0	0.00865858081585
-20.3246	127.9749	-357.526623	18	1.0	0.29357253543
-22.1467	128.9906	-357.197602	19	1.0	0.0
-22.0345	129.1492	-357.197596	20	1.0	0.0
-22.1374	128.917	-357.056353	19	1.0	0.0
-22.0377	129.1854	-357.056329	20	1.0	0.0
-21.741	126.1745	-354.229734	-1	0.0	0.00224276203961
-20.3146	128.0006	-353.804252	18	1.0	0.0
-17.8873	127.0805	-352.973635	1	0.115747987514	0.884252012486
-22.0869	127.5332	-348.506784	13	0.918753394258	0.0812466057418
-22.1632	125.9497	-348.041295	15	0.719612852424	0.280387147576
-22.6634	127.6469	-345.816395	13	0.855067806389	0.144932193611
-22.0481	126.7383	-343.017194	10	0.925891967909	0.0741080320907
-22.2226	126.4419	-342.971126	10	0.192375447203	0.807624552797
-16.1069	126.954	-341.410188	9	1.0	0.0
-22.0793	128.8548	-340.323905	-1	0.0	0.0307032278395
-22.0609	125.9327	-337.505184	15	0.938979383947	0.061020616053
-20.3239	127.9089	-334.287497	18	1.0	0.232104498
-21.9831	126.752	-330.803954	10	0.644290606552	0.355709393448
-22.1437	126.6456	-330.803912	10	0.273766571094	0.726233428906
-20.2975	127.9734	-328.284015	18	1.0	0.29357253543
-20.8041	128.3309	-327.875926	23	0.998942111057	0.00105788894302
-21.3176	128.8139	-327.334964	26	0.626097444779	0.373902555221
-26.4216	124.2074	-326.642955	-1	0.0	0.00315421241179
-20.4541	127.2749	-325.281557	-1	0.0	0.19270325035
-7.7907	137.7	-324.375692	0	1.0	0.0
-8.0983	137.4929	-324.2398	0	0.0853194182593	0.914680581741
-21.1385	128.2804	-322.738065	-1	0.0	0.151886895635
-25.7474	124.6008	-318.848587	2	1.0	0.0
-19.9043	127.3207	-308.870434	16	0.307924879247	0.692075120753
-20.3675	128.0018	-305.785578	18	1.0	0.314501748111
-20.3611	127.9476	-305.625078	18	1.0	0.440714296374
-20.8113	128.301	-302.295608	23	1.0	0.0
-25.6849	123.3742	-302.175322	3	1.0	0.0
-18.3512	126.8434	-302.019455	1	0.482533286514	0.517466713486
-22.3236	129.4583	-301.839663	17	1.0	0.0
-21.6326	128.9496	-300.980432	24	1.0	0.0
-21.6617	128.6707	-300.918964	-1	0.0	0.0301123505461
-21.6378	128.9459	-300.918909	24	1.0	0.0
-21.601	128.9383	-300.876539	24	1.0	0.0
-20.9085	128.0587	-296.301795	-1	0.0	0.0310682423058
-20.9761	128.1516	-296.111193	21	1.0	0.0
-22.1732	128.9835	-295.859567	19	1.0	0.0
-23.7696	129.9885	-295.800434	7	1.0	0.0
-23.6647	129.9584	-295.748048	7	0.604450021499	0.395549978501
-25.2229	126.4464	-295.507693	6	0.261486494032	0.738513505968
-22.4579	125.8423	-292.418178	14	1.0	0.0
-20.148	128.3768	-291.324729	-1	0.0	0.0277498372316
-21.2397	128.662	-288.155667	26	0.718505963729	0.281494036271
-25.8182	123.3859	-283.577139	3	1.0	0.0
-20.4611	128.0237	-283.358848	18	1.0	0.116374836736
-20.4607	128.0004	-283.132616	18	0.98037003586	0.0196299641398
-22.1354	126.7844	-278.223261	10	0.887070416522	0.112929583478
-20.3881	128.0035	-277.798872	18	1.0	0.0600153347706
-20.5576	127.5269	-277.769654	-1	0.0	0.0822853452845
-26.5106	123.9592	-273.485503	-1	0.0	0.102523582866
-26.4628	123.9006	-273.452312	2	0.434991473257	0.565008526743
-21.2826	128.6534	-270.951534	26	0.718505963729	0.281494036271
-24.1178	126.4794	-270.905577	6	1.0	0.0753629087477
-24.2764	126.3137	-270.905564	6	1.0	0.0
-21.3378	128.566	-270.224376	25	1.0	0.0
-20.7287	128.3164	-270.130762	23	0.694573155732	0.305426844268
-22.1906	125.9765	-266.51399	15	0.67089471342	0.32910528658
-20.7832	128.3016	-263.856339	23	1.0	0.0
-22.4478	127.1689	-262.607728	-1	0.0	0.0787037576766
-21.1606	128.3489	-261.67058	22	1.0	0.0
-22.1194	128.4007	-260.282847	-1	0.0	0.0520243749925
-7.8105	137.714	-260.173728	0	1.0	0.0
-16.168	126.9917	-259.826885	9	1.0	0.15781729896
-20.3245	127.9686	-259.792468	18	1.0	0.29357253543
-16.1981	127.0127	-259.473138	9	0.695922502564	0.304077497436
-21.0198	128.3329	-253.080325	-1	0.0	0.034752925834
-20.7807	128.3558	-252.601965	23	1.0	0.0972398918958
-22.5859	127.9982	-251.565523	12	0.936935382983	0.0630646170167
-25.6885	123.491	-251.430635	3	1.0	0.0
-21.5696	128.9151	-249.830946	24	1.0	0.0
-21.7568	128.4973	-249.515764	-1	0.0	0.0591348592917
-21.5506	128.8916	-249.436644	24	0.814225972957	0.185774027043
-23.8329	126.6041	-248.22262	6	1.0	0.0
-21.9975	126.7574	-247.84639	10	0.771970192656	0.228029807344
-22.0911	126.7803	-247.709637	10	1.0	0.0
-21.6539	129.1496	-247.162465	-1	0.0	0.126207558672
-26.6131	122.0897	-245.666671	-1	0.0	0.111049062754
-25.6219	122.3734	-244.80407	5	0.302624612297	0.697375387703
-20.8953	128.092	-241.124658	-1	0.0	0.200545884834
-20.8054	128.3263	-241.124622	23	1.0	0.0916251136323
-18.6028	126.3626	-240.035689	1	0.0673522112468	0.932647788753
-26.6634	122.875	-236.724417	4	0.662389093945	0.337610906055
-22.8521	127.9036	-236.286938	12	0.806279360706	0.193720639294
-24.2139	126.7253	-236.065293	6	1.0	0.0
-20.4162	128.0234	-235.920169	18	1.0	0.116374836736
-25.5709	122.3585	-234.606983	5	0.302996155125	0.697003844875
-21.2871	128.9531	-232.701442	-1	0.0	0.251358661332
-22.1582	126.6585	-230.72428	10	0.283141669923	0.716858330077
-22.1035	126.7839	-230.619298	10	1.0	0.0
-22.1079	129.1914	-228.962952	20	0.871382825066	0.128617174934
-22.1062	128.6599	-228.341457	-1	0.0	0.148904619428
-20.8061	128.3598	-227.775857	23	1.0	0.0
-20.9316	128.3894	-227.623087	23	0.963237296237	0.0367627037632
-20.9339	128.357	-227.552586	23	0.786999224778	0.213000775222
-16.207	126.7502	-227.390995	9	0.318063994405	0.681936005595
-16.2923	126.6165	-227.33764	8	1.0	0.0
-20.9566	128.3723	-227.113328	23	0.73926493464	0.26073506536
-16.1461	126.9873	-226.943357	9	1.0	0.0
-22.1411	126.5516	-219.094752	10	0.26365578316	0.73634421684
-21.4807	128.2098	-216.57629	-1	0.0	0.0303467286107
-21.5222	128.9076	-216.461649	24	0.701712211972	0.298287788028
-22.1507	125.9467	-216.410711	15	0.786069869539	0.213930130461
-22.1329	125.9016	-216.407569	15	0.715178751576	0.284821248424
-21.2775	128.7702	-216.326137	26	1.0	0.282797776926
-25.7275	123.4775	-215.705459	3	1.0	0.0
-20.3402	128.0236	-214.940044	18	1.0	0.228690277539
-20.2828	127.9738	-214.748807	18	1.0	0.458506814821
-21.6844	128.9657	-211.056434	24	0.855174983298	0.144825016702
-21.8015	128.6477	-210.194995	-1	0.0	0.0541490371871
-21.605	128.9465	-210.194969	24	1.0	0.0
-23.9094	126.661	-210.028859	6	1.0	0.0443267143362
-20.9794	128.0963	-202.985114	21	0.988721405957	0.0112785940426
-20.9204	128.448	-202.862778	23	0.713242413321	0.286757586679
-20.8848	128.4092	-202.20422	23	1.0	0.0125544691134
-16.1482	126.9899	-200.98062	9	1.0	0.0
-16.162	126.9892	-200.923592	9	1.0	0.0983907890921
-16.2884	126.6131	-200.885341	8	1.0	0.0
-16.0992	126.9922	-200.820776	9	0.903712649237	0.0962873507632
-22.6112	126.8045	-200.63283	-1	0.0	0.0675973279377
-21.2667	128.7197	-200.439764	26	1.0	0.0
-22.6208	125.9389	-200.293644	-1	0.0	0.171356263111
-22.2266	127.5994	-195.080378	13	1.0	0.0
-22.4507	127.4933	-184.544173	13	1.0	0.0
-22.4774	128.3744	-183.876655	11	1.0	0.0
-22.4293	128.539	-183.766224	11	0.617430651897	0.382569348103
-22.4055	128.5215	-183.692201	11	0.618804979511	0.381195020489
-23.8926	129.2905	-181.497209	7	0.212081255305	0.787918744695
-23.8308	126.6364	-179.883678	6	1.0	0.326322545904
-20.3449	127.9922	-174.506416	18	1.0	0.252172540169
-21.1941	128.7029	-170.331045	26	0.964175603407	0.0358243965935
-21.1571	128.7259	-170.240985	26	0.652821580796	0.347178419204
-21.2303	128.7692	-169.755711	26	1.0	0.536393638799
-20.4361	128.0733	-166.579693	18	0.730280477382	0.269719522618
-22.4457	129.063	-165.839767	-1	0.0	0.102833907863
-24.2858	126.55	-163.892086	6	0.912815772353	0.087184227647
-24.0842	126.537	-163.892086	6	1.0	0.0298566572564
-25.6656	123.3381	-163.716997	3	0.995544510747	0.0044554892532
-18.4086	126.7729	-162.239716	1	0.262140227485	0.737859772515
-16.1957	126.9309	-160.562469	9	0.804304551529	0.195695448471
-16.1824	126.9888	-160.514576	9	1.0	0.553776617409
-16.1733	126.9632	-160.490552	9	1.0	0.567403778369
-16.1235	127.0522	-160.46764	9	0.33036998482	0.66963001518
-15.9266	126.9581	-160.410892	-1	0.0	0.28084978197
-16.1418	126.9947	-159.905236	9	1.0	0.124930707459
-24.1004	126.0076	-158.602348	6	0.356015271736	0.643984728264
-23.9954	126.5471	-158.305125	6	1.0	0.0
-22.1751	127.5852	-157.884837	13	1.0	0.0
-23.8023	129.4598	-157.683324	7	0.224213263489	0.775786736511
-23.7224	129.7914	-157.683266	7	0.387097730121	0.612902269879
-21.9331	128.7714	-156.084528	-1	0.0	0.134499128573
-22.1182	126.8031	-153.462461	10	1.0	0.0
-25.7657	124.7554	-151.791298	2	1.0	0.0
-16.3456	126.6267	-151.187817	8	1.0	0.0
-16.1702	127.0053	-151.187761	9	1.0	0.52415299522
-22.5208	129.1778	-150.794406	17	0.875292184776	0.124707815224
-22.1647	128.9685	-150.311431	19	1.0	0.0
-21.2929	128.7333	-149.986186	26	0.858757859093	0.141242140907
-20.3323	127.9485	-149.524991	18	1.0	0.383015427333
-20.3393	128.0128	-149.48093	18	1.0	0.0
-20.449	127.5959	-149.4444	-1	0.0	0.154682786917
-20.2803	127.9927	-149.44438	18	1.0	0.231184929303
-22.3696	127.2386	-149.288877	-1	0.0	0.016078367093
-22.2987	127.5706	-149.288855	13	1.0	0.0
-24.259	126.1779	-149.058503	6	0.61915694241	0.38084305759
-20.321	128.0101	-148.95249	18	1.0	0.0
-21.9236	129.0954	-148.673114	20	0.696480777059	0.303519222941
-22.4672	126.4845	-148.610569	10	0.18553022206	0.81446977794
-23.9831	126.5426	-144.116515	6	1.0	0.0
-20.4635	128.0187	-142.916812	18	1.0	0.116374836736
-22.073	126.8041	-139.262057	10	1.0	0.0
-25.3143	123.9286	-135.958356	-1	0.0	0.11254190753
-22.6906	125.8595	-133.940158	-1	0.0	0.284171407887
-22.5875	129.2638	-132.871537	-1	0.0	0.0408068938385
-22.352	129.2582	-132.053133	17	0.875292184776	0.124707815224
-22.3685	129.3541	-132.053104	17	1.0	0.0
-23.8453	126.5985	-128.852715	6	1.0	0.0
-22.3054	126.5924	-125.753293	10	0.251814671967	0.748185328033
-22.0986	125.9692	-124.69085	15	0.579132701365	0.420867298635
-16.1038	126.9733	-124.585897	9	0.94398829825	0.05601170175
-16.1708	126.8552	-124.526616	9	0.366387625258	0.633612374742
-25.8636	122.1457	-122.214568	5	1.0	0.0
-20.364	128.0014	-120.560795	18	1.0	0.222279144085
-22.3128	126.1008	-120.141268	15	0.293361081057	0.706638918943
-25.7135	123.4684	-118.767397	3	1.0	0.0
-20.5084	128.4749	-114.601202	-1	0.0	0.352254229292
-20.3068	128.0132	-113.620841	18	1.0	0.187433710768
-20.9555	128.3084	-109.481501	-1	0.0	0.0117374618523
-21.1089	128.0622	-109.139328	-1	0.0	0.0835214628611
-22.1036	126.0135	-106.277916	15	0.342575205949	0.657424794051
-22.4583	129.3832	-105.623234	17	1.0	0.0
-18.3532	126.9191	-104.960323	1	1.0	0.0
-24.2105	126.6507	-103.791391	6	1.0	0.371802230144
-23.8263	126.6364	-102.279294	6	1.0	0.266888298792
-24.0605	126.3734	-102.190793	6	1.0	0.266861357628
-21.2296	128.671	-92.412292	26	0.661328416113	0.338671583887
-20.9575	128.4453	-92.174591	23	0.569915329107	0.430084670893
-21.0089	128.0606	-92.167473	21	0.988721405957	0.0112785940426
-20.9039	128.4082	-91.936675	23	1.0	0.106345631452
-20.5564	127.3469	-91.369918	-1	0.0	0.0742527648103
-20.2398	127.9851	-91.369889	18	1.0	0.0388773668621
-20.2622	128.0855	-91.36985	18	1.0	0.0
-23.9816	126.7256	-89.09235	6	1.0	0.0
-22.9796	127.7263	-86.804449	-1	0.0	0.0602832036752
-24.1021	126.2383	-86.550757	6	0.8814852806	0.1185147194
-21.0143	128.5533	-83.715913	-1	0.0	0.0724750902626
-21.2954	128.2196	-83.589274	-1	0.0	0.0506568347073
-22.5289	126.9309	-82.09495	10	0.1926205429	0.8073794571
-15.9027	126.7264	-77.429125	-1	0.0	0.631986335161
-22.0494	126.764	-73.761942	10	0.925891967909	0.0741080320907
-21.6664	129.0324	-72.625697	-1	0.0	0.100690649368
-16.4521	127.0523	-70.075109	-1	0.0	0.48494561047
-24.1285	126.5171	-70.011185	6	1.0	0.11007327646
-24.2554	126.3253	-70.011173	6	1.0	0.0
-24.1336	126.5665	-69.968058	6	1.0	0.0503072034963
-16.0944	126.9272	-68.41089	9	0.726416358583	0.273583641417
-16.2157	126.8049	-68.264234	9	0.318063994405	0.681936005595
-16.1664	126.9496	-68.147813	9	0.908481023613	0.0915189763866
-26.4651	122.7372	-67.57329	4	0.929085162941	0.070914837059
-21.189	128.7078	-66.381747	26	0.994005009366	0.00599499063355
-21.2567	128.763	-66.30803	26	1.0	0.536393638799
-21.2351	128.7459	-66.249356	26	0.9859321722	0.0140678277996
-20.3631	127.9998	-64.845834	18	1.0	0.218571113745
-20.3535	127.9297	-64.488172	18	1.0	0.532135123422
-22.0863	129.1456	-64.388078	20	0.718893618166	0.281106381834
-22.1574	129.196	-64.318449	20	0.576733103875	0.423266896125
-22.0804	129.1556	-64.272243	20	0.893653153953	0.106346846047
-22.1143	128.5588	-62.44531	-1	0.0	0.156276770725
-21.6087	129.0351	-57.613644	-1	0.0	0.0131100675541
-23.9049	126.6047	-57.342408	6	1.0	0.339963547831
-22.108	128.8513	-56.991574	-1	0.0	0.149803676597
-16.1599	126.8786	-48.852037	9	0.591105260332	0.408894739668
-16.1411	126.938	-48.799236	9	0.928755202467	0.0712447975326
-23.8138	126.6692	-48.362407	6	1.0	0.452295776305
-23.0346	127.84	-45.468253	12	0.806279360706	0.193720639294
-21.2706	128.7869	-42.914931	26	1.0	0.0
-18.378	126.9017	-42.858153	1	1.0	0.0
-18.5991	126.428	-42.71875	1	0.0769072367371	0.923092763263
-20.3153	127.9571	-42.160823	18	1.0	0.29357253543
-20.3655	127.8694	-41.936747	18	1.0	0.0
-7.8076	137.6607	-41.61914	0	0.50657153585	0.49342846415
-7.7681	137.6289	-41.551826	0	0.329253327725	0.670746672275
-23.9919	126.2978	-40.795232	6	0.992967812017	0.00703218798262
-23.8558	126.6206	-40.795219	6	1.0	0.155423498041
-24.9919	129.729	-38.167133	-1	0.0	0.195658736597
-25.7702	122.1107	-37.866058	5	1.0	0.0
-24.8177	126.2115	-37.358813	6	0.273437691053	0.726562308947
-24.8668	126.3393	-37.300221	6	0.273437691053	0.726562308947
-22.0029	128.8972	-37.253612	19	1.0	0.0
-22.3795	126.5224	-36.126298	10	0.209135716102	0.790864283898
-22.1776	126.6364	-33.979581	10	0.314600518751	0.685399481249
-22.0502	126.7987	-33.938018	10	0.886825854231	0.113174145769
-20.8913	128.3678	-31.023921	23	1.0	0.0354492878518
-20.3753	128.3961	-28.630334	-1	0.0	0.108555112375
-20.2457	128.4134	-28.530225	-1	0.0	0.0673602012753
-21.1816	128.3694	-28.339247	22	1.0	0.0
-21.1951	128.3692	-28.300549	22	1.0	0.0
-21.1901	128.7767	-26.397106	26	0.94896781494	0.05103218506
-23.8838	126.5542	-25.898094	6	1.0	0.0233949752561
-21.0739	128.39	-23.657685	-1	0.0	0.0175477677865
-23.7359	126.6042	-22.355661	6	1.0	0.284509478374
-22.4549	129.382	-20.320789	17	1.0	0.0
-22.6874	128.0288	-19.203685	12	1.0	0.0
-22.492	128.4696	-19.203634	11	1.0	0.0
-20.8498	128.325	-16.528094	23	1.0	0.00656308029062
-24.0139	126.4314	-13.394607	6	1.0	0.181566740349
-20.4182	127.9864	-11.689854	18	0.808602278451	0.191397721549
-20.356	128.0339	-11.007127	18	1.0	0.403637813633
-23.099	127.4663	-5.449291	-1	0.0	0.372061764629
-22.8802	128.1704	-5.449236	12	0.655754130316	0.344245869684
-22.1365	129.0178	-4.004728	-1	0.0	0.0209114149277
-23.8661	126.6085	-3.790363	6	1.0	0.0
-23.8832	126.5894	-3.578786	6	1.0	0.117065476062
-16.1149	126.9753	-2.735459	9	1.0	0.583074262568
-16.433	126.0407	-2.629016	-1	0.0	0.802349307714
-16.1903	127.0164	-2.628917	9	0.712611292174	0.287388707826
-16.5387	126.3453	-2.587623	-1	0.0	0.776007153005
-22.0381	126.7787	-1.264777	10	0.898173318793	0.101826681207
-20.3041	128.0046	0.000118	18	1.0	0.0759052649592
-21.7077	128.9246	0.927997	24	0.850060547735	0.149939452265
-21.6695	128.8971	1.006115	24	0.710645246012	0.289354753988
-7.6957	138.1773	3.483848	0	0.0412586788929	0.958741321107
-23.564	129.5203	6.409792	7	0.221265531168	0.778734468832
-24.1571	126.2762	8.286471	6	1.0	0.0
-22.1745	129.1981	8.60713	20	0.504767594837	0.495232405163
-23.7441	129.9961	8.957826	7	1.0	0.0
-24.1147	125.8771	9.139411	-1	0.0	0.0204040073966
-23.9082	126.6268	9.139468	6	1.0	0.453782352135
-21.9402	129.0671	16.628976	20	0.696480777059	0.303519222941
-21.9202	129.0475	16.729792	20	0.629113099177	0.370886900823
-25.6472	123.2118	19.517287	3	0.461762026835	0.538237973165
-20.2736	128.0295	21.419734	18	1.0	0.148692055767
-16.1161	126.9386	21.981793	9	1.0	0.0315803343237
-16.1412	126.988	22.076787	9	1.0	0.0
-7.7991	137.7194	25.458219	0	1.0	0.0
-20.8617	128.3892	26.207214	23	1.0	0.0
-23.7977	126.593	26.248154	6	1.0	0.398398172113
-16.4699	127.1796	27.933134	-1	0.0	0.580427941186
-22.576	126.094	30.954192	-1	0.0	0.171356263111
-21.3474	128.5515	32.335813	25	1.0	0.0
-21.2897	128.6922	32.462399	26	0.836908993942	0.163091006058
-21.8752	129.1356	34.096186	20	0.647046947227	0.352953052773
-20.3041	127.992	34.584171	18	1.0	0.192527321852
-20.2386	127.9511	34.625414	18	0.7673377443	0.2326622557
-20.2638	127.9931	34.884935	18	1.0	0.320076619676
-16.157	126.9707	35.23263	9	1.0	0.567403778369
-16.2211	126.5934	35.303582	-1	0.0	0.0853285702188
-16.1251	127.0035	35.303618	9	0.992014014458	0.00798598554191
-16.2823	126.5912	35.388434	8	1.0	0.0
-22.3642	126.3197	37.330112	-1	0.0	0.0263507560561
-22.0977	126.8237	37.704684	10	0.718508020649	0.281491979351
-22.0925	126.7445	37.764763	10	0.847630098903	0.152369901097
-21.2817	128.6601	44.712251	26	0.686766240707	0.313233759293
-16.3457	126.685	44.892789	8	0.921473645445	0.0785263545546
-16.2716	126.6641	44.919029	8	1.0	0.0
-22.3817	129.4117	45.040007	17	1.0	0.0
-20.4651	127.7849	45.902508	18	0.387149413593	0.612850586407
-26.3603	122.5515	46.135953	4	1.0	0.0
-20.2827	128.0862	46.191659	18	1.0	0.0
-24.702	122.8251	46.569124	-1	0.0	0.175344972947
-23.0497	127.8491	46.602726	12	0.738780733108	0.261219266892
-24.2312	126.7853	47.440469	6	1.0	0.175311502479
-21.2678	128.9391	48.107669	-1	0.0	0.251358661332
-20.2812	127.5764	50.988329	16	0.286567492352	0.713432507648
-23.3017	129.8386	51.444519	7	0.216327820233	0.783672179767
-22.4262	127.4358	52.975566	13	1.0	0.0
-22.202	127.4876	53.14709	13	0.982113723408	0.0178862765915
-20.4826	127.5076	53.539675	-1	0.0	0.154682786917
-20.3397	128.0039	53.539727	18	1.0	0.125935876707
-25.6548	123.5245	57.414629	3	1.0	0.0
-25.8493	123.3507	57.494215	3	1.0	0.263532596358
-24.0246	126.5916	58.838427	6	1.0	0.0767484316025
-23.8544	126.5985	61.999616	6	1.0	0.0
-21.5894	127.5583	62.1205	-1	0.0	0.0330580285655
-21.2691	128.5294	65.917828	-1	0.0	0.291738958704
-16.1051	126.9519	66.546269	9	1.0	0.0
-16.2242	126.8186	66.594356	9	0.366387625258	0.633612374742
-22.4735	126.3154	71.457008	-1	0.0	0.103849705877
-23.9211	126.6869	73.68687	6	1.0	0.0987502506019
-25.8483	122.2028	82.261374	5	0.836171306911	0.163828693089
-23.7294	126.5741	82.899101	6	1.0	0.0504167776991
-22.1856	126.8705	83.789905	10	0.66644240662	0.33355759338
-22.0525	129.1578	87.105047	20	1.0	0.0
-21.7869	129.1157	87.738126	-1	0.0	0.0376572871052
-21.253	128.7188	89.830614	26	1.0	0.0
-21.2195	128.7105	90.560559	26	1.0	0.0
-20.3069	128.0998	93.472509	18	1.0	0.100741532886
-22.1954	125.9877	95.235988	15	0.502776464021	0.497223535979
-22.2225	125.9506	95.642792	15	0.752377201269	0.247622798731
-16.2603	126.733	96.777063	8	0.805403109309	0.194596890691
-21.9655	129.1626	96.846594	20	0.913346703111	0.0866532968889
-16.3823	126.6459	96.901561	8	0.925918279131	0.0740817208692
-16.1695	126.9496	97.085535	9	0.928755202467	0.0712447975326
-20.1993	128.012	99.387388	18	0.756557012545	0.243442987455
-20.1813	127.9978	99.439831	18	0.6225005729	0.3774994271
-20.772	128.4239	99.560424	23	0.613656414323	0.386343585677
-20.8588	128.2411	100.220514	-1	0.0	0.0929141071471
-7.8414	137.6442	101.910707	0	0.407088894421	0.592911105579
-20.7813	128.3555	102.056623	23	1.0	0.0868976191373
-20.3241	128.0077	103.846316	18	1.0	0.0
-21.1947	128.7447	104.653425	26	0.81022225769	0.18977774231
-21.1848	128.8849	104.65345	-1	0.0	0.271151974661
-21.2152	128.7757	104.882961	26	1.0	0.536393638799
-25.7913	123.2539	105.413445	3	0.598540987427	0.401459012573
-23.8708	126.5792	107.145931	6	1.0	0.122349702709
-23.943	126.4787	107.145936	6	1.0	0.330633052502
-23.9817	126.482	107.42458	6	1.0	0.291081025068
-15.8252	126.0624	108.588518	-1	0.0	0.835326419721
-21.9342	128.9206	110.00644	19	0.911795853525	0.0882041464755
-21.1985	128.7415	112.641907	26	0.893211208263	0.106788791737
-22.4471	126.1707	121.209051	-1	0.0	0.427282065596
-22.6316	125.811	121.26132	-1	0.0	0.21825517766
-20.3634	127.9472	125.827215	18	1.0	0.438445168785
-23.946	126.5354	129.815199	6	1.0	0.0
-25.3083	129.3373	136.81715	-1	0.0	0.00205904039077
-26.5337	122.5199	137.572214	4	0.985650476646	0.0143495233538
-22.833	126.1714	140.904702	-1	0.0	0.0939433908357
-21.6962	129.0051	140.996215	-1	0.0	0.0131100675541
-22.6143	128.4168	146.060721	11	1.0	0.0
-15.9781	126.6776	146.278085	-1	0.0	0.565537082361
-22.645	128.3615	146.801444	11	1.0	0.0
-22.735	128.4277	146.864005	11	0.905004244297	0.0949957557034
-23.6618	129.7509	147.292139	7	0.282908719589	0.717091280411
-20.0617	127.422	147.440339	16	1.0	0.0
-21.1484	128.4403	148.778682	-1	0.0	0.082200751789
-21.9227	129.1509	151.681693	20	0.913346703111	0.0866532968889
-21.8048	128.9096	151.757726	-1	0.0	0.290250157987
-24.2484	126.7056	156.791109	6	1.0	0.0331541358711
-24.1956	126.7346	157.049824	6	1.0	0.0
-16.3889	126.4828	159.51393	-1	0.0	0.526950180673
-7.7291	137.6012	163.979456	0	0.210645636089	0.789354363911
-20.2498	127.9994	165.227321	18	1.0	0.327870704495
-20.2626	128.0083	165.346048	18	1.0	0.513275768921
-23.9228	126.7741	175.880468	6	1.0	0.242810295981
-26.5101	122.857	177.055026	4	0.862291580518	0.137708419482
-20.8739	128.4141	178.961144	23	1.0	0.0
-22.8178	129.648	180.719428	-1	0.0	0.431782502715
-22.1998	125.9454	181.896927	15	0.786069869539	0.213930130461
-21.5599	129.0217	181.996942	-1	0.0	0.0131100675541
-22.1516	125.9536	182.046142	15	0.74866919864	0.25133080136
-21.2408	128.3295	184.064443	22	0.839050165101	0.160949834899
-16.1569	126.9997	188.371228	9	1.0	0.264496749646
-16.1565	126.9979	188.436075	9	1.0	0.201725211803
-16.1355	126.98	188.583585	9	1.0	0.206866995966
-21.208	128.8099	189.493318	26	0.660858433766	0.339141566234
-21.3487	128.542	189.877871	-1	0.0	0.0379458992508
-21.2578	128.7902	189.877891	26	1.0	0.302815650594
-22.1845	126.8508	190.735552	10	0.609556008604	0.390443991396
-20.5188	128.4915	190.919448	-1	0.0	0.295224003539
-20.5481	127.5454	193.971178	-1	0.0	0.0204521819046
-20.8103	128.4276	194.669174	23	0.738698970442	0.261301029558
-18.3486	126.8762	196.013066	1	0.828964579832	0.171035420168
-18.2761	126.908	196.101621	1	0.629414613272	0.370585386728
-25.3184	126.9423	204.180781	-1	0.0	0.360503327464
-21.5159	128.9647	206.449371	-1	0.0	0.00833125928649
-23.9911	126.5621	206.539272	6	1.0	0.0
-22.7616	127.5572	208.502207	-1	0.0	0.0463373027076
-22.6721	128.08	209.386453	12	1.0	0.0
-22.6815	128.1235	209.53477	12	1.0	0.0
-23.954	126.5144	209.777058	6	1.0	0.0276245424998
-21.2082	128.694	212.936336	26	1.0	0.0
-21.2812	128.7969	213.159119	26	1.0	0.3768480712
-21.2682	128.7857	213.299986	26	1.0	0.0
-22.7227	129.2008	217.834092	17	0.875292184776	0.124707815224
-21.3323	128.6342	219.44896	26	0.682218498183	0.317781501817
-21.2151	128.7681	219.557402	26	1.0	0.550159610071
-16.111	126.9552	225.504083	9	1.0	0.0
-16.2422	126.799	225.540275	9	0.334916228846	0.665083771154
-16.1781	126.9052	225.574523	9	0.847568342836	0.152431657164
-16.1474	126.969	225.616101	9	0.991073513531	0.00892648646854
-16.1651	126.9893	225.65304	9	1.0	0.195282456161
-16.1648	127.18	226.018155	-1	0.0	0.565797293359
-21.2657	128.6303	227.435856	-1	0.0	0.0273676760891
-20.2606	128.0367	229.856914	18	1.0	0.132856775167
-24.267	126.3256	230.135528	6	1.0	0.0
-24.1851	126.5465	230.197671	6	1.0	0.312376021508
-7.5538	140.2113	231.828743	0	0.00764129305424	0.992358706946
-20.2952	128.0289	236.799508	18	1.0	0.0555135512643
-22.016	129.0714	237.208316	20	0.60385816993	0.39614183007
-22.0262	129.1789	237.208346	20	1.0	0.0
-23.9624	126.5709	238.664158	6	1.0	0.0140222661384
-23.9493	126.7261	239.570693	6	1.0	0.221603312269
-19.9986	128.0385	240.452009	18	0.227407084341	0.772592915659
-20.0374	128.0535	240.591151	18	0.272514503634	0.727485496366
-22.1193	126.1972	245.836861	10	0.170201698888	0.829798301112
-24.2466	126.7084	245.937301	6	1.0	0.0
-22.9143	127.886	246.004528	12	0.817855405141	0.182144594859
-15.1073	125.9077	248.265608	-1	0.0	0.905189589542
-20.245	128.1954	249.140265	18	0.31896616726	0.68103383274
-21.3885	128.9344	250.87386	-1	0.0	0.0106976183553
-22.7672	128.3249	251.41173	11	0.762273382876	0.237726617124
-25.8377	122.0726	255.22376	5	1.0	0.0
-21.2216	128.7557	257.454794	26	1.0	0.588768698683
-20.1135	127.4356	260.121701	16	1.0	0.0
-20.3984	127.8789	261.381536	18	1.0	0.10923685449
-20.1991	128.0803	261.635826	18	0.590416936397	0.409583063603
-21.1115	128.8693	262.201749	-1	0.0	0.0280884405542
-21.0262	127.8529	265.677388	-1	0.0	0.11318796246
-21.0215	128.053	265.677413	-1	0.0	0.0310682423058
-21.2924	128.7642	268.223734	26	1.0	0.573850394889
-23.4689	126.9608	274.3216	6	0.257362692992	0.742637307008
-23.7856	130.0107	277.516757	7	1.0	0.0
-7.8509	137.7502	277.616271	0	0.457650243156	0.542349756844
-20.5053	128.0383	278.444896	18	0.666837134274	0.333162865726
-21.2757	128.7865	279.255588	26	1.0	0.0
-21.3289	128.6236	279.379967	26	0.718505963729	0.281494036271
-23.7841	126.6472	280.782861	6	1.0	0.326322545904
-23.9562	126.6582	283.908133	6	1.0	0.194701756727
-25.743	124.7806	286.331996	2	1.0	0.0
-22.507	127.3488	287.187841	13	0.87303385882	0.12696614118
-21.8321	126.3097	291.557514	10	0.178499860843	0.821500139157
-26.4958	122.6249	293.148276	4	1.0	0.0
-26.515	122.6663	293.35877	4	1.0	0.0
-20.7829	128.2785	294.015003	23	1.0	0.0
-25.7357	123.3765	297.000917	3	1.0	0.0
-16.3623	126.535	300.105653	-1	0.0	0.253028769374
-19.9701	127.6279	302.660061	-1	0.0	0.013123599957
-22.1891	126.8463	303.162893	10	0.55332950348	0.44667049652
-21.2725	128.7772	307.518197	26	1.0	0.241966814151
-21.3515	128.8399	307.538439	-1	0.0	0.0131681887892
-23.8312	126.6483	309.833529	6	1.0	0.275360577627
-24.0332	126.326	310.005283	6	1.0	0.276068432532
-18.349	126.9217	311.404151	1	1.0	0.0
-18.3725	126.9356	311.420678	1	1.0	0.0
-20.2671	128.055	312.388362	18	1.0	0.132856775167
-20.2298	128.1315	312.464192	18	0.502866880953	0.497133119047
-20.3395	128.0338	314.978375	18	1.0	0.463391281496
-21.9088	128.9948	315.292457	20	0.449551398695	0.550448601305
-21.2029	128.7896	318.717461	26	0.968252165475	0.0317478345246
-21.2281	128.7225	318.925012	26	1.0	0.0
-21.0964	128.3855	321.692246	22	0.779740669183	0.220259330817
-15.945	126.9067	324.63819	-1	0.0	0.249627344831
-20.264	128.0668	328.490976	18	1.0	0.0
-26.5465	122.868	330.986432	4	0.762333831347	0.237666168653
-21.3436	128.7118	332.261909	-1	0.0	0.037594918204
-21.2972	128.5634	332.617049	25	1.0	0.0
-20.2891	128.0984	332.690139	18	1.0	0.0451701077981
-22.7595	129.8123	335.256284	7	0.1686316245	0.8313683755
-20.7013	128.4067	337.546898	-1	0.0	0.0536754638303
-24.5233	125.9601	338.969092	6	0.282742679803	0.717257320197
-16.1688	126.9233	341.088644	9	0.847568342836	0.152431657164
-20.407	128.0588	343.81564	18	0.964729357384	0.0352706426164
-22.6906	128.0944	343.826819	12	1.0	0.0
-7.8428	137.6863	344.389206	0	0.610197201915	0.389802798085
-7.8237	137.7275	344.474104	0	0.867019594589	0.132980405411
-7.7838	137.6991	344.537121	0	0.970002292811	0.0299977071891
-21.2359	128.3178	344.575194	-1	0.0	0.015117969569
-7.81	137.7073	344.617725	0	1.0	0.0
-7.7839	137.7187	344.785927	0	1.0	0.0
-21.3277	128.5927	345.224445	25	1.0	0.0
-22.2752	127.6428	348.605102	13	1.0	0.0
-21.2853	128.7613	349.288944	26	1.0	0.535684475288
-20.7661	128.3198	352.564677	23	1.0	0.0
-23.7051	129.7061	360.131852	7	0.249097482614	0.750902517386
-22.6832	125.9821	362.540061	-1	0.0	0.214141518686
-21.295	128.6321	362.552728	26	0.718505963729	0.281494036271
-21.3952	128.4618	362.591214	-1	0.0	0.120070942279
-21.219	128.7196	362.59122	26	0.994005009366	0.00599499063355
-21.2767	128.7885	362.864471	26	1.0	0.0
-22.2239	126.92	365.719362	10	0.378336778832	0.621663221168
-26.598	122.7197	366.49674	4	0.9541659873	0.0458340127001
-25.7512	123.3957	367.811315	3	1.0	0.0
-24.2048	126.294	372.252101	6	1.0	0.0
-24.0237	126.552	372.314758	6	1.0	0.0382428420753
-23.9765	126.782	372.31478	6	1.0	0.342261267437
-22.2977	125.9749	372.427601	15	0.397219736518	0.602780263482
-22.3782	125.7777	372.427601	-1	0.0	0.300360569196
-22.28	126.0691	372.477891	15	0.353452578952	0.646547421048
-22.2583	126.036	372.542495	15	0.353452578952	0.646547421048
-16.2175	126.9124	373.142851	9	0.688108940695	0.311891059305
-20.362	128.105	374.811715	18	0.877575222782	0.122424777218
-20.9849	127.1426	374.929619	-1	0.0	0.227285511774
-21.2191	128.6873	375.142919	26	0.964175603407	0.0358243965935
-20.2996	127.9842	375.323059	18	1.0	0.252420206028
-20.3729	127.875	375.524058	18	1.0	0.0
-22.4752	127.5145	375.819312	13	1.0	0.0
-22.1303	126.8338	382.631801	10	0.754461207542	0.245538792458
-22.1085	126.8898	382.663987	10	0.561005942195	0.438994057805
-21.3065	128.6704	383.918891	-1	0.0	0.0867463420909
-21.2773	128.7082	384.005956	26	1.0	0.0
-23.4862	129.8029	387.632688	7	0.325785717428	0.674214282572
-20.5526	127.7456	387.804926	18	0.387149413593	0.612850586407
-20.3907	128.089	387.804961	18	0.831168867138	0.168831132862
-20.359	128.0676	387.956032	18	0.957600681677	0.0423993183233
-20.8644	128.3371	392.382563	23	0.794869246426	0.205130753574
-20.9642	128.2579	392.46463	-1	0.0	0.148839096124
-22.2904	127.6348	392.635901	13	1.0	0.0
-20.8829	128.3847	393.174967	23	1.0	0.0
-23.9819	126.6587	395.774858	6	1.0	0.0
-20.2655	128.0791	398.943012	18	1.0	0.0
-21.8427	129.2508	402.816623	-1	0.0	0.0104077023211
-23.9717	126.5944	405.883445	6	1.0	0.0767484316025
-19.4277	126.8651	408.301696	1	0.0629904623573	0.937009537643
-21.6906	128.0786	409.074021	-1	0.0	0.396831252279
-22.5077	125.825	409.307385	14	1.0	0.0
-21.3981	128.4586	409.486396	-1	0.0	0.15193887111
-22.433	127.2838	412.672589	13	0.852252061012	0.147747938988
-16.2249	126.9998	415.292155	9	0.601806785743	0.398193214257
-22.1141	126.8692	417.586799	10	0.66644240662	0.33355759338
-21.3191	128.9712	417.930687	-1	0.0	0.267083023559
-23.028	129.8799	418.757731	7	0.192812075774	0.807187924226
-21.3777	128.6183	419.336334	-1	0.0	0.0931366996695
-21.1916	128.8031	419.336347	26	0.65710800926	0.34289199074
-21.2378	128.8786	419.777411	-1	0.0	0.123461187634
-24.0423	126.6106	420.207712	6	1.0	0.0767484316025
-22.2007	125.9709	420.485541	15	0.786069869539	0.213930130461
-20.4252	128.038	421.025221	18	1.0	0.116374836736
-20.3564	128.0197	421.114981	18	1.0	0.386643062752
-20.252	128.1886	421.212887	18	0.352371602696	0.647628397304
-23.9047	126.7397	426.411743	6	1.0	0.112407828356
-21.2743	128.7714	429.659731	26	1.0	0.407011730484
-24.0075	126.7068	430.967527	6	1.0	0.0
-20.8785	128.4306	434.23683	23	0.973592102861	0.0264078971387
-20.1311	128.1577	435.221964	18	0.305207396983	0.694792603017
-24.0097	126.6186	436.748918	6	1.0	0.0767484316025
-21.4817	128.9173	436.942261	24	0.721832964646	0.278167035354
-20.3011	128.0613	438.58607	18	1.0	0.145017784393
-15.4944	126.6507	439.427604	-1	0.0	0.736852380023
-15.4722	126.8309	439.763459	-1	0.0	0.72721931871
-15.4445	126.8556	439.847158	-1	0.0	0.72721931871
-15.4667	126.9096	440.37687	-1	0.0	0.72721931871
-20.7781	128.1468	443.825432	-1	0.0	0.124005763014
-21.3234	128.7803	444.128228	26	0.745445254783	0.254554745217
-21.373	128.7857	444.30217	-1	0.0	0.315893073721
-21.2698	128.7418	444.453879	26	0.936002314606	0.0639976853944
-25.8376	122.1342	449.51413	5	1.0	0.0
-25.8264	123.4902	449.882162	3	0.862626294939	0.137373705061
-20.3183	128.1235	450.118291	18	0.88384819289	0.11615180711
-25.4776	121.7578	450.420406	5	0.168030258522	0.831969741478
-22.5967	127.5648	453.185679	13	1.0	0.0551476932365
-22.4589	127.473	453.676485	13	1.0	0.0
-20.639	128.6077	455.420744	-1	0.0	0.0670699573742
-20.6431	128.627	455.549736	-1	0.0	0.111204446814
-23.8323	129.9017	455.864685	7	0.465640342177	0.534359657823
-23.9466	129.5254	456.010706	7	0.224213263489	0.775786736511
-23.772	130.0037	456.010784	7	1.0	0.0
-21.4398	129.0219	456.363487	-1	0.0	0.188735456675
-21.3957	128.9419	458.397115	24	0.700861031192	0.299138968808
-22.0772	126.2162	460.153558	10	0.171642109106	0.828357890894
-20.3572	127.8838	462.199706	18	1.0	0.0
-21.9228	129.1869	463.335161	20	0.728440451991	0.271559548009
-20.4321	128.0352	466.582479	18	1.0	0.116374836736
-20.4909	128.0043	467.536097	18	0.749838112128	0.250161887872
-25.6776	123.4607	468.666672	3	1.0	0.0
-22.7352	129.1018	470.583573	-1	0.0	0.102833907863
-22.7212	129.3191	470.583627	-1	0.0	0.0790376751108
-21.8567	129.2573	472.79251	-1	0.0	0.0327774934734
-21.6459	128.9052	475.857026	24	0.896397828402	0.103602171598
-22.823	126.9684	477.795072	-1	0.0	0.149445827448
-22.7272	127.7658	477.887103	13	0.779369318996	0.220630681004
-23.9365	126.758	478.00237	6	1.0	0.221603312269
-22.5979	127.8059	478.108408	-1	0.0	0.0585607490758
-23.8395	126.7161	480.409193	6	1.0	0.000515966861318
-22.6691	127.7766	480.40927	-1	0.0	0.0474735720016
-21.2616	128.8043	480.485264	26	1.0	0.596273935139
-22.4635	126.0943	485.545371	-1	0.0	0.205588683184
-21.2609	128.7175	485.743051	26	1.0	0.0
-21.2572	128.8242	485.803026	26	0.657345655572	0.342654344428
-21.2399	128.7413	485.861795	26	1.0	0.638710045905
-20.8313	128.4056	492.230776	23	1.0	0.157460863071
-24.0629	126.5744	495.359497	6	1.0	0.0298566572564
-23.9957	126.6822	495.738514	6	1.0	0.0
-24.3793	126.9868	497.190401	6	0.304587023998	0.695412976002
-26.1068	121.7369	497.291534	5	0.17131413826	0.82868586174
-25.8088	122.1985	497.523709	5	0.929555634491	0.0704443655088
-18.5055	126.9006	497.957207	1	0.413183668842	0.586816331158
-25.7776	123.3818	498.334019	3	1.0	0.0
-20.3419	128.0587	498.80255	18	1.0	0.117385461432
-21.812	129.1998	499.362821	20	0.535152610314	0.464847389686
-20.3929	127.9532	499.409709	18	0.82842858381	0.17157141619
-21.9912	129.1975	499.644978	20	0.889307606655	0.110692393345
-21.982	128.9989	499.686194	20	0.464865396968	0.535134603032
-22.1221	126.9308	501.592831	10	0.459558919507	0.540441080493
-21.3533	128.6234	502.104777	26	0.611133153304	0.388866846696
-21.3192	128.715	502.159381	26	0.844802752571	0.155197247429
-21.8713	126.3106	504.060296	10	0.176403475646	0.823596524354
-21.864	126.3122	504.279393	10	0.171642109106	0.828357890894
-21.2985	128.8143	504.99277	26	0.817538946565	0.182461053435
-21.2749	128.792	505.155028	26	1.0	0.0
-20.877	128.4013	505.181101	23	1.0	0.0
-24.0037	126.6648	505.378974	6	1.0	0.0517923745448
-24.0004	126.6785	505.450489	6	1.0	0.0555462050982
-23.9925	126.6244	505.545241	6	1.0	0.268958051233
-23.9992	126.7197	505.72205	6	1.0	0.0933279476575
-21.3522	128.905	508.85439	-1	0.0	0.107092110629
-22.2628	125.9334	508.867863	15	0.458060985661	0.541939014339
-24.2138	126.7404	510.049071	6	1.0	0.0
-24.0262	126.3352	515.277965	6	0.906541268563	0.0934587314371
-22.6846	130.0	518.254244	-1	0.0	0.0567455641168
-21.6012	128.8655	518.829798	-1	0.0	0.000741741093733
-21.9639	129.0559	520.088855	20	0.696480777059	0.303519222941
-22.0222	129.3595	522.187544	-1	0.0	0.129137813252
-24.1144	126.7417	523.068191	6	1.0	0.327352572429
-21.2607	128.8607	523.152863	-1	0.0	0.123461187634
-21.1336	128.7921	523.320926	-1	0.0	0.0978793382743
-25.9254	124.7502	524.814402	2	1.0	0.0
-25.9016	124.8199	524.970321	2	1.0	0.0
-16.1669	127.0387	527.418088	9	0.521881280303	0.478118719697
-20.5725	128.0994	527.644382	18	0.27154623766	0.72845376234
-22.2406	125.9498	527.818683	15	0.692013972261	0.307986027739
-21.3811	129.0028	527.86885	-1	0.0	0.236394485776
-16.1655	126.8892	528.001723	9	0.528968843793	0.471031156207
-22.3494	125.8879	528.024512	14	1.0	0.0
-20.3548	128.0511	529.569591	18	1.0	0.463391281496
-20.5829	127.7391	529.714752	18	0.336013902911	0.663986097089
-20.4374	128.0606	529.840264	18	1.0	0.138412591305
-21.823	129.2169	530.46349	20	0.541938495758	0.458061504242
-20.9087	128.5632	531.630366	-1	0.0	0.101918939559
-20.8273	128.5768	531.8456	-1	0.0	0.0670699573742
-22.1303	126.8948	532.402069	10	0.66644240662	0.33355759338
-22.1122	126.9515	532.455793	10	0.378336778832	0.621663221168
-21.423	128.3569	535.066254	-1	0.0	0.0397907336241
-24.0365	126.6968	538.129874	6	1.0	0.0555462050982
-21.4315	128.6509	540.185711	-1	0.0	0.0627907843626
-21.2226	128.9751	540.185751	-1	0.0	0.251358661332
-21.9873	126.3999	540.873938	10	0.207254177162	0.792745822838
-22.2149	126.2727	541.549176	10	0.171642109106	0.828357890894
-21.7707	128.9779	546.65223	-1	0.0	0.25819184808
-21.5448	128.7735	548.867593	-1	0.0	0.151320128296
-20.5512	127.7456	549.680528	18	0.387149413593	0.612850586407
-21.0826	127.7646	551.873787	-1	0.0	0.351990402091
-20.8224	128.36	552.012771	23	1.0	0.0
-20.8615	128.3307	552.080226	23	0.840676809179	0.159323190821
-20.8112	128.3865	552.240587	23	1.0	0.0650995100757
-22.2385	129.1053	555.426359	-1	0.0	0.0147481939746
-20.8542	128.4529	556.866595	23	0.713242413321	0.286757586679
-20.2867	128.0739	557.105123	18	1.0	0.0
-20.3349	128.123	557.155604	18	0.946334414112	0.0536655858883
-26.5993	122.8255	557.353754	4	0.9541659873	0.0458340127001
-20.2473	128.0353	557.431671	18	0.991573966717	0.00842603328328
-25.5412	122.322	557.664197	5	0.342654320177	0.657345679823
-21.2402	128.3973	557.98095	-1	0.0	0.0290679834557
-24.1808	126.7167	559.290346	6	1.0	0.0
-22.6743	129.0321	562.521361	-1	0.0	0.150608470865
-21.2803	128.9512	562.872402	-1	0.0	0.251358661332
-20.2113	128.4516	563.53735	-1	0.0	0.108992108244
-21.1186	128.3169	564.058306	-1	0.0	0.051094088544
-21.6564	129.1033	566.797571	-1	0.0	0.280768139523
-20.8924	128.3755	568.481462	23	1.0	0.0
-20.8674	128.4603	568.585625	23	0.569870117632	0.430129882368
-16.1334	126.9381	571.451057	9	0.864532117281	0.135467882719
-16.2033	126.9493	571.531314	9	0.834851039525	0.165148960475
-16.1473	126.9867	571.58716	9	1.0	0.0
-21.1538	128.7691	572.581502	26	0.602990922666	0.397009077334
-7.8902	137.7482	573.921343	0	0.350471019367	0.649528980633
-24.2767	126.3649	574.985925	6	1.0	0.0387504631131
-24.0979	126.6181	575.059784	6	1.0	0.203480601973
-24.0957	126.5095	577.213364	6	1.0	0.344444066888
-24.0117	126.7173	577.39219	6	1.0	0.0
-21.2382	128.8971	580.113552	-1	0.0	0.123461187634
-21.3074	128.7119	581.116459	26	0.907419627808	0.0925803721916
-26.4998	122.4675	581.49469	4	0.670591560532	0.329408439468
-24.9072	126.614	584.085634	6	0.243087833221	0.756912166779
-20.8163	128.4033	586.703892	23	0.908006723471	0.0919932765294
-22.6803	126.0814	587.350353	-1	0.0	0.214141518686
-22.6863	126.0298	587.486417	-1	0.0	0.171356263111
-20.4371	127.9001	588.834717	18	0.572410095742	0.427589904258
-20.3325	128.0994	588.834721	18	1.0	0.0689477497123
-22.5859	128.3894	591.695274	11	1.0	0.0
-22.4548	128.5616	591.762987	11	0.735716340421	0.264283659579
-23.7291	130.0335	591.842688	7	1.0	0.0
-16.4391	126.9258	594.385246	-1	0.0	0.47449286952
-21.2203	128.3467	595.346344	22	1.0	0.0
-24.1606	126.6294	597.015365	6	1.0	0.0503072034963
