7.4151	97.5964	6.5e-05	10	0.663395484254	0.336604515746
-0.8477	101.2705	-598.69996	8	0.749971303766	0.250028696234
9.6607	101.7374	-590.433454	-1	0.0	0.179632039949
9.6827	101.7062	-590.431416	-1	0.0	0.262178509386
9.6998	101.7707	-590.383876	19	0.184990377177	0.815009622823
9.8227	101.9804	-589.012882	19	1.0	0.501291475781
10.9385	104.2207	-586.928826	2	1.0	0.0
10.0396	93.0326	-583.272835	4	1.0	0.0
9.9912	93.0143	-583.19353	4	1.0	0.0
2.752	100.6078	-580.589729	23	0.569891999119	0.430108000881
2.3812	101.0407	-579.70902	12	1.0	0.0
2.3725	101.0346	-579.290629	12	1.0	0.0
-3.3255	100.8143	-578.594861	17	1.0	0.0
7.3587	97.4804	-578.454572	10	1.0	0.325803651297
10.1669	102.1779	-573.853114	-1	0.0	0.0200239124569
2.5641	100.8443	-556.720278	-1	0.0	0.107361458083
9.8541	103.0154	-552.223909	-1	0.0	0.230315568509
-0.8679	101.2837	-546.445503	8	0.660505752208	0.339494247792
-0.7808	101.1959	-546.399085	8	0.564752280147	0.435247719853
-0.821	101.253	-545.597708	8	0.749971303766	0.250028696234
10.5221	101.9551	-544.374739	21	0.451245253276	0.548754746724
-0.64	101.0955	-539.115364	8	0.167437282998	0.832562717002
10.189	102.1105	-529.603944	19	0.245012031536	0.754987968464
2.8266	100.8406	-526.951357	-1	0.0	0.417400617162
-1.9395	99.9429	-526.88931	14	0.741847516113	0.258152483887
11.2611	101.5894	-526.858714	13	0.822070471327	0.177929528673
7.6054	97.4252	-522.861305	10	1.0	0.0
7.6223	97.3822	-522.803323	10	1.0	0.352743670639
9.833	102.0715	-522.056555	19	1.0	0.0
10.9647	104.1324	-509.155597	2	1.0	0.0
7.5674	97.4383	-509.047797	10	1.0	0.0693299842581
7.5784	97.5042	-509.023989	10	1.0	0.432480557075
3.0333	103.599	-505.628731	7	0.0221665343533	0.977833465647
3.0373	103.6023	-505.584462	7	0.0220889935868	0.977911006413
-0.8976	101.3323	-500.767055	8	0.465818436729	0.534181563271
-3.5497	101.2566	-496.601585	-1	0.0	0.235761528339
-3.7414	101.033	-496.517282	16	0.626825103698	0.373174896302
2.6376	100.7851	-494.295227	-1	0.0	0.16161578156
2.6996	100.7753	-493.934618	22	0.82210385111	0.17789614889
2.6527	100.7555	-493.774441	-1	0.0	0.15351399553
5.9099	99.2467	-480.461585	-1	0.0	0.00468553615047
8.9352	108.5536	-476.099549	1	0.790279094867	0.209720905133
2.3667	101.0654	-474.217277	12	1.0	0.0945800897409
2.317	101.0458	-474.13602	12	0.86169789641	0.13830210359
2.3363	101.0687	-474.092373	12	1.0	0.0
-3.3878	103.4279	-471.810738	6	0.449622958543	0.550377041457
-0.8886	101.2603	-468.553984	8	0.673082170525	0.326917829475
-2.1455	100.3024	-467.530607	-1	0.0	0.127820922107
11.3547	101.7389	-464.701026	13	0.328646284013	0.671353715987
11.3636	101.5197	-464.603666	13	0.95199527258	0.0480047274198
10.5804	93.6581	-464.127785	5	0.961192701449	0.0388072985514
10.5579	93.5862	-464.10078	5	0.700299880449	0.299700119551
10.5658	93.655	-464.059563	5	0.912420441367	0.0875795586329
10.594	93.8194	-463.870011	5	0.09315852934	0.90684147066
7.6297	97.3379	-463.547669	10	1.0	0.0879986991591
7.6206	97.3295	-463.481819	10	1.0	0.0879986991591
9.8496	102.0621	-461.575848	19	1.0	0.0
2.803	100.9108	-451.463286	-1	0.0	0.368789107269
3.13	100.558	-436.604659	18	1.0	0.189778820563
-0.8789	101.2227	-435.926437	8	1.0	0.0
-0.8582	101.1475	-435.809765	8	0.41205263779	0.58794736221
-3.1779	100.8116	-435.631896	17	0.836640911325	0.163359088675
3.0001	103.5842	-432.277298	7	0.0226329087579	0.977367091242
3.4943	102.9031	-426.176101	7	0.0226329087579	0.977367091242
-0.8717	101.6126	-425.141415	8	0.0922478452235	0.907752154777
2.7857	100.5727	-424.752284	23	0.751796984619	0.248203015381
2.7754	100.5837	-424.680372	23	1.0	0.0
10.4281	93.6654	-423.89906	5	0.194444979958	0.805555020042
10.5714	93.657	-423.823916	5	0.961192701449	0.0388072985514
10.5758	93.7106	-423.705901	5	0.256645366026	0.743354633974
10.9844	104.2191	-420.942169	2	1.0	0.0
-3.7241	100.999	-420.339897	16	1.0	0.0
9.8118	102.1733	-418.974813	19	0.315074852593	0.684925147407
9.5544	95.1275	-411.189316	3	1.0	0.0
9.569	95.199	-411.106219	3	0.726267496879	0.273732503121
7.6623	97.5406	-409.459355	10	0.978737504024	0.0212624959756
1.4149	103.0616	-407.925477	7	0.0233669375537	0.976633062446
10.8778	102.0535	-406.938312	-1	0.0	0.120322841306
-3.1478	103.4214	-401.285199	6	0.682451940238	0.317548059762
9.7759	108.2163	-394.076371	0	1.0	0.0
7.4108	97.451	-393.978057	10	1.0	0.0
7.4189	97.4759	-393.940678	10	1.0	0.0
9.8515	102.0498	-387.649659	19	1.0	0.0386133574743
9.8509	102.0564	-387.565041	19	1.0	0.0
9.8482	102.0644	-387.291231	19	1.0	0.0
-3.6949	100.9803	-376.72308	16	1.0	0.0
11.1375	101.4715	-375.963867	13	1.0	0.0910398467666
11.1668	101.5134	-375.922465	13	1.0	0.164262403316
11.1294	101.479	-375.879325	13	1.0	0.0910398467666
11.1502	101.5244	-375.849108	13	1.0	0.295031776381
-0.8181	101.236	-374.018936	8	0.745588813773	0.254411186227
9.8364	102.0016	-372.827886	19	1.0	0.0
11.4033	101.4862	-372.604282	13	1.0	0.0
7.6071	97.3268	-368.813211	10	1.0	0.107786469603
-3.1393	103.2344	-364.35368	6	1.0	0.0
10.5522	93.6515	-360.020037	5	0.803220281208	0.196779718792
10.5687	93.7785	-359.902697	5	0.128606007917	0.871393992083
2.4048	101.0476	-355.924144	12	0.986967577457	0.0130324225433
9.7869	102.1528	-354.702576	19	0.35745742065	0.64254257935
2.8101	100.6579	-351.27646	23	0.403857748542	0.596142251458
-3.0997	103.2551	-350.300041	6	1.0	0.0
-3.4345	103.1774	-340.234271	6	0.608734828489	0.391265171511
9.442	95.1952	-335.102832	3	0.634471721954	0.365528278046
9.5349	95.1556	-334.992909	3	1.0	0.0
11.0352	104.1925	-333.831074	2	1.0	0.0
9.7837	108.1893	-328.02479	0	1.0	0.0
11.1597	101.5023	-322.819714	13	1.0	0.0910398467666
7.4308	97.4545	-322.770638	10	1.0	0.0
7.4086	97.466	-322.674666	10	1.0	0.0
7.4462	97.4573	-322.627056	10	1.0	0.0
-3.8722	101.932	-306.169156	-1	0.0	0.0767072972083
9.8154	102.0504	-306.058286	19	1.0	0.158108129814
2.7981	100.6147	-305.594825	23	1.0	0.0
2.795	100.6263	-304.802794	23	1.0	0.0
3.1885	102.7156	-304.460167	7	0.0221665343533	0.977833465647
6.6995	98.7486	-303.891503	9	0.130530802713	0.869469197287
10.1549	102.082	-298.359386	19	0.317190812569	0.682809187431
7.5971	97.3783	-286.272774	10	1.0	0.0
7.613	97.3498	-286.196399	10	1.0	0.0879986991591
7.6244	97.4226	-286.0994	10	1.0	0.0
7.6402	97.41	-285.890005	10	1.0	0.0694315827789
1.4712	103.1743	-283.493944	7	0.0257130381358	0.974286961864
-3.758	101.0266	-268.024032	16	0.604831772698	0.395168227302
-3.7263	100.9914	-267.905864	16	1.0	0.0
11.3978	101.4711	-267.169612	13	0.95199527258	0.0480047274198
11.3632	101.5647	-267.067442	13	0.95199527258	0.0480047274198
11.3659	101.6162	-266.963128	13	0.822070471327	0.177929528673
9.8333	102.0072	-264.164809	19	1.0	0.0
9.9324	101.923	-264.088557	19	0.615552549109	0.384447450891
-3.5839	101.5866	-261.639624	15	1.0	0.0
-3.0266	103.3126	-260.157272	6	1.0	0.0
7.3839	97.5156	-259.256252	10	1.0	0.0980796956119
10.389	93.6115	-258.734331	5	0.153733034442	0.846266965558
10.5832	93.5811	-258.734217	5	0.741032680622	0.258967319378
10.5656	93.6213	-258.703325	5	1.0	0.0
10.5712	93.5985	-258.325035	5	0.741032680622	0.258967319378
2.7922	100.6304	-231.764641	23	0.936891202283	0.0631087977166
2.7833	100.611	-231.653968	23	1.0	0.0
2.7888	100.5405	-231.592337	23	0.330610107079	0.669389892921
2.7828	100.5861	-231.512591	23	1.0	0.0
7.574	97.4264	-229.752095	10	1.0	0.0
7.6113	97.405	-229.6846	10	1.0	0.0
7.6227	97.4891	-229.591787	10	1.0	0.370974988426
7.5747	97.4705	-229.530464	10	1.0	0.313650139231
-2.8937	103.1723	-229.29926	6	0.729051186025	0.270948813975
-0.8531	101.223	-224.803305	8	1.0	0.0
11.3123	101.4984	-219.331402	13	1.0	0.0
11.1886	101.4895	-219.169519	13	1.0	0.0910398467666
11.2351	101.4469	-219.113719	13	1.0	0.33083724958
9.5983	95.1316	-215.495889	3	1.0	0.0
-1.149	101.1989	-200.273932	8	0.203649783192	0.796350216808
2.8799	101.3324	-196.332715	11	0.876055555997	0.123944444003
9.8608	101.9602	-194.765752	19	1.0	0.0
9.8608	101.9688	-194.649933	19	1.0	0.0
9.806	102.0132	-194.082459	19	1.0	0.0
3.1037	100.5462	-191.43087	18	1.0	0.367287911114
-0.8619	101.2094	-191.206823	8	1.0	0.0
-3.4275	100.782	-176.349909	17	0.76391334378	0.23608665622
2.3221	101.0744	-175.14626	12	1.0	0.0010863046097
2.3217	101.1826	-175.11352	12	0.249938900913	0.750061099087
2.3326	101.0779	-175.110351	12	1.0	0.0
2.3641	101.1534	-174.962339	12	0.355446089614	0.644553910386
-3.701	101.002	-173.01568	16	1.0	0.0
-3.7038	101.0185	-172.936095	16	0.793227898157	0.206772101843
2.7896	100.577	-170.614206	23	1.0	0.0
7.5618	97.4397	-160.771514	10	1.0	0.0224035328915
7.5934	97.4777	-160.628571	10	1.0	0.215971427217
-2.124	100.412	-160.332528	-1	0.0	0.217772333828
3.3333	102.7169	-148.125241	7	0.0219701485227	0.978029851477
-3.0937	100.715	-137.308234	17	0.62934153724	0.37065846276
2.7442	100.8746	-133.305687	-1	0.0	0.0918736848087
2.8012	100.879	-132.340579	-1	0.0	0.244303149064
2.771	100.753	-131.922928	22	1.0	0.0
2.7367	101.3896	-126.646249	11	1.0	0.0
2.5994	101.1618	-125.851074	12	0.185914868569	0.814085131431
-3.0892	103.2383	-120.125234	6	1.0	0.0
7.0636	98.6421	-119.140743	9	0.922018242271	0.0779817577286
7.3271	97.5135	-111.213798	10	0.869423223448	0.130576776552
10.7659	93.7941	-109.343467	5	0.100782512552	0.899217487448
9.7802	108.1308	-104.154919	0	1.0	0.0
2.3866	101.0117	-101.88086	12	1.0	0.0
10.5923	93.6352	-97.37224	5	1.0	0.0
10.6512	93.6073	-97.37219	5	0.336340969475	0.663659030525
10.5833	93.6717	-97.335294	5	0.727550297	0.272449703
10.552	93.5754	-97.316539	5	0.548963145636	0.451036854364
10.5486	93.6241	-97.277328	5	0.741032680622	0.258967319378
10.5677	93.6216	-97.255264	5	1.0	0.0
10.5499	93.6686	-97.220156	5	0.797277069324	0.202722930676
-1.03	101.3348	-96.367108	8	0.24843920349	0.75156079651
0.5702	103.8388	-93.821337	7	1.0	0.0
7.5115	97.7953	-92.488879	10	0.226131960366	0.773868039634
2.8062	100.7233	-92.124947	22	1.0	0.0
2.793	100.6164	-92.062294	23	1.0	0.0
2.6695	100.4779	-91.886564	-1	0.0	0.16384521521
7.5936	97.5573	-89.388119	10	1.0	0.118705184941
7.4076	97.4287	-88.475846	10	1.0	0.10926022941
7.3801	97.3229	-88.345061	10	1.0	0.0
7.425	97.5554	-88.345042	10	0.843404324725	0.156595675275
7.3951	97.414	-88.325614	10	1.0	0.0868345766503
-2.7192	102.1651	-84.923477	-1	0.0	0.473361394837
7.379	97.4314	-77.698022	10	1.0	0.276344121906
11.15	101.3901	-65.960015	13	1.0	0.259280314717
11.0705	101.4596	-65.901491	13	1.0	0.0910398467666
11.1004	101.4272	-65.842317	13	1.0	0.0
10.4873	101.9673	-63.769639	21	1.0	0.0
6.9526	98.6394	-54.284097	9	0.625151416837	0.374848583163
9.5209	95.2498	-50.990669	3	0.604562055415	0.395437944585
8.9204	108.4848	-41.401058	1	1.0	0.0
8.8461	108.4074	-41.174251	1	1.0	0.0
7.5828	97.3772	-39.329219	10	1.0	0.0
7.0572	98.7069	-23.471863	9	0.385582303934	0.614417696066
-0.7889	101.3391	-21.796623	8	0.465818436729	0.534181563271
9.5675	95.1877	-20.569798	3	0.702864849699	0.297135150301
9.5006	95.134	-20.487372	3	1.0	0.0
-3.0291	103.2932	-18.975546	6	1.0	0.0
10.5549	93.6058	-13.987459	5	0.741032680622	0.258967319378
10.5734	93.5668	-13.959504	5	0.467968510916	0.532031489084
10.5701	93.6276	-13.921809	5	1.0	0.0
9.9565	108.2907	-13.528411	0	1.0	0.0
0.5551	103.8887	-10.530174	7	0.457801571956	0.542198428044
7.5746	97.5946	-9.093878	10	0.782660078331	0.217339921669
7.6047	97.6029	-8.975462	10	0.777472568422	0.222527431578
7.58	97.3243	-8.916694	10	1.0	0.312957014868
1.4804	103.1636	-6.297342	7	0.0253388433438	0.974661156656
2.3551	101.0688	-0.72173	12	1.0	0.0
7.4151	97.5964	6.5e-05	10	0.663395484254	0.336604515746
-2.8646	103.1809	13.407895	6	0.692995237156	0.307004762844
2.6308	100.4168	19.120364	-1	0.0	0.440092602351
2.7936	100.5897	19.12042	23	1.0	0.0
7.6024	97.376	20.172127	10	1.0	0.0
7.6086	97.3372	20.205127	10	1.0	0.0879986991591
7.6254	97.3385	20.230239	10	1.0	0.0879986991591
7.5624	97.3925	20.295018	10	1.0	0.0369748538348
7.6266	97.5335	20.373728	10	1.0	0.0889284189735
8.998	108.56	22.456447	1	1.0	0.0
0.5531	103.8206	26.62819	7	0.976182452089	0.0238175479115
9.8001	102.0346	33.792831	19	0.933223390935	0.0667766090654
11.4335	102.85	33.794049	-1	0.0	0.665213427913
9.8602	102.3285	36.802666	-1	0.0	0.176672101665
10.1314	101.9914	37.311781	19	0.366792371179	0.633207628821
10.1437	101.9768	37.368061	19	0.340270193014	0.659729806986
10.0801	102.0035	37.530761	19	0.430471621379	0.569528378621
10.0501	101.9354	37.635435	19	0.431791028112	0.568208971888
10.5266	101.9011	51.49394	20	0.736562431299	0.263437568701
10.5107	101.8902	51.566973	20	1.0	0.0
10.513	101.9368	51.685852	21	0.357715197235	0.642284802765
7.555	97.4191	52.852459	10	1.0	0.127717906907
7.5231	97.4457	53.366962	10	1.0	0.327319330786
7.5112	97.4079	53.409955	10	1.0	0.43554655785
3.1067	100.5744	54.155529	18	1.0	0.0
2.2779	101.0498	54.489331	12	0.656226640187	0.343773359813
2.7984	100.6026	54.633502	23	1.0	0.0
0.5225	103.7954	56.662335	7	0.665825171313	0.334174828687
9.523	95.1209	59.985389	3	1.0	0.0
5.9348	99.2877	61.734726	-1	0.0	0.0289541667519
11.3809	101.5708	69.980489	13	0.947915152856	0.0520848471437
-3.8593	101.5782	70.511508	15	1.0	0.0
-3.2328	100.7418	73.40951	17	1.0	0.0
-3.2676	100.7636	73.41101	17	1.0	0.0
-3.697	101.0463	73.861673	16	0.495947769114	0.504052230886
0.5331	103.8171	76.57903	7	0.878748138891	0.121251861109
-0.8154	101.2848	79.133996	8	0.749971303766	0.250028696234
3.1587	100.5577	91.829795	18	1.0	0.355722541007
3.1524	100.5399	91.909876	18	0.979724519849	0.0202754801512
10.4687	101.9751	103.971395	21	1.0	0.0
10.4829	101.9711	104.073126	21	1.0	0.0
10.5178	102.0112	104.119122	21	0.293577220681	0.706422779319
10.4935	101.9516	104.436447	21	0.648390508559	0.351609491441
2.5241	100.7745	110.468332	-1	0.0	0.0168773748401
-3.5067	103.2486	112.708911	6	0.522647248337	0.477352751663
-3.7062	100.9908	113.706025	16	1.0	0.0
11.5809	101.7406	125.151669	13	0.244431991107	0.755568008893
0.5632	103.839	132.569849	7	1.0	0.0
0.5644	103.8166	132.664692	7	0.876003514847	0.123996485153
-3.4117	103.1225	136.597566	6	0.608734828489	0.391265171511
7.5899	97.3996	137.531565	10	1.0	0.384643855501
8.8817	108.4182	137.578364	1	1.0	0.0
9.8328	101.9202	138.376538	19	0.707195008742	0.292804991258
9.8681	101.9998	138.509971	19	1.0	0.0
9.9025	102.0165	138.602711	19	0.82635480892	0.17364519108
9.9831	101.943	138.682486	19	0.497524578715	0.502475421285
9.8868	101.9665	138.762738	19	1.0	0.0675970024561
9.9939	102.0342	138.87122	19	0.486067821676	0.513932178324
9.8337	102.0894	139.326141	19	1.0	0.380988870649
7.4588	97.5417	139.364978	10	0.793720619262	0.206279380738
9.6618	108.0678	142.71505	0	1.0	0.0
-0.8616	101.1246	148.738657	8	0.311366322365	0.688633677635
-0.9058	101.2009	148.836915	8	0.905440259944	0.0945597400555
-0.8998	101.212	149.168307	8	1.0	0.0
10.4903	101.8877	151.29724	20	1.0	0.0
-2.3989	100.5376	156.508483	-1	0.0	0.112872647331
2.7884	100.6885	159.00564	23	0.270793287329	0.729206712671
2.7665	100.7357	159.005683	22	1.0	0.0
-1.1745	101.1447	160.072145	8	0.166819589666	0.833180410334
-1.8996	99.8982	161.437169	14	1.0	0.0
7.6515	97.2869	161.736213	10	1.0	0.223864248133
11.1809	101.6246	168.140836	13	0.484349292292	0.515650707708
11.2738	101.4919	168.31743	13	1.0	0.33083724958
11.3184	101.5905	168.497517	13	0.95199527258	0.0480047274198
10.4604	101.8753	175.318216	20	1.0	0.0
11.0901	101.4223	181.760334	13	1.0	0.0
2.8058	100.6214	189.358916	23	1.0	0.0
9.8404	102.9715	189.962697	-1	0.0	0.136059144393
-3.8758	101.6103	190.513981	15	1.0	0.0
-3.1534	103.0785	190.598766	6	0.601437838452	0.398562161548
7.018	98.6322	191.031902	9	1.0	0.0
9.5526	95.1027	195.396911	3	1.0	0.0
0.5693	103.8829	201.345819	7	0.529976147617	0.470023852383
2.7436	100.7684	202.059982	22	0.999489991221	0.0005100087786
-3.0677	100.7311	202.441772	17	0.643041038083	0.356958961917
3.1122	100.5646	208.369932	18	1.0	0.0
9.0259	108.5223	213.020762	1	1.0	0.0
-3.8749	101.5877	213.530616	15	1.0	0.0
2.739	101.4718	231.92398	11	0.915964438705	0.0840355612954
-0.8503	101.2058	235.707705	8	1.0	0.0
2.6427	100.5815	235.806056	-1	0.0	0.328142119401
-3.6683	100.9725	236.513553	16	0.651741814007	0.348258185993
2.3419	101.0801	237.647991	12	1.0	0.0
2.3875	100.9909	237.658891	12	0.735914022835	0.264085977165
2.8045	100.5931	242.150801	23	0.756875486598	0.243124513402
2.7793	100.6137	242.204329	23	0.895672631045	0.104327368955
2.797	100.5467	242.552695	23	0.340404490498	0.659595509502
10.4798	101.9598	243.612522	21	0.850045118372	0.149954881628
10.5025	101.9773	243.653367	21	0.826298710861	0.173701289139
10.4649	101.9485	243.77458	21	0.441213176355	0.558786823645
0.568	103.8524	244.844088	7	1.0	0.0
0.5185	103.8478	245.290138	7	0.817179385557	0.182820614443
-3.5339	101.5831	249.912672	15	0.866862964377	0.133137035623
-1.9068	99.8859	256.59571	14	1.0	0.0
-1.9321	99.9144	256.651254	14	1.0	0.0
3.1343	100.5564	256.957982	18	1.0	0.154419275687
9.8436	101.9359	258.49225	19	1.0	0.476295889952
-1.0291	101.2661	261.640707	8	0.302682907184	0.697317092816
-1.0126	101.4628	261.93135	8	0.160179501485	0.839820498515
11.3488	101.456	263.913074	13	1.0	0.0
11.29	101.4606	264.781767	13	1.0	0.0
11.3085	101.4346	264.851991	13	1.0	0.0
7.5937	97.368	273.85399	10	1.0	0.0
7.5801	97.4623	273.897389	10	1.0	0.130183118941
7.5933	97.3557	273.96416	10	1.0	0.0
7.5649	97.3701	274.051002	10	1.0	0.115641888683
2.753	100.6676	275.636852	23	0.311986415746	0.688013584254
2.7622	100.739	275.756086	22	1.0	0.0
3.115	100.5795	283.980889	18	1.0	0.0
9.5186	95.2064	286.744636	3	0.795127707273	0.204872292727
10.8451	102.0016	294.546402	-1	0.0	0.775700253597
10.859	101.9281	294.674985	-1	0.0	0.0344358588187
7.5741	97.3558	295.042444	10	1.0	0.153282538577
7.5411	97.3228	295.323632	10	1.0	0.355606790317
7.5737	97.3544	295.469855	10	1.0	0.214798898924
2.794	101.3284	300.668747	11	1.0	0.0
7.0403	98.5866	304.661963	9	0.833074701984	0.166925298016
7.0553	98.6491	304.724614	9	0.989800218354	0.0101997816464
7.0194	98.6576	304.768187	9	0.922018242271	0.0779817577286
7.0157	98.6151	304.805392	9	1.0	0.0
7.0326	98.5968	304.901645	9	1.0	0.0
7.0373	98.5984	305.004043	9	1.0	0.0
2.3363	101.1332	307.229444	12	0.484131319054	0.515868680946
3.1421	100.5196	307.313545	18	0.992080646254	0.00791935374644
3.096	100.5204	307.43223	18	0.819484466855	0.180515533145
3.1135	100.5597	307.483364	18	1.0	0.0
0.5157	103.8884	311.378341	7	0.483194722702	0.516805277298
9.8343	102.1286	313.814715	19	0.55324112422	0.44675887578
9.9185	102.0949	313.9113	19	0.639615096475	0.360384903525
10.3097	93.0213	324.620611	4	1.0	0.0
-2.3205	100.5116	327.277459	-1	0.0	0.0768013500569
10.5905	93.6267	328.634857	5	1.0	0.0
10.6038	93.6193	328.672857	5	0.722940931132	0.277059068868
10.6059	93.6415	328.754122	5	0.653591459047	0.346408540953
10.5899	93.6462	328.801994	5	0.961192701449	0.0388072985514
10.4787	101.1271	331.212717	-1	0.0	0.264949381816
11.1026	101.3438	331.299817	13	0.940476401854	0.0595235981465
2.368	101.081	334.202677	12	1.0	0.0
3.1266	100.4956	341.631774	18	0.731198712165	0.268801287835
-2.8644	103.2012	342.158641	6	0.78046764292	0.21953235708
8.8809	108.4563	346.124489	1	0.937842767141	0.0621572328593
0.5272	103.7983	347.157586	7	0.761192777286	0.238807222714
0.5337	103.7769	347.244384	7	0.488280376067	0.511719623933
-1.9153	99.9416	348.085425	14	0.823409875125	0.176590124875
-1.9274	99.8807	348.122628	14	1.0	0.0
-1.8997	99.8631	348.144679	14	0.790378970227	0.209621029773
3.2944	100.4539	354.181863	-1	0.0	0.141628150565
-0.8296	101.359	354.641481	8	0.423736771837	0.576263228163
-3.7269	101.6084	355.262139	15	1.0	0.0
3.1528	100.6793	357.097554	-1	0.0	0.167279663428
10.5025	101.9977	358.916698	21	0.511487683806	0.488512316194
3.1281	100.5731	371.159334	18	1.0	0.0
10.4848	101.9699	381.468463	21	1.0	0.0
10.4827	101.9754	381.57947	21	1.0	0.0
9.0964	108.5122	382.303476	1	1.0	0.0
9.8628	101.868	388.750452	19	0.43764056151	0.56235943849
9.8644	101.9098	388.812451	19	0.812525223017	0.187474776983
9.5909	102.0108	388.814805	19	0.248877646466	0.751122353534
9.8712	101.9634	388.882448	19	1.0	0.0
9.8555	102.0052	388.931089	19	1.0	0.0
9.8482	102.0748	389.248264	19	1.0	0.0
-3.7308	100.9644	401.95646	16	0.679931384625	0.320068615375
-0.8017	101.3434	405.341055	8	0.518402059998	0.481597940002
-0.7965	101.3011	405.34626	8	0.639560019772	0.360439980228
-3.3067	100.7677	407.217495	17	1.0	0.0
10.497	101.9518	407.891934	21	0.596269449026	0.403730550974
10.5295	101.9787	408.331426	21	0.405885093161	0.594114906839
0.5092	103.8518	410.778543	7	0.667499359764	0.332500640236
-3.2196	103.7456	411.230836	6	0.21737437008	0.78262562992
9.4842	102.1821	413.384157	-1	0.0	0.111113925879
9.8546	102.4255	413.519799	-1	0.0	0.399955507614
2.8158	100.7576	418.184406	22	1.0	0.0
2.8443	101.4605	420.398744	11	0.942573721178	0.0574262788218
2.8368	101.4524	420.918601	11	1.0	0.0
3.1337	100.5355	423.523375	18	1.0	0.0
3.1058	100.5235	423.559434	18	1.0	0.0
3.1127	100.5058	423.589092	18	1.0	0.0
3.095	100.4979	423.677391	18	0.819484466855	0.180515533145
10.4756	101.9891	424.961139	21	0.600265194888	0.399734805112
10.4985	101.8928	425.045527	20	1.0	0.0
2.4055	101.0205	425.222131	12	1.0	0.0
2.3719	101.025	425.276398	12	1.0	0.0
2.3625	101.0982	425.311932	12	0.868765182031	0.131234817969
-2.0096	102.3424	433.559634	-1	0.0	0.083604146991
9.1269	108.5167	441.049657	1	0.886736131446	0.113263868554
0.5629	103.846	446.822343	7	1.0	0.0
0.5654	103.7537	447.017545	7	0.312065198191	0.687934801809
9.434	95.0518	447.110808	3	0.42080405016	0.57919594984
3.1369	100.6392	448.757175	18	0.29183045572	0.70816954428
7.429	97.334	450.750908	10	1.0	0.0
10.4525	101.9026	458.632009	20	0.946039567681	0.0539604323188
10.4828	101.9816	458.885148	21	0.923661897189	0.0763381028114
-1.8793	99.9079	462.106818	14	1.0	0.0
9.5955	102.6566	464.051133	-1	0.0	0.114153208929
9.7366	101.9436	466.572014	19	0.525454328726	0.474545671274
9.8748	101.9713	466.602236	19	1.0	0.0
9.8572	101.961	466.814388	19	1.0	0.0
9.8452	101.9435	467.216464	19	1.0	0.429025874548
10.6039	93.5918	469.333529	5	0.500709558231	0.499290441769
2.8574	100.5206	473.861843	-1	0.0	0.263833900776
3.1221	100.5174	475.986698	18	1.0	0.0
3.1159	100.5772	476.050106	18	1.0	0.0
3.1368	100.576	476.106241	18	1.0	0.231612499421
3.1524	100.5251	476.154582	18	1.0	0.0
2.7668	100.6296	476.202072	23	0.705167588832	0.294832411168
-3.3315	100.7516	477.712674	17	1.0	0.0
10.3604	93.0268	482.44264	4	1.0	0.0
10.3471	93.1291	482.521964	4	1.0	0.0
10.7238	93.6591	484.547005	5	0.193848908456	0.806151091544
7.1418	98.6675	485.189716	9	0.431011918034	0.568988081966
7.0815	98.5649	485.254962	9	0.530647427864	0.469352572136
7.0906	98.6176	485.437309	9	0.697457394499	0.302542605501
2.7789	101.3818	485.636167	11	1.0	0.0
2.8067	101.3909	485.726522	11	1.0	0.0
7.5622	97.3726	490.845423	10	1.0	0.254740278067
7.7594	97.1797	490.923327	10	0.325230170805	0.674769829195
7.5723	97.334	491.120237	10	1.0	0.311681190008
7.6134	97.4094	491.234886	10	1.0	0.0
10.4646	101.8849	491.248152	20	1.0	0.0
0.5359	103.8411	493.442388	7	1.0	0.0
9.8722	102.034	501.173958	19	1.0	0.412986111161
9.9035	102.0613	501.491529	19	1.0	0.387814087236
-3.1298	100.4993	506.864703	-1	0.0	0.22182696441
3.0709	100.5745	509.40197	18	0.804395998455	0.195604001545
3.1015	100.552	509.446534	18	1.0	0.247700123407
-3.7234	100.9056	509.662358	16	0.25682739383	0.74317260617
7.5617	97.3149	511.320798	10	1.0	0.16276989134
7.4125	97.3601	513.363689	10	1.0	0.0
2.4176	101.0574	516.462335	12	0.802458404343	0.197541595657
2.3893	100.9861	516.487569	12	0.645815486111	0.354184513889
7.0153	98.6418	521.440246	9	1.0	0.0
7.0373	98.6161	521.712903	9	1.0	0.0
7.1311	98.9209	521.791626	9	0.0911517106196	0.90884828938
10.4609	101.8642	528.967535	20	0.937334841803	0.0626651581965
10.8643	101.9071	530.046652	-1	0.0	0.0381425392762
11.0676	101.4259	533.887183	13	1.0	0.0
11.0828	101.3826	533.966879	13	1.0	0.175893894304
11.0866	101.3951	534.000395	13	1.0	0.0
11.0931	101.4137	534.054871	13	1.0	0.0
11.0613	101.343	534.2492	13	0.752326200016	0.247673799984
9.1068	108.5404	535.626252	1	1.0	0.0
11.3146	101.4106	536.406344	13	0.903099079238	0.096900920762
-3.1249	100.725	541.39437	17	0.772763629609	0.227236370391
-3.1347	100.8409	541.394414	17	0.567435336953	0.432564663047
3.1756	100.5558	545.411671	18	0.803998860547	0.196001139453
4.1719	100.2773	548.443576	-1	0.0	0.65975250088
11.3517	104.6403	549.607962	2	1.0	0.0
11.3242	104.8043	549.608043	2	0.884690348712	0.115309651288
11.4108	104.7513	549.692891	2	0.935179741917	0.0648202580834
9.5296	102.6623	552.891561	-1	0.0	0.136059144393
9.6205	102.6847	553.246781	-1	0.0	0.025488427738
8.914	108.3842	556.085518	1	0.937842767141	0.0621572328593
8.96	108.3766	556.108802	1	0.778383455919	0.221616544081
7.3787	97.3414	559.856065	10	1.0	0.0
7.4217	97.336	560.038763	10	1.0	0.0
3.0195	100.491	563.000393	18	0.376703890541	0.623296109459
10.5135	101.8585	563.106229	20	0.820968339635	0.179031660365
10.5065	101.9929	566.172633	21	0.587080283179	0.412919716821
3.3174	100.5143	570.605962	-1	0.0	0.00111082434363
-3.0252	103.4401	575.845457	6	0.529945659982	0.470054340018
7.0018	98.5402	581.749723	9	0.410842098612	0.589157901388
-3.4088	103.1468	583.832812	6	0.608734828489	0.391265171511
-2.7593	102.0971	588.032407	-1	0.0	0.418712440524
3.0556	100.4908	594.704221	18	0.514407463053	0.485592536947
