-8.8544	114.2056	-2.6e-05	7	1.0	0.342068412336
-1.8753	116.6777	-597.546803	-1	0.0	0.244763544703
-8.8587	114.1276	-592.454223	7	1.0	0.50140581613
-8.8746	113.3409	-586.452743	7	0.2101391595	0.7898608405
-8.7955	113.6885	-586.452607	7	1.0	0.246000632046
-4.3375	113.0972	-581.627386	5	0.545006909235	0.454993090765
-0.3637	114.8668	-577.272937	1	0.792494214847	0.207505785153
-8.9727	113.9416	-576.359769	7	1.0	0.0
-8.9647	113.9419	-576.194975	7	1.0	0.0309588533177
-1.7563	116.3518	-575.831685	13	1.0	0.233888727182
-9.4352	115.1736	-575.29711	8	1.0	0.0457578040056
-9.5985	114.8563	-575.180639	8	0.264877915164	0.735122084836
-9.3927	115.0906	-575.180524	8	1.0	0.305610955488
-8.9014	113.686	-574.845855	7	1.0	0.0
-8.8778	113.7161	-574.754112	7	1.0	0.0
-1.8587	116.4584	-571.691186	13	1.0	0.0605536781363
-8.8746	113.8111	-570.429566	7	1.0	0.248836669904
-8.8971	113.6713	-570.397467	7	1.0	0.250589660866
-2.5408	108.6562	-559.361245	2	0.027795309622	0.972204690378
-4.2065	113.5483	-558.139054	5	1.0	0.0
-4.2548	113.4568	-558.040401	5	1.0	0.0
-4.1883	113.46	-557.448586	5	1.0	0.0361459157065
-4.1212	113.4749	-557.297187	5	1.0	0.0
-1.9179	116.2524	-556.784256	13	1.0	0.0
-8.8552	114.3101	-553.014194	7	0.889217312238	0.110782687762
-8.812	114.2098	-552.971293	7	1.0	0.0853637825342
-8.8683	114.1893	-552.906653	7	1.0	0.376316246121
-8.8865	114.3306	-552.90657	7	0.770416403826	0.229583596174
-8.8657	114.0939	-540.948198	7	1.0	0.0
-2.0133	116.3386	-534.219615	-1	0.0	0.376442495186
-2.0658	116.0424	-528.215765	-1	0.0	0.218704743663
-1.7998	116.4075	-524.09439	13	1.0	0.0750323618132
-1.999	116.1739	-523.972885	-1	0.0	0.10770170413
-1.8123	116.3843	-521.022575	13	1.0	0.0
-4.7907	114.0599	-517.862108	5	0.188630126817	0.811369873183
-1.8845	116.3522	-517.413274	13	1.0	0.311626074006
-3.9256	113.0933	-517.288023	5	1.0	0.0
-3.9493	113.1164	-517.210447	5	1.0	0.0
-4.0282	112.9548	-517.179511	5	1.0	0.0584088790839
-4.0146	113.0117	-517.154754	5	1.0	0.0
-3.3883	113.0962	-516.915845	5	0.403861002705	0.596138997295
-4.9764	105.8916	-511.904342	0	1.0	0.0
-9.4212	115.1355	-510.355606	8	1.0	0.0
-8.9255	114.2763	-506.286485	7	1.0	0.266479635316
-2.7822	111.8403	-501.427635	4	1.0	0.0
-2.7758	111.8324	-501.292855	4	1.0	0.0
-0.5619	114.9128	-500.44752	1	1.0	0.0
-8.884	113.6965	-499.401604	7	1.0	0.0162380887889
-4.1616	113.6349	-498.347208	5	1.0	0.287198548371
-1.3753	109.4128	-494.524011	2	1.0	0.534857183448
-1.2764	109.5692	-494.480264	2	0.735115760467	0.264884239533
-1.9646	116.2851	-492.440542	-1	0.0	0.0347750330838
-1.7595	116.3888	-489.836877	13	1.0	0.0199557969725
-9.4985	115.1566	-480.884193	8	0.932572262969	0.067427737031
-6.4121	114.3525	-479.467699	3	0.974232969629	0.0257670303709
-6.4269	114.2593	-479.413109	3	0.711343142525	0.288656857475
-4.1391	113.4886	-479.107801	5	1.0	0.0
-4.1848	113.4619	-478.992862	5	1.0	0.0
-8.9034	114.089	-476.455333	7	1.0	0.144369523753
-8.9849	114.0712	-476.096032	7	1.0	0.227776231552
-8.9866	114.165	-475.995764	7	1.0	0.0
-4.3126	113.4573	-472.124283	5	1.0	0.327815268727
-1.787	116.4074	-469.072755	13	1.0	0.0947839328637
-8.847	114.1467	-458.473417	7	1.0	0.136406649282
-3.8549	113.3716	-457.443371	5	1.0	0.458324331877
-1.8065	116.4451	-447.939138	13	1.0	0.051132715547
-1.8188	116.4588	-447.895038	13	1.0	0.18879785961
-3.6694	113.01	-447.608903	5	0.542997650317	0.457002349683
-1.8397	116.3801	-445.685315	13	1.0	0.171989316059
-8.9974	114.1513	-445.593593	7	1.0	0.0
-8.8967	113.7028	-441.922311	7	1.0	0.0
-0.5931	114.6928	-434.816186	1	0.482320423588	0.517679576412
-1.7886	116.3919	-429.895624	13	1.0	0.0593697906041
-1.2879	109.4616	-428.318597	2	1.0	0.0
-1.3494	109.4699	-428.257123	2	1.0	0.00233889135121
-1.3247	109.5543	-428.146592	2	1.0	0.15364805645
-1.3136	109.5506	-428.09336	2	1.0	0.0896710979156
-2.002	115.9565	-423.187998	-1	0.0	0.322191430472
-1.7798	116.3511	-423.187719	13	1.0	0.0
-8.7152	113.6155	-421.30782	7	0.87988641422	0.12011358578
-1.8082	116.418	-419.421008	13	1.0	0.355936181172
-8.7972	114.1301	-416.886473	7	1.0	0.200799719022
-4.9148	105.878	-411.088858	0	1.0	0.0
-4.9603	105.8896	-410.994982	0	1.0	0.0
-4.8583	106.1867	-410.934859	0	0.165887547536	0.834112452464
-4.2075	113.561	-406.180931	5	1.0	0.0
-1.7557	116.3918	-405.631981	13	1.0	0.0295472786004
-0.546	114.8962	-403.99	1	1.0	0.0
-1.8195	110.5137	-403.693405	2	0.0295406784546	0.970459321545
-1.7622	116.5361	-402.990643	-1	0.0	0.0106965864165
-1.8107	116.4293	-401.423182	13	1.0	0.0411712923509
-1.7946	116.4491	-401.34378	13	1.0	0.23976755199
-1.8245	116.4237	-398.136382	13	1.0	0.325817868812
-1.7938	116.3981	-396.532455	13	1.0	0.0872754319594
-1.8223	116.3246	-393.726759	13	1.0	0.0
-1.8001	116.4196	-393.631654	13	1.0	0.322441604644
-8.9338	113.9492	-393.465394	7	1.0	0.0
-8.8515	114.1703	-391.06561	7	1.0	0.0
-1.9022	116.568	-384.506881	-1	0.0	0.262687575886
-9.0242	114.2148	-384.103046	7	1.0	0.0800616426428
-1.7328	116.3661	-383.836466	13	0.797935083855	0.202064916145
-1.9101	116.1621	-380.470136	13	0.458248018153	0.541751981847
-1.7869	116.3114	-378.292763	13	1.0	0.00696269868404
-3.7725	113.1688	-373.611352	5	0.908971044019	0.0910289559806
-8.6961	114.0527	-373.595964	7	1.0	0.277179138276
-8.8162	114.0966	-373.233555	7	1.0	0.216297830402
-2.0028	116.1051	-370.46029	12	1.0	0.0
-1.7459	116.5925	-370.459962	-1	0.0	0.0106965864165
-1.8139	116.361	-370.369789	13	1.0	0.00920537911455
-1.8623	116.2559	-370.289209	13	1.0	0.331119412389
-1.8103	116.3981	-370.119761	13	1.0	0.170959252685
-1.8367	116.5167	-365.313349	-1	0.0	0.252640978483
-1.6344	110.2013	-362.073309	2	0.0514896718232	0.948510328177
-2.2994	108.1334	-357.213258	2	0.0207933631809	0.979206636819
-1.9625	116.1305	-347.827244	12	0.961095602522	0.0389043974778
-1.8247	116.4384	-347.827041	13	1.0	0.176859776512
-1.8015	116.4235	-347.72622	13	1.0	0.0
-1.8636	116.2333	-347.603705	13	0.832137330036	0.167862669964
-2.0386	115.8304	-343.699082	-1	0.0	0.619543018937
-4.2051	113.5665	-342.704009	5	1.0	0.0
-4.2042	113.5819	-342.164838	5	1.0	0.0
-8.8127	114.2514	-337.725277	7	1.0	0.225733140829
-1.7208	116.3289	-329.327733	13	0.662226577501	0.337773422499
-1.7852	116.4604	-329.299407	13	1.0	0.0656288767986
-1.7963	116.3807	-329.204578	13	1.0	0.0
-2.0577	115.8483	-329.151158	-1	0.0	0.583690058448
-8.8833	114.2177	-324.879438	7	1.0	0.455955808869
-8.8299	114.1802	-324.813216	7	1.0	0.323937307758
-8.8499	114.0628	-324.756313	7	1.0	0.109627709266
-8.8702	114.158	-324.653788	7	1.0	0.280169440464
-1.8024	116.4335	-319.814568	13	1.0	0.0
-1.762	116.4552	-319.77002	13	1.0	0.277266440391
-1.7937	116.3076	-319.69384	13	1.0	0.12401294263
-1.8072	116.3801	-319.261071	13	1.0	0.0374534159209
-9.0306	113.9142	-319.131316	7	1.0	0.0948889588843
-2.0304	116.248	-316.523167	-1	0.0	0.172177250614
-3.8275	113.4413	-316.315647	5	1.0	0.329200066825
-3.7964	113.4432	-316.19203	5	1.0	0.444677039016
-8.6642	113.9474	-316.123527	7	0.88891265767	0.11108734233
-8.8398	114.1642	-316.041327	7	1.0	0.0
-8.9134	114.2231	-315.817209	7	1.0	0.257080647451
-3.8649	113.5009	-315.796673	5	1.0	0.461614924291
-8.8747	113.7525	-314.720473	7	1.0	0.0
-8.914	113.7462	-314.575604	7	1.0	0.124107750838
-1.8533	116.4545	-309.726706	13	1.0	0.168804955516
-1.7893	116.4476	-308.337949	13	1.0	0.0699510810864
-1.7718	116.3607	-308.176278	13	1.0	0.130535439082
-8.939	113.6899	-307.071705	7	1.0	0.218673474837
-8.9387	113.8213	-302.107346	7	1.0	0.211436161156
-8.9098	113.8133	-302.042577	7	1.0	0.248836669904
-1.7838	116.2822	-294.039556	13	1.0	0.295638506698
-8.8765	114.1201	-292.974833	7	1.0	0.0400138047897
-8.9861	113.9188	-292.440005	7	1.0	0.00983531548155
-1.8203	116.3552	-289.701108	13	1.0	0.0587349399622
-4.2271	113.5576	-281.553805	5	1.0	0.0
-4.2588	113.5788	-281.4927	5	1.0	0.208700307011
-8.7582	113.6309	-281.189854	7	1.0	0.306808523025
-2.7274	111.7699	-280.794796	4	0.991005332118	0.00899466788229
-1.7806	116.2889	-279.572989	13	1.0	0.278911554366
-3.2758	113.3495	-277.650463	5	0.478923144753	0.521076855247
-2.9282	112.8233	-277.3731	5	0.178191475905	0.821808524095
-1.4384	109.6062	-276.357976	2	0.356755077904	0.643244922096
-1.8322	116.3282	-275.609424	13	1.0	0.0
-1.8072	116.4353	-275.459233	13	1.0	0.148725883195
-1.7679	116.4025	-275.419803	13	1.0	0.0519461931228
-1.867	116.468	-275.311383	13	1.0	0.308467029422
-8.9034	113.8319	-273.073371	7	1.0	0.0599120361648
-8.958	114.0788	-272.986795	7	1.0	0.0665225174652
-8.8705	114.0836	-272.943023	7	1.0	0.0
-8.998	113.5682	-272.67716	7	0.577174924191	0.422825075809
-9.4375	115.2345	-267.344451	8	0.898578819674	0.101421180326
-1.8654	116.2699	-266.381819	13	1.0	0.323771450304
-8.8954	113.8841	-262.804392	7	1.0	0.150718765343
-1.7422	116.3055	-260.49498	13	0.951482286087	0.0485177139127
-1.7707	116.3192	-260.311207	13	1.0	0.00696269868404
-1.8966	116.2408	-259.921584	13	1.0	0.0
-1.931	116.2445	-257.429035	13	1.0	0.0
-1.8296	116.2629	-255.911413	13	0.983685248685	0.0163147513151
-1.7785	116.2921	-255.810617	13	1.0	0.27111857929
-1.8967	116.6733	-255.10504	-1	0.0	0.232783686645
-3.0615	113.1335	-243.186114	5	0.322315425578	0.677684574422
-9.0504	114.0582	-242.72995	7	0.83101438451	0.16898561549
-8.8531	114.024	-242.493276	7	1.0	0.292064372509
-8.8291	113.5986	-240.231265	7	0.971237293846	0.0287627061535
-8.8705	113.5635	-240.060515	7	0.863893641479	0.136106358521
-8.6429	113.5054	-239.634637	7	0.329113268156	0.670886731844
-3.7913	113.1693	-238.442653	5	0.993385429569	0.0066145704307
-8.9387	113.9505	-238.011	7	1.0	0.0
-8.8898	114.0894	-237.588568	7	1.0	0.0
-8.9605	114.2064	-237.581568	7	1.0	0.0552654096745
-4.2791	113.6981	-236.176138	5	1.0	0.234313551591
-4.276	113.5335	-236.123755	5	1.0	0.446187718038
-4.4526	113.1132	-235.592564	5	0.397980490792	0.602019509208
-0.5366	114.8653	-234.763453	1	1.0	0.0
-1.8751	116.2766	-233.586102	13	0.868299928868	0.131700071132
-4.9805	105.87	-233.300681	0	1.0	0.0
-9.3343	115.2598	-232.040132	8	0.69187327533	0.30812672467
-9.4112	115.1908	-231.949805	8	0.962109719138	0.0378902808623
-1.8346	116.4245	-230.509427	13	1.0	0.0232469640361
-1.8143	116.3296	-230.370759	13	1.0	0.0
-1.7855	116.4003	-230.112921	13	1.0	0.0
-1.9158	116.2355	-229.94557	13	1.0	0.0
-1.7831	116.3859	-229.945458	13	1.0	0.102617861623
-1.8303	116.357	-229.857538	13	1.0	0.0361601150836
-2.2365	116.5675	-226.243815	6	0.506840383872	0.493159616128
-8.8289	114.1493	-211.145132	7	1.0	0.213110600414
-8.9965	114.0124	-211.029376	7	1.0	0.296680465464
-8.8732	114.1689	-211.029298	7	1.0	0.381342934162
-1.3999	109.4556	-208.947629	2	0.773203686587	0.226796313413
-9.095	113.7437	-204.820683	7	0.701035112722	0.298964887278
-8.643	113.9762	-204.820616	7	0.88891265767	0.11108734233
-8.8962	114.263	-204.765252	7	1.0	0.152970985786
-3.9017	113.2452	-197.109165	5	1.0	0.246111175049
-4.0066	113.2185	-197.026975	5	1.0	0.0
-1.8828	116.3974	-195.331929	13	0.72417989691	0.27582010309
-4.0526	113.4174	-193.607258	5	1.0	0.251833209227
-1.7756	116.3788	-190.748158	13	1.0	0.104248241005
-8.8695	114.2079	-189.595064	7	1.0	0.400430553735
-1.8119	116.4052	-189.351979	13	1.0	0.0852159976823
-8.8594	113.7813	-188.312785	7	1.0	0.0
-1.3483	109.5594	-188.288531	2	0.926720083575	0.0732799164248
-1.1078	109.3806	-188.191715	2	0.231726003241	0.768273996759
-8.8287	113.8325	-188.011414	7	1.0	0.359247229419
-1.465	109.3696	-187.859453	2	0.333881785768	0.666118214232
-8.8923	113.8798	-187.826196	7	1.0	0.266130333722
-1.7761	116.3998	-185.404944	13	1.0	0.119628371068
-8.904	114.173	-184.333266	7	1.0	0.0245073678997
-9.1668	113.7719	-180.325372	7	0.579970789271	0.420029210729
-8.9579	114.0397	-180.325235	7	1.0	0.296680465464
-7.0925	108.3384	-180.165481	-1	0.0	0.0328590593671
-8.8174	113.6002	-180.081609	7	1.0	0.144245817382
-8.9481	113.3865	-180.038185	7	0.234209907995	0.765790092005
-8.7998	113.6601	-180.038053	7	1.0	0.306808523025
-8.8836	113.5148	-180.011009	7	0.539141552833	0.460858447167
-8.81	113.6103	-179.966754	7	1.0	0.414356930277
-8.9845	113.9	-179.725945	7	1.0	0.00983531548155
-9.0556	113.7695	-179.651252	7	0.765635645799	0.234364354201
-8.937	114.0243	-179.651152	7	1.0	0.0682797071006
-1.8049	116.3977	-175.605123	13	1.0	0.118852988206
-1.7946	116.3234	-171.037908	13	1.0	0.00696269868404
-1.7973	116.3887	-168.072928	13	1.0	0.14217800862
-1.7774	116.3525	-166.194056	13	1.0	0.0198012920058
-1.8707	116.4343	-166.166889	13	1.0	0.319849720931
-1.9844	116.0808	-165.576599	12	0.942375627864	0.0576243721356
-1.775	116.3766	-165.576385	13	1.0	0.243089964371
-1.8519	116.3222	-162.148086	13	1.0	0.0498294296415
-1.9326	116.0147	-161.178155	-1	0.0	0.218704743663
-8.911	114.1603	-159.659342	7	1.0	0.217005599458
-8.9269	113.9858	-159.499106	7	1.0	0.0185705252169
-8.8851	114.0708	-159.294344	7	1.0	0.0206685255799
-1.861	116.3382	-159.259966	13	1.0	0.264644880705
-9.0302	113.5981	-156.827466	7	0.586342458058	0.413657541942
-8.8841	113.7786	-156.827381	7	1.0	0.0
-8.87	113.7451	-156.646733	7	1.0	0.0
-1.9672	116.106	-155.151009	12	1.0	0.0
-2.0264	116.1306	-150.294091	12	0.812813199973	0.187186800027
-1.8211	116.4364	-150.160954	13	1.0	0.319147880996
-1.7934	116.3774	-149.831353	13	1.0	0.0
-1.874	116.3452	-149.642289	13	0.926627947583	0.0733720524172
-0.4639	114.8363	-146.998682	1	1.0	0.0
-1.8036	116.4053	-144.524382	13	1.0	0.0546498357636
-8.658	115.1357	-142.752682	-1	0.0	0.076413551145
-4.1935	113.5036	-138.814368	5	1.0	0.499971606248
-4.2129	113.582	-138.778441	5	1.0	0.0439000557618
-4.1246	113.7605	-138.717864	5	0.835867309936	0.164132690064
-2.8288	111.8302	-137.290971	4	1.0	0.0
-2.9384	111.9816	-137.22593	4	1.0	0.0
-8.8561	114.2298	-136.693216	7	1.0	0.127745845718
-1.2514	109.4259	-136.346808	2	0.795978986506	0.204021013494
-1.3242	109.4087	-136.262643	2	1.0	0.0
-1.3859	109.356	-136.013285	2	0.393393658932	0.606606341068
-2.0917	116.4589	-135.773421	10	0.881608081937	0.118391918063
-2.1083	116.2459	-135.746363	-1	0.0	0.302150566235
-1.319	109.513	-135.676163	2	1.0	0.195562638934
-8.9332	113.9014	-132.999557	7	1.0	0.0492861376815
-1.8027	116.3304	-132.13787	13	1.0	0.0376717043765
-1.7801	116.3916	-131.550387	13	1.0	0.249777553767
-1.8557	110.5111	-129.864407	2	0.0293728558636	0.970627144136
-1.7898	116.4233	-120.612976	13	1.0	0.0976803684801
-1.9774	116.0751	-120.546294	12	0.797570141558	0.202429858442
-8.8366	113.754	-118.876935	7	1.0	0.248252839245
-8.8464	113.6709	-118.791069	7	1.0	0.367558833406
-1.7864	116.379	-111.831752	13	1.0	0.0
-1.7823	116.3765	-111.784254	13	1.0	0.0
-4.2817	112.5173	-110.952919	5	0.166475604258	0.833524395742
-3.846	112.9005	-110.862811	5	0.604033936164	0.395966063836
-4.228	113.5389	-107.026485	5	1.0	0.139798596441
-1.7719	116.4166	-104.017012	13	1.0	0.0693777134768
-1.7974	116.4286	-103.974927	13	1.0	0.0
-1.7777	116.3126	-102.572833	13	1.0	0.00696269868404
-1.941	116.1856	-102.509757	13	0.504362211335	0.495637788665
-1.8826	116.3732	-101.722416	13	0.895003186991	0.104996813009
-1.9368	116.3253	-101.339031	13	0.464371723052	0.535628276948
-1.8424	116.1662	-101.281391	13	0.527634096913	0.472365903087
-1.7962	116.35	-101.204286	13	1.0	0.0707065011045
-8.7774	113.6947	-99.689359	7	1.0	0.380035068024
-12.0652	112.2213	-94.96786	-1	0.0	0.0681123590163
-12.1355	112.2972	-94.898872	-1	0.0	0.0612046181396
-1.7851	116.4048	-92.735936	13	1.0	0.0
-1.8292	116.1742	-92.411268	-1	0.0	0.0280509626962
-8.9366	113.7011	-86.644887	7	1.0	0.06371877337
-8.8536	113.7904	-86.351928	7	1.0	0.20993361387
-8.8507	113.73	-86.259634	7	1.0	0.191604259637
-1.819	116.3765	-83.942172	13	1.0	0.0176022124142
-1.8058	116.3615	-78.61611	13	1.0	0.0
-9.4767	115.0056	-74.760494	8	0.44684942281	0.55315057719
-1.8328	116.4618	-73.220293	13	1.0	0.0605536781363
-1.827	116.2902	-73.035979	13	0.946226622693	0.0537733773075
-1.8287	116.4194	-72.958603	13	1.0	0.101001237419
-1.7663	116.3119	-70.055298	13	1.0	0.0780638486246
-8.887	113.9432	-66.019256	7	1.0	0.109230164862
-8.8359	114.0762	-62.875385	7	1.0	0.0
-4.1699	113.4506	-59.695887	5	1.0	0.0
-4.1718	113.5745	-59.667425	5	1.0	0.0648308318419
-8.9784	114.2294	-57.267314	7	1.0	0.0552654096745
-8.9959	114.1435	-57.113966	7	1.0	0.0
-8.9456	114.1391	-57.026944	7	1.0	0.0604330920979
-1.8215	116.1602	-56.789557	-1	0.0	0.0942686227941
-1.8074	116.4319	-49.722922	13	1.0	0.0
-1.8328	116.3171	-49.478136	13	1.0	0.012711997185
-1.8794	116.4204	-49.314193	13	0.825766524293	0.174233475707
-0.7289	114.7048	-49.203946	1	0.439003968119	0.560996031881
-9.3008	115.2201	-47.754346	8	0.656975554656	0.343024445344
-1.8615	116.3713	-45.301579	13	1.0	0.130262666693
-8.8351	113.8293	-41.431275	7	1.0	0.277696527856
-8.8768	113.6811	-41.387652	7	1.0	0.0
-8.9212	113.7044	-41.333576	7	1.0	0.0
-4.1387	113.4286	-40.64174	5	1.0	0.0598166366574
-4.0132	113.2278	-40.620815	5	1.0	0.0
-8.8751	114.0969	-39.589301	7	1.0	0.0
-1.9152	116.2206	-38.318717	13	0.699080241816	0.300919758184
-1.3182	109.5289	-36.677379	2	1.0	0.138047673444
-1.3261	109.5373	-36.388139	2	1.0	0.122963323955
-1.3487	109.515	-36.176357	2	1.0	0.179795286505
-6.8115	114.4909	-35.512195	3	1.0	0.0
-6.57	114.6557	-35.457004	3	0.934881296912	0.0651187030882
-1.8616	116.2229	-34.806705	13	0.751375453572	0.248624546428
-1.7911	116.4057	-34.806593	13	1.0	0.0
-1.7826	116.396	-34.47923	13	1.0	0.0
-1.9471	116.2508	-34.329532	13	0.859410652597	0.140589347403
-1.7547	116.5645	-34.127913	-1	0.0	0.26750885667
-2.0833	116.4559	-31.626725	10	0.890413388813	0.109586611187
-1.7882	116.3808	-30.065783	13	1.0	0.0
-9.5931	115.3631	-27.943695	8	0.262298752452	0.737701247548
-1.7935	116.357	-27.8342	13	1.0	0.0
-1.3364	109.4155	-27.625407	2	1.0	0.0
-9.136	115.4248	-26.604295	9	1.0	0.0
-8.9289	113.9611	-25.12114	7	1.0	0.0
-8.7656	114.2262	-25.121007	7	1.0	0.029415558882
-8.847	114.0	-24.986563	7	0.990770865931	0.00922913406924
-8.8399	113.729	-23.683527	7	1.0	0.118998916001
-1.8264	116.2736	-22.57519	13	1.0	0.278911554366
-1.8665	116.2414	-18.006178	13	1.0	0.0539256249449
-1.805	116.3842	-17.949347	13	1.0	0.0
-2.1379	116.3677	-7.505654	-1	0.0	0.157013510908
-8.7441	113.6064	-6.675525	7	1.0	0.452626507271
-1.8096	116.2792	-5.188721	13	1.0	0.278911554366
-8.8544	114.2056	-2.6e-05	7	1.0	0.342068412336
-1.8088	116.4273	3.382802	13	1.0	0.0
-1.7285	116.4272	5.958229	13	0.59535047559	0.40464952441
-7.2445	110.9225	9.520885	-1	0.0	0.210449800906
-8.913	113.7182	10.344429	7	1.0	0.06371877337
-8.8129	114.0298	11.1392	7	1.0	0.222351876359
-1.4821	109.5289	12.910698	2	0.375224757289	0.624775242711
-8.8996	113.5685	13.071929	7	0.811830305864	0.188169694136
-1.3792	109.5763	13.104531	2	0.627877021615	0.372122978385
-8.8218	113.7203	13.162575	7	1.0	0.152906906682
-1.9406	116.1908	17.090706	13	0.557441291425	0.442558708575
-1.769	116.3582	17.090848	13	1.0	0.0
-8.9102	113.8215	17.624893	7	1.0	0.248836669904
-8.8897	113.7725	17.712631	7	1.0	0.0108701600287
-8.9901	113.7201	17.754287	7	1.0	0.0764231502065
-8.8652	113.9507	17.754403	7	1.0	0.296420039861
-4.0418	113.4008	18.724606	5	1.0	0.283156567745
-2.0622	116.4737	21.520868	10	1.0	0.0
-2.1388	116.2532	21.595738	-1	0.0	0.235989782305
-2.0633	116.4887	21.728968	10	0.869907011383	0.130092988617
-8.9801	114.1941	25.9743	7	1.0	0.0966262812787
-8.9791	114.1122	26.175983	7	1.0	0.135177286571
-8.8577	114.199	29.565811	7	1.0	0.315979821608
-8.8947	113.7739	37.66419	7	1.0	0.116319123168
-3.9921	113.0052	37.939129	5	1.0	0.0
-1.8007	116.345	46.327214	13	1.0	0.252911134849
-1.7804	116.6142	46.327364	-1	0.0	0.173757628833
-1.8184	116.3561	46.415713	13	1.0	0.0
-1.8175	116.3871	46.556727	13	1.0	0.0
-1.807	116.3363	46.88453	13	1.0	0.120452061493
-9.0125	113.882	49.170524	7	1.0	0.26140215936
-8.8289	114.1785	49.170668	7	1.0	0.291508409009
-8.921	113.9716	49.498297	7	1.0	0.0
-4.2427	113.2937	49.670956	5	0.635902554887	0.364097445113
-3.9465	113.1602	49.737525	5	1.0	0.0953630201619
-9.1832	114.2657	49.787507	7	1.0	0.135378431012
-4.0055	112.9971	49.800146	5	1.0	0.0
-1.266	109.6358	53.602164	2	0.504161463473	0.495838536527
-1.2924	109.508	53.670879	2	1.0	0.0140200417863
-1.3087	109.4485	53.73685	2	1.0	0.0714211245842
-1.2872	109.3576	53.803646	2	0.43777306844	0.56222693156
-2.0698	116.4824	56.011922	10	1.0	0.0
-1.8277	116.3896	56.498457	13	1.0	0.292782476901
-1.8667	116.4221	56.678794	13	1.0	0.224949229455
-2.2223	116.6708	57.588632	6	1.0	0.0
-1.8182	116.6507	62.424056	-1	0.0	0.177238385757
-8.8437	114.0782	63.444611	7	1.0	0.0
-1.7957	116.3928	63.489474	13	1.0	0.118852988206
-1.8272	116.3776	63.519779	13	1.0	0.0977206646409
-4.2519	113.5935	63.999208	5	1.0	0.211209309979
-9.0684	115.4159	68.126407	9	1.0	0.0
-1.8415	116.3881	69.197428	13	1.0	0.00687469227404
-1.9256	110.2248	73.1143	2	0.0421459063166	0.957854093683
-1.9327	116.251	73.232801	13	1.0	0.0
-1.8732	116.3655	73.291598	13	1.0	0.130262666693
-1.8746	116.3584	73.341147	13	1.0	0.130262666693
-1.8713	116.4528	73.402857	13	1.0	0.319849720931
-1.3644	109.4494	77.555778	2	1.0	0.156814656454
-1.3796	109.4215	77.62672	2	1.0	0.592560540922
-1.3756	109.5394	77.741945	2	1.0	0.0999339340273
-1.3478	109.5017	77.869273	2	1.0	0.110256860531
-2.233	116.31	82.887492	-1	0.0	0.0246975417169
-2.0919	116.5064	82.88764	10	0.697352367099	0.302647632901
-8.7938	113.8071	82.966461	7	1.0	0.408209338916
-2.0973	116.3859	83.024108	11	1.0	0.0
-8.9375	113.4854	83.096281	7	0.481074875236	0.518925124764
-8.8652	113.7273	83.615375	7	1.0	0.172604114871
-1.7937	116.3859	86.42199	13	1.0	0.0
-9.0504	113.8154	88.307759	7	0.755067238896	0.244932761104
-8.8429	114.159	88.307924	7	1.0	0.136406649282
-9.3698	115.0795	88.445755	8	1.0	0.281567729544
-8.8499	114.1424	88.761887	7	1.0	0.213110600414
-1.9784	116.1133	92.82252	12	1.0	0.0
-1.7921	116.4024	92.822734	13	1.0	0.0
-1.7963	116.3649	92.905193	13	1.0	0.0608820623818
-1.7822	116.3375	97.777642	13	1.0	0.0783045570569
-8.8462	114.106	97.913071	7	1.0	0.103739793339
-1.8357	116.2692	99.172394	13	1.0	0.278911554366
-1.2798	109.5022	99.579442	2	1.0	0.0610752719415
-1.3535	109.4542	99.684916	2	0.97066195532	0.0293380446796
-1.7622	116.4534	103.183063	13	1.0	0.249558447703
-3.9707	113.2375	108.752843	5	1.0	0.0
-4.0569	113.0382	108.903236	5	1.0	0.0192568850082
-8.6913	113.6715	110.471335	7	0.802997869296	0.197002130704
-2.3493	116.4406	111.589204	-1	0.0	0.370792925313
-1.8645	116.2001	111.625464	13	0.566637665022	0.433362334978
-1.8174	116.392	111.68376	13	1.0	0.160824351072
-2.1684	116.6515	111.946071	6	1.0	0.0
-4.257	113.4291	112.980989	5	1.0	0.0938659057802
-8.9275	114.098	122.182532	7	1.0	0.0677623801402
-8.8455	114.0768	122.321725	7	1.0	0.0
-8.8766	114.1881	122.598157	7	1.0	0.315979821608
-8.8409	113.8548	124.018568	7	1.0	0.428857690205
-1.8093	116.4018	124.124299	13	1.0	0.0546498357636
-1.8666	116.2885	125.245356	13	0.946226622693	0.0537733773075
-4.2587	113.6443	125.374478	5	1.0	0.176438156998
-6.7284	114.2867	127.961756	3	1.0	0.0
-2.0779	116.5203	128.045476	-1	0.0	0.0775349697596
-2.0658	116.4002	128.153678	11	1.0	0.0
-6.6398	114.4356	131.806785	3	1.0	0.0
-6.635	114.5418	131.857	3	1.0	0.0
-3.9544	113.2317	135.894726	5	1.0	0.088514534646
-4.1912	113.3184	135.99078	5	0.733778341598	0.266221658402
-9.4628	115.1565	137.463082	8	1.0	0.0
-9.0142	114.2207	143.524285	7	1.0	0.104621735377
-9.0115	114.1184	143.607176	7	1.0	0.299494751118
-8.9831	114.1558	143.667335	7	1.0	0.0
-1.7843	116.4103	143.776381	13	1.0	0.281476285142
-1.3367	109.5331	144.010612	2	1.0	0.0
-1.3019	109.5979	144.09895	2	0.714547172656	0.285452827344
-1.268	109.5913	144.211117	2	0.735115760467	0.264884239533
-1.2965	109.6624	144.211149	2	0.339529548108	0.660470451892
-1.3156	109.5926	144.270995	2	0.735115760467	0.264884239533
-1.2433	109.4538	144.347355	2	0.949679387553	0.0503206124468
-1.2549	109.4117	144.398778	2	0.665486127861	0.334513872139
-1.3192	109.5255	144.520565	2	1.0	0.293367193336
-4.0299	113.0536	153.278733	5	1.0	0.123476693247
-9.0327	113.9871	153.929128	7	0.792791941453	0.207208058547
-4.013	113.2318	153.948167	5	1.0	0.0
-8.8422	114.1018	154.07275	7	1.0	0.0198222195855
-4.2316	112.8675	154.089433	5	0.46023613741	0.53976386259
-8.8313	114.4439	154.253424	7	0.316019163986	0.683980836014
-8.7796	113.6517	157.460281	7	1.0	0.306808523025
-8.8894	113.7399	157.674047	7	1.0	0.172604114871
-9.0109	113.6415	162.630527	7	0.701335088664	0.298664911336
-8.8738	113.7602	162.63059	7	1.0	0.0
-8.8622	113.7735	162.6944	7	1.0	0.0
-1.954	116.1038	164.454826	12	1.0	0.0
-2.0647	116.4546	164.575627	10	1.0	0.0
-2.0822	116.4074	164.691272	11	1.0	0.0
-1.7443	116.5484	165.522013	-1	0.0	0.26750885667
-9.1592	114.9698	166.853284	8	0.616865215953	0.383134784047
-9.2973	114.0891	168.888045	7	0.287733280073	0.712266719927
-8.8953	114.1976	170.093247	7	1.0	0.400430553735
-8.8671	114.1477	170.178801	7	1.0	0.387390486616
-1.7411	116.2931	170.761871	13	0.8311399715	0.1688600285
-8.8705	114.7975	177.817613	-1	0.0	0.313187127622
-2.8443	111.9311	179.585375	4	1.0	0.0
-8.8604	113.7588	184.412423	7	1.0	0.0
-9.0619	113.9125	184.49527	7	1.0	0.0849112975455
-6.1624	112.1809	185.429268	-1	0.0	0.30886755729
-2.058	116.3796	190.049724	11	1.0	0.0
-2.0335	116.3827	190.172294	11	0.887326542023	0.112673457977
-1.8339	116.411	192.049242	13	1.0	0.0681523182958
-9.0512	114.2198	192.327472	7	1.0	0.277822807213
-8.8333	114.0178	192.485687	7	0.954399346404	0.0456006535959
-9.1236	115.4053	200.354011	9	1.0	0.0
-9.0556	115.4028	200.385056	9	1.0	0.0
-0.6253	114.8507	202.54229	1	1.0	0.0
-1.2829	109.4713	204.120933	2	1.0	0.0
-1.8111	116.4115	204.938282	13	1.0	0.182613089825
-8.9278	114.2796	206.138433	7	1.0	0.270925531944
-8.8649	114.1852	206.524665	7	1.0	0.315979821608
-4.2564	113.544	208.673482	5	1.0	0.174077559512
-1.3865	109.614	209.83783	2	0.54184625138	0.45815374862
-1.3533	109.5121	209.918719	2	1.0	0.0
-1.269	109.8056	209.944245	2	0.11197768512	0.88802231488
-9.3132	115.0734	211.282127	8	1.0	0.0
-8.4698	113.6981	215.646692	7	0.27269850664	0.72730149336
-8.8537	113.772	217.022221	7	1.0	0.0535324592284
-8.9876	113.8222	217.105602	7	1.0	0.106192029852
-8.9962	113.6876	217.188329	7	1.0	0.130750863934
-8.9858	113.7685	217.257362	7	0.914737540439	0.0852624595606
-12.0678	112.2135	219.761927	-1	0.0	0.070799351204
-2.3046	108.1362	219.80833	2	0.020797937875	0.979202062125
-8.7522	113.6747	223.084923	7	1.0	0.306808523025
-8.8563	113.8165	224.012866	7	1.0	0.0806445109296
-9.1462	114.3935	231.193088	7	0.390775831483	0.609224168517
-0.4819	114.8258	233.719636	1	1.0	0.0
-1.3709	109.5069	235.488002	2	1.0	0.192891570257
-8.7612	114.1496	235.528711	7	1.0	0.250734557108
-1.3385	109.4086	235.89677	2	1.0	0.290466479755
-1.7898	116.363	235.962682	13	1.0	0.0269389365176
-0.8151	108.9169	236.00098	2	0.0448824348718	0.955117565128
-8.82	113.8925	240.263475	7	1.0	0.0787005952665
-9.4494	115.1097	241.714232	8	1.0	0.0
-3.8602	113.3001	245.219991	5	1.0	0.23512549768
-1.4193	109.53	245.464506	2	0.670704123096	0.329295876904
-1.4239	109.5924	245.491412	2	0.447171440218	0.552828559782
-3.7277	113.4644	245.722179	5	1.0	0.480063324857
-2.1545	116.6135	250.335414	6	0.794455624548	0.205544375452
-2.1469	116.6626	250.40582	6	1.0	0.0
-2.1458	116.6627	250.769206	6	1.0	0.0
-4.4669	113.795	251.561494	5	0.536001037809	0.463998962191
-4.0318	113.0018	255.2297	5	1.0	0.0
-9.1316	114.2207	255.832851	7	1.0	0.0658098096862
-8.7786	113.6375	257.538583	7	1.0	0.380227154956
-8.8038	113.693	257.777649	7	1.0	0.321604395922
-2.1444	116.3129	269.486733	-1	0.0	0.15711383678
-2.0319	116.4533	269.685827	10	0.712908967483	0.287091032517
-1.8131	116.3855	272.20498	13	1.0	0.0374534159209
-1.8462	116.4263	272.433579	13	1.0	0.166413676349
-1.3443	109.4885	273.933579	2	1.0	0.027769720461
-1.5099	109.4598	276.521112	2	0.305288153978	0.694711846022
-1.3391	109.5309	276.622012	2	1.0	0.0
-9.1375	114.9668	277.856815	8	0.536720419946	0.463279580054
-9.1138	115.5842	277.922566	-1	0.0	0.0721461909739
-9.0497	115.3744	278.385855	9	1.0	0.0
-2.1437	116.3798	282.782165	-1	0.0	0.149357006143
-8.9029	113.8028	287.514874	7	1.0	0.245826998574
-8.9048	113.8437	287.661622	7	1.0	0.359824615136
-8.7454	114.0185	295.952038	7	1.0	0.0657504899749
-9.0764	113.8701	295.998484	7	0.852588853158	0.147411146842
-8.8578	114.2242	296.07473	7	1.0	0.466243150526
-8.9433	114.0899	296.183699	7	1.0	0.261496177242
-8.8033	114.1261	298.62175	7	1.0	0.196604103674
-4.1673	113.5016	299.714089	5	1.0	0.127799899486
-3.9459	113.4341	302.700867	5	1.0	0.283156567745
-3.9203	113.2224	303.119235	5	1.0	0.0924143246152
-3.4513	113.2701	307.437776	5	0.476911930549	0.523088069451
-3.454	113.3001	307.470081	5	0.568318834827	0.431681165173
-3.4991	113.3234	307.504613	5	0.669693641307	0.330306358693
-2.0696	116.4711	311.829624	10	1.0	0.0
-2.1153	116.4302	311.899962	10	0.524085534843	0.475914465157
-8.8682	114.3167	312.687834	7	0.88806026033	0.11193973967
-8.8363	114.1662	312.815219	7	1.0	0.0
-8.8552	114.2881	313.128721	7	1.0	0.15574247502
-9.0137	114.1678	314.439592	7	1.0	0.0
-9.0544	114.0161	314.505001	7	0.782884897798	0.217115102202
-0.724	114.7923	317.843705	1	0.637330099495	0.362669900505
-1.3265	109.4279	317.96811	2	1.0	0.101241848662
-1.3357	109.4214	318.071712	2	1.0	0.0
-1.3853	109.5342	318.140175	2	0.961472039288	0.0385279607118
-1.3705	109.4646	318.253782	2	1.0	0.00233889135121
-1.3403	109.534	318.415649	2	1.0	0.0
-1.2842	109.1632	327.445608	2	0.11079976865	0.88920023135
-2.0913	116.3793	328.702686	11	1.0	0.0
-9.4446	115.3296	328.945693	8	0.436069336725	0.563930663275
-9.4267	115.1407	329.041648	8	1.0	0.0
-9.4923	115.0004	329.0896	8	0.405697891313	0.594302108687
-9.5556	114.8613	329.239616	8	0.290779134355	0.709220865645
-9.4244	115.1242	329.239736	8	1.0	0.0
-8.9513	114.2313	342.612367	7	1.0	0.0748273753619
-8.8511	114.1099	342.665566	7	1.0	0.14716948911
-8.8377	113.7025	344.903258	7	1.0	0.20067031344
-1.8362	116.33	345.909931	13	1.0	0.0
-2.0435	116.4695	346.7867	10	1.0	0.0
-1.8405	116.3245	348.127849	13	1.0	0.0
-4.1799	113.1316	350.713673	5	0.767296397354	0.232703602646
-4.0119	113.1068	351.314982	5	1.0	0.0
-4.0162	113.1288	351.530363	5	1.0	0.0
-8.7564	114.1336	353.286532	7	1.0	0.196604103674
-1.7961	116.2337	361.240997	13	0.52188060536	0.47811939464
-2.2265	116.552	362.534857	6	0.484047487409	0.515952512591
-3.8832	113.1191	374.41238	5	1.0	0.0953630201619
-9.1796	114.2962	376.117806	7	1.0	0.417544519224
-9.1799	114.254	376.156349	7	1.0	0.178599684304
-9.2253	114.388	376.382212	7	0.42153889896	0.57846110104
-8.9149	113.7631	376.683251	7	1.0	0.0701556442295
-1.3324	109.5327	378.43973	2	1.0	0.0
-9.2685	115.0833	385.139837	8	1.0	0.0
-2.7437	108.4785	385.637012	2	0.0224270160148	0.977572983985
-4.1985	113.6846	389.970879	5	1.0	0.209390332325
-4.1981	113.8783	390.012462	5	0.519515929567	0.480484070433
-8.8388	114.0728	391.224434	7	1.0	0.0
-9.3846	115.1969	391.669038	8	0.898578819674	0.101421180326
-9.3751	115.1369	391.887792	8	0.8932976468	0.1067023532
-8.8322	114.5116	399.021682	7	0.214482898617	0.785517101383
-8.8408	114.1998	399.094191	7	1.0	0.315979821608
-8.8551	114.1628	399.169579	7	1.0	0.0
-8.9135	114.1201	399.214615	7	1.0	0.0429776374742
-8.9078	114.1872	399.369507	7	1.0	0.00505251874019
-8.7399	113.9497	400.241448	7	0.870244769292	0.129755230708
-1.2765	109.5057	400.470109	2	1.0	0.174236765681
-8.6918	113.9792	412.453452	7	0.88891265767	0.11108734233
-8.8855	114.0951	413.011611	7	1.0	0.0
-9.2873	114.9522	415.347963	8	0.64672909387	0.35327090613
-3.95	113.127	415.768379	5	1.0	0.0
-4.0538	113.2196	415.809976	5	1.0	0.41080196909
-1.8143	116.107	415.825106	-1	0.0	0.194110191438
-1.6537	116.8522	415.825511	-1	0.0	0.671907215148
-3.9451	113.2297	415.87057	5	1.0	0.0
-1.2918	109.4985	417.905424	2	1.0	0.134119826511
-9.4672	115.1118	423.991407	8	1.0	0.0671876209862
-9.6027	115.3044	423.991555	8	0.359475907506	0.640524092494
-9.4335	115.2271	424.270913	8	0.962109719138	0.0378902808623
-8.805	114.1386	428.04982	7	1.0	0.412503776209
-8.7563	114.1564	428.103305	7	1.0	0.178640239254
-1.8896	116.5321	430.434771	-1	0.0	0.133797133749
-9.0862	114.3159	431.082939	7	0.766394668409	0.233605331591
-9.1145	114.2758	431.169395	7	1.0	0.0
-9.1083	114.2614	431.214612	7	1.0	0.0
-9.1484	114.263	431.255697	7	1.0	0.0
-9.1015	114.2501	431.322217	7	1.0	0.207712571358
-1.0066	109.2632	433.142246	2	0.125671943897	0.874328056103
-1.321	109.4228	433.963759	2	1.0	0.0
-9.3016	115.1016	435.698336	8	1.0	0.0
-4.0956	113.262	437.385254	5	1.0	0.571285327543
-2.1056	116.4896	442.437607	10	0.713682413294	0.286317586706
-1.3089	109.4077	447.088367	2	1.0	0.383993208079
-0.6281	114.9541	448.191125	1	0.759850323805	0.240149676195
-0.6296	114.9792	448.429897	1	0.6169706157	0.3830293843
-3.7691	113.7353	452.483306	5	0.36222905083	0.63777094917
-3.5806	113.4318	452.977431	5	0.669693641307	0.330306358693
-1.8141	116.453	453.660423	13	1.0	0.0201840008697
-9.0933	113.8216	455.630762	7	0.765635645799	0.234364354201
-8.637	113.1616	458.560709	-1	0.0	0.199067211712
-1.9632	116.1292	458.880017	12	1.0	0.0
-9.456	114.7591	460.196321	-1	0.0	0.149599843747
-1.2531	109.468	460.677006	2	1.0	0.00743854957254
-9.0389	115.3417	460.947668	9	0.869575760095	0.130424239905
-9.3143	115.0486	467.580187	8	0.993730909373	0.00626909062675
-8.9472	113.8841	467.60056	7	1.0	0.0570954610019
-8.976	113.8808	467.701969	7	1.0	0.173011282022
-9.0151	113.939	467.846418	7	1.0	0.0493873663075
-1.7512	116.3327	468.000044	13	0.976300925776	0.0236990742235
-1.2877	109.4472	468.985558	2	1.0	0.0
-1.2938	109.459	469.095224	2	1.0	0.0
-1.2737	109.4578	469.143202	2	1.0	0.0
-1.2999	109.479	469.200698	2	1.0	0.238684896453
-1.3223	109.423	469.315751	2	1.0	0.0
-8.6554	113.9342	471.029226	7	0.872809068274	0.127190931726
-1.3202	109.499	471.144422	2	1.0	0.0
-8.8315	114.149	472.324887	7	1.0	0.136406649282
-8.8338	114.1027	472.462176	7	1.0	0.0198222195855
-3.9461	113.4828	472.50277	5	1.0	0.42183494704
-11.7783	117.267	472.510912	-1	0.0	0.192866604423
-8.9148	113.9115	472.543531	7	1.0	0.266130333722
-8.7128	114.0733	472.543573	7	1.0	0.118923431974
-8.8625	113.7573	476.391991	7	1.0	0.0
-1.4097	109.6979	480.806795	2	0.236270040268	0.763729959732
-9.1343	114.2661	481.945211	7	1.0	0.0
-1.2645	109.5299	489.379695	2	0.809897364811	0.190102635189
-1.3263	109.5261	493.191975	2	1.0	0.0
-9.1726	114.2733	495.132157	7	1.0	0.0
-9.2534	114.289	495.327728	7	0.831711311007	0.168288688993
-9.3079	114.9097	496.803768	8	0.43040110216	0.56959889784
-9.2019	114.913	496.925421	8	0.64672909387	0.35327090613
-4.3348	113.6547	501.599327	5	1.0	0.437868847549
-4.4171	113.1656	503.168854	5	0.536122942169	0.463877057831
-4.2228	113.766	503.169166	5	1.0	0.490580080292
-4.275	113.5761	503.229277	5	1.0	0.338378884911
-4.2885	113.4684	503.545857	5	1.0	0.176788209658
-4.2326	113.7192	503.624663	5	1.0	0.384309426085
-1.8713	116.2986	504.72657	13	0.737297109347	0.262702890653
-8.7189	113.9973	513.963571	7	0.870244769292	0.129755230708
-8.7655	114.0673	514.082462	7	1.0	0.251301705358
-8.8319	114.1956	514.132038	7	1.0	0.342068412336
-1.3362	109.5064	514.318574	2	1.0	0.0
1.0391	106.0979	514.413349	-1	0.0	0.211465309345
-1.3284	109.4885	514.53167	2	1.0	0.0
-8.844	114.0796	514.715669	7	1.0	0.0
-6.646	111.5642	515.544723	-1	0.0	0.24883318817
-9.1167	114.2858	524.187043	7	1.0	0.232043766708
-1.278	109.4346	525.824144	2	0.963152354065	0.0368476459351
-8.9168	113.6415	526.104138	7	0.91921995556	0.0807800444398
-7.7257	113.4796	531.252654	-1	0.0	0.447747814676
-8.7761	114.2666	532.830572	7	0.776016249806	0.223983750194
-8.7553	114.0959	532.946111	7	1.0	0.108131668685
-1.8032	116.2972	536.183062	13	1.0	0.12401294263
-9.2742	114.9732	537.806786	8	0.630852617597	0.369147382403
-2.1819	116.6397	537.860582	6	1.0	0.0
-9.319	115.0143	537.948966	8	0.64672909387	0.35327090613
-9.3124	115.0987	545.849736	8	1.0	0.0
-6.6491	114.53	545.921697	3	1.0	0.0
0.01	108.1009	545.976939	2	0.0180377961496	0.98196220385
-1.3211	109.4181	546.299478	2	1.0	0.0
-1.3313	109.4981	546.387054	2	1.0	0.0
-1.2991	109.3656	546.452837	2	0.504749631242	0.495250368758
-1.322	109.4037	546.538538	2	1.0	0.339115060478
-1.3615	109.4831	546.608354	2	1.0	0.195257497707
-4.9464	105.9185	553.222257	0	1.0	0.0
-8.8434	114.1755	553.846719	7	1.0	0.0
-8.8171	114.1963	554.221412	7	1.0	0.42552437081
-2.1785	116.587	554.300186	6	0.742029881064	0.257970118936
-9.3566	115.2445	558.592675	8	0.962109719138	0.0378902808623
-8.7659	114.0542	558.698117	7	1.0	0.222351876359
-8.7478	114.1054	560.598311	7	1.0	0.212072857573
-9.1774	114.1664	564.083904	7	0.510173041813	0.489826958187
-9.031	114.1851	564.17976	7	1.0	0.08787995844
-8.6674	114.0644	564.341954	7	0.834491429719	0.165508570281
-8.8171	113.8624	564.568076	7	1.0	0.431278586693
-8.7858	114.1032	572.049422	7	1.0	0.176910037829
-8.9011	114.268	572.049531	7	1.0	0.0445450344925
-1.3215	109.4855	574.879936	2	1.0	0.105900828138
-1.3467	109.4883	574.937349	2	1.0	0.0956231908244
-1.3177	109.4972	574.992361	2	1.0	0.0490058771794
-1.3025	109.6008	575.110192	2	0.656364975107	0.343635024893
-1.3685	109.4156	575.149874	2	1.0	0.448183482881
-8.8515	113.7973	577.556476	7	1.0	0.248836669904
-9.2609	112.9923	577.718181	-1	0.0	0.448109154669
-3.9501	113.0321	582.836836	5	1.0	0.0
-8.8948	114.2394	586.475334	7	1.0	0.152970985786
-7.847	113.612	589.810639	-1	0.0	0.335712768133
-4.0132	113.4309	590.200285	5	1.0	0.32221960995
-9.2907	115.0807	596.101111	8	1.0	0.0
