-0.0082	107.9886	-4.8e-05	31	0.925666562523	0.0743334374775
-9.3512	111.5055	-597.961552	-1	0.0	0.347933742644
-1.7551	117.5133	-590.807509	10	0.9664428588	0.0335571411995
-8.7282	106.9136	-587.390749	29	0.430807753211	0.569192246789
7.4488	99.0762	-581.322302	4	1.0	0.0
-8.7559	107.8451	-581.049502	37	1.0	0.0
-8.7557	107.8142	-580.987238	37	0.801308826474	0.198691173526
-8.9598	108.2566	-580.809562	-1	0.0	0.377125675955
-8.8436	107.4041	-576.534173	-1	0.0	0.436469967181
3.1571	100.4322	-575.31157	0	0.210310699749	0.789689300251
-0.8895	117.9401	-574.096562	22	1.0	0.0
-0.875	117.9692	-573.984527	22	1.0	0.0
-0.5611	107.9862	-571.694345	25	0.240884549269	0.759115450731
-0.5151	107.9623	-571.118982	25	0.266472900641	0.733527099359
-8.8269	107.7914	-569.496443	37	0.593134142763	0.406865857237
-8.7272	107.9075	-569.496441	37	0.578223859906	0.421776140094
-8.7167	107.9943	-569.396053	38	0.425385015525	0.574614984475
-8.7667	107.8093	-569.342833	37	0.852144477382	0.147855522618
-8.7182	107.8973	-569.342816	37	0.644170457739	0.355829542261
-8.7799	107.8882	-569.20129	37	0.901444178066	0.0985558219345
-8.9049	108.069	-568.723564	38	0.918030703835	0.0819692961654
0.1072	107.8443	-568.4123	30	1.0	0.0
0.1231	107.893	-568.363553	30	1.0	0.0399047150954
0.1794	107.8758	-567.721387	30	1.0	0.0
-0.0825	107.8819	-566.765538	-1	0.0	0.168124620291
-0.0703	107.8837	-566.524622	-1	0.0	0.124188707478
-0.8234	108.3286	-563.885516	19	1.0	0.0
8.212	107.9115	-557.343958	7	1.0	0.0
-5.8488	106.3281	-555.373061	11	0.310418749674	0.689581250326
-5.901	106.3627	-555.166849	11	0.317705528704	0.682294471296
7.9434	98.71	-554.671745	5	0.747717774903	0.252282225097
8.0536	98.6759	-552.514499	5	0.735324046351	0.264675953649
0.042	108.0268	-551.574197	31	0.34835334931	0.65164665069
0.0046	108.014	-551.53303	31	0.735499746009	0.264500253991
-0.3307	108.4458	-547.673464	-1	0.0	0.282217721285
-0.4578	107.7756	-547.106632	25	0.439415742796	0.560584257204
-0.4618	107.8418	-546.987435	25	1.0	0.0
7.3746	107.4113	-542.001558	13	0.542898256545	0.457101743455
-9.3773	110.4217	-540.376311	20	0.683241966736	0.316758033264
-6.0873	105.4637	-540.17102	17	0.662939474218	0.337060525782
-6.0387	105.4191	-539.247724	17	0.631853427548	0.368146572452
-0.9085	117.9791	-537.98262	22	1.0	0.0
-8.9126	108.1478	-530.02201	38	0.633250655625	0.366749344375
-0.8548	118.3193	-522.999618	23	1.0	0.0
-9.2914	111.1562	-522.72538	27	0.441779423322	0.558220576678
-9.4002	111.2147	-522.660937	26	0.386653233778	0.613346766222
-8.3873	108.9102	-522.609199	32	0.393365151511	0.606634848489
-8.3711	109.0056	-522.609148	-1	0.0	0.11266113439
-8.0664	108.8626	-522.49545	-1	0.0	0.0384048771705
-8.6883	107.9416	-520.335506	37	0.531913938739	0.468086061261
-8.8429	108.316	-520.33532	-1	0.0	0.0380921405211
-0.91	117.9814	-517.13729	22	1.0	0.0
-9.2615	111.3725	-513.291972	26	1.0	0.0
-0.3934	107.865	-505.427332	25	1.0	0.184557338855
-0.4228	107.8458	-505.380009	25	1.0	0.0
-0.4308	107.8148	-505.016063	25	0.994395165446	0.00560483455377
-8.8245	107.8463	-502.794564	37	0.734117244136	0.265882755864
-0.8304	108.3088	-501.059913	19	1.0	0.0
-0.7583	108.3933	-500.748966	19	0.513064370352	0.486935629648
-0.7843	108.3373	-500.464689	19	0.998125794599	0.0018742054006
-8.7952	108.1261	-498.845851	38	0.754788464162	0.245211535838
-8.7223	108.087	-497.930088	38	0.7462598178	0.2537401822
0.0943	107.883	-496.933786	30	1.0	0.0128935157333
-0.0401	107.9958	-496.250421	31	1.0	0.348951434046
-0.0176	107.9549	-496.193653	31	0.767247484982	0.232752515018
-8.113	108.7688	-494.747698	-1	0.0	0.335914379377
-8.8899	108.0786	-492.293968	38	0.918030703835	0.0819692961654
7.9493	98.636	-491.746959	5	1.0	0.0
3.038	100.5328	-488.716416	0	0.792446943941	0.207553056059
-8.5895	106.7466	-484.192216	29	0.391515274702	0.608484725298
-8.6771	106.9124	-484.113779	29	0.383861060464	0.616138939536
-0.897	118.3317	-483.48542	23	1.0	0.0
0.099	107.8484	-481.267259	30	1.0	0.0
-1.7609	108.6932	-480.280373	8	0.893566779082	0.106433220918
4.0659	112.6968	-479.65679	2	1.0	0.0
4.0442	112.748	-479.617112	2	1.0	0.0
-5.8162	106.3075	-476.994444	11	0.303379279065	0.696620720935
0.0304	108.2777	-475.61293	24	1.0	0.0
-0.1004	108.2376	-475.481025	24	1.0	0.0
-8.4703	108.8962	-471.756737	32	1.0	0.0
-8.899	108.1309	-470.561693	38	0.875234742857	0.124765257143
-0.8638	117.9794	-469.304442	22	1.0	0.165501649317
7.4069	107.503	-467.740135	13	0.504712908098	0.495287091902
7.3783	107.5233	-467.686233	13	0.315391338387	0.684608661613
7.4068	107.4833	-467.649223	13	0.504712908098	0.495287091902
-9.2958	110.6515	-462.549913	21	0.348262197738	0.651737802262
-9.3443	111.1576	-458.558614	27	0.686328752986	0.313671247014
-0.4557	107.799	-457.438363	25	0.755544546214	0.244455453786
-0.4316	107.8376	-457.379725	25	1.0	0.0
-0.4359	107.8237	-457.281517	25	1.0	0.0106733352714
-0.8256	117.5989	-454.134983	18	1.0	0.0
-0.823	117.7077	-453.678317	18	1.0	0.0
-8.6303	108.0821	-450.287529	38	0.583934640738	0.416065359262
2.1459	101.6326	-448.946985	0	0.0205347685639	0.979465231436
7.2774	107.3229	-446.761789	13	0.313602769645	0.686397230355
7.2648	107.346	-446.708398	13	0.32773252441	0.67226747559
-8.9971	108.1581	-444.819119	38	0.393061592001	0.606938407999
-8.9375	108.1378	-444.749018	38	0.875234742857	0.124765257143
-8.8905	107.6611	-438.860957	36	1.0	0.0
-9.3614	110.4897	-438.551785	20	1.0	0.0
-9.3541	110.4591	-438.510232	20	1.0	0.0
-8.8216	107.8343	-437.754968	37	0.745143902536	0.254856097464
-0.8613	117.8684	-436.957734	22	0.329710674768	0.670289325232
-0.9105	117.997	-436.676193	22	0.958469171096	0.0415308289037
-0.4958	108.3328	-435.233851	19	0.261426017467	0.738573982533
-9.2482	111.1538	-433.174489	27	0.362018130566	0.637981869434
-1.2114	108.3943	-431.602643	-1	0.0	0.16653748865
-9.4195	111.5424	-430.087146	-1	0.0	0.492226589569
0.1058	107.862	-427.671928	30	1.0	0.0
-8.3925	107.8222	-426.419865	-1	0.0	0.0538580699245
-8.3228	108.1033	-426.419816	-1	0.0	0.171767069032
-5.374	105.7291	-425.659374	-1	0.0	0.408913786694
-8.7251	106.7908	-425.616421	29	1.0	0.0
-8.7851	106.857	-425.574253	29	0.996081050382	0.00391894961761
-6.0082	105.404	-425.512052	17	0.657918646026	0.342081353974
8.2021	107.8894	-423.509709	7	1.0	0.0
-8.8024	108.1174	-418.968049	38	0.80065343698	0.19934656302
-8.6546	108.0644	-418.053612	38	0.650588513445	0.349411486555
-0.8315	108.3321	-416.30596	19	1.0	0.0
-6.0442	107.3627	-413.077013	-1	0.0	0.607687084977
0.0268	107.9275	-409.250455	31	0.296548929565	0.703451070435
0.2234	107.8516	-409.033557	30	0.682884376091	0.317115623909
-0.9464	117.9772	-401.896457	22	0.673240628156	0.326759371844
-0.8284	118.0762	-401.896383	22	0.14721994543	0.85278005457
-8.4772	107.7758	-399.089957	-1	0.0	0.282389266426
-8.8194	107.4519	-394.053291	-1	0.0	0.445249171932
-8.9961	107.2797	-393.981078	-1	0.0	0.436469967181
-8.8993	107.4274	-393.981059	-1	0.0	0.436469967181
-8.4287	107.5553	-392.17715	-1	0.0	0.163724907705
7.9467	98.612	-388.097246	5	0.689141205545	0.310858794455
8.0544	98.5785	-387.778872	5	0.531907829353	0.468092170647
-0.8136	117.6142	-383.584815	18	1.0	0.0
-9.3835	111.1291	-382.612257	27	0.916455267359	0.0835447326411
-9.3057	111.0908	-382.523743	27	0.870009865955	0.129990134045
-8.6989	106.7761	-382.420254	29	0.930364696448	0.0696353035517
-8.8754	107.8927	-382.181922	37	0.555950623911	0.444049376089
-8.6954	107.8497	-382.084569	37	1.0	0.102283295489
-8.8384	107.9194	-381.905953	37	0.629403707306	0.370596292694
7.462	99.0075	-380.331808	4	1.0	0.0
-9.0942	108.6994	-378.973873	-1	0.0	0.0984787254431
-8.8523	108.1159	-378.659626	38	1.0	0.0
-0.4699	107.8374	-378.104027	25	1.0	0.0106733352714
-5.8767	105.7178	-374.017604	16	0.408164642188	0.591835357812
-5.8495	105.5792	-373.923099	16	0.377651928509	0.622348071491
-9.4136	110.5378	-369.289971	20	0.669787549871	0.330212450129
-8.8008	107.88	-364.631923	37	1.0	0.0
3.1251	100.4754	-362.15153	0	0.353346956827	0.646653043173
-9.1099	111.5212	-356.318094	-1	0.0	0.347933742644
-8.9791	111.6405	-355.238059	-1	0.0	0.480820177802
-8.4629	108.9057	-354.987954	32	1.0	0.0
-0.7607	117.4926	-354.089196	-1	0.0	0.0483640824774
-1.7768	108.7283	-352.737964	8	0.915692409001	0.0843075909985
-8.7163	107.8339	-352.373008	37	1.0	0.05487750745
3.2138	106.9485	-350.382594	-1	0.0	0.0778034963767
-8.7113	106.8209	-341.845574	29	0.698602289499	0.301397710501
-9.0229	113.2979	-340.318439	-1	0.0	0.0594766683927
-6.0479	105.4075	-339.526731	17	0.929212133234	0.070787866766
-6.0448	105.4554	-339.411387	17	0.662939474218	0.337060525782
-1.0148	118.2155	-339.391286	-1	0.0	0.0909459692804
-8.6627	108.0021	-338.813299	38	0.478928774334	0.521071225666
4.0364	112.7005	-333.501318	2	1.0	0.0
-0.4609	107.8428	-333.390018	25	1.0	0.0
4.0358	112.6987	-333.384215	2	1.0	0.0
4.0087	112.6748	-333.289088	2	1.0	0.0
4.0524	112.7503	-333.23685	2	1.0	0.0
4.0307	112.7429	-333.001273	2	1.0	0.0
-0.7859	108.4004	-332.451573	19	0.50811543597	0.49188456403
3.1088	100.5242	-330.966941	0	0.624582344797	0.375417655203
7.3254	100.33	-326.767288	-1	0.0	0.729853211974
7.3194	100.3823	-326.763179	-1	0.0	0.732725287336
-8.8789	108.0992	-322.786776	38	0.97043999744	0.0295600025598
-9.055	108.5704	-322.695068	-1	0.0	0.0521820970837
7.4304	107.4994	-322.23144	13	0.475224679726	0.524775320274
-8.8687	108.0344	-321.004718	38	0.520291379618	0.479708620382
-8.6845	107.8701	-307.444406	37	0.796356321484	0.203643678516
-0.8222	117.7168	-306.112914	18	1.0	0.0
-9.3651	111.1167	-306.008843	27	1.0	0.0
-9.3038	111.366	-304.418535	26	1.0	0.0
-9.2801	111.5759	-304.418438	-1	0.0	0.358633607803
-9.2965	111.3585	-304.359355	26	1.0	0.0
-9.2224	106.8164	-303.694396	-1	0.0	0.0844460963359
-1.7913	108.7268	-303.462865	8	0.773026043046	0.226973956954
-9.4116	110.5139	-303.354205	20	1.0	0.0
-1.7401	108.7116	-303.338834	8	0.927155629544	0.0728443704562
-1.6992	117.5325	-302.200458	10	0.745078254803	0.254921745197
4.0434	112.6807	-300.358729	2	1.0	0.0
-9.2632	110.6252	-299.664736	21	0.266919199313	0.733080800687
-9.2742	110.6173	-299.598958	21	0.315742860458	0.684257139542
-0.8813	117.8749	-295.696325	22	0.399485572435	0.600514427565
-8.7515	107.8509	-292.184237	37	1.0	0.0
0.1075	107.8516	-291.925052	30	1.0	0.0
-8.7468	107.8423	-291.739255	37	1.0	0.0
-0.4578	107.9075	-291.357069	25	0.540975882824	0.459024117176
-0.5736	108.0425	-291.161338	-1	0.0	0.0276082864084
-8.7809	106.8321	-282.653516	29	1.0	0.0
-8.6497	106.7459	-282.525816	29	0.627384941036	0.372615058964
-8.8926	109.1716	-282.262045	33	0.840415889553	0.159584110447
7.9614	98.6025	-282.231493	5	0.576958760291	0.423041239709
7.9704	98.6509	-282.085564	5	1.0	0.0
-8.9085	107.7124	-281.135938	36	1.0	0.0
4.0262	112.7469	-276.876383	2	1.0	0.0
4.0729	112.9205	-276.876291	-1	0.0	0.263902288417
4.1142	112.7221	-276.480584	2	0.943343097417	0.0566569025834
0.3601	107.8198	-276.21739	-1	0.0	0.200169787339
-0.8763	117.9686	-274.838864	22	1.0	0.0
-0.9409	117.8735	-274.779456	22	0.313391099665	0.686608900335
-1.0336	117.7608	-274.655655	-1	0.0	0.0205385674993
-0.8825	117.9967	-274.655505	22	1.0	0.00159187436425
-0.018	107.9564	-274.382463	31	0.727806827535	0.272193172465
-8.5781	108.1622	-266.432533	-1	0.0	0.103250435485
-8.657	108.1857	-266.401942	-1	0.0	0.0961830497103
-0.4231	107.8242	-266.36713	25	1.0	0.0
-8.7987	107.9094	-264.7397	37	0.712003246337	0.287996753663
-9.31	111.3816	-263.155858	26	1.0	0.0
-9.3668	111.053	-261.826212	27	0.570161677588	0.429838322412
-8.446	108.6104	-260.956519	-1	0.0	0.356717836174
-8.7048	108.6017	-260.956383	-1	0.0	0.389504589302
-9.4299	110.7588	-260.220969	-1	0.0	0.116875199817
-8.4431	108.9463	-256.105754	32	0.387881636865	0.612118363135
0.6062	107.5917	-253.828052	-1	0.0	0.357225793402
-8.8601	106.6097	-252.609931	-1	0.0	0.294114439708
-8.7403	106.8667	-252.609913	29	0.785227002896	0.214772997104
-8.736	106.8558	-252.535455	29	0.987434281485	0.012565718515
-8.7676	106.8602	-252.484053	29	1.0	0.0
-0.0421	108.079	-251.094216	31	0.220318461817	0.779681538183
4.0715	112.73	-249.655853	2	1.0	0.206485141819
4.1111	112.7191	-248.883882	2	1.0	0.0793305816952
4.8971	113.1852	-248.883251	-1	0.0	0.844398385094
-11.7167	108.505	-248.355443	-1	0.0	0.197151734238
-5.8343	105.6528	-247.065739	16	1.0	0.0
-0.8872	117.9673	-247.016868	22	1.0	0.0
-5.8601	105.6661	-246.968215	16	1.0	0.0
-0.8729	117.9061	-246.953713	22	0.444970086894	0.555029913106
-5.832	105.6427	-246.927645	16	1.0	0.0
-5.7778	105.6686	-246.77963	16	0.673730295589	0.326269704411
3.0752	100.5597	-240.594213	0	1.0	0.0
-9.2288	111.0887	-232.339833	27	0.461827494665	0.538172505335
-8.7672	106.8148	-231.537837	29	1.0	0.0
7.9525	98.664	-227.088171	5	1.0	0.0
-8.2969	107.6454	-223.668826	34	1.0	0.0
-8.1348	107.5649	-223.617744	35	1.0	0.0
-0.8909	117.8694	-223.066851	22	0.399485572435	0.600514427565
-8.6411	108.8599	-221.851506	32	0.239629222135	0.760370777865
-8.4779	108.8015	-220.219564	32	0.458189770791	0.541810229209
-8.4296	108.8487	-219.812149	32	1.0	0.0
-9.3842	110.4752	-215.209181	20	1.0	0.0
-8.9392	108.1226	-212.796777	38	0.745937572632	0.254062427368
-0.3228	107.9491	-212.552005	25	0.54390221697	0.45609778303
-0.453	107.8672	-212.373282	25	0.758842939218	0.241157060782
-1.8039	117.1461	-211.960701	9	1.0	0.0
4.1751	112.833	-211.298937	1	1.0	0.0
4.4164	112.7353	-211.19471	-1	0.0	0.497169724694
3.0501	100.4613	-208.104544	0	0.333546442124	0.666453557876
-0.8894	118.0044	-205.436767	22	0.752659478833	0.247340521167
-0.9042	117.9368	-205.253094	22	1.0	0.0
-0.879	117.9478	-205.079487	22	1.0	0.208572988373
-3.2495	110.6591	-200.873044	3	1.0	0.0
-3.3604	110.7312	-200.819015	3	1.0	0.0
-8.5852	106.7815	-200.529405	29	0.425039058377	0.574960941623
-8.7804	106.8905	-200.529287	29	0.699891442739	0.300108557261
7.4938	99.1678	-199.256076	4	0.569100710012	0.430899289988
7.4439	99.0039	-199.199227	4	1.0	0.0
-0.7495	108.2807	-195.07109	19	0.784946877396	0.215053122604
0.134	107.8181	-193.630926	30	0.715457118576	0.284542881424
-9.1243	111.349	-191.231924	-1	0.0	0.131286836253
-0.326	107.916	-187.55572	25	0.803169598662	0.196830401338
-0.3206	107.9015	-187.490465	25	0.764273916944	0.235726083056
-9.3334	110.6491	-184.740005	21	1.0	0.0
-9.3586	110.6278	-184.583206	21	0.415811736813	0.584188263187
-1.7061	108.7278	-181.108999	8	0.746551629617	0.253448370383
7.9557	98.6951	-181.044186	5	0.900611606713	0.0993883932867
-1.8626	108.6362	-180.723484	8	0.567419781013	0.432580218987
-9.111	108.5952	-175.790651	-1	0.0	0.0118330041383
-0.9584	118.1156	-174.905324	22	0.121157819016	0.878842180984
-0.8742	117.9748	-174.80756	22	1.0	0.0
-8.8166	106.8318	-174.515908	29	1.0	0.0
-8.731	106.8113	-174.293388	29	1.0	0.0
-7.8839	107.5988	-167.158659	-1	0.0	0.051853609233
-8.8265	108.1368	-163.909158	38	0.734031239797	0.265968760203
-8.4758	108.9155	-158.264881	32	0.892318387802	0.107681612198
-1.723	117.6861	-157.687503	10	0.278905027314	0.721094972686
-1.7842	117.5355	-157.518387	10	0.925318671723	0.0746813282766
-8.1769	107.6817	-157.144496	34	1.0	0.0
-8.2115	107.7993	-157.144426	-1	0.0	0.0253907505707
-0.0263	108.0074	-153.330613	31	1.0	0.0
-0.0599	107.9623	-153.276428	31	1.0	0.340567981158
-8.9741	108.1508	-151.715315	38	0.543752849525	0.456247150475
-9.3881	110.7105	-151.178808	21	0.114047020611	0.885952979389
-0.3274	107.9113	-149.132378	25	0.939910751036	0.0600892489636
-0.3382	107.9492	-149.00646	25	0.59231438294	0.40768561706
-0.8308	108.3035	-147.049	19	1.0	0.0
-0.7396	108.2943	-146.787748	19	0.78642895653	0.21357104347
-0.765	108.3195	-146.477263	19	1.0	0.0
-0.8711	117.9895	-144.353925	22	1.0	0.121258417823
-0.8756	117.9941	-144.351864	22	1.0	0.118127192588
-0.6248	117.8356	-144.232171	-1	0.0	0.158023780426
-0.8545	117.932	-144.157395	22	0.635024452419	0.364975547581
0.1562	107.9976	-140.820868	-1	0.0	0.025249574673
0.2598	107.9202	-140.293208	30	0.920850407237	0.0791495927627
4.2159	112.8473	-139.54022	1	1.0	0.0
-8.6969	108.5901	-137.116765	-1	0.0	0.415379584309
-1.2137	108.3256	-132.521104	-1	0.0	0.128785365865
-5.8294	106.3174	-132.404493	11	0.310839119215	0.689160880785
-1.7933	117.1501	-131.456623	9	1.0	0.0
-6.1129	105.4774	-130.297646	17	0.53050363803	0.46949636197
-6.195	105.5599	-130.230768	17	0.209616276536	0.790383723464
-5.8949	105.3782	-130.107218	17	0.228753121681	0.771246878319
-6.0861	105.4388	-129.787823	17	0.662939474218	0.337060525782
-0.3856	107.8862	-128.653232	25	1.0	0.0
-8.7116	108.1791	-119.813183	-1	0.0	0.142685816803
-8.4988	106.5666	-116.743629	-1	0.0	0.427046547406
-0.0715	108.0344	-115.288953	31	0.37134002761	0.62865997239
-0.0591	108.0219	-115.24134	31	0.602560124429	0.397439875571
-8.294	108.0389	-114.96078	-1	0.0	0.0606121588473
-8.2663	108.2535	-114.960735	-1	0.0	0.0514579105316
-0.0182	108.0135	-114.848363	31	1.0	0.0
-0.077	107.8948	-114.706992	-1	0.0	0.0895251304897
-8.3805	109.3198	-113.57597	-1	0.0	0.20787539377
-0.5587	108.1544	-111.156281	-1	0.0	0.345403368207
4.1589	112.8214	-109.814508	1	1.0	0.0
-0.8539	117.9172	-109.645939	22	0.500216821424	0.499783178576
7.37	99.0379	-106.720994	4	1.0	0.0
-9.3852	110.692	-102.432129	21	0.149046369754	0.850953630246
-3.2408	110.6591	-101.334065	3	1.0	0.0
7.3897	107.4718	-100.953073	13	0.504712908098	0.495287091902
4.8991	99.9307	-91.094906	0	0.0237948164833	0.976205183517
-11.3021	108.7666	-90.24264	-1	0.0	0.584813366157
-0.0884	108.0857	-89.690656	31	0.220487575509	0.779512424491
-0.0077	107.9824	-89.636624	31	1.0	0.305677292791
-0.0287	107.9847	-89.101217	31	1.0	0.0
-0.0546	107.9686	-88.790863	31	0.976964543414	0.023035456586
-8.4367	108.817	-88.063955	32	0.67018142818	0.32981857182
-8.3094	108.7728	-87.99654	32	0.222853436427	0.777146563573
-8.6874	109.8522	-86.47309	14	1.0	0.0
-8.8214	106.8551	-86.003133	29	0.886791458525	0.113208541475
-8.6462	108.1291	-85.806744	38	0.45141448928	0.54858551072
-8.4313	107.5165	-85.409124	-1	0.0	0.105665606539
-9.3469	110.6485	-84.352774	21	1.0	0.0
-9.3524	111.1084	-77.547832	27	1.0	0.0
-9.3588	111.057	-77.455561	27	0.6600157931	0.3399842069
-9.3718	111.1	-77.299579	27	0.82027471843	0.17972528157
-8.8415	109.1361	-74.749332	33	1.0	0.0
-7.861	107.4562	-74.423655	-1	0.0	0.123320965126
8.1699	98.7444	-71.525885	5	0.31404452684	0.68595547316
-6.0056	105.7485	-68.645483	16	0.252993541401	0.747006458599
-1.7903	117.152	-68.182267	9	1.0	0.0
-1.7705	117.1392	-68.123863	9	0.921766873468	0.0782331265323
7.9548	98.7375	-67.994423	5	0.661444681673	0.338555318327
7.9885	98.4019	-67.936782	5	0.141569615957	0.858430384043
7.9935	98.7377	-67.859864	5	0.600866799086	0.399133200914
-1.8809	108.2365	-66.250086	-1	0.0	0.188632206522
-1.719	108.6509	-66.249951	8	1.0	0.0
-8.9333	107.9164	-66.089956	37	0.435400054367	0.564599945633
3.9915	112.6695	-65.976519	2	0.862262508316	0.137737491684
4.9115	100.0069	-63.748075	0	0.0245282492992	0.975471750701
-0.0259	108.0048	-63.182869	31	1.0	0.0
-0.0374	107.9806	-63.14551	31	1.0	0.0
5.082	107.2552	-61.685094	6	0.208031354853	0.791968645147
0.315	107.7766	-59.712647	-1	0.0	0.102292176479
-9.3594	111.3074	-56.988234	26	0.516061294601	0.483938705399
7.4484	107.4417	-56.935728	13	0.496701203477	0.503298796523
-8.8247	106.8295	-55.39341	29	0.84332966519	0.15667033481
-8.7726	106.8011	-55.052156	29	1.0	0.0
-9.3497	110.6378	-50.240997	21	0.905263711333	0.0947362886674
-6.1186	105.3846	-49.641369	17	0.607284232265	0.392715767735
-6.057	105.3861	-49.585509	17	1.0	0.0
-1.0612	118.0647	-48.054572	22	0.120178016786	0.879821983214
4.9709	99.8662	-40.750391	0	0.0223729977483	0.977627002252
-8.6904	107.8487	-37.843445	37	0.969138481961	0.0308615180392
-8.3173	108.0869	-35.150935	-1	0.0	0.106502235099
-8.2434	107.6799	-32.009204	34	1.0	0.0
-8.4006	107.6459	-31.5884	34	0.987064386442	0.0129356135584
-8.7705	106.8393	-31.562512	29	1.0	0.0
-8.4466	107.7778	-31.445251	-1	0.0	0.0271591237978
0.0497	107.9577	-27.728166	31	0.302742172878	0.697257827122
0.0881	107.8796	-27.706626	30	1.0	0.0
-8.6902	108.0958	-27.46961	38	0.7462598178	0.2537401822
-0.0238	108.0148	-27.325813	31	1.0	0.0
-1.7493	117.5682	-25.873473	10	0.925318671723	0.0746813282766
-1.7937	117.4855	-25.835207	10	0.9664428588	0.0335571411995
7.3568	107.3742	-22.278511	13	0.889785090996	0.110214909004
-9.2763	110.6409	-21.737607	21	0.315742860458	0.684257139542
-0.739	117.5114	-20.14018	18	1.0	0.0
-9.4046	111.1248	-18.388352	27	0.79988295073	0.20011704927
3.0555	100.5517	-14.678181	0	1.0	0.0
8.1514	107.8415	-13.366255	7	1.0	0.0
-8.6459	109.1283	-9.885929	33	0.299528690016	0.700471309984
7.4269	100.5193	-7.35033	-1	0.0	0.752499869994
-6.198	105.2197	-7.145157	-1	0.0	0.203464813911
-6.0604	105.3746	-6.977137	17	1.0	0.0
-6.2378	105.522	-6.932436	17	0.264443822663	0.735556177337
-6.0535	105.4156	-6.875231	17	0.708736817072	0.291263182928
-6.1132	105.4411	-6.784899	17	0.566884222924	0.433115777076
-0.8135	108.4241	-5.067066	19	0.395799117644	0.604200882356
-0.0082	107.9886	-4.8e-05	31	0.925666562523	0.0743334374775
4.9509	99.9653	3.160549	0	0.0236495160999	0.9763504839
-0.9141	117.9726	5.669123	22	1.0	0.0561662437668
-1.0287	118.0192	5.707356	22	0.186438980121	0.813561019879
-0.8941	117.9323	5.767432	22	1.0	0.0
-0.9256	117.8662	5.853955	22	0.390220704611	0.609779295389
-8.4601	108.8805	12.172295	32	1.0	0.0
-9.3781	110.6827	13.514782	21	0.186092427259	0.813907572741
-9.3044	110.589	13.58709	21	0.231864162896	0.768135837104
-9.3179	110.6288	13.874542	21	0.471153222716	0.528846777284
-8.9074	107.8274	16.213408	-1	0.0	0.0270842512224
-8.7532	108.0499	16.213427	38	1.0	0.0
-8.7682	108.062	16.342402	38	1.0	0.0
-6.0634	105.3895	17.178527	17	1.0	0.0
-8.8932	108.1158	19.791164	38	1.0	0.0
-8.8693	108.1128	19.879564	38	1.0	0.0
-8.5784	107.9944	20.080336	-1	0.0	0.146693368391
-0.3709	107.8802	20.141112	25	1.0	0.0
7.415	107.434	20.496523	13	0.544711343585	0.455288656415
7.4431	107.4745	26.420045	13	0.496701203477	0.503298796523
7.3574	107.3518	26.505494	13	1.0	0.0
-8.248	107.6812	27.543334	34	1.0	0.0
-6.0537	105.3868	29.919542	17	1.0	0.0
-5.8779	105.6513	29.919552	16	1.0	0.0
-1.8178	117.132	32.558529	9	0.686431790868	0.313568209132
-2.337	117.8552	32.559098	-1	0.0	0.104877953562
-1.9218	117.2244	32.723212	9	0.170340670945	0.829659329055
-8.5078	108.9156	33.969864	32	0.743736113154	0.256263886846
-8.4078	108.8797	34.072445	32	0.601148082356	0.398851917644
-8.8031	107.8246	34.290599	37	0.874836334276	0.125163665724
5.0669	107.118	35.083825	6	1.0	0.0
5.0766	107.1036	35.180649	6	1.0	0.0
0.2189	107.9558	35.633903	30	0.845103368729	0.154896631271
7.3868	98.9572	36.529179	4	1.0	0.0
-8.6588	108.0927	36.66629	38	0.650588513445	0.349411486555
-1.1958	108.3122	41.860424	-1	0.0	0.0721068669153
-1.241	108.2423	42.022713	-1	0.0	0.0668781571239
-9.3467	110.6459	44.488397	21	1.0	0.0
-9.3091	110.6066	44.549164	21	0.360927517493	0.639072482507
-8.9129	107.6901	47.731158	36	1.0	0.0
-8.7891	108.082	47.907546	38	1.0	0.0
7.967	98.6721	49.297486	5	1.0	0.0
7.9695	98.6336	49.353666	5	1.0	0.0
7.9744	98.713	49.396414	5	0.900611606713	0.0993883932867
-8.4363	108.8546	50.823734	32	1.0	0.0
-8.5678	109.2688	50.823926	-1	0.0	0.0627166998018
-0.0239	108.2937	51.552995	24	1.0	0.0
-0.0018	108.0049	51.657516	31	0.916890153122	0.083109846878
0.0056	108.1323	51.657547	-1	0.0	2.48862637275e-05
-0.1654	108.0863	51.733828	-1	0.0	0.201960663531
-0.0258	108.0102	51.812868	31	1.0	0.0
-8.7098	107.8514	58.141538	37	1.0	0.0
-8.7319	107.8593	58.226377	37	1.0	0.0
-9.0359	111.5958	64.14649	-1	0.0	0.358633607803
-9.4093	110.9515	65.897721	-1	0.0	0.362038487529
-9.3524	111.0956	65.897763	27	1.0	0.0
-8.7497	108.0523	66.550589	38	1.0	0.0
-5.827	105.6328	67.183248	16	0.884346583484	0.115653416516
7.3865	107.4408	67.299484	13	0.537284577103	0.462715422897
7.3976	107.4109	67.44217	13	0.544711343585	0.455288656415
7.4986	107.4333	67.680891	13	0.293789429043	0.706210570957
-1.8098	117.0811	68.383423	9	0.256086839876	0.743913160124
-9.3155	110.614	72.051353	21	0.35214044233	0.64785955767
-9.0569	113.4726	74.097401	-1	0.0	0.149240027072
-8.9329	107.1157	74.571041	28	1.0	0.0
-8.1274	107.5845	75.285597	35	1.0	0.0
-1.835	117.4941	77.139135	10	0.706111924722	0.293888075278
-8.7623	108.1575	77.244276	38	0.467640767591	0.532359232409
-1.7881	117.5444	77.272446	10	0.9664428588	0.0335571411995
-8.8137	109.1167	78.482489	33	1.0	0.0
3.0759	100.5385	80.495461	0	1.0	0.0
-3.2564	110.6161	83.094698	3	1.0	0.0
0.2298	107.9627	84.35927	30	0.845103368729	0.154896631271
7.3612	107.3654	87.539723	13	1.0	0.0
5.1006	107.1244	88.053884	6	1.0	0.0
5.2665	107.1601	88.13581	6	0.277159285091	0.722840714909
-9.3429	110.6383	90.418573	21	1.0	0.0
-8.5113	107.6415	92.547438	-1	0.0	0.222545011076
-0.0371	107.9802	92.571299	31	1.0	0.0
-0.0611	107.9803	92.90139	31	0.944035439412	0.0559645605879
-0.0655	108.0655	93.105674	31	0.280978070391	0.719021929609
-9.5379	109.198	97.792833	15	0.18886625631	0.81113374369
-0.8865	108.221	99.501391	19	0.396947125609	0.603052874391
-0.9221	117.9304	104.850204	22	0.739284288231	0.260715711769
-0.9014	117.9439	104.899272	22	1.0	0.0
-8.3586	108.7998	105.971963	32	0.32348734084	0.67651265916
-8.6463	108.1598	106.612918	38	0.45141448928	0.54858551072
-9.3354	110.644	106.942722	21	1.0	0.0
-9.3781	110.4703	113.547333	20	1.0	0.0
-8.4956	108.8515	115.201883	32	0.727222676336	0.272777323664
-1.804	117.1227	116.509745	9	0.596846606375	0.403153393625
-8.795	107.8833	117.784703	37	1.0	0.0
-8.8475	109.1051	122.365529	33	0.983624727962	0.0163752720383
-8.9033	109.1436	122.407437	33	1.0	0.0
-8.8815	109.108	122.534791	33	0.794788381388	0.205211618612
-8.5812	109.0562	122.603919	33	0.321072133415	0.678927866585
-0.017	107.976	123.509802	31	1.0	0.288124526302
-0.0152	107.9863	123.558584	31	1.0	0.108178914682
7.2311	106.8959	127.036789	12	0.463631664137	0.536368335863
7.2078	106.9016	127.126044	12	0.596445498303	0.403554501697
4.2413	113.0201	128.628834	-1	0.0	0.601796032625
-8.791	108.0723	131.853197	38	1.0	0.0
-1.7625	108.6286	132.73121	8	1.0	0.0
-1.7483	108.6464	132.774667	8	1.0	0.0
-8.2945	107.3724	135.957525	-1	0.0	0.122289306823
-8.2783	107.6215	135.957599	34	1.0	0.0
-8.4369	108.8598	138.690836	32	0.919728696538	0.0802713034618
-8.5576	108.919	139.07061	32	0.444971892575	0.555028107425
-8.7331	107.9627	139.986263	-1	0.0	0.0321497153755
-9.3818	110.6415	140.054731	21	0.407189461445	0.592810538555
5.0942	107.126	142.072982	6	1.0	0.0
-8.7631	107.0108	147.741474	29	0.228219988371	0.771780011629
-9.3066	111.0816	148.056353	27	0.879634697607	0.120365302393
-9.1339	111.0097	148.150599	-1	0.0	0.290364538343
-9.1866	111.1194	148.372731	27	0.356974232293	0.643025767707
-8.8143	108.0552	148.478128	38	0.89484073694	0.10515926306
1.6622	102.4348	150.144048	-1	0.0	0.832179092537
-9.3456	111.433	150.235964	26	0.419968477344	0.580031522656
-9.3226	111.6997	150.236074	-1	0.0	0.550009068502
-8.8059	108.6581	152.497415	-1	0.0	0.421428026527
7.1877	106.9156	153.337669	12	0.759693162951	0.240306837049
7.2126	106.9491	153.581267	12	1.0	0.0
8.1244	98.5878	157.118576	5	0.465575674242	0.534424325758
-0.8054	118.3583	159.513291	23	1.0	0.0
-8.8315	107.4569	161.050833	-1	0.0	0.450250547335
-0.0357	107.9923	162.379669	31	1.0	0.10803550558
-0.0308	107.9639	162.439741	31	1.0	0.340567981158
-0.0684	108.0046	162.518138	31	0.578267821955	0.421732178045
-0.0385	108.027	162.6454	31	0.638274192661	0.361725807339
0.2625	107.7598	166.431246	-1	0.0	0.356244577443
-8.6264	108.0926	167.728464	38	0.557559826593	0.442440173407
-8.8379	108.1037	168.012637	38	1.0	0.144915500846
7.2001	106.9416	169.672358	12	1.0	0.0
-8.8203	108.4587	169.744995	-1	0.0	0.449440633196
-8.5444	108.034	169.863035	-1	0.0	0.0169007544762
7.3527	107.3717	170.452066	13	1.0	0.0
-1.6802	108.8378	171.78419	8	0.254067423491	0.745932576509
-8.6595	108.0385	177.36699	38	0.556458408188	0.443541591812
-8.6802	106.6529	178.28938	29	0.243749982117	0.756250017883
-8.8887	109.1632	181.860954	33	1.0	0.0
-8.8665	109.1551	182.012209	33	1.0	0.0
-9.0132	109.5255	182.074072	14	0.141614771838	0.858385228162
-8.6683	109.1164	182.251523	33	0.343080773797	0.656919226203
-5.702	105.6189	184.175682	16	0.401489370525	0.598510629475
-0.9202	117.9629	185.395304	22	0.883962316666	0.116037683334
-0.8931	117.93	185.450809	22	1.0	0.18956453139
-9.3513	110.6378	189.25481	21	0.885148723429	0.114851276571
-6.129	105.4764	189.353865	17	0.565126229696	0.434873770304
-6.0456	105.4487	189.443346	17	0.662939474218	0.337060525782
-5.9918	105.4542	189.654787	17	0.384715878365	0.615284121635
-5.7974	106.4963	192.238129	11	0.399249611673	0.600750388327
0.0336	108.2423	192.921628	24	1.0	0.0
-0.0361	107.9616	193.805311	31	1.0	0.346566549497
7.3091	107.2836	197.277541	13	0.225662272995	0.774337727005
7.3711	107.4173	197.277588	13	0.544711343585	0.455288656415
7.3637	107.404	197.346713	13	0.544711343585	0.455288656415
-8.4498	108.8835	199.890468	32	0.829892900411	0.170107099589
-8.8859	107.7738	201.039458	-1	0.0	0.168106401115
8.1026	98.6636	203.922264	5	0.554320713215	0.445679286785
-8.2171	107.9628	204.447768	-1	0.0	0.218694324409
-8.7891	107.8115	204.768427	37	0.895752343299	0.104247656701
-9.347	111.344	205.415476	26	0.836984825001	0.163015174999
-8.4763	108.8587	220.714962	32	1.0	0.0
-8.4878	108.8751	220.768483	32	1.0	0.0249505941929
-1.7712	117.4721	222.388254	10	1.0	0.0
-1.7534	117.437	222.753925	10	1.0	0.0
-8.7898	108.0816	229.519407	38	1.0	0.0
-9.6733	108.991	230.200195	15	0.492565151799	0.507434848201
-9.3754	111.1292	231.060694	27	1.0	0.0
-9.3202	111.0659	231.12139	27	0.918271311138	0.0817286888618
-8.7757	108.0552	235.010737	38	1.0	0.0338971880613
-0.0315	107.9844	242.786748	31	1.0	0.0
-0.9122	117.7307	242.913875	-1	0.0	0.0638439980372
-8.7102	109.8331	243.432324	14	1.0	0.0
-6.1792	105.4396	248.810502	17	0.390474999443	0.609525000557
-7.8867	117.0058	250.484811	-1	0.0	0.00734420293904
7.3759	107.3387	251.530288	13	0.589795268461	0.410204731539
-8.86	108.0832	252.58553	38	0.918030703835	0.0819692961654
-8.8186	108.0732	252.692475	38	1.0	0.0
-5.7667	105.6403	255.344646	16	0.771191060662	0.228808939338
-1.9109	108.2763	255.631239	-1	0.0	0.207909348976
-1.7251	108.6443	255.689229	8	1.0	0.0
-0.0373	107.9786	256.27901	31	1.0	0.0
-0.0479	107.9686	256.334374	31	1.0	0.340567981158
-0.0413	107.9458	256.842668	31	0.701799742229	0.298200257771
-0.049	107.833	257.217245	-1	0.0	0.261090779112
4.0582	112.7388	264.471512	2	1.0	0.0
4.0848	112.6679	264.504158	2	0.838527133474	0.161472866526
-8.7528	106.7897	268.360938	29	1.0	0.0
-8.7392	106.6669	269.107752	29	0.293249564075	0.706750435925
-0.3963	107.8867	271.677961	25	1.0	0.0
-0.5382	107.7217	271.77207	-1	0.0	0.0443203772693
-0.3931	107.8806	271.772121	25	1.0	0.0
-8.055	107.5627	273.883381	35	1.0	0.0
-0.9024	117.957	279.967701	22	0.959338331057	0.0406616689428
-0.8839	117.9462	280.058647	22	1.0	0.0
-0.8814	117.9714	280.148919	22	1.0	0.0
-0.4287	117.718	280.208793	-1	0.0	0.458443723154
-0.8907	117.9411	280.209	22	1.0	0.0
-8.7998	108.068	282.277609	38	1.0	0.0
-8.7366	108.0356	282.359657	38	0.739344649377	0.260655350623
-8.822	108.0875	282.409279	38	1.0	0.107452674597
-8.8745	107.9089	282.510286	37	0.629403707306	0.370596292694
-8.8041	108.0864	282.510305	38	1.0	0.0
-8.8945	107.6526	283.434909	36	1.0	0.0
-8.7587	107.0644	286.81676	-1	0.0	0.064095649484
-8.7971	107.1174	286.87994	-1	0.0	0.157698395234
-9.3478	111.0736	288.007759	27	1.0	0.0
-0.848	118.3353	289.906122	23	1.0	0.0
7.1916	106.9149	296.962766	12	0.78505293686	0.21494706314
7.235	106.9535	297.076314	12	0.744649340786	0.255350659214
-8.9013	108.0773	301.32354	38	0.918030703835	0.0819692961654
-1.2648	108.8412	302.215522	8	0.121698082423	0.878301917577
-8.6359	108.7773	304.377311	32	0.25168584449	0.74831415551
-8.5658	109.0106	304.377363	-1	0.0	0.0487302036156
-8.642	108.8003	304.472056	32	0.271452903174	0.728547096826
8.0692	98.5482	306.078804	5	0.399463630119	0.600536369881
8.1105	98.6508	306.140715	5	0.735324046351	0.264675953649
-9.3438	110.6441	306.471346	21	1.0	0.0
7.4204	107.3887	307.378611	13	0.504058863937	0.495941136063
-8.9316	109.1569	307.450139	33	0.726389600282	0.273610399718
-8.5965	109.0017	307.586513	33	0.281706780511	0.718293219489
-8.4515	108.8364	307.615431	32	0.880684723702	0.119315276298
-8.8033	109.1162	307.722258	33	0.959752157634	0.0402478423663
-8.4043	108.8091	307.877095	32	0.479855198393	0.520144801607
-8.4248	108.8419	307.999793	32	1.0	0.0
-0.0589	108.0018	317.684921	31	0.7645509114	0.2354490886
7.357	107.3633	317.917209	13	1.0	0.0
7.3617	107.356	317.970745	13	1.0	0.0
-9.0431	111.6322	322.850949	-1	0.0	0.393998734792
-8.9724	108.2128	324.900171	-1	0.0	0.170427536745
-8.7455	108.0583	326.109099	38	1.0	0.0
7.4036	98.9303	329.181337	4	0.866197370941	0.133802629059
-8.9885	111.7951	330.094083	-1	0.0	0.0397494014568
-9.3115	111.3545	331.692318	26	1.0	0.0
-9.534	108.9114	334.332377	15	1.0	0.0
-9.5188	108.8889	334.374365	15	1.0	0.0
-9.6147	108.9474	334.43841	15	0.936030357404	0.0639696425959
-9.4064	110.6088	345.985281	21	0.185337320523	0.814662679477
-1.7419	108.6818	346.83718	8	0.927155629544	0.0728443704562
-8.4834	109.056	346.849962	33	0.321072133415	0.678927866585
-1.8022	108.6503	346.890302	8	0.988405765309	0.0115942346912
-8.4799	108.8587	346.921848	32	0.99256087519	0.00743912480988
-8.7493	108.0592	347.739293	38	1.0	0.0
-8.8953	108.3922	347.933351	-1	0.0	0.158205488607
-8.8708	108.0582	348.033308	38	0.801372998664	0.198627001336
7.2548	106.9995	349.907475	12	0.36351991919	0.63648008081
-9.0373	107.04	353.996972	28	1.0	0.0
-8.5764	108.7249	354.356069	32	0.211298523814	0.788701476186
-5.6971	106.5766	357.630231	11	0.262333689061	0.737666310939
-1.7212	117.4554	357.63108	10	1.0	0.0
-1.7768	117.5661	357.703796	10	0.88678188389	0.11321811611
-5.5225	106.3471	357.735457	11	0.326765002325	0.673234997675
-8.8322	109.1282	359.388711	33	1.0	0.0
-8.8604	109.0798	359.415542	33	0.546892774486	0.453107225514
-8.804	109.1292	359.460251	33	1.0	0.0
-8.9156	109.1248	359.497621	33	0.724025180183	0.275974819817
-8.8766	109.1059	359.721993	33	0.876030550245	0.123969449755
-2.004	116.6299	364.220995	-1	0.0	0.324647466283
-8.7991	106.7845	365.482593	29	0.715339024493	0.284660975507
-8.7182	106.7777	365.569326	29	1.0	0.0
8.1247	98.686	367.943751	5	0.662948495675	0.337051504325
8.1457	98.5285	368.0457	5	0.325401347927	0.674598652073
0.1116	108.2276	369.177886	24	1.0	0.0
0.0354	108.0164	369.20477	31	0.425257051654	0.574742948346
3.0663	100.5381	373.176142	0	1.0	0.0
7.799	109.438	373.415613	-1	0.0	0.0862439186557
-8.0718	107.5777	377.715581	35	1.0	0.0
-8.3502	107.9565	378.963599	-1	0.0	0.0606121588473
-8.881	107.8107	379.123946	37	0.548190372375	0.451809627625
-4.2891	115.0993	380.4774	-1	0.0	0.848956401725
-9.3048	110.6384	380.508287	21	0.452536129213	0.547463870787
5.1307	107.1086	381.883202	6	1.0	0.0
-0.8944	118.2386	383.681703	23	0.568893353226	0.431106646774
-0.8334	118.2038	383.743184	22	0.108421284935	0.891578715065
-8.6892	109.7219	385.239708	14	0.663598202787	0.336401797213
-8.7114	110.0025	385.239819	14	0.40963338218	0.59036661782
-8.7164	109.7279	385.299927	14	0.77356133985	0.22643866015
-8.8562	110.1727	385.300154	14	0.166990276832	0.833009723168
-8.6956	109.8601	385.434016	14	1.0	0.0
8.1336	107.7829	387.5131	7	0.989168823626	0.0108311763738
-8.8673	107.8895	387.679765	37	0.599136343323	0.400863656677
4.1715	112.8166	388.107562	1	1.0	0.0
4.1841	112.7412	388.179961	2	0.523058286896	0.476941713104
-8.7283	108.0907	392.149347	38	0.687380274998	0.312619725002
-8.7077	107.9431	392.269938	37	0.563926175848	0.436073824152
-8.7351	108.0961	392.269983	38	0.590589252488	0.409410747512
7.1875	106.9849	392.806085	12	0.45060849312	0.54939150688
7.4346	107.0478	392.806251	12	0.128550621314	0.871449378686
7.1985	106.9299	393.021874	12	1.0	0.0
-8.6259	109.0961	397.931885	33	0.308294255249	0.691705744751
-5.7125	106.4296	401.760361	11	0.983410374558	0.0165896254417
-8.4926	108.8978	416.947096	32	1.0	0.0
-0.8958	117.988	419.25545	22	1.0	0.0
-8.7821	108.0181	421.023258	38	0.516704705945	0.483295294055
-1.7535	117.4027	421.824749	10	0.622259867694	0.377740132306
-1.8225	117.7244	421.824966	10	0.213798091768	0.786201908232
-1.7461	117.6016	421.85931	10	0.498601944645	0.501398055355
-8.728	109.781	430.030164	14	1.0	0.0
-8.6731	109.9035	430.030203	14	0.652602046098	0.347397953902
-6.085	105.3888	430.351867	17	1.0	0.0
-8.2174	108.752	432.171435	-1	0.0	0.230271013964
-8.7096	109.749	432.452267	14	1.0	0.0
-8.836	109.976	432.580905	14	0.376539888273	0.623460111727
0.3117	108.3482	432.721771	-1	0.0	0.0557917837827
-9.012	107.0503	435.184725	28	1.0	0.0
-8.8683	108.1071	435.713896	38	1.0	0.0
-8.6682	107.9118	436.555829	37	0.563926175848	0.436073824152
-1.4674	108.6486	438.68754	8	0.233277174289	0.766722825711
-0.3593	107.8932	440.426549	25	1.0	0.0955945830744
-0.3947	107.8943	440.471327	25	1.0	0.0
-5.8771	105.659	443.947837	16	1.0	0.0
-9.579	108.9261	446.814931	15	1.0	0.0
-9.5312	108.908	447.034801	15	1.0	0.0
8.1194	98.6137	447.282599	5	0.554320713215	0.445679286785
8.1161	98.7281	447.78176	5	0.447780125327	0.552219874673
7.0576	107.1967	448.422503	-1	0.0	0.0888635410169
7.2179	106.9322	448.993958	12	1.0	0.0
7.236	107.1217	448.994001	12	0.137532083608	0.862467916392
7.2193	107.0067	449.051567	12	0.31812148194	0.68187851806
7.2011	106.9422	449.125123	12	1.0	0.0
-1.7782	117.1567	449.698064	9	1.0	0.0
-1.7873	117.1637	449.941611	9	1.0	0.0
-1.9569	117.5098	449.941867	10	0.375880092207	0.624119907793
-8.7144	106.7342	453.069939	29	0.667109617793	0.332890382207
-9.5806	110.7337	453.130876	-1	0.0	0.379634137616
-9.4116	111.1544	453.130997	27	0.696058483407	0.303941516593
-9.3483	111.2723	454.413877	26	0.403810012078	0.596189987922
-8.774	107.8336	455.118573	37	1.0	0.0977932663099
-8.9343	108.2028	455.118754	-1	0.0	0.0776496055204
-0.0645	107.9573	456.431887	31	0.817607061824	0.182392938176
0.2606	107.7708	456.808452	-1	0.0	0.284367024101
-8.4965	107.7097	461.356612	34	0.987064386442	0.0129356135584
-1.7838	108.6413	462.193915	8	1.0	0.0
-8.6851	108.0683	462.543023	38	0.650588513445	0.349411486555
8.2025	107.8627	463.849873	7	1.0	0.0
8.2162	107.8254	463.973802	7	1.0	0.0
-8.6569	108.0319	476.507274	38	0.555930836961	0.444069163039
-8.6742	108.0394	476.687959	38	0.614539702779	0.385460297221
-8.5398	108.7281	477.371696	32	0.220850468225	0.779149531775
-8.5009	108.8044	478.015595	32	0.457569181624	0.542430818376
-0.5847	107.9467	478.570467	25	0.236307444672	0.763692555328
4.128	112.8215	480.275436	1	0.862062716389	0.137937283611
-8.7891	107.8758	485.270071	37	1.0	0.0
-0.3727	107.9157	485.520567	25	0.942392467778	0.0576075322215
-0.2315	107.8114	485.560071	25	0.233555362322	0.766444637678
0.1961	107.9038	486.458894	30	1.0	0.0
0.2471	107.9194	487.308696	30	1.0	0.0
-8.1236	107.59	487.607377	35	1.0	0.0
-1.623	117.4064	488.356666	10	0.453392537863	0.546607462137
-1.7626	117.4536	488.406379	10	1.0	0.0
-1.7453	117.4509	488.432729	10	1.0	0.0
5.0727	107.1816	493.092938	6	0.374423930187	0.625576069813
5.0849	107.0964	493.188741	6	0.949313705853	0.0506862941468
-9.233	111.3224	495.172517	26	0.550397543952	0.449602456048
1.831	102.3804	496.271523	-1	0.0	0.825217834152
1.9324	102.3623	496.271577	-1	0.0	0.822163768817
-6.1124	105.5129	499.241417	17	0.471796772169	0.528203227831
-6.1523	105.5076	499.312782	17	0.463711142282	0.536288857718
-6.11	105.473	499.406427	17	0.589636335353	0.410363664647
-6.1955	105.7343	499.406501	-1	0.0	0.185754320096
-0.039	107.9913	500.38213	31	1.0	0.108497010553
-0.075	107.9628	500.506409	31	0.777753198632	0.222246801368
-8.6769	106.76	501.97883	29	0.766716237706	0.233283762294
8.138	107.74	503.136448	7	0.678340684461	0.321659315539
-8.487	108.8947	504.751874	32	1.0	0.0
-8.7558	109.8059	504.82094	14	0.956149716036	0.0438502839645
-8.6809	109.9693	504.820983	14	0.524824144526	0.475175855474
-8.698	109.77	504.97162	14	0.958437248083	0.0415627519172
-8.6751	109.8201	505.102364	14	1.0	0.0
-8.6975	109.7843	505.35295	14	1.0	0.0
-5.6549	106.4381	505.605527	11	1.0	0.0
6.8995	106.8239	509.950973	-1	0.0	0.0877206391636
-8.8025	108.0061	514.101679	38	0.406242712429	0.593757287571
0.2216	107.8999	515.258278	30	1.0	0.0
0.3423	107.8373	515.482927	-1	0.0	0.102292176479
4.441	112.8504	516.925497	-1	0.0	0.437167842618
-8.8128	107.8658	517.982413	37	1.0	0.0
-8.4909	108.8862	519.599163	32	1.0	0.0
-8.507	108.9262	519.684751	32	0.593512971312	0.406487028688
-8.4529	108.8477	519.742863	32	1.0	0.0
-8.5308	108.886	519.807066	32	0.71554193503	0.28445806497
-8.823	108.1067	519.914424	38	0.941725736288	0.0582742637124
-4.2917	115.1254	520.375379	-1	0.0	0.847562693607
-4.2905	115.4034	520.375555	-1	0.0	0.830792433965
-8.8144	108.1292	524.917026	38	0.789252168356	0.210747831644
-5.9542	110.7279	534.89288	3	1.0	0.0
7.2009	106.9858	535.304592	12	0.467641456571	0.532358543429
-8.8554	107.7097	536.93073	36	1.0	0.0
-8.8213	108.0751	540.217947	38	1.0	0.0
-8.8725	108.0672	540.425472	38	0.918030703835	0.0819692961654
-8.4751	109.1109	540.66902	-1	0.0	0.0351225115432
-8.5309	108.8312	540.781388	32	0.446588429108	0.553411570892
-8.7462	108.066	544.073436	38	1.0	0.0249785977835
4.2043	112.8447	544.526186	1	1.0	0.0
-8.7076	107.7913	546.848687	37	0.456168141912	0.543831858088
-5.6766	106.4206	546.924327	11	1.0	0.0
-5.6618	106.4373	546.991117	11	1.0	0.0
-5.6632	106.4015	547.076839	11	1.0	0.0
-8.8075	108.0186	547.088726	38	0.492006901059	0.507993098941
-0.4255	118.1926	549.132027	-1	0.0	0.524917683245
-0.8363	118.3452	549.132185	23	1.0	0.0
-8.9255	106.9863	552.683545	28	1.0	0.0
-8.9792	107.0034	552.781996	28	1.0	0.0
-9.0807	107.0573	552.845424	28	1.0	0.0
8.0011	98.6514	552.987919	5	1.0	0.0
-8.3884	109.0286	554.892479	-1	0.0	0.0708828606862
0.1852	107.9881	556.496668	30	0.822496352531	0.177503647469
0.2507	107.9613	556.702736	30	0.797781076138	0.202218923862
0.3072	107.9173	556.884231	30	0.630907738064	0.369092261936
0.2447	107.9612	557.046104	30	0.822496352531	0.177503647469
-8.5586	108.78	557.154738	32	0.371865061626	0.628134938374
0.1799	107.8754	557.645517	30	1.0	0.0
-8.7427	106.7501	558.295655	29	0.718786947602	0.281213052398
-9.0764	111.2458	558.712724	-1	0.0	0.418576706789
-8.7478	106.7669	558.762617	29	0.930364696448	0.0696353035517
-9.3295	110.617	563.342063	21	0.408178647928	0.591821352072
-0.909	117.9839	564.675873	22	1.0	0.0
-0.9129	117.9846	564.728807	22	1.0	0.0
-0.8959	117.9555	564.767156	22	1.0	0.241017562572
-0.9374	117.96	564.807365	22	0.707383654347	0.292616345653
-8.6362	111.642	568.309882	-1	0.0	0.180111776041
7.4221	107.3875	570.916365	13	0.484065624618	0.515934375382
-8.6246	109.9547	575.265924	14	0.408349234434	0.591650765566
-8.7428	109.8509	575.318043	14	0.908771903616	0.0912280963839
-0.3971	107.8424	581.632202	25	1.0	0.0474144050368
-8.9131	108.0621	581.680101	38	0.854533285734	0.145466714266
-8.9258	108.1231	582.2968	38	1.0	0.0
-0.7376	108.2481	584.558847	19	0.503237900914	0.496762099086
-0.7385	117.486	588.279872	-1	0.0	0.113499317841
0.2974	107.8549	593.609381	-1	0.0	0.0506958590895
0.362	108.0037	593.609428	-1	0.0	0.351350278971
-8.7733	107.8593	594.4208	37	1.0	0.0
-9.589	108.8722	594.927975	15	1.0	0.0
-1.7815	117.1732	595.056897	9	0.698868753717	0.301131246283
-1.9208	117.1693	595.4242	9	0.250159250986	0.749840749014
3.0596	100.561	595.811223	0	1.0	0.0
-5.679	106.4891	599.40859	11	0.595762850096	0.404237149904
-5.6099	106.4257	599.487555	11	1.0	0.0
