-2.8584	115.373	-0.000173	6	1.0	0.0
8.3637	119.7422	-596.850159	25	0.584486509531	0.415513490469
8.3708	119.6964	-596.77388	25	0.664344118486	0.335655881514
6.7517	119.1931	-594.324097	12	1.0	0.0
8.4571	119.2205	-590.739391	24	1.0	0.0
1.5922	110.23	-587.130605	3	0.222877037236	0.777122962764
12.0553	127.348	-585.99264	0	1.0	0.0
12.0115	127.258	-585.732162	0	1.0	0.0
12.0706	127.3854	-585.710305	0	1.0	0.0
12.1063	127.3043	-585.641138	0	1.0	0.0
-3.5689	115.1612	-584.595547	6	0.921656731426	0.0783432685739
8.9415	115.3923	-575.622475	10	1.0	0.0
9.0046	115.414	-575.385558	10	1.0	0.0
8.4555	119.6442	-568.335741	25	0.666993815894	0.333006184106
8.3702	119.6591	-568.2827	25	0.564878557743	0.435121442257
8.4665	119.5026	-568.281351	25	1.0	0.0394575045619
8.3908	119.7003	-568.232538	25	0.664344118486	0.335655881514
8.4147	119.5899	-568.142417	25	1.0	0.154531177425
9.201	119.0818	-562.167342	18	1.0	0.0
9.135	119.1185	-562.125159	18	1.0	0.0
9.2001	119.0697	-562.050272	18	1.0	0.0
9.2093	119.0746	-561.962488	18	1.0	0.0
8.4133	119.0979	-561.490613	24	0.409268380055	0.590731619945
8.4025	118.9548	-559.109262	23	1.0	0.0
-5.5629	112.1741	-558.320367	19	0.853170450178	0.146829549822
8.2995	120.1784	-557.83308	-1	0.0	0.352634332759
8.5114	119.5479	-557.625248	25	1.0	0.0411320046385
8.4265	119.5941	-557.549641	25	1.0	0.0
7.2431	116.8324	-556.989212	8	1.0	0.0
6.7691	119.1998	-553.786729	12	1.0	0.0
4.9025	110.4442	-547.129594	7	1.0	0.0
-0.9432	113.9394	-546.129701	2	0.109886587756	0.890113412244
-3.6029	115.3138	-546.076419	6	1.0	0.0
-6.299	110.3211	-545.141944	21	0.26395725729	0.73604274271
4.2329	114.7284	-539.446477	1	0.985619682742	0.0143803172578
8.3901	120.1506	-539.425515	-1	0.0	0.0804862041509
8.4402	120.1119	-539.331776	28	0.743166017874	0.256833982126
3.9762	113.816	-537.39932	1	0.283224516864	0.716775483136
7.2727	116.8363	-534.496648	8	1.0	0.214883537833
7.2624	116.8322	-534.39601	8	1.0	0.134963857994
7.2335	116.7386	-533.970682	8	0.520821128351	0.479178871649
8.193	120.0575	-533.055436	27	0.397666623414	0.602333376586
-3.902	114.5554	-530.309222	6	0.493948475648	0.506051524352
8.3918	119.7104	-529.918295	25	0.664344118486	0.335655881514
8.3545	119.7439	-529.874933	25	0.544683408154	0.455316591846
1.6713	111.5109	-521.369618	3	0.0775711172632	0.922428882737
4.6765	114.7534	-520.436498	1	0.994237676756	0.00576232324367
7.8856	112.122	-512.951078	-1	0.0	0.0669501054253
7.2451	116.831	-497.955931	8	1.0	0.0
-5.5629	112.2781	-495.802047	19	0.789515970135	0.210484029865
-5.5006	112.4817	-495.802032	-1	0.0	0.455968083709
-5.5287	112.2603	-495.750716	19	1.0	0.0
7.228	111.7331	-494.593171	14	0.451124288132	0.548875711868
7.1915	111.7136	-494.448936	14	0.697693834088	0.302306165912
4.5463	114.5737	-494.064672	1	1.0	0.0
-5.8169	112.2349	-492.848797	-1	0.0	0.256697208891
-3.2346	112.7812	-492.080515	5	1.0	0.0
10.0337	119.4474	-490.749854	13	1.0	0.0
5.6848	112.0582	-480.308569	15	0.523624571247	0.476375428753
8.918	115.3215	-478.675907	10	0.929281517734	0.0707184822659
7.1642	116.5778	-470.659214	8	0.0919131145781	0.908086885422
7.2309	116.8675	-468.873667	8	1.0	0.0
6.678	121.8792	-467.290773	4	0.0830750637275	0.916924936272
-5.7605	112.3919	-464.336306	20	0.475220915116	0.524779084884
1.3545	110.601	-461.780745	3	0.903927775389	0.0960722246108
8.4791	119.5738	-450.243232	25	1.0	0.0
8.4713	119.5803	-450.197691	25	1.0	0.306903102677
8.479	119.5553	-450.161721	25	1.0	0.0
8.4689	119.5572	-450.085536	25	1.0	0.0341925190305
8.493	119.5667	-449.998756	25	1.0	0.0
-5.8337	111.3061	-448.697713	-1	0.0	0.00550262044769
7.2651	116.7963	-448.389088	8	1.0	0.0
9.1507	119.1661	-444.035915	18	0.670773581141	0.329226418859
8.4149	118.9325	-442.667426	23	1.0	0.0
7.1852	111.7104	-435.267976	14	0.743176108138	0.256823891862
7.1959	116.8743	-428.994745	8	0.576961879611	0.423038120389
6.8167	119.1514	-427.782367	12	0.728212993076	0.271787006924
8.4034	119.6083	-417.502422	25	1.0	0.0956335016446
8.4775	119.5417	-417.450524	25	1.0	0.381532701031
8.4742	119.4764	-417.418797	25	1.0	0.0
8.4862	119.5514	-417.357014	25	1.0	0.0760744665078
8.3892	119.7081	-417.351882	25	0.664344118486	0.335655881514
6.2996	112.6089	-413.36781	-1	0.0	0.247255389976
8.308	120.095	-411.789132	28	0.727603032287	0.272396967713
6.7826	119.1675	-409.159189	12	1.0	0.0
8.1729	119.9982	-396.851481	27	1.0	0.0936910528647
8.1941	120.002	-396.822731	27	1.0	0.0828718535733
8.1822	119.997	-396.580669	27	1.0	0.0
-5.7249	113.4887	-392.255551	9	0.0922685862247	0.907731413775
-5.7536	113.4154	-391.728537	9	0.15284772194	0.84715227806
8.4408	119.5601	-382.77736	25	1.0	0.057204801453
8.4511	119.4514	-382.675835	25	0.904158917141	0.0958410828593
-5.7672	112.3571	-381.504259	20	1.0	0.0
9.9444	119.4431	-380.280756	13	1.0	0.0
8.3673	120.0675	-375.516098	28	1.0	0.0
4.309	114.6674	-374.255454	1	1.0	0.0
1.6347	110.1186	-369.025342	3	0.193732814876	0.806267185124
-5.5681	112.23	-354.116545	19	1.0	0.0
7.2719	116.8989	-348.444105	8	0.392497533723	0.607502466277
-0.8943	113.8202	-347.120406	2	0.431648825858	0.568351174142
-0.9824	113.902	-347.073978	2	0.133334474672	0.866665525328
-1.1728	114.1916	-347.043934	2	0.0433488662838	0.956651133716
4.6265	114.5144	-346.342129	1	1.0	0.0
5.5734	111.7981	-346.061315	15	0.351056327345	0.648943672655
8.2566	120.1792	-342.584509	-1	0.0	0.00230562482669
1.4194	110.6994	-340.688937	3	1.0	0.0
5.6893	123.0449	-338.441158	4	0.97572474896	0.0242752510396
9.164	119.1098	-336.114445	18	1.0	0.0
8.1602	119.9847	-335.041191	27	1.0	0.0
12.1501	126.8602	-332.939909	0	1.0	0.0
8.413	119.5863	-327.79739	25	1.0	0.0
10.5726	114.6953	-325.90437	11	0.304006873743	0.695993126257
7.2878	116.8134	-322.70017	8	1.0	0.318263517777
7.2681	116.7274	-322.06583	8	0.528209822912	0.471790177088
6.4607	110.9522	-321.131002	-1	0.0	0.393445088716
7.3508	117.0051	-315.169916	8	0.155191199343	0.844808800657
7.3762	116.9515	-315.116507	8	0.170592948125	0.829407051875
7.7477	118.93	-312.916077	-1	0.0	0.375793915509
8.4123	120.0961	-312.623262	28	1.0	0.0
8.4242	120.0745	-312.251895	28	1.0	0.0
6.7367	119.2629	-308.572643	12	0.529483797003	0.470516202997
6.8168	119.2413	-308.547	12	0.662252445045	0.337747554955
-5.7259	112.3673	-307.013905	20	0.727822260576	0.272177739424
-5.7626	112.3626	-306.926609	20	1.0	0.0
8.8629	115.4188	-303.272198	10	1.0	0.0
-6.4221	110.5092	-295.804235	22	0.637234550088	0.362765449912
1.4344	110.6554	-294.629736	3	0.903927775389	0.0960722246108
12.2907	115.9717	-293.175732	-1	0.0	0.0320711255862
-6.2604	110.2629	-291.237815	21	0.581662624551	0.418337375449
10.651	114.8367	-291.222545	11	0.230724997329	0.769275002671
5.6922	123.039	-289.049042	4	1.0	0.0
8.5058	119.5595	-288.998009	25	1.0	0.14594028566
-5.5052	114.3285	-287.344534	-1	0.0	0.173359576548
7.8322	112.1388	-284.879664	-1	0.0	0.0601409990359
7.2331	116.8588	-270.952423	8	1.0	0.0
8.2429	119.9466	-270.442022	27	0.897665155817	0.102334844183
9.1479	119.1065	-267.201961	18	1.0	0.0
9.9122	116.5127	-264.520216	-1	0.0	0.252586548521
5.579	111.9068	-258.694905	15	1.0	0.0
8.411	119.5462	-245.252521	25	1.0	0.140910790797
-6.974	110.9611	-244.7944	-1	0.0	0.901627389805
10.0227	119.3583	-235.738818	13	1.0	0.0
-0.9015	113.7082	-232.219338	2	0.233444225828	0.766555774172
-5.572	112.2178	-228.099964	19	1.0	0.0
-5.4879	112.1142	-227.421716	-1	0.0	0.174835154192
8.9128	115.3322	-221.198491	10	1.0	0.0
9.1706	119.0251	-215.359513	18	1.0	0.0
9.224	118.9844	-215.311444	18	0.681993970547	0.318006029453
9.1688	119.0862	-215.26731	18	1.0	0.0
9.1548	119.0818	-215.148197	18	1.0	0.12168695581
9.1107	119.1206	-214.901172	18	1.0	0.166163741021
8.4607	119.6041	-213.754326	25	1.0	0.18664484669
8.4398	119.5989	-213.637895	25	1.0	0.0
8.468	119.6014	-213.594689	25	1.0	0.0148770886468
8.4367	119.612	-213.520004	25	1.0	0.0142479006682
8.4514	119.6005	-213.453836	25	1.0	0.0
7.1154	118.0752	-212.788686	-1	0.0	0.149959009455
12.8419	126.2772	-211.524083	0	0.461043212277	0.538956787723
7.2538	111.6267	-211.29508	14	0.536184116769	0.463815883231
7.2328	116.997	-209.42254	8	0.218759618655	0.781240381345
7.2683	116.8209	-209.059802	8	1.0	0.279665866025
7.1335	117.2892	-208.872813	8	0.0409892771467	0.959010722853
8.0987	120.1107	-207.382465	-1	0.0	0.322162203524
8.1601	119.9765	-207.303489	27	1.0	0.0901174041836
8.1537	119.9734	-207.226515	27	1.0	0.205137171691
8.1379	119.9475	-206.382667	27	0.651717105236	0.348282894764
-6.2986	110.2635	-206.266827	21	1.0	0.0
4.8937	110.3752	-200.940286	7	1.0	0.0
4.8883	110.481	-200.584087	7	1.0	0.0
-6.2539	110.2203	-196.493676	21	0.422047438077	0.577952561923
7.8184	112.1468	-192.524817	-1	0.0	0.0644324605439
7.2556	116.8627	-190.025463	8	1.0	0.0
7.2295	116.6896	-189.78285	8	0.212607231557	0.787392768443
-5.7574	112.3538	-187.475226	20	1.0	0.0
-5.7397	112.3618	-187.366553	20	1.0	0.0
8.3419	120.0195	-174.646425	28	0.611564741398	0.388435258602
8.2843	120.2528	-174.412981	-1	0.0	0.237100720393
8.0591	118.4117	-171.444149	16	0.406590481078	0.593409518922
8.0901	118.4512	-171.376708	16	0.57848174625	0.42151825375
8.0949	118.5407	-171.146075	16	0.410813619645	0.589186380355
1.4393	110.6076	-160.34959	3	1.0	0.0
7.2914	116.8374	-153.343846	8	0.95235074664	0.0476492533605
7.2782	116.8449	-153.289093	8	0.97194546664	0.0280545333597
5.598	112.0729	-151.358187	15	0.453467516899	0.546532483101
-6.3875	110.3404	-148.351276	21	0.259300505961	0.740699494039
-6.2545	110.216	-147.953356	21	0.444026035875	0.555973964125
-2.8489	115.3692	-147.214506	6	1.0	0.0
-5.5079	114.2742	-144.324195	-1	0.0	0.123629416847
7.8745	117.4189	-142.095933	8	0.0274179406971	0.972582059303
-3.1791	112.8657	-135.741201	5	1.0	0.0
-3.2429	113.0086	-135.667646	5	0.827702429188	0.172297570812
-0.8891	113.6458	-134.502475	2	0.133733786925	0.866266213075
-0.8781	113.7811	-133.877941	2	1.0	0.0
-0.8791	113.7835	-133.846244	2	1.0	0.0
-0.8452	113.7904	-133.835722	2	0.802900881903	0.197099118097
-0.8817	113.7791	-133.788606	2	1.0	0.0
-0.8532	113.7855	-133.742592	2	1.0	0.0
-6.3721	110.3272	-126.792711	21	0.316255319145	0.683744680855
-6.2938	110.2105	-126.634696	21	0.525619411273	0.474380588727
-6.3404	110.2424	-126.494972	21	0.705546244406	0.294453755594
-5.8893	111.6212	-126.210636	-1	0.0	0.832307229687
7.1951	111.6627	-125.086165	14	1.0	0.0
7.1843	111.6475	-124.983137	14	1.0	0.0
7.1737	111.6587	-124.830602	14	1.0	0.0
2.2412	111.6378	-117.33707	3	0.0615374391919	0.938462560808
7.3022	116.8345	-115.212617	8	0.913313361762	0.0866866382383
7.3027	116.8232	-115.118712	8	1.0	0.318263517777
8.1449	119.9894	-113.200677	27	1.0	0.120724488234
-5.5336	112.1949	-113.064225	19	1.0	0.0
8.1877	119.9857	-112.892679	27	1.0	0.0521872214398
-5.6761	113.3585	-112.476368	9	0.208965443885	0.791034556115
8.1592	119.991	-112.324569	27	1.0	0.0
4.8558	110.3757	-109.150445	7	1.0	0.0
8.4264	119.507	-105.62177	25	1.0	0.0
-6.2693	110.2683	-100.532292	21	0.68786721509	0.31213278491
12.2578	115.9302	-90.40603	-1	0.0	0.00149838332989
7.4986	111.6473	-88.972094	14	0.166469255325	0.833530744675
-5.8636	111.6822	-82.788549	-1	0.0	0.811117252133
5.4715	112.1281	-77.873609	15	0.263712668097	0.736287331903
5.5816	111.8792	-77.713415	15	1.0	0.0
-5.7671	112.3681	-68.291902	20	1.0	0.0
8.2198	120.0432	-68.179268	27	0.409435306094	0.590564693906
9.1618	119.1055	-66.599225	18	1.0	0.0
-0.8799	113.7746	-64.104453	2	1.0	0.0
8.4587	118.9205	-62.830532	23	1.0	0.0
-6.3575	110.3141	-62.207851	21	0.316255319145	0.683744680855
10.6004	114.8656	-60.444498	11	0.234324398249	0.765675601751
10.6709	114.7887	-60.352844	11	0.308323634319	0.691676365681
8.4612	119.5635	-58.275181	25	1.0	0.162406455118
8.398	119.53	-58.153033	25	1.0	0.287518337628
8.4449	119.5422	-57.978793	25	1.0	0.381532701031
8.2765	119.912	-54.076822	27	0.431625337297	0.568374662703
8.3392	120.0667	-53.906301	28	0.861665669697	0.138334330303
7.2671	116.8672	-36.469574	8	0.798391000409	0.201608999591
7.3087	116.8694	-36.399686	8	0.477598968841	0.522401031159
6.7763	123.6895	-36.268929	4	0.115675912422	0.884324087578
1.4726	110.6663	-32.103655	3	1.0	0.0800933362912
8.2015	119.9881	-30.05717	27	1.0	0.0
8.1761	120.0583	-28.780133	27	0.409435306094	0.590564693906
10.9546	114.6319	-26.475728	11	1.0	0.0
-5.6594	113.2823	-19.870693	9	1.0	0.0
-5.6861	113.4461	-19.870654	9	0.139316199441	0.860683800559
-5.533	112.2327	-18.082843	19	1.0	0.0
7.1707	111.6529	-15.039953	14	1.0	0.0
-0.8723	113.6274	-12.996287	2	0.117052416004	0.882947583996
-0.9365	113.5961	-12.520329	2	0.0953688162185	0.904631183781
8.4086	119.2446	-9.748784	24	1.0	0.0
6.4153	112.508	-8.862883	-1	0.0	0.181319478195
8.0398	118.4792	-7.853971	16	0.61350758601	0.38649241399
7.9639	118.5269	-7.687236	16	1.0	0.0
9.1578	119.1407	-4.939349	18	1.0	0.235046284608
8.3692	120.099	-4.893324	28	0.939112233533	0.0608877664672
9.1459	119.1592	-4.807559	18	0.741659284191	0.258340715809
6.8166	119.2021	-0.820028	12	1.0	0.0
6.6615	112.069	-0.628264	14	0.0560878515728	0.943912148427
6.7749	119.1868	-0.068352	12	1.0	0.0
-2.8584	115.373	-0.000173	6	1.0	0.0
-5.9671	111.0265	4.508503	-1	0.0	0.907667286055
-6.1732	110.155	15.211415	-1	0.0	0.32192212904
8.4025	119.2076	16.474036	24	1.0	0.0
8.4252	119.2092	16.508918	24	1.0	0.0
8.8975	115.3659	17.319534	10	1.0	0.0
8.9558	119.4022	18.289286	17	1.0	0.0
-5.6497	113.2595	28.14376	9	0.61829449077	0.38170550923
-5.6792	113.2607	28.549328	9	0.637134516907	0.362865483093
8.4887	119.5258	31.335028	25	1.0	0.289377777889
-6.2778	110.2619	31.8901	21	0.948354792698	0.0516452073017
-5.7481	112.2046	34.756648	-1	0.0	0.0170089744077
6.7613	122.5389	36.116034	4	0.144520980838	0.855479019162
12.2961	115.9362	45.043134	-1	0.0	0.0137156930841
8.209	120.0004	45.163335	27	1.0	0.10411402522
5.6046	112.0653	46.644845	15	0.44103408154	0.55896591846
5.6737	111.9855	46.71166	15	0.689120663649	0.310879336351
7.3052	116.9443	55.813088	8	0.227293328393	0.772706671607
-6.2184	110.06	57.821075	-1	0.0	0.504601114568
8.4351	120.028	59.337265	28	0.632147278138	0.367852721862
-6.3222	110.2152	68.542155	21	0.525619411273	0.474380588727
-3.6834	115.1449	80.663851	6	0.80965287931	0.19034712069
9.1875	119.1525	84.410041	18	0.736533155071	0.263466844929
4.5487	114.5407	86.066841	1	1.0	0.0
10.0133	119.3732	86.384717	13	1.0	0.0
-5.6689	113.3384	91.627745	9	0.307851982336	0.692148017664
-5.6876	113.4928	91.627788	9	0.0909372723478	0.909062727652
8.4959	119.6114	93.685977	25	1.0	0.320319090737
8.2671	119.8579	94.184087	-1	0.0	0.0265965370426
8.373	120.1327	94.184203	28	0.738696919212	0.261303080788
1.4754	110.5834	95.678623	3	1.0	0.0
7.0835	118.0229	95.701358	-1	0.0	0.211513322979
-6.405	110.4878	97.464897	22	0.818575490811	0.181424509189
-6.3046	110.2627	97.49186	21	0.948354792698	0.0516452073017
-6.312	110.2418	97.590468	21	1.0	0.0
-6.3352	110.2384	97.772337	21	0.822268533019	0.177731466981
10.9618	114.6483	98.244597	11	0.861234963703	0.138765036297
7.2486	116.8658	101.671436	8	1.0	0.0
7.2957	116.8117	102.170115	8	1.0	0.318263517777
-3.7957	116.9107	102.620295	-1	0.0	0.189448428786
-3.8172	116.9552	103.331028	-1	0.0	0.211657036622
8.353	119.301	104.145357	24	0.455022389458	0.544977610542
8.4472	119.2041	104.426453	24	1.0	0.0
8.1878	119.936	106.810623	27	1.0	0.0564685334598
8.1038	120.0283	106.917722	27	0.400562248915	0.599437751085
-6.3867	110.4773	111.276457	22	0.681860086056	0.318139913944
-6.427	110.4616	111.370278	22	1.0	0.0
-3.1487	112.8648	118.40372	5	1.0	0.0
8.4632	119.4559	120.435803	25	1.0	0.0650248418604
8.4072	119.5765	120.538311	25	1.0	0.154531177425
7.9774	118.5116	120.956444	16	1.0	0.0
-6.3261	110.1671	124.331195	21	0.276378438982	0.723621561018
9.1078	119.1031	132.977653	18	1.0	0.050373025716
-5.738	113.3358	134.393852	9	0.32162875045	0.67837124955
-5.6691	113.2767	134.449989	9	1.0	0.0
-5.7218	113.2843	134.477033	9	0.62006229074	0.37993770926
-5.6691	113.2767	134.532673	9	1.0	0.0
-5.6486	113.2272	134.581068	9	0.241764533872	0.758235466128
7.2438	116.83	136.760894	8	1.0	0.0
7.2325	116.8259	136.828097	8	1.0	0.172869789514
7.151	116.8886	136.878393	8	0.393961352917	0.606038647083
7.2472	116.7834	136.947621	8	1.0	0.416264524461
8.1317	119.9603	138.176359	27	0.770767149658	0.229232850342
8.1122	120.0275	139.470688	27	0.425322830833	0.574677169167
1.4717	110.5273	140.49182	3	1.0	0.0
9.1806	119.0226	141.39157	18	1.0	0.0
9.1862	119.0224	141.568656	18	1.0	0.161994399563
-5.529	112.1413	142.888812	19	0.600607447834	0.399392552166
5.6335	112.0084	144.160823	15	0.680836973391	0.319163026609
5.5582	111.8869	152.822294	15	1.0	0.0
8.3085	118.8091	153.181842	-1	0.0	0.114784795469
8.3251	118.7848	153.227976	-1	0.0	0.222315808034
8.4377	119.5807	155.232789	25	1.0	0.205797695511
10.9867	114.667	157.083476	11	0.607470192502	0.392529807498
8.2045	119.9462	158.491995	27	1.0	0.0
8.2042	119.917	158.527276	27	0.669338875701	0.330661124299
8.2246	119.9471	158.627783	27	1.0	0.0
8.2044	119.9496	158.680991	27	1.0	0.0
8.1999	119.9864	158.910906	27	1.0	0.10411402522
8.1225	120.0147	159.785064	27	0.587019223818	0.412980776182
7.1592	116.6307	164.717804	8	0.131020391128	0.868979608872
7.2531	116.822	164.717867	8	1.0	0.199550362704
7.1856	116.9348	164.747561	8	0.248493351312	0.751506648688
7.2554	116.79	164.780772	8	1.0	0.0
7.2494	116.8044	164.824596	8	1.0	0.0
7.1526	116.8616	165.438944	8	0.365107048277	0.634892951723
8.4174	119.4881	168.210969	25	1.0	0.0422533709074
8.3642	119.5799	168.598388	25	1.0	0.333362728709
9.1523	119.1152	169.37636	18	1.0	0.0
-6.822	110.9707	173.161112	-1	0.0	0.896369401168
8.2437	120.0591	179.831825	27	0.36491374646	0.63508625354
-5.6062	114.2209	182.324822	-1	0.0	0.0538756724629
5.5935	111.9067	192.863174	15	1.0	0.0
1.5834	110.2653	193.020028	3	0.256103338929	0.743896661071
-6.2971	110.2509	197.439318	21	1.0	0.0
-6.3043	110.2394	197.507145	21	0.868207253388	0.131792746612
1.4746	110.5715	199.542322	3	1.0	0.0
1.3911	110.7392	199.629678	3	1.0	0.0
9.1462	119.0779	200.754666	18	1.0	0.286323731391
9.1585	119.3449	200.75473	-1	0.0	0.112546323495
-6.3433	110.4369	201.415596	22	0.564065872736	0.435934127264
7.2668	116.8466	201.518303	8	1.0	0.0841813438353
7.2462	116.8001	201.638234	8	1.0	0.159445059101
7.2417	116.8266	201.706988	8	1.0	0.0
7.1662	116.9926	202.063109	8	0.17120877527	0.82879122473
7.1871	111.7038	203.577257	14	0.697390977998	0.302609022002
8.8277	118.888	212.846726	-1	0.0	0.273598485299
8.4684	119.4235	212.961783	25	0.486425623587	0.513574376413
8.4974	119.5265	213.263781	25	1.0	0.246165868677
9.1321	119.086	214.390983	18	1.0	0.065552162254
8.0235	118.457	214.404515	16	0.568954593207	0.431045406793
7.1779	116.923	216.590038	8	0.274082823154	0.725917176846
7.9047	118.694	219.747563	16	0.160552310415	0.839447689585
7.9405	118.76	220.225648	16	0.144269702921	0.855730297079
8.4449	120.2856	224.111445	26	1.0	0.0
-5.6849	113.291	226.366613	9	0.944442509249	0.0555574907505
-5.7194	113.2904	226.538822	9	0.704744238025	0.295255761975
-5.7005	113.3013	226.582546	9	0.935687511315	0.0643124886852
-5.7085	113.3008	226.64535	9	0.794626799435	0.205373200565
-5.7665	113.3187	226.76001	9	0.326415207998	0.673584792002
8.2014	119.9672	229.043623	27	1.0	0.146595960347
8.1071	120.067	229.164621	27	0.40224428394	0.59775571606
8.2276	119.9321	229.270512	27	0.921196854697	0.0788031453027
8.4917	119.1558	229.84274	24	0.654630973482	0.345369026518
-6.3335	110.1129	230.713395	-1	0.0	0.423336884336
-6.4222	110.4482	232.069246	22	1.0	0.0
-6.3219	110.2512	235.548728	21	1.0	0.0
10.6986	114.6476	237.808971	11	0.331575662623	0.668424337377
10.9296	114.5087	243.742483	11	0.2640160936	0.7359839064
7.1103	116.8134	248.164469	8	0.224608041387	0.775391958613
7.268	116.8182	248.25635	8	1.0	0.239962115573
-5.3054	112.5541	250.486403	-1	0.0	0.682546858452
8.4853	120.2451	254.695726	26	0.672624834584	0.327375165416
8.4682	120.2841	254.74126	26	1.0	0.0
8.4896	118.9509	255.873818	23	1.0	0.0
-6.4571	110.4846	257.265958	22	0.76959225866	0.23040774134
1.4644	110.7311	265.132875	3	1.0	0.0
1.4824	110.7377	265.247116	3	1.0	0.0
10.0064	119.279	267.921947	13	1.0	0.0
-6.312	110.2536	269.771733	21	1.0	0.0
8.4436	119.533	273.488852	25	1.0	0.115977698615
8.119	120.1299	278.439563	-1	0.0	0.082269610472
8.1936	119.9709	278.496606	27	1.0	0.132217254581
8.1932	119.9428	278.779895	27	1.0	0.0
8.2158	119.9713	278.839989	27	1.0	0.228144668035
8.2219	119.9657	278.891855	27	0.961781376168	0.0382186238322
5.6223	111.9792	280.104727	15	1.0	0.0
5.5821	111.9535	280.169847	15	0.816952360512	0.183047639488
5.5586	111.8508	282.088075	15	0.670509324798	0.329490675202
8.4536	120.172	282.628965	26	0.646184364646	0.353815635354
9.1982	119.0858	282.703697	18	1.0	0.0
7.2793	116.7544	283.635382	8	0.531997517625	0.468002482375
8.9707	119.4957	287.977163	17	1.0	0.0
-0.8925	113.8195	290.109535	2	0.441161925112	0.558838074888
4.5564	114.5739	307.170937	1	1.0	0.0
8.1458	119.9324	308.634726	27	0.676660837474	0.323339162526
8.4239	119.6684	311.022695	25	0.664344118486	0.335655881514
8.5317	119.5377	311.085209	25	1.0	0.331818298193
8.4064	119.5796	311.243118	25	1.0	0.148284519077
6.5907	122.5738	313.590268	4	0.164701587964	0.835298412036
-6.4089	110.4414	316.591898	22	1.0	0.0
9.1367	118.9906	317.218722	18	1.0	0.53604673348
-5.6857	113.2996	321.632094	9	0.944442509249	0.0555574907505
-5.6842	113.3158	321.718869	9	0.538659634013	0.461340365987
-5.6837	113.2827	321.801448	9	1.0	0.0
7.3184	116.8132	327.135743	8	0.944550040403	0.0554499595966
7.2059	116.8693	327.191496	8	0.668168971585	0.331831028415
7.2595	116.8146	327.251956	8	1.0	0.0
7.2363	116.8266	327.955909	8	1.0	0.0
8.0574	112.1843	328.592074	-1	0.0	0.213308866129
8.1379	119.983	328.802572	27	1.0	0.0
-6.3938	110.3897	337.595287	21	0.245622977946	0.754377022054
-6.3105	110.2098	342.77379	21	0.444026035875	0.555973964125
8.4311	120.0371	346.686071	28	0.788033049778	0.211966950222
8.3261	120.1004	346.761782	28	0.760098367491	0.239901632509
8.4031	120.048	346.927054	28	1.0	0.0
10.6636	114.7464	347.014263	11	0.325439435058	0.674560564942
8.4022	120.0711	347.064669	28	1.0	0.0
7.1203	111.6838	350.019464	14	0.592570863718	0.407429136282
-3.1551	112.896	354.204104	5	1.0	0.0
-3.1814	112.9036	354.743666	5	1.0	0.0
7.2807	116.8004	356.187534	8	1.0	0.0597715109437
7.2966	116.817	356.593584	8	1.0	0.318263517777
8.4485	119.5322	358.069403	25	1.0	0.0274216424351
8.4838	120.2893	369.758389	26	1.0	0.0
8.4079	120.3904	369.758407	-1	0.0	0.307982611386
8.493	120.3274	369.833971	26	1.0	0.0
1.6779	109.9553	370.771398	3	0.127341957098	0.872658042902
10.8725	114.6327	371.893265	11	1.0	0.0
10.9348	114.6027	371.988904	11	0.809086262852	0.190913737148
10.9347	114.6006	372.262145	11	0.775683402054	0.224316597946
-6.3974	110.4551	372.312303	22	1.0	0.0
8.4424	119.59	378.557902	25	1.0	0.0
8.4907	119.5622	378.59686	25	1.0	0.0
9.0941	119.0944	384.112455	18	1.0	0.341828930423
9.105	119.051	384.214419	18	0.809830219768	0.190169780232
9.0669	119.15	384.295811	18	0.670773581141	0.329226418859
9.2019	119.0584	384.538734	18	1.0	0.28543443865
7.2168	116.7803	386.645275	8	0.589093537041	0.410906462959
7.2912	116.7546	386.692063	8	0.547720158083	0.452279841917
8.9734	119.4893	390.437442	17	1.0	0.0
9.0153	119.4969	390.514914	17	1.0	0.0
-5.6615	113.2777	393.73441	9	1.0	0.0
5.6011	111.9472	393.937838	15	1.0	0.0
-2.9317	115.4286	397.542726	6	1.0	0.0
7.2175	111.647	397.997183	14	1.0	0.0
8.0068	118.5292	402.480578	16	1.0	0.0
6.8567	119.326	410.452238	12	0.307540050848	0.692459949152
6.8674	119.3445	410.562763	12	0.266847557432	0.733152442568
5.7072	122.9412	413.741462	4	1.0	0.0
5.7224	122.9731	413.82339	4	1.0	0.0
5.6637	122.9452	414.255168	4	1.0	0.0
-6.4659	110.4489	422.303342	22	0.785395236896	0.214604763104
-5.7272	112.2627	423.074072	19	0.552880346275	0.447119653725
7.2559	116.7652	423.20855	8	0.703484886437	0.296515113563
10.4114	114.7647	423.328798	11	0.234324398249	0.765675601751
8.3547	118.9694	423.84397	23	1.0	0.0
8.5028	119.6214	426.439513	25	0.780039545456	0.219960454544
6.3531	112.3945	427.376855	14	0.052427742907	0.947572257093
9.0138	119.2557	432.929652	18	0.259266124768	0.740733875232
9.047	119.1341	433.02557	18	0.657297090554	0.342702909446
8.4704	120.3166	434.268203	26	1.0	0.0
-6.2845	110.1999	434.692907	21	0.525619411273	0.474380588727
-6.2947	110.158	434.772351	-1	0.0	0.00500695056536
7.9659	118.5107	436.898124	16	1.0	0.0
-6.3084	110.3037	440.472349	21	0.316255319145	0.683744680855
7.253	116.8548	444.503802	8	1.0	0.0
7.2627	116.7928	444.561721	8	1.0	0.0437855139639
7.2905	116.7812	444.702917	8	0.735972100211	0.264027899789
8.2283	119.8791	447.927746	-1	0.0	0.0865843497177
3.8976	108.9971	456.235037	-1	0.0	0.375358378325
8.371	119.5991	458.929469	25	1.0	0.290037931072
5.0091	110.1576	465.636953	7	1.0	0.0
1.4969	110.4996	466.662749	3	0.821935300685	0.178064699315
1.4922	110.4254	466.755658	3	0.416888650432	0.583111349568
1.4813	110.5309	467.010752	3	1.0	0.0
-6.4291	110.5119	469.834358	22	0.572766645684	0.427233354316
7.1754	111.6046	470.01751	14	0.516597632737	0.483402367263
10.8844	114.6585	471.27888	11	0.803140989619	0.196859010381
7.3684	111.594	476.30487	14	0.255339808556	0.744660191444
9.1494	119.0095	476.931436	18	1.0	0.0
9.174	119.0128	476.983895	18	1.0	0.0
9.1781	118.9426	477.016949	18	0.444763205346	0.555236794654
9.1571	119.017	477.039008	18	1.0	0.0
9.146	119.0135	477.091758	18	1.0	0.0735839169767
9.1316	119.0127	477.157477	18	1.0	0.387477539169
9.1625	119.0354	477.237525	18	1.0	0.292912146453
9.0005	119.4664	478.424216	17	1.0	0.0
7.2631	116.8016	479.280412	8	1.0	0.0
7.2743	116.7543	479.336702	8	0.563121918789	0.436878081211
7.275	116.7868	479.389741	8	1.0	0.215623639586
7.2589	116.8078	479.550762	8	1.0	0.0
-3.6683	115.232	479.733848	6	0.917557833319	0.0824421666812
7.6908	118.9015	482.701291	-1	0.0	0.409187314251
-6.4309	110.4384	482.772975	22	1.0	0.0
5.676	122.9993	485.551996	4	1.0	0.0
6.4473	123.999	487.235046	4	0.0950797537251	0.904920246275
6.4441	124.0066	487.282882	4	0.0944860194867	0.905513980513
5.5679	111.9699	487.861052	15	0.753243842719	0.246756157281
7.9404	118.582	488.104514	16	0.382633384476	0.617366615524
7.9954	118.4545	488.650203	16	0.51790051683	0.48209948317
7.3991	127.014	496.25978	0	0.222127806839	0.777872193161
7.4016	126.9737	496.311717	0	0.221820463179	0.778179536821
7.375	127.0601	496.361168	0	0.221388942315	0.778611057685
7.4105	127.0023	496.539044	0	0.222554234572	0.777445765428
8.5015	119.5835	513.388606	25	1.0	0.155894367301
8.4024	119.6068	513.459656	25	1.0	0.0566400903104
8.4836	119.5647	513.604414	25	1.0	0.0
7.2411	116.7877	513.879539	8	1.0	0.335377364922
7.2717	116.8004	513.942378	8	1.0	0.0
8.4878	119.5646	513.995362	25	1.0	0.0
-6.4301	110.4037	514.355643	22	0.594242240112	0.405757759888
1.5043	110.7171	516.015283	3	1.0	0.0
7.2074	111.6787	516.022962	14	0.786985059395	0.213014940605
-5.6801	113.2932	516.977973	9	0.935687511315	0.0643124886852
7.9337	119.9813	519.530144	-1	0.0	0.268292169696
9.1081	118.9644	520.327978	18	0.612030547819	0.387969452181
8.4439	119.5355	523.51591	25	1.0	0.0603676578149
8.4393	119.4626	523.699249	25	1.0	0.0
9.812	122.4482	524.971611	-1	0.0	0.123871585977
8.4088	119.032	531.360954	23	0.79072554073	0.20927445927
8.4608	119.4962	531.412823	25	1.0	0.0
7.4132	111.4414	544.500173	14	0.118834628885	0.881165371115
8.1853	119.9383	550.652969	27	1.0	0.0
4.058	114.0145	560.559749	1	0.380074644398	0.619925355602
-6.2787	109.5673	560.686429	-1	0.0	0.911647166693
-3.0439	115.5063	562.15863	6	1.0	0.0
9.1023	119.0501	564.388036	18	0.78178601827	0.21821398173
7.2483	116.8011	565.754293	8	1.0	0.0178196708437
7.257	116.7175	565.868644	8	0.385251055366	0.614748944634
7.2681	116.8038	565.98219	8	1.0	0.0
7.9924	118.5235	567.928079	16	1.0	0.0
10.891	114.6364	577.317252	11	1.0	0.0
10.8956	114.6397	577.414332	11	1.0	0.0
5.624	111.9108	582.29566	15	1.0	0.0
-6.2597	110.0162	585.957326	-1	0.0	0.641580250269
8.4113	119.566	588.052745	25	1.0	0.09277694741
8.4578	119.4797	588.168817	25	1.0	0.0
8.3867	119.552	588.21256	25	0.968634967754	0.0313650322457
8.4526	119.4997	588.259108	25	1.0	0.0
-6.4909	110.4765	590.219902	22	0.52117993266	0.47882006734
-6.4131	110.4291	590.59622	22	0.868698715695	0.131301284305
4.0376	114.1526	594.216449	1	0.472767788991	0.527232211009
10.8942	114.6147	595.177618	11	1.0	0.0
