20.1787	127.7599	-9.9e-05	1	1.0	0.0
10.3056	121.4899	-592.136825	5	1.0	0.0
14.3578	120.9081	-590.213803	10	0.739586877086	0.260413122914
14.346	120.7263	-590.21378	10	0.578430510579	0.421569489421
9.1473	122.3694	-583.760706	6	0.944707207257	0.0552927927432
15.0484	121.0577	-583.037288	10	0.0897637853018	0.910236214698
24.068	121.0292	-563.800617	-1	0.0	0.59236088499
7.3621	123.4634	-551.96002	4	1.0	0.0
15.9439	119.8915	-540.770646	12	1.0	0.0
7.3888	123.4596	-527.410775	4	1.0	0.0
15.2468	121.1296	-513.008865	-1	0.0	0.250801723016
14.4025	120.817	-502.347073	10	0.674410512227	0.325589487773
7.4514	123.4032	-487.119161	4	1.0	0.0
7.4217	123.3733	-487.076282	4	0.907460751368	0.0925392486323
10.3063	124.3495	-470.292269	7	0.207813850139	0.792186149861
10.3086	124.4348	-470.064081	7	0.112780153502	0.887219846498
7.4952	121.4991	-462.587629	-1	0.0	0.148853572467
14.701	121.7797	-461.462443	-1	0.0	0.526178532855
9.0774	122.537	-458.903222	6	1.0	0.0
9.0952	122.4395	-458.709197	6	1.0	0.0
12.7824	120.4831	-451.556079	9	1.0	0.0
17.3039	121.2381	-447.929247	-1	0.0	0.229996704846
24.0817	121.0374	-434.264139	-1	0.0	0.593199142254
7.3586	123.3902	-427.956304	4	1.0	0.0
7.438	123.5532	-427.790677	4	0.735960476221	0.264039523779
15.3066	120.5025	-414.630441	11	1.0	0.0
15.328	120.4374	-414.568812	11	1.0	0.0
15.3046	120.2956	-414.527371	11	0.491873039304	0.508126960696
15.6889	120.1145	-414.408163	12	1.0	0.0
15.9282	119.9937	-411.020281	12	1.0	0.0
14.4094	120.5302	-395.524786	10	0.132373261649	0.867626738351
14.3567	120.9505	-395.222311	10	0.496333317729	0.503666682271
7.1251	124.7817	-388.162166	8	0.0292553809798	0.97074461902
15.9306	119.9284	-369.782815	12	1.0	0.0
7.0558	124.878	-367.23434	8	0.0264151211795	0.97358487882
14.357	120.76	-364.712116	10	0.881657042908	0.118342957092
7.4327	123.4602	-360.568303	4	1.0	0.0
7.4355	123.4537	-360.072461	4	1.0	0.0
6.4385	124.3891	-342.900075	-1	0.0	0.0134790085617
10.3316	121.5545	-340.43497	5	1.0	0.0
8.492	124.7889	-335.531906	8	1.0	0.0
24.0405	120.9759	-327.943472	-1	0.0	0.590580968803
12.7681	122.9201	-325.950415	-1	0.0	0.0419269273388
14.712	121.7905	-306.509516	-1	0.0	0.53187387619
12.776	120.4816	-297.16618	9	1.0	0.0
9.0956	122.4189	-296.582411	6	1.0	0.0
9.198	122.538	-296.582384	6	0.879007627424	0.120992372576
15.0161	120.8455	-284.480901	10	0.10025178941	0.89974821059
8.4781	124.7692	-275.624248	8	1.0	0.0
8.4708	124.7025	-275.485515	8	0.237285135482	0.762714864518
7.9527	124.9887	-261.117023	8	0.0502179892086	0.949782010791
14.3587	120.8295	-259.890398	10	1.0	0.0
8.5085	124.7236	-259.363397	8	0.319315096922	0.680684903078
14.4249	120.7621	-245.732981	10	0.559119434614	0.440880565386
15.6528	120.1258	-232.280018	12	1.0	0.0
8.4639	124.7982	-229.929411	8	0.971235565185	0.0287644348152
8.4665	124.8145	-229.819542	8	0.971235565185	0.0287644348152
8.4585	124.8156	-229.756506	8	0.971235565185	0.0287644348152
7.5849	123.3522	-228.525656	4	0.608913804205	0.391086195795
7.5547	123.389	-228.460771	4	0.829335915967	0.170664084033
9.0762	122.4666	-227.079528	6	1.0	0.0
9.1181	122.4487	-226.977285	6	1.0	0.0
17.0937	121.1893	-219.108652	-1	0.0	0.139632337424
14.3664	120.8207	-201.867549	10	0.972482603263	0.0275173967367
10.2761	124.3158	-196.179443	7	0.336187746396	0.663812253604
8.5071	124.7646	-184.560709	8	1.0	0.0
8.4391	124.7841	-184.479197	8	0.99999007431	9.92568954019e-06
8.4828	124.8107	-184.390852	8	0.971235565185	0.0287644348152
12.7971	120.508	-165.293414	9	1.0	0.0
12.792	120.366	-165.293408	9	1.0	0.0
24.1905	133.9169	-150.224099	0	1.0	0.0
10.2539	124.2885	-140.308446	7	0.649743523653	0.350256476347
8.2028	124.6594	-125.581129	8	0.0938232208422	0.906176779158
15.8764	119.8455	-103.147399	12	1.0	0.0
15.8849	119.8365	-103.083883	12	1.0	0.0
24.1345	133.7777	-98.508838	0	1.0	0.0
24.1477	133.7593	-98.417702	0	1.0	0.0
8.3933	124.757	-89.99566	8	0.386367331155	0.613632668845
8.4265	124.7778	-89.929129	8	0.692525613599	0.307474386401
8.42	124.7944	-89.816496	8	0.907854095172	0.092145904828
15.1824	120.4756	-84.977106	11	1.0	0.0
8.4563	124.8353	-32.185453	8	0.574422959997	0.425577040003
8.458	124.8228	-32.149789	8	0.894439181298	0.105560818702
8.5061	124.8056	-32.090239	8	0.873373339163	0.126626660837
8.4902	124.7721	-31.955719	8	1.0	0.0
8.4856	124.7746	-31.822175	8	1.0	0.0
20.432	127.8616	-30.001213	1	0.294407399797	0.705592600203
20.1787	127.7599	-9.9e-05	1	1.0	0.0
14.3463	120.888	3.82558	10	0.888656000019	0.111343999981
24.0984	133.9228	31.860142	0	1.0	0.0
8.4645	124.7889	38.782166	8	0.99999007431	9.92568954019e-06
8.4331	124.801	38.82592	8	0.89477244295	0.10522755705
8.4355	124.7843	38.888065	8	0.99999007431	9.92568954019e-06
8.4742	124.8077	38.930429	8	0.971235565185	0.0287644348152
15.0542	121.0535	52.391117	10	0.0894763741028	0.910523625897
10.798	121.5994	56.610382	5	1.0	0.0
17.1814	120.9117	60.752994	-1	0.0	0.195652973302
14.3584	120.7802	71.042011	10	0.881657042908	0.118342957092
8.5045	124.6696	76.345962	8	0.161731912264	0.838268087736
10.1588	124.2862	88.608318	7	0.346335345549	0.653664654451
21.5771	127.1959	95.995253	2	1.0	0.0
21.295	126.8541	96.032267	2	1.0	0.0
22.5974	126.5063	115.923445	3	0.983441688534	0.0165583114663
22.7564	126.5932	115.97417	3	0.580523529422	0.419476470578
10.4274	124.3475	116.909446	7	0.158262701633	0.841737298367
15.3534	120.4282	125.598119	11	1.0	0.0
20.1364	127.6412	140.672792	1	0.326534787489	0.673465212511
10.2273	124.2411	159.588287	7	0.610246699434	0.389753300566
10.6583	121.591	175.918951	5	1.0	0.0
20.1787	127.7734	193.96499	1	1.0	0.0
10.245	124.2654	198.479953	7	1.0	0.0
22.6557	126.4921	204.799318	3	1.0	0.0
22.7048	126.4912	204.799363	3	1.0	0.0
22.6338	126.5361	205.077264	3	1.0	0.0
12.7568	120.4793	209.273234	9	1.0	0.0
24.3371	133.9887	211.511225	0	0.824678263418	0.175321736582
20.1145	127.7653	223.263421	1	0.990734962614	0.00926503738629
20.2185	127.8488	223.263475	1	0.587375127598	0.412624872402
20.22	127.8634	223.321499	1	0.472072328342	0.527927671658
20.1772	127.7455	223.405884	1	1.0	0.0
20.1687	127.8135	223.69864	1	0.788598498904	0.211401501096
21.5695	127.2413	225.645469	2	1.0	0.0
10.2165	124.267	226.562419	7	1.0	0.0
21.2022	129.6275	227.349007	-1	0.0	0.542364235172
15.3304	120.5297	236.058751	11	1.0	0.0
10.2243	123.136	246.5949	6	0.110543033869	0.889456966131
21.9016	131.0079	254.217752	0	0.0683657305628	0.931634269437
10.2482	124.2679	255.829495	7	1.0	0.0
10.8157	121.5249	283.064811	5	1.0	0.0
10.9756	121.6348	283.064844	5	0.810502472885	0.189497527115
14.3077	120.7759	286.519921	10	0.881657042908	0.118342957092
14.3052	120.8598	286.614235	10	1.0	0.0
14.3207	120.8397	286.842461	10	1.0	0.0
15.8202	120.0577	289.243149	12	1.0	0.0
8.521	124.7897	309.815234	8	0.656217389334	0.343782610666
8.4878	124.7747	309.91129	8	1.0	0.0
8.1977	124.9783	309.911464	8	0.0733546119424	0.926645388058
8.4981	124.8189	309.995159	8	0.927303138951	0.0726968610495
8.5199	124.7246	310.367365	8	0.311343030922	0.688656969078
20.3899	127.9779	313.989009	1	0.220325349969	0.779674650031
20.3573	127.9676	314.121142	1	0.248965455515	0.751034544485
10.2485	124.2628	315.504468	7	1.0	0.0
20.1756	127.8337	316.116896	1	0.788215328651	0.211784671349
10.2645	124.2611	326.385028	7	0.965725691836	0.0342743081641
6.6333	124.6416	346.420754	8	0.0204223815426	0.979577618457
10.2442	124.2751	351.947296	7	1.0	0.0
14.3109	120.7616	367.757674	10	0.790332732672	0.209667267328
14.3162	120.8015	367.853635	10	0.881657042908	0.118342957092
10.2668	124.2096	377.758583	7	0.310955918244	0.689044081756
20.1241	127.7439	400.96181	1	1.0	0.0
17.0102	121.1217	406.205306	-1	0.0	0.0971907267864
15.9684	120.0149	409.87403	12	1.0	0.0
15.8743	119.8442	409.960508	12	1.0	0.0
22.7388	126.3717	412.110641	3	0.383481021372	0.616518978628
12.8074	122.9457	415.720101	-1	0.0	0.0457316308357
14.4269	120.919	432.035918	10	0.517026933533	0.482973066467
15.3137	120.5127	432.84548	11	1.0	0.0
10.3044	124.2264	433.064926	7	0.363741898763	0.636258101237
15.3812	120.3705	439.961751	11	0.68267339727	0.31732660273
21.4552	127.1112	480.783236	2	1.0	0.0
21.5453	127.2803	480.783242	2	1.0	0.0
15.8993	119.8511	498.177184	12	1.0	0.0
22.6697	126.5028	506.620806	3	1.0	0.0
22.7073	126.525	506.706957	3	1.0	0.0
22.6732	126.5519	506.837655	3	0.976527015435	0.0234729845647
14.3032	120.8397	525.390197	10	1.0	0.0
14.3241	120.8896	525.52918	10	0.82166420465	0.17833579535
14.3457	120.8531	526.048199	10	1.0	0.0
20.1954	127.7908	559.165963	1	0.788215328651	0.211784671349
20.1344	127.7478	559.249948	1	1.0	0.0
19.7589	127.9195	559.363696	1	0.138193071718	0.861806928282
20.2217	127.6251	559.363924	1	0.26536069992	0.73463930008
21.0485	129.1952	569.408573	-1	0.0	0.427066263399
24.0767	133.719	574.698087	0	1.0	0.0
12.7515	122.834	596.148932	-1	0.0	0.00406587006286
